3672	2769	2034	3668	
3672	1725	3663	
3672	1723	3657	
3672	1647	3670	
3672	2675	3205	3658	
3672	1294	3676	
3672	1707	3664	
3672	1347	3036	3659	
3668	1944	2106	3669	
3663	2207	3666	
3657	3662	
3670	3671	
3658	3044	3652	
3676	3675	
3664	992	3678	
3659	2938	3653	
3669	2240	3667	
3666	3649	
3662	3647	
3671	1507	1513	3673	
3652	3139	3570	3656	
3675	1173	3674	
3678	756	3677	
3653	3392	3650	
3649	3648	
3647	3646	
3656	3644	
3677	3679	
3650	3169	3655	
3646	3645	
3644	3651	
3679	298	3682	
3655	3075	3654	
3682	3681	
3654	2977	3180	3660	
3681	2556	3665	
3660	2905	3661	
3665	147	3680	
3682	3683	
