1179	892	1176	
1179	554	1169	
1179	432	1177	
1179	552	884	975	1164	
1179	865	1182	
1179	553	1170	
1179	437	881	874	1163	
1179	544	880	863	1165	
1176	641	677	1175	
1169	1174	
1163	916	1167	
1177	1178	
1164	1160	
1182	420	1183	
1170	279	278	1185	
1165	938	966	963	1158	
1175	720	1173	
1174	736	1156	
1167	907	1168	
1178	489	466	1180	
1160	994	1076	1159	
1166	940	826	1172	
1183	392	463	1181	
1185	1184	
1158	1157	
1156	1155	
1168	1092	1152	
1159	1153	
1184	172	1187	
1157	1000	1003	1162	
1155	1154	
1187	97	1186	
1162	948	1161	
1186	1189	
1189	1188	
1188	820	1171	
1171	360	1166	
1189	66	1190	
