1186	49	1170	
1169	554	1168	
1169	534	546	1175	
1169	887	893	889	1163	
1169	356	359	1176	
1181	1182	
1169	437	976	973	1164	
1169	880	533	1180	
1169	865	1179	
1169	364	1165	
1174	680	1173	
1175	589	1174	
1168	765	1172	
1163	895	555	1171	
1176	581	480	1177	
1164	969	1159	
1180	1181	
1183	1184	
1179	435	277	1183	
1165	1043	1009	1160	
1172	754	1157	
1171	814	1086	1156	
1177	382	1178	
1152	1154	
1155	1149	1059	1153	
1167	1088	1084	1152	
1159	1133	995	1113	1167	
1160	1158	
1156	1101	1123	1127	1155	
1182	370	308	1185	
1184	98	1188	
1162	1161	
1158	1007	1162	
1166	831	1187	
1188	105	84	1186	
1170	1166	
1188	14	1189	
