1170	438	1176	
1170	1172	
1170	893	891	1165	
1170	554	976	1166	
1170	432	533	1180	
1170	1182	
1170	542	880	863	1167	
1170	549	903	1177	
1176	683	625	1175	
1172	910	907	1173	
1165	916	996	1169	
1177	1178	
1166	986	1161	
1180	1181	
1184	1185	
1182	272	348	1184	
1167	1012	978	1159	
1175	663	1174	
1173	736	1156	
1169	1155	
1178	517	452	457	1179	
1161	1050	994	1160	
1181	398	1183	
1159	1025	1162	
1174	726	1157	
1155	1117	1154	
1160	1099	1152	
1185	214	1187	
1162	1007	1164	
1154	1150	1144	1153	
1152	1132	1158	
1187	135	1186	
1164	1163	
1186	289	1171	
1171	940	934	1168	
1168	922	847	42	1188	
1187	71	1189	
