3668	1728	3662	
3668	1725	2819	3660	
3668	1724	3065	3655	
3668	1719	1260	3674	
3668	1727	2680	1100	3656	
3668	1726	2768	3672	
3668	1709	1735	3669	
3668	1711	1729	3664	
3664	1762	3666	
3662	1988	3665	
3660	2854	3658	
3669	1799	3667	
3655	3052	3651	
3674	3673	
3672	1078	3676	
3656	2760	3652	
3666	3663	
3665	2279	3648	
3658	2848	3647	
3667	1523	1740	3670	
3651	3134	3117	3659	
3673	1171	1436	3671	
3676	3675	
3652	3649	
3648	3472	3646	
3647	3644	
3659	3429	3650	
3675	553	3678	
3649	3024	3654	
3644	3645	
3678	469	3677	
3654	3653	
3677	298	3681	
3681	413	3679	
3679	3661	
3661	3657	
3657	2541	3680	
3681	3682	
