3671	2794	3668	
3671	1727	3661	
3671	2767	2385	3662	
3671	1720	3669	
3671	1358	3656	
3671	1295	3675	
3681	347	3680	
3679	2542	3664	
3671	2771	1108	3674	
3658	1051	1063	3679	
3680	133	3663	
3671	1719	2729	2598	3657	
3667	2272	3665	
3668	1934	3667	
3661	2428	3666	
3662	2790	3660	
3669	3670	
3656	2757	3652	
3675	3673	
3674	877	3677	
3657	3050	3202	3653	
3666	2350	3649	
3660	2850	3647	
3670	1442	1167	3672	
3652	3584	3570	3659	
3673	930	3676	
3677	324	3678	
3653	3249	3650	
3647	3646	
3649	3537	3648	
3659	3457	3644	
3678	604	3681	
3650	3220	3180	3655	
3644	3141	3651	
3655	2933	3654	
3651	3139	3645	
3663	2942	3658	
3681	198	3682	
