3669	3662	
3669	1649	3667	
3664	2299	3649	
3676	3677	
3663	993	3676	
3669	1372	3663	
3669	1354	2754	3658	
3669	1293	3672	
3661	2851	3660	
3669	1724	2817	3661	
3666	2117	3665	
3669	1720	1684	3670	
3669	2770	2777	2756	3657	
3667	1994	3666	
3662	2376	3664	
3670	1800	1795	3668	
3657	3103	3653	
3672	1132	3673	
3658	3051	3041	3651	
3660	3648	
3668	1183	3671	
3653	3141	3652	
3673	1149	3674	
3651	3280	3654	
3649	3647	
3648	3629	3646	
3652	3358	3644	
3677	3679	
3656	3187	3655	
3654	3305	3050	3656	
3646	3633	3621	3645	
3644	3585	3575	3650	
3679	412	3678	
3678	3675	
3675	892	3659	
3659	1097	2600	3680	
3679	3681	
