2402	1795	2407	
2402	2401	
2402	1976	1814	2396	
2402	875	2408	
2402	1812	2397	
2402	726	2412	
2402	887	2411	
2402	1797	1760	2398	
2407	1154	2406	
2401	1563	2404	
2396	1816	2041	2400	
2408	2409	
2397	2126	2391	
2412	845	2413	
2411	714	728	2415	
2398	1928	2167	2014	2392	
2406	1391	2405	
2404	2388	
2400	2251	2386	
2409	779	2410	
2391	2336	2343	2395	
2413	647	2414	
2415	467	2416	
2392	2389	
2388	2267	2387	
2386	2326	2384	
2395	2367	2355	2390	
2414	622	2417	
2416	196	2419	
2389	2072	2078	2394	
2384	2385	
2419	270	2418	
2394	1951	2393	
2418	2403	
2403	1915	2399	
2399	1694	1687	2420	
2419	2421	
