1177	898	659	1171	
1163	916	902	1167	
1177	892	773	1168	
1177	437	975	1163	
1177	432	1175	
1177	879	1164	
1177	865	362	1179	
1177	552	1169	
1177	880	863	861	1165	
1171	564	1173	
1168	1172	
1175	515	1176	
1164	889	1159	
1179	1180	
1169	274	1183	
1165	1012	983	1160	
1173	1174	
1172	1170	
1167	1113	1156	
1176	465	483	1178	
1159	1158	
1183	1184	
1180	311	1181	
1160	1025	1157	
1156	1155	
1155	1123	1154	
1158	1142	1152	
1181	173	1185	
1184	93	1187	
1157	1032	1162	
1152	1060	1153	
1187	133	1186	
1162	1161	
1186	42	1182	
1182	933	1166	
1166	852	830	1188	
1187	1189	
