3662	1347	1737	3667	
3662	3661	
3662	1725	3660	
3662	1088	3670	
3662	1346	2774	2758	3656	
3662	2677	3674	
3662	1382	3672	
3662	1372	3657	
3667	1959	3668	
3661	2376	3665	
3660	3664	
3670	3669	
3656	3105	3653	
3674	1132	3673	
3672	993	3677	
3657	3173	3043	3652	
3668	2231	3666	
3665	3650	
3664	2523	3439	3648	
3669	1521	3671	
3653	3582	3580	3659	
3673	1227	3675	
3677	3678	
3652	3651	
3666	3491	3425	3649	
3650	3647	
3648	3644	
3659	3526	3646	
3675	3679	
3678	3682	
3651	3271	3655	
3644	3645	
3682	3681	
3655	3191	3654	
3681	3676	
3676	2915	3658	
3658	2909	1096	3680	
3680	3663	
3682	3683	
