1171	437	556	1174	
1171	1170	
1168	1104	1155	
1171	554	987	1164	
1171	359	1177	
1171	543	959	889	1165	
1171	364	1181	
1171	865	1180	
1171	880	863	1166	
1174	707	1176	
1170	659	1175	
1164	916	1168	
1177	1178	
1165	1160	
1181	337	1182	
1180	272	274	1184	
1166	971	968	1161	
1175	741	1157	
1176	680	1173	
1178	562	452	1179	
1160	1058	1169	
1182	1183	
1184	1185	
1161	1158	
1157	1156	
1155	1090	1154	
1169	1114	1152	
1185	1188	
1158	1036	1163	
1154	1153	
1152	1102	1159	
1188	1187	
1163	1006	1162	
1187	1172	
1172	922	1167	
1167	823	826	1186	
1188	27	1189	
