1169	438	1176	
1187	1170	
1169	772	776	1172	
1169	554	1164	
1169	432	1177	
1169	884	1165	
1188	135	1187	
1164	1168	
1169	364	435	1182	
1169	436	445	1180	
1169	879	1043	1166	
1176	589	1175	
1172	709	1173	
1177	1178	
1165	1160	
1170	825	361	1167	
1182	327	371	1181	
1181	306	1183	
1180	271	348	1184	
1166	950	963	1159	
1175	730	1174	
1173	750	1157	
1168	1104	1156	
1178	381	384	1179	
1160	988	1154	
1184	1185	
1159	1049	1158	
1156	1090	1155	
1154	1152	
1183	172	1186	
1185	209	1188	
1158	1064	1161	
1155	1120	1133	1060	1153	
1161	1000	1163	
1163	1007	1162	
1167	940	831	1171	
1188	1189	
