1176	1157	
1189	326	1173	
1172	554	1171	
1172	534	546	604	1179	
1172	864	893	889	1166	
1162	994	1132	1170	
1175	913	914	1156	
1172	437	556	1180	
1172	887	1167	
1172	865	1185	
1172	1184	
1172	361	867	1168	
1179	652	669	1178	
1166	1175	
1171	709	1176	
1180	514	1181	
1167	1009	1162	
1185	1183	
1184	274	278	1187	
1168	1067	1161	
1178	720	1177	
1181	465	493	1182	
1190	109	1189	
1183	390	1186	
1173	841	1174	
1187	240	1188	
1161	1054	1160	
1177	1158	
1157	1155	
1156	1152	
1170	918	1083	1154	
1188	1190	
1160	1159	
1152	1153	
1173	862	1169	
1169	819	846	872	1165	
1165	1022	1019	1163	
1163	1038	1164	
1174	44	1191	
1190	19	1192	
