2408	889	2407	
2404	2285	2388	
2408	1822	1133	2401	
2408	1129	2409	
2408	1975	2397	
2408	727	2412	
2408	1763	2414	
2408	1796	1760	2398	
2406	1493	2405	
2407	1258	2406	
2401	2404	
2409	2410	
2397	1997	2392	
2412	2413	
2414	586	2416	
2398	1814	2390	
2410	768	2411	
2392	2343	2396	
2413	786	2415	
2416	2417	
2390	2389	
2405	1659	2400	
2388	2298	2387	
2396	2384	
2417	422	2419	
2389	2336	2391	
2387	2334	2386	
2384	2385	
2419	218	2418	
2418	95	2402	
2402	1892	2399	
2399	1778	2395	
2395	2148	2143	2393	
2393	2200	2394	
2402	1732	2403	
2403	1677	2420	
2419	2421	
