1169	438	1174	
1169	772	1171	
1160	1133	1163	
1169	364	1165	
1167	1154	
1169	960	896	990	1168	
1169	432	1176	
1169	887	893	889	1164	
1169	553	1181	
1169	880	533	1179	
1174	624	677	1175	
1171	765	1172	
1168	916	774	1167	
1176	520	1177	
1164	974	1160	
1179	1180	
1181	1183	
1157	1001	1162	
1165	1011	978	1158	
1175	717	1173	
1172	1156	
1177	387	1178	
1180	1182	
1183	1184	
1158	1007	1157	
1156	1155	
1154	1120	1153	
1163	1152	
1182	1185	
1184	1187	
1152	1060	1159	
1187	1186	
1162	1006	1161	
1186	820	41	1170	
1170	928	1166	
1166	819	822	1188	
1187	1189	
