2412	874	2409	
2398	2402	
2412	1822	2403	
2412	1821	1824	1816	2398	
2412	1130	2410	
2412	1795	2013	2399	
2412	2404	
2412	900	1088	2415	
2412	1126	883	2400	
2409	1268	2408	
2403	1563	2406	
2410	1071	2411	
2421	2405	
2401	589	2420	
2405	1932	2401	
2399	1996	2394	
2415	807	2416	
2418	603	2417	
2404	697	700	2418	
2400	2000	1983	2393	
2408	1467	2407	
2390	2285	2389	
2406	2283	2390	
2402	2250	2388	
2388	2309	2278	2387	
2392	2109	2396	
2385	2391	
2384	2056	2386	
2397	2320	2384	
2411	948	995	2413	
2394	2190	2039	1866	2397	
2422	2423	
2416	956	768	2414	
2393	2392	
2419	2422	
2417	797	658	2419	
2387	2385	
2396	1952	2395	
2422	255	258	2421	
