3669	1354	1737	3665	
3666	2061	3664	
3663	3649	
3661	2417	3663	
3667	1598	3668	
3655	3646	
3644	3645	
3652	3310	2787	3655	
3669	2770	2409	3661	
3669	3013	2758	3656	
3669	1327	1364	3667	
3669	1718	3064	3657	
3669	2727	2671	3658	
3669	1102	1101	3672	
3669	1379	3671	
3665	1943	2107	3666	
3656	3123	3662	
3658	3048	3024	3651	
3673	937	3674	
3657	3391	3652	
3672	1025	3673	
3671	991	3675	
3662	3493	3648	
3668	1442	1167	3670	
3675	3676	
3651	3650	
3649	3647	
3648	3530	3644	
3674	559	3677	
3676	280	3679	
3650	3042	3654	
3679	3678	
3654	3653	
3678	2556	3660	
3660	2621	3659	
3659	134	3680	
3679	3681	
