1172	1157	
1170	432	556	1175	
1170	549	1169	
1170	554	1168	
1170	892	713	1176	
1170	959	977	1164	
1170	436	362	1181	
1170	445	1180	
1170	880	863	1165	
1175	574	1174	
1169	756	1172	
1168	1171	
1176	525	567	1177	
1163	1162	
1164	1026	1067	1160	
1181	391	403	1182	
1183	186	1186	
1180	435	341	348	1185	
1158	1163	
1161	1042	1158	
1165	943	1161	
1167	1087	1152	
1154	1151	1120	995	1153	
1174	663	725	1173	
1171	815	1155	
1177	470	483	1178	
1157	1156	
1160	994	997	996	1167	
1182	1179	
1185	1183	
1155	1154	
1152	1060	1159	
1189	92	1188	
1186	204	1189	
1166	44	1187	
1188	121	1184	
1184	1166	
1189	95	1190	
