1172	1157	
1170	549	1169	
1170	445	556	1175	
1170	554	1168	
1165	847	1188	
1170	543	432	1176	
1170	436	976	973	1163	
1170	1179	
1181	1180	
1170	865	342	1181	
1170	356	862	1164	
1174	680	1173	
1175	589	677	1174	
1169	765	1172	
1168	1166	
1176	520	1177	
1163	1160	
1183	1184	
1179	326	267	1183	
1164	889	982	1159	
1166	1087	1156	
1177	490	565	1178	
1160	1076	989	915	1167	
1180	317	1182	
1159	1158	
1156	1127	1155	
1167	902	911	1114	1152	
1182	310	1185	
1184	1187	
1158	1015	1162	
1155	1130	1139	1153	
1152	1134	1154	
1187	1186	
1162	948	1161	
1186	820	291	1171	
1171	933	828	1165	
1187	1189	
