2405	2388	
2402	1128	1101	2408	
2402	2414	
2420	579	2403	
2402	899	2401	
2402	1811	1974	2395	
2402	717	2410	
2402	883	1826	1815	2396	
2402	1764	2412	
2402	1797	1758	2397	
2408	1249	2407	
2401	1590	2405	
2395	2041	2399	
2410	1179	1177	2409	
2396	2392	
2412	2413	
2414	730	728	2416	
2397	1816	1996	2390	
2407	1466	2406	
2399	2285	2387	
2409	779	2411	
2392	2037	2197	2400	
2413	2415	
2416	2417	
2390	2389	
2387	2325	2386	
2400	2250	2384	
2415	622	2418	
2417	2421	
2389	2108	2394	
2386	2385	
2384	2391	
2421	2420	
2394	2087	2393	
2403	1914	2398	
2398	1913	723	2419	
2419	1677	2404	
2421	132	2422	
