1188	1185	
1178	892	1172	
1178	432	697	1176	
1178	879	604	786	1166	
1178	438	1179	
1178	553	884	1167	
1178	364	1182	
1178	437	865	866	1173	
1178	552	880	839	1168	
1176	623	626	1177	
1172	779	1174	
1166	991	990	1171	
1179	1180	
1167	976	974	1163	
1182	371	1183	
1173	326	1186	
1168	938	977	1009	1162	
1177	720	1175	
1174	1159	
1171	812	1157	
1180	562	453	1181	
1163	994	998	996	1170	
1183	393	306	1184	
1186	1187	
1162	1161	
1175	1082	1158	
1159	1110	1156	
1157	1101	1155	
1170	1087	1152	
1187	209	1189	
1161	1053	983	1165	
1155	1153	
1152	1154	
1189	109	1188	
1165	948	1164	
1153	1160	
1185	857	1169	
1169	360	1190	
1189	1191	
