2408	889	2405	
2408	2412	
2403	2389	
2408	1821	1131	2400	
2408	1974	1814	2396	
2408	1128	1106	2409	
2408	901	2397	
2408	872	895	2414	
2408	1796	1714	2398	
2405	1154	2406	
2406	1392	2404	
2400	1562	2403	
2396	1817	2402	
2409	1072	1160	2407	
2397	1996	2391	
2414	2413	
2412	653	2416	
2390	2071	2394	
2398	2000	2219	2392	
2402	1873	2388	
2407	779	2410	
2395	2386	
2416	2415	
2417	196	2420	
2391	1815	2060	2395	
2413	767	772	2411	
2392	2162	2390	
2389	2387	
2388	2384	
2415	368	2418	
2384	2354	2385	
2418	591	2417	
2394	1951	2393	
2420	2419	
2419	1672	2401	
2401	1746	2399	
2399	1695	1686	2421	
2420	132	2422	
