2408	889	2405	
2408	1822	2400	
2408	1974	1814	2396	
2408	1821	1106	2409	
2408	901	2397	
2408	2412	
2408	872	895	2414	
2408	1796	1714	2398	
2405	1154	2406	
2400	1563	2403	
2396	1819	2402	
2409	1049	2407	
2397	1996	2391	
2414	2413	
2412	653	2416	
2398	2097	2025	2392	
2406	1392	2404	
2403	2389	
2402	1873	2388	
2407	779	2410	
2391	2052	2346	2395	
2413	773	2411	
2416	2415	
2392	2390	
2389	2387	
2388	2384	
2395	2055	2386	
2415	368	2418	
2390	2071	2394	
2384	2385	
2418	621	2417	
2394	1951	2393	
2417	422	2420	
2420	2419	
2419	1672	2401	
2401	1930	2399	
2399	1695	1686	2421	
2420	132	2422	
