1172	543	422	1178	
1176	1096	1156	
1175	1157	
1166	916	902	1174	
1171	801	1175	
1172	442	1171	
1172	554	975	1166	
1172	341	428	1180	
1172	888	884	1167	
1172	437	362	1184	
1177	680	1176	
1172	864	547	546	1182	
1172	436	944	1168	
1178	564	1177	
1180	479	522	1179	
1167	1162	
1182	420	1183	
1186	204	1187	
1184	349	348	1186	
1168	958	1160	
1174	1170	
1179	464	382	1181	
1162	1161	
1183	398	1185	
1160	1054	1159	
1157	1155	
1170	1114	1152	
1161	1153	
1189	1191	
1187	108	1189	
1159	1070	1158	
1155	1126	1154	
1189	91	1188	
1188	825	1173	
1173	922	1169	
1169	999	1003	948	1165	
1165	1001	1163	
1163	1024	1164	
1186	263	259	1190	
