1177	898	659	1173	
1177	554	1169	
1177	438	975	1164	
1177	529	1175	
1177	892	894	889	1165	
1183	1184	
1177	364	425	1181	
1177	544	1179	
1177	553	880	863	1166	
1173	623	626	1174	
1169	751	1171	
1164	990	1168	
1175	627	1176	
1165	1057	1160	
1181	533	1180	
1179	435	274	1183	
1166	1066	1159	
1174	680	1172	
1171	1082	1157	
1168	1087	1156	
1176	677	453	1178	
1163	1154	
1160	1058	896	1163	
1180	301	1182	
1159	1158	
1157	1155	
1156	1127	1124	1152	
1182	184	1185	
1184	1187	
1158	1162	
1152	1153	
1187	86	1186	
1162	1036	1161	
1167	930	820	1188	
1186	360	1170	
1170	935	932	1167	
1187	98	1189	
