3664	3495	3648	
3667	2231	3665	
3662	1330	1737	3666	
3662	1707	3661	
3662	3014	2760	3655	
3658	2565	2877	3679	
3677	116	117	3663	
3672	966	3674	
3673	1288	3672	
3662	1357	1296	3668	
3662	1723	3063	3656	
3671	1077	1065	3675	
3662	1381	3671	
3662	1111	1345	3673	
3662	2728	2670	3657	
3666	1761	3667	
3661	3664	
3651	3140	3580	3659	
3655	2836	3660	
3650	3645	
3668	1249	3669	
3656	3309	3651	
3657	3051	3652	
3660	2517	3647	
3669	1447	1532	3670	
3675	3676	
3652	3320	3250	3649	
3647	3535	3646	
3659	2860	3458	3644	
3676	611	3678	
3649	3220	3654	
3644	3650	
3678	408	3677	
3654	3169	3653	
3663	2558	2926	3658	
3678	345	3680	
