2409	2402	
2409	849	2412	
2409	1128	1941	2398	
2409	890	2410	
2409	1822	1454	2407	
2401	1874	2400	
2409	1821	1132	1852	2401	
2409	883	2009	2397	
2403	701	2416	
2409	1126	2403	
2407	1308	2406	
2402	1563	2404	
2410	1050	2408	
2397	2030	2393	
2412	746	2413	
2398	1814	2391	
2406	1391	2405	
2404	2285	2389	
2400	2388	
2408	781	2411	
2393	2052	2392	
2413	756	2414	
2416	2417	
2391	2124	2394	
2389	2387	
2388	2374	2386	
2392	2343	2384	
2417	2419	
2394	2210	2105	2396	
2386	2340	2365	2385	
2384	2363	2337	2390	
2419	270	2418	
2396	2080	2395	
2418	2415	
2415	588	2399	
2399	724	1712	2420	
2419	2421	
