1177	892	1175	
1177	1169	
1177	879	975	889	1163	
1177	422	1176	
1177	864	1012	1164	
1177	443	533	1181	
1177	1180	
1177	437	362	862	1165	
1175	1173	
1169	709	1171	
1163	974	896	996	1167	
1176	1178	
1164	971	1159	
1181	371	1182	
1180	865	326	1185	
1165	965	958	1160	
1173	717	1174	
1171	674	1172	
1167	1104	1157	
1178	481	483	1179	
1159	1058	1168	
1182	385	1183	
1185	1186	
1160	1068	1158	
1157	1156	
1168	1087	1152	
1186	98	1188	
1158	1011	1162	
1156	1155	
1152	1153	
1188	1187	
1162	1015	1161	
1153	1154	
1187	1184	
1184	933	1166	
1166	932	851	847	1170	
1188	1189	
