1171	432	556	1175	
1176	764	1158	
1171	549	1170	
1171	960	889	1164	
1171	548	422	1178	
1171	879	1165	
1171	1182	
1171	436	362	1183	
1171	861	1166	
1175	564	1177	
1170	634	1176	
1164	1168	
1178	399	1179	
1165	1009	1160	
1183	1184	
1182	272	274	1186	
1166	971	968	1161	
1177	680	1174	
1168	1157	
1179	382	1180	
1160	974	896	996	1169	
1184	408	493	1181	
1186	1185	
1161	1159	
1158	1156	
1157	1085	1155	
1169	1083	995	1152	
1185	1188	
1159	963	1163	
1152	1154	
1188	1187	
1163	1162	
1154	1153	
1187	1190	
1190	84	81	1189	
1189	42	1172	
1172	940	1167	
1167	346	1191	
1191	1173	
1190	1192	
