1163	916	902	1167	
1168	782	1172	
1167	1104	1156	
1177	892	776	1168	
1177	437	556	1171	
1177	422	658	1163	
1177	552	553	1175	
1179	1180	
1177	443	533	1179	
1177	442	1169	
1177	880	863	861	1165	
1177	879	888	1164	
1171	564	1173	
1175	515	1176	
1164	889	1159	
1169	274	1183	
1165	1012	983	1160	
1173	1174	
1172	1170	
1176	465	483	1178	
1159	1056	1058	1158	
1183	1184	
1180	311	1181	
1160	1025	1157	
1156	1155	
1155	1131	1154	
1158	1142	1152	
1181	173	1185	
1184	93	1187	
1157	1032	1162	
1152	995	1153	
1187	133	1186	
1162	1161	
1186	104	102	1182	
1182	933	1166	
1166	828	831	827	1188	
1187	1189	
