3669	2770	3668	
3664	2417	3665	
3665	3648	
3669	1724	2793	3664	
3669	1726	2781	3656	
3669	1721	3670	
3669	1348	3068	3657	
3669	2680	3674	
3669	1708	3661	
3669	1346	2753	3658	
3668	2107	3667	
3656	3108	1728	3660	
3670	3671	
3657	3651	
3679	413	128	3662	
3659	2879	110	3681	
3674	1226	3673	
3661	1058	1036	3676	
3652	3247	3168	3654	
3658	3211	3077	3649	
3667	2232	3666	
3660	3428	3647	
3671	1444	1533	3672	
3651	3140	3579	3655	
3677	297	3680	
3673	1219	3675	
3675	555	3678	
3676	716	3677	
3649	3195	3652	
3648	3646	
3647	3488	3644	
3655	3446	3360	3650	
3644	3600	3645	
3680	3682	
3680	406	3679	
3654	3183	3653	
3662	2917	3659	
3681	2532	94	3663	
