2418	277	2415	
2395	1876	2403	
2400	1555	1550	2404	
2398	1918	2402	
2401	1133	2400	
2401	1117	1112	2406	
2401	1813	1826	1815	2395	
2401	717	2408	
2401	898	1975	2396	
2401	905	2411	
2401	727	861	2413	
2401	1796	1760	2397	
2406	1374	2407	
2408	1048	2409	
2396	2189	2391	
2413	789	2412	
2411	683	698	2416	
2397	2001	1994	2389	
2407	1466	2405	
2404	2388	
2388	2387	
2403	2306	2386	
2409	768	2410	
2391	2346	2342	2399	
2419	2420	
2412	635	2414	
2416	2417	
2389	2125	2392	
2386	2313	2309	2384	
2399	2272	2390	
2417	428	2419	
2392	2394	
2384	2385	
2419	218	2418	
2394	2104	2393	
2415	1747	2398	
