1167	438	653	1174	
1167	1170	
1167	960	889	1163	
1167	422	1175	
1167	553	974	1164	
1167	860	1178	
1167	436	1180	
1167	888	1165	
1174	654	677	1173	
1170	908	1172	
1163	1169	
1175	1176	
1164	986	1159	
1178	391	1179	
1180	326	1182	
1165	1066	1158	
1173	663	1171	
1172	741	1156	
1169	814	1086	1155	
1176	562	1177	
1159	994	1131	1162	
1179	398	1181	
1182	1183	
1158	1157	
1156	1154	
1155	1152	
1162	1092	995	1153	
1181	310	1184	
1183	1187	
1157	1161	
1187	92	1186	
1161	1160	
1186	49	1168	
1168	933	1166	
1166	294	1185	
1187	113	1188	
