1171	547	545	1174	
1164	916	1168	
1171	554	1170	
1171	959	1164	
1171	553	1177	
1171	887	893	889	1165	
1171	362	441	1182	
1171	436	1181	
1171	880	834	1166	
1174	564	1176	
1170	659	1175	
1177	1178	
1165	1160	
1182	419	1180	
1181	274	1185	
1166	962	949	1161	
1176	680	1173	
1175	736	1156	
1168	907	1169	
1178	464	473	1179	
1160	994	1154	
1180	1183	
1185	1186	
1161	1065	1158	
1173	1106	1157	
1156	1155	
1169	1087	1152	
1154	1060	1153	
1183	1187	
1186	144	143	1190	
1158	1054	1025	1159	
1187	1189	
1190	1192	
1159	1015	1005	1163	
1189	1188	
1163	937	1162	
1188	132	1184	
1184	857	933	1167	
1167	932	360	835	1191	
1191	1172	
