3661	2796	3665	
3661	1371	3660	
3661	1725	2779	3655	
3661	2677	3671	
3661	1689	1332	3668	
3661	2726	2731	3074	3656	
3661	1103	3672	
3661	1351	3657	
3665	1761	3667	
3660	2427	3666	
3655	2760	3125	3663	
3668	1249	1786	3669	
3656	3050	3651	
3672	1198	3673	
3671	831	3676	
3675	3658	
3657	2757	2759	3652	
3667	3664	
3666	2304	3649	
3663	3441	3648	
3669	1754	3670	
3651	3584	3579	3659	
3673	966	3674	
3676	959	3677	
3652	3650	
3648	3647	
3659	3526	3644	
3677	3680	
3650	3169	3654	
3644	3646	
3680	414	3678	
3654	3183	3653	
3646	3645	
3658	1095	1097	3679	
3678	416	875	3675	
3679	133	2547	3662	
3680	345	3681	
