3666	3649	
3680	2556	3665	
3664	1707	3663	
3664	1662	1697	3669	
3664	2771	2397	2791	3662	
3677	3678	
3675	1196	3674	
3670	1440	1167	3672	
3664	2680	3675	
3671	1634	3670	
3664	2675	1686	3671	
3664	1350	2774	2756	3657	
3664	1381	3673	
3664	1108	2686	3658	
3668	2081	3667	
3669	1904	1902	3668	
3663	2377	3666	
3662	2790	3661	
3657	3082	3654	
3661	2849	3648	
3660	3431	3142	3646	
3673	839	988	3677	
3644	3645	
3656	3655	
3658	3006	3201	3653	
3654	3140	3155	3148	3660	
3674	3676	
3651	3652	
3653	3400	3651	
3667	3650	
3649	3647	
3648	3488	3644	
3681	3680	
3676	969	553	3679	
3678	282	3681	
3652	3656	
3665	2875	3659	
3659	149	3682	
3681	3683	
