2402	874	1081	2408	
2405	2286	2387	
2402	1120	2401	
2402	1974	2395	
2402	1823	1105	2409	
2402	1794	2396	
2402	731	728	2415	
2402	904	2413	
2402	883	2397	
2408	1270	2407	
2401	1591	2405	
2395	1876	2399	
2409	1218	2410	
2396	1816	2392	
2415	806	2414	
2421	2420	
2413	534	652	2417	
2397	1814	2390	
2414	2412	
2407	1393	2406	
2399	1581	2400	
2410	920	2411	
2392	2391	
2417	640	2416	
2390	2389	
2406	2291	2388	
2387	2386	
2400	2251	2384	
2391	2226	2385	
2416	743	606	2419	
2389	2072	2394	
2419	370	364	2418	
2394	2082	2393	
2418	402	2421	
2398	723	2404	
2420	518	577	579	2403	
2403	1747	2398	
2421	168	2422	
