1170	892	659	1175	
1170	1172	
1170	554	1164	
1170	422	1177	
1170	894	889	1165	
1170	437	362	1182	
1170	553	1180	
1170	436	946	1166	
1175	623	629	1176	
1172	779	1173	
1164	1168	
1177	514	1178	
1165	1045	1160	
1182	391	1181	
1180	840	360	1184	
1166	1011	963	1159	
1176	680	1174	
1173	1104	1157	
1168	1091	1155	
1178	465	493	1179	
1160	988	992	989	1169	
1181	398	317	1183	
1184	204	1185	
1159	1161	
1157	1156	
1155	1123	1152	
1169	1088	995	1154	
1183	1186	
1185	1189	
1161	1015	1163	
1152	1153	
1154	1158	
1189	1188	
1163	1001	1162	
1188	1171	
1171	361	1167	
1167	927	933	826	1187	
1189	1190	
