1177	438	652	1175	
1177	960	889	1163	
1163	1168	
1167	1154	
1159	974	896	996	1167	
1177	892	554	979	1164	
1177	1169	
1177	548	431	1171	
1177	553	530	1176	
1177	443	533	1182	
1177	437	940	1165	
1175	655	616	1174	
1171	779	1172	
1176	514	1178	
1164	1045	1159	
1182	1181	
1169	359	358	1184	
1165	971	968	1158	
1174	717	1173	
1172	1157	
1168	813	1156	
1178	470	483	1179	
1181	473	382	1180	
1184	249	1183	
1158	1035	1160	
1157	1155	
1156	1085	1152	
1183	1186	
1160	1019	1022	1021	1162	
1152	1153	
1186	154	1185	
1162	1006	1161	
1185	1189	
1189	86	1187	
1187	132	1170	
1170	939	1166	
1166	345	349	1188	
1189	113	1190	
