2405	1391	2404	
2400	889	1333	2406	
2403	2297	2387	
2417	1682	2401	
2394	1876	2398	
2387	2386	
2400	1578	2399	
2400	1975	2394	
2400	874	1081	2407	
2400	1133	2007	2395	
2400	2410	
2400	1115	1113	2412	
2400	1797	1758	2396	
2406	1337	1284	2405	
2399	2403	
2407	820	2408	
2395	2006	2390	
2401	1714	2397	
2412	787	2411	
2410	683	698	2414	
2396	1815	1814	2391	
2414	2415	
2408	958	779	2409	
2390	2228	2389	
2411	619	2413	
2391	2124	2388	
2393	1952	2392	
2389	2346	2384	
2413	622	2416	
2415	429	2418	
2388	2087	2077	2393	
2384	2385	
2418	2417	
2397	1929	2402	
2418	2419	
