1179	898	659	1175	
1179	892	776	1172	
1179	879	975	889	1163	
1179	432	1177	
1179	437	976	973	1164	
1179	865	1182	
1179	548	1170	
1179	364	1165	
1175	609	677	1176	
1172	709	1173	
1163	1168	
1177	515	1178	
1164	1057	1159	
1182	391	1181	
1170	344	340	1184	
1165	967	971	1160	
1176	676	674	1174	
1173	1157	
1168	1156	
1178	489	501	1180	
1159	994	1061	1169	
1184	1185	
1181	323	1183	
1160	1158	
1156	1101	1155	
1169	1087	1152	
1185	98	1188	
1158	1001	1162	
1155	1150	1144	1153	
1152	1154	
1188	1187	
1162	1005	1161	
1187	1171	
1161	1043	1011	1167	
1171	360	1166	
1166	940	826	1186	
1188	1189	
