1170	772	659	1175	
1170	892	1168	
1187	1188	
1181	313	1183	
1184	1185	
1185	194	1187	
1170	959	1169	
1170	431	440	1182	
1180	326	340	1184	
1170	553	1177	
1170	879	972	964	1163	
1170	445	1180	
1170	437	887	1164	
1175	623	630	1176	
1169	897	1166	
1152	1099	1158	
1162	1161	
1176	717	679	1174	
1186	251	345	1171	
1168	656	655	1173	
1177	602	1178	
1163	987	979	1159	
1182	395	418	1181	
1155	1101	1154	
1164	971	968	1160	
1173	736	1156	
1166	1086	1155	
1178	562	459	1179	
1159	994	997	996	1167	
1160	1157	
1167	989	998	995	1152	
1157	963	1162	
1154	1153	
1187	1186	
1171	824	933	1165	
1165	930	1172	
