1169	1180	
1169	772	1168	
1163	891	716	1171	
1169	438	556	1175	
1169	959	1163	
1169	892	1177	
1180	327	320	1184	
1186	164	1185	
1183	295	1186	
1169	879	975	1164	
1169	436	839	1182	
1169	880	863	1165	
1175	631	590	1174	
1168	659	1173	
1177	576	575	1176	
1164	1160	
1182	301	1181	
1170	939	1166	
1165	873	987	1159	
1174	676	674	1172	
1173	764	1157	
1171	816	1156	
1176	485	487	1178	
1156	1102	1152	
1160	1076	1129	1133	1167	
1181	1179	
1184	192	1183	
1159	1025	1158	
1157	1123	1155	
1167	1113	995	1154	
1162	1161	
1158	1015	1006	1162	
1152	1138	1153	
1185	202	181	1188	
1188	1187	
1166	848	928	1189	
1187	132	825	1170	
1188	1190	
