1170	776	1175	
1170	549	1169	
1170	960	889	1164	
1170	887	1165	
1170	553	1176	
1170	362	1180	
1170	548	1179	
1170	437	945	1166	
1175	564	1174	
1169	765	1172	
1164	987	992	990	1168	
1176	1177	
1165	1026	1159	
1180	390	1181	
1179	356	363	1183	
1166	938	1046	978	1160	
1174	680	1173	
1172	1156	
1168	1092	1154	
1177	387	1178	
1159	1128	1132	1163	
1181	323	1182	
1183	232	1184	
1160	1157	
1156	1097	1155	
1154	1127	1123	1152	
1163	1144	1138	1158	
1182	310	1185	
1184	98	1187	
1157	963	1012	1162	
1152	1153	
1187	135	1186	
1162	931	1161	
1186	1171	
1171	939	1167	
1167	831	827	1188	
1187	1189	
