1172	1157	
1170	773	903	1175	
1170	442	1169	
1170	554	1168	
1170	422	1176	
1170	959	977	1164	
1170	438	543	1181	
1170	548	1180	
1170	880	863	1165	
1175	574	1174	
1169	756	1172	
1168	1171	
1176	621	620	1177	
1164	1026	1160	
1181	391	403	1182	
1180	326	348	1185	
1165	958	1161	
1174	666	664	1173	
1171	815	1155	
1177	470	483	1178	
1160	1128	1132	1167	
1182	1179	
1185	1183	
1161	1158	
1157	1156	
1155	1154	
1154	1150	1144	1153	
1167	1114	1090	1152	
1186	1189	
1183	310	1186	
1158	1163	
1152	1060	1159	
1163	1162	
1189	92	1188	
1166	826	1187	
1188	294	1184	
1184	1166	
1189	95	1190	
