1178	438	604	1177	
1178	892	1173	
1178	959	889	1166	
1178	431	556	783	1165	
1178	553	542	1179	
1178	1184	
1178	552	437	854	1182	
1178	443	887	878	1167	
1177	629	677	1176	
1173	689	1174	
1165	919	1172	
1179	407	480	1180	
1166	1161	
1182	391	403	1183	
1191	1190	
1184	363	252	1186	
1176	720	1175	
1172	736	1156	
1157	1112	1155	
1167	938	950	963	1162	
1174	1104	1157	
1180	384	1181	
1161	1058	998	902	1169	
1183	306	1185	
1186	204	1187	
1162	983	1159	
1156	1087	1154	
1169	1114	1152	
1185	171	1188	
1187	210	1191	
1159	1031	1164	
1154	1149	1060	1153	
1152	1160	
1164	1163	
1153	1075	1158	
1190	49	1170	
1170	935	1168	
1168	826	1189	
1189	131	1171	
1191	66	1192	
