3662	2768	2049	3666	
3662	1707	3661	
3662	3014	2760	3655	
3662	1299	3668	
3662	1723	3063	3656	
3662	1293	3673	
3662	3671	
3662	1353	3657	
3666	1761	3667	
3661	3664	
3655	2810	3660	
3668	1249	3669	
3650	3645	
3656	3081	3651	
3658	2565	2877	3679	
3677	116	117	3663	
3672	966	3674	
3673	1044	3672	
3671	1077	1067	3675	
3657	3051	3652	
3667	2231	3665	
3664	3495	3648	
3651	3140	3580	3659	
3660	2521	3647	
3669	1447	1532	3670	
3675	3676	
3652	3396	3385	3649	
3647	3535	3646	
3659	3526	3644	
3676	3678	
3649	3166	3654	
3644	3650	
3678	408	3677	
3654	3169	3653	
3663	2917	3658	
3678	286	3680	
