1176	892	783	1174	
1176	865	554	1169	
1176	959	889	1163	
1176	443	401	1177	
1176	438	1164	
1176	362	1180	
1176	548	1170	
1176	436	364	1165	
1174	564	1173	
1169	782	1172	
1163	1168	
1177	597	515	1175	
1164	969	1160	
1180	533	1181	
1170	277	274	1184	
1165	872	949	963	1158	
1173	680	1171	
1172	741	1156	
1167	1087	1152	
1168	804	1167	
1175	485	487	1178	
1160	1132	1159	
1181	1179	
1184	1182	
1158	1157	
1156	1155	
1159	1059	1153	
1182	370	1185	
1157	1001	1004	1162	
1155	1154	
1185	1188	
1162	968	1043	1161	
1188	1186	
1166	360	1187	
1186	326	1183	
1183	935	1166	
1188	1189	
