1170	432	1176	
1170	549	1169	
1170	959	889	1164	
1170	438	1178	
1170	554	974	1165	
1181	1182	
1170	547	543	1181	
1170	1180	
1170	879	887	1166	
1176	616	1175	
1164	806	1172	
1169	709	1173	
1178	591	590	1177	
1165	1161	
1180	327	320	1184	
1158	1001	1163	
1166	1011	963	1159	
1175	680	1174	
1157	1156	
1155	1154	
1152	1102	1160	
1161	1128	1133	911	1168	
1168	917	1083	1087	1152	
1172	729	1109	1105	1155	
1173	1157	
1177	673	610	1179	
1182	1183	
1184	1185	
1159	1158	
1187	1189	
1185	176	1187	
1154	1153	
1187	1186	
1163	1005	1020	1162	
1167	826	825	1188	
1186	132	360	1171	
1171	939	1167	
