2402	1822	1134	2408	
2402	1131	2405	
2402	1977	1815	2396	
2402	875	2410	
2421	271	2419	
2399	1695	2420	
2402	1795	2013	2397	
2402	725	731	2415	
2402	905	2413	
2402	886	2398	
2408	1453	2409	
2405	1608	2406	
2396	1814	2041	2400	
2410	1049	2411	
2397	1997	2392	
2415	655	2414	
2413	654	2417	
2398	1973	2393	
2409	1493	2407	
2406	2389	
2400	1846	2401	
2411	781	2412	
2392	2386	
2414	745	2416	
2417	2418	
2393	2391	
2389	2299	2388	
2401	2260	2384	
2386	2385	
2418	2421	
2391	2395	
2388	2326	2334	2387	
2384	2348	2390	
2395	2394	
2419	1683	2403	
2403	1891	2399	
2420	253	2404	
2421	2422	
