2404	1116	1111	2408	
2404	2403	
2404	1131	2006	2397	
2404	721	2411	
2404	1761	1133	2398	
2404	725	732	2415	
2404	1765	2414	
2404	886	1970	2399	
2408	1155	2409	
2403	1451	2406	
2397	1877	2401	
2411	979	1074	2410	
2398	2393	
2415	2416	
2420	600	2419	
2414	1714	555	2418	
2399	2206	2391	
2409	1483	2407	
2406	2389	
2401	2388	
2410	781	2412	
2418	657	2417	
2419	423	2422	
2393	2053	2062	2060	2402	
2416	751	783	2413	
2391	2163	2394	
2389	2326	2387	
2388	2386	
2402	2250	2384	
2417	591	2420	
2394	2396	
2386	2377	2368	2385	
2384	2346	2392	
2396	2104	2395	
2385	2390	
2422	2421	
2421	1682	2405	
2405	1685	2400	
2400	1897	99	2423	
2422	133	2424	
