1173	892	659	1177	
1173	530	1180	
1185	1184	
1186	1189	
1174	326	264	1187	
1187	243	1186	
1175	1169	
1173	436	1167	
1173	438	716	1172	
1173	959	889	1165	
1173	442	1174	
1173	879	1046	1166	
1173	880	362	1185	
1177	624	677	1179	
1172	782	1178	
1161	994	997	996	1171	
1156	1115	1152	
1152	1153	
1165	987	555	794	1170	
1180	1181	
1166	973	1161	
1167	938	970	963	1160	
1171	1086	1087	1154	
1179	717	1176	
1170	1079	1090	1156	
1178	765	766	763	1157	
1181	485	487	1182	
1184	376	379	1183	
1160	1054	1159	
1157	1155	
1162	1068	1163	
1164	1006	1001	1042	1162	
1159	1069	1072	1071	1158	
1189	164	1188	
1188	1192	
1192	1191	
1191	830	1175	
1169	1164	
1163	949	951	950	1168	
1187	260	1190	
1192	1193	
