1172	432	1178	
1172	1171	
1161	994	997	996	1170	
1172	554	991	989	1165	
1172	438	1179	
1172	894	889	1166	
1172	364	1167	
1183	398	1184	
1172	552	436	362	1182	
1172	549	864	866	1173	
1177	717	1175	
1178	576	1177	
1171	639	1176	
1165	902	802	1169	
1179	1180	
1166	1045	1161	
1182	391	1183	
1173	359	355	1185	
1167	873	1047	1162	
1176	736	1157	
1169	914	1155	
1180	562	384	1181	
1185	1186	
1162	1044	1159	
1157	1156	
1155	1154	
1170	1114	1152	
1184	390	301	213	1187	
1188	44	1174	
1190	95	82	1188	
1186	185	79	1190	
1164	1163	
1159	1036	1001	1164	
1154	1150	1060	1153	
1152	1089	1061	1160	
1153	1158	
1174	935	1168	
1168	360	284	1189	
1190	1191	
