1171	438	1176	
1171	1170	
1171	960	889	1164	
1171	422	1177	
1171	888	883	1165	
1171	362	1181	
1171	442	865	1183	
1171	437	957	1166	
1176	574	1175	
1170	794	1173	
1164	891	771	1169	
1177	514	521	1178	
1165	1160	
1181	1182	
1183	349	1186	
1166	949	978	1158	
1175	730	1174	
1173	1157	
1169	914	1155	
1178	562	1179	
1160	1128	1132	1168	
1182	384	1180	
1186	1184	
1158	1044	1161	
1157	1156	
1155	1154	
1168	1114	1152	
1184	1187	
1161	1008	1163	
1154	1153	
1152	1159	
1187	98	1189	
1163	1162	
1189	1188	
1188	42	1185	
1185	1167	
1167	940	826	1172	
1189	27	1190	
