1170	1181	
1170	554	1169	
1170	437	556	1175	
1170	887	959	987	1164	
1170	543	432	778	1168	
1170	344	603	1177	
1170	865	1182	
1170	445	441	1165	
1175	564	1176	
1169	709	1173	
1168	910	793	1172	
1177	661	1178	
1164	1160	
1182	1180	
1181	435	1185	
1165	1011	978	1161	
1173	1157	
1176	680	1174	
1172	749	1167	
1178	382	1179	
1156	1155	
1160	988	1154	
1185	1186	
1180	306	1183	
1161	1065	1158	
1157	1104	1156	
1167	1114	1152	
1154	1075	1153	
1183	171	1187	
1186	1190	
1158	1054	1159	
1190	86	1188	
1159	1000	1004	1163	
1188	1184	
1163	1006	1162	
1184	935	1166	
1166	294	293	1189	
1189	34	1171	
1190	79	1191	
