1170	553	540	1176	
1170	1182	
1170	865	554	1169	
1170	888	959	1163	
1170	357	1178	
1170	445	972	964	1164	
1170	436	556	421	1180	
1170	880	863	1165	
1176	677	1175	
1169	779	1173	
1163	901	996	917	1167	
1178	525	567	1177	
1164	1160	
1180	1181	
1182	326	267	1184	
1158	1157	
1165	889	987	1158	
1175	717	1174	
1173	1156	
1155	1123	1154	
1167	1082	1110	1155	
1177	387	1179	
1160	1045	992	989	1168	
1183	295	1186	
1184	229	1185	
1181	420	1183	
1168	1087	1152	
1185	201	1189	
1157	1017	1162	
1154	1153	
1152	1132	1159	
1189	1188	
1162	1007	1161	
1188	44	1171	
1171	933	1166	
1166	932	848	851	1187	
1187	34	31	1172	
1189	66	1190	
