3662	2768	3669	
3666	3649	
3679	2558	2557	3663	
3662	1726	3661	
3662	3009	2757	3656	
3662	1684	3671	
3662	2753	2775	2756	3657	
3662	1102	3674	
3662	1355	1329	3673	
3662	1351	2941	3658	
3669	1959	3668	
3668	2241	3667	
3661	2375	3666	
3656	3665	
3671	1600	3670	
3657	3104	3653	
3674	3675	
3673	991	3677	
3658	3049	3024	3651	
3665	2524	3648	
3670	1462	1502	3672	
3653	3349	2810	3660	
3675	965	3676	
3659	2903	3664	
3677	619	3678	
3651	3650	
3648	3436	3646	
3649	3521	3647	
3660	3526	3644	
3678	576	3680	
3650	3268	3655	
3646	3645	
3644	3652	
3680	3679	
3655	3654	
3663	2879	3659	
3680	199	3681	
