1170	892	659	1175	
1170	1180	
1170	880	549	1169	
1170	553	874	1164	
1170	357	1177	
1180	327	320	1184	
1167	935	1172	
1184	240	1185	
1170	445	887	1165	
1170	864	533	433	1182	
1170	436	888	1166	
1175	688	691	1176	
1169	765	1173	
1166	967	971	1161	
1160	1055	1159	
1164	889	990	1168	
1177	514	1178	
1165	1010	978	1160	
1182	1181	
1176	680	1174	
1173	736	1155	
1178	469	382	1179	
1181	1183	
1153	1157	
1161	1052	1025	1158	
1174	1156	
1155	1154	
1159	1132	1152	
1185	79	1187	
1158	1015	1163	
1152	1153	
1187	1186	
1163	1001	1162	
1186	825	1171	
1171	857	1167	
1187	1188	
