1172	1104	1156	
1170	436	556	653	1175	
1170	1168	
1170	887	959	1169	
1170	553	1176	
1170	834	945	889	1164	
1170	865	1181	
1170	543	431	1179	
1170	880	839	1165	
1175	655	677	1174	
1168	765	1172	
1169	996	902	1167	
1176	515	1177	
1164	1045	1160	
1187	1183	
1181	334	1180	
1179	269	1184	
1165	1161	
1174	717	674	1173	
1177	470	493	1178	
1160	994	1159	
1180	1182	
1184	1185	
1161	969	1158	
1156	1155	
1159	1152	
1185	97	235	1188	
1158	1000	1003	1163	
1155	1154	
1152	1153	
1188	1187	
1163	947	1162	
1153	1157	
1183	1166	
1166	826	1186	
1186	131	1171	
1188	1189	
