1178	438	1175	
1178	892	776	1172	
1178	959	1164	
1178	553	542	1179	
1178	548	960	889	1165	
1178	865	1183	
1178	362	1182	
1178	864	866	862	1166	
1175	629	1176	
1164	916	915	1169	
1172	730	1173	
1179	514	520	1177	
1165	1057	1160	
1183	391	1181	
1188	825	1170	
1182	840	326	1185	
1166	938	966	964	1159	
1176	680	1174	
1173	736	1157	
1169	1082	1104	1156	
1177	526	387	1180	
1160	994	998	996	1168	
1181	323	1184	
1185	1186	
1159	1161	
1157	1155	
1156	1090	1152	
1168	1083	995	1154	
1184	1187	
1186	1189	
1161	1000	1004	1163	
1152	1153	
1154	1158	
1189	1188	
1163	937	1162	
1170	933	1167	
1167	930	928	1171	
1189	66	1190	
