3661	2771	3667	
3678	875	3662	
3661	1706	3660	
3661	1351	2749	2736	3655	
3661	3671	
3661	1687	1331	3668	
3676	297	3680	
3661	1352	2665	3206	3656	
3661	2678	3672	
3671	824	3675	
3661	1110	2943	3657	
3666	2117	3665	
3667	1903	3666	
3660	2418	3664	
3655	2765	3663	
3668	1847	1621	3669	
3656	3046	3651	
3673	3674	
3672	1194	3673	
3657	3207	3077	3652	
3664	3649	
3663	2523	3438	3648	
3669	1166	3670	
3651	3351	3119	3659	
3675	3676	
3652	3650	
3648	3530	3647	
3659	3587	3644	
3674	736	3677	
3654	3653	
3650	3194	3654	
3647	3633	3619	3645	
3644	3586	3646	
3680	413	3678	
3662	3658	
3658	2560	3679	
3680	3681	
