1176	547	545	1173	
1164	1168	
1176	549	1169	
1176	554	1164	
1176	401	1177	
1176	438	1165	
1176	865	1181	
1176	445	1179	
1176	892	893	1012	1166	
1173	757	1174	
1169	765	1171	
1177	531	1175	
1165	969	1160	
1170	933	1167	
1181	395	371	1180	
1179	349	348	1183	
1166	950	963	1159	
1174	718	679	1172	
1168	1156	
1171	1104	1157	
1175	465	493	1178	
1154	1153	
1160	1132	1154	
1180	385	1182	
1183	202	1184	
1159	1035	1161	
1157	1113	1105	1155	
1156	1117	1114	1152	
1182	1185	
1184	238	1187	
1161	1042	1163	
1152	994	1158	
1187	91	1186	
1163	1006	1162	
1186	132	1170	
1167	932	281	840	1188	
1187	1189	
