1172	432	1178	
1172	1171	
1172	783	902	1165	
1172	432	1179	
1172	894	889	1166	
1172	421	1182	
1172	364	1173	
1172	364	1167	
1178	616	1177	
1171	639	1176	
1165	997	996	1169	
1179	1180	
1166	1045	1161	
1182	391	1183	
1173	326	1185	
1167	873	1047	1162	
1177	717	1175	
1176	736	1157	
1169	1155	
1180	562	384	1181	
1161	994	997	996	1170	
1183	398	1184	
1185	1186	
1162	1044	1159	
1157	1156	
1155	1154	
1170	1087	1152	
1184	370	213	1187	
1186	98	1190	
1159	1015	1164	
1154	1150	1144	1153	
1152	1099	1160	
1190	109	106	1188	
1164	1163	
1153	1158	
1188	44	1174	
1174	935	1168	
1168	360	1189	
1190	1191	
