3672	1733	3668	
3672	1726	3661	
3672	1727	2780	3656	
3672	1736	3670	
3672	1719	1357	3657	
3672	1735	1293	3674	
3672	1711	1723	3014	3658	
3680	126	3663	
3672	1692	1724	2678	3662	
3668	1839	3669	
3661	2375	3666	
3656	3122	3665	
3670	1598	3671	
3655	3654	
3657	3253	3652	
3674	3675	
3677	3678	
3662	831	3677	
3658	3209	3043	3651	
3669	2118	3667	
3666	3650	
3665	2522	3443	3648	
3671	1441	1167	3673	
3660	3458	3644	
3652	3135	3120	3660	
3675	3676	
3651	3280	3653	
3650	3649	
3648	3647	
3676	751	3679	
3678	3681	
3653	3300	3169	3655	
3644	3587	3646	
3681	3680	
3646	3359	3645	
3663	2917	3659	
3659	2539	2548	3682	
3682	3664	
3681	74	3683	
