1167	772	659	1172	
1167	864	1166	
1167	422	1175	
1167	1162	
1167	437	362	1178	
1185	104	1184	
1167	442	855	1177	
1167	879	972	1011	1163	
1172	564	1173	
1173	680	1171	
1166	765	1170	
1175	530	1174	
1162	969	1159	
1178	1179	
1177	274	1182	
1163	950	889	1158	
1170	1156	
1174	465	493	1176	
1171	723	1169	
1161	1033	1160	
1159	1058	998	996	1165	
1179	301	1180	
1182	1183	
1158	1025	1157	
1156	1155	
1165	1088	1092	1152	
1183	98	1185	
1157	1009	978	1161	
1155	1154	
1152	1153	
1186	830	1168	
1184	130	126	825	1181	
1164	932	284	276	1186	
1181	922	999	931	1164	
1185	1187	
