1169	547	545	1175	
1169	1167	
1169	893	891	1168	
1169	768	1177	
1169	437	976	1163	
1169	421	1181	
1169	364	1170	
1169	364	862	1164	
1175	623	629	1176	
1167	746	1173	
1168	890	1172	
1177	1178	
1163	976	974	1159	
1181	1180	
1170	274	1183	
1164	889	979	1160	
1176	717	1174	
1173	1157	
1172	736	1104	1156	
1178	381	384	1179	
1159	1128	1133	1166	
1180	323	1182	
1183	1184	
1160	1158	
1156	1127	1155	
1166	1092	1152	
1182	314	310	1185	
1184	98	1188	
1158	1020	1162	
1155	1153	
1152	1154	
1185	169	1187	
1188	1190	
1162	1161	
1187	1186	
1186	132	825	1171	
1171	933	1165	
1165	933	276	1189	
