2305	1083	876	2310	
2305	1094	1779	2308	
2305	1104	1972	2299	
2305	1756	1090	2315	
2305	1725	1942	1774	2300	
2305	882	1727	2320	
2305	872	724	2318	
2305	1757	1722	1872	2301	
2310	1242	1239	2312	
2308	1275	2311	
2299	1788	2304	
2315	1061	1057	2314	
2300	1950	2294	
2318	780	742	2319	
2320	726	2322	
2301	2295	
2312	1430	2313	
2311	1377	2309	
2309	2176	2289	
2304	1522	2290	
2314	927	964	2316	
2294	1978	1984	2298	
2319	942	2317	
2322	2321	
2295	2036	2083	2291	
2290	2288	
2298	2213	2219	2287	
2321	2323	
2291	2293	
2288	2286	
2287	2230	2284	
2323	419	2325	
2293	2285	
2325	2324	
2324	1647	2306	
2306	1838	2303	
2303	1851	1885	2297	
2297	1928	2292	
2292	2127	2296	
2296	1855	2302	
2322	578	2307	
2326	2327	
2307	59	2326	
