3670	2770	2032	3668	
3670	2771	3664	
3670	1727	3063	3658	
3670	1298	3671	
3670	1717	2741	3659	
3670	2677	3674	
3670	1707	3665	
3670	1349	1348	3660	
3668	1943	2127	3669	
3651	3648	
3669	2118	3667	
3664	2387	3666	
3658	2757	3121	3663	
3671	3672	
3659	3654	
3674	1131	3675	
3665	830	3678	
3660	2758	3107	3653	
3666	3651	
3663	2521	3649	
3672	1753	1406	3673	
3654	3141	3580	3662	
3675	1205	928	3676	
3678	3679	
3653	3280	3655	
3667	3470	3650	
3649	3485	3647	
3662	3528	3644	
3679	634	3681	
3655	3657	
3647	3645	
3644	3646	
3681	330	3680	
3657	3226	3656	
3645	3652	
3680	3677	
3677	2623	3661	
3661	2575	2561	3682	
3681	3683	
