1177	898	1175	
1177	442	1170	
1177	554	1164	
1177	406	1178	
1177	892	893	889	1165	
1177	552	865	1181	
1177	549	1171	
1177	864	888	887	1166	
1175	611	1174	
1170	693	1173	
1164	1168	
1178	515	1176	
1165	979	1160	
1181	1182	
1171	274	1185	
1166	970	971	1161	
1174	731	1172	
1173	764	1156	
1168	1155	
1176	489	466	1179	
1160	994	997	996	1169	
1182	380	384	1180	
1185	1183	
1161	1158	
1155	1085	1154	
1169	1086	1114	1152	
1183	1186	
1158	983	1163	
1154	1153	
1152	1159	
1186	211	1189	
1163	1001	1162	
1153	1157	
1189	135	1187	
1187	1184	
1184	360	1167	
1167	857	831	1188	
1189	1190	
