1186	135	47	1172	
1170	782	1174	
1156	1155	
1171	549	1170	
1171	437	556	1176	
1187	94	1186	
1171	887	893	889	1164	
1171	553	1177	
1171	543	959	1165	
1171	359	440	1182	
1171	362	1180	
1171	436	861	1166	
1176	616	1175	
1164	1168	
1177	601	520	1178	
1165	986	983	1160	
1182	371	1181	
1180	341	348	1184	
1166	873	976	1010	1158	
1175	1173	
1168	1087	1154	
1174	764	1156	
1178	563	387	1179	
1160	1058	1169	
1187	66	1189	
1181	403	311	1183	
1184	1185	
1159	1157	
1154	1122	1120	1152	
1158	1071	1032	1161	
1169	911	1131	1132	1159	
1185	108	1187	
1161	948	1163	
1152	1153	
1163	1003	1001	1162	
1172	832	829	1167	
1167	926	929	928	1188	
