3670	1354	3667	
3664	2376	3665	
3665	2288	3649	
3670	2769	2410	3664	
3670	3011	3656	
3670	1719	1685	3671	
3670	1722	3061	3657	
3670	2677	3675	
3670	1349	3674	
3670	2729	2673	3658	
3667	1957	3668	
3656	2853	3661	
3671	1600	3669	
3657	3347	3652	
3675	1198	3673	
3674	992	3677	
3658	2758	3107	3651	
3668	2232	3666	
3661	2523	3442	3648	
3669	1183	3672	
3652	3584	3528	3660	
3673	965	3676	
3659	2901	3663	
3678	3681	
3677	311	3678	
3651	3653	
3649	3647	
3648	3531	3644	
3660	3464	3144	3646	
3676	3679	
3653	2976	3655	
3644	3645	
3646	3405	3650	
3681	3680	
3655	3180	3654	
3680	2557	3662	
3662	2893	2904	3659	
3681	200	3682	
