3661	3673	
3661	2767	3660	
3661	1687	1333	3668	
3661	1353	1736	3669	
3661	2675	3065	2757	3657	
3661	2677	3675	
3661	1348	2941	3658	
3668	1995	3667	
3667	2270	3666	
3660	2485	3665	
3669	3670	
3644	3646	
3657	3082	3652	
3659	2559	2560	3663	
3675	1047	3674	
3673	1037	1059	3677	
3658	3047	3023	3653	
3665	3492	3650	
3670	1740	3671	
3655	3654	
3647	3632	3621	3645	
3652	3141	3581	3656	
3674	1252	1531	3672	
3677	687	3676	
3653	3333	3651	
3666	3664	
3650	3649	
3648	3435	3644	
3656	3466	3648	
3676	958	3678	
3651	3188	3655	
3649	3647	
3678	282	51	3681	
3681	299	3680	
3680	408	3679	
3679	403	3662	
3662	2589	2939	3659	
3681	163	191	194	3682	
