1169	547	546	1176	
1173	736	1157	
1169	772	1172	
1168	1082	1104	1155	
1157	1156	
1169	959	901	1163	
1169	422	1177	
1169	879	972	964	1164	
1169	442	1170	
1169	362	425	1182	
1169	888	887	861	1165	
1176	574	576	1175	
1172	765	1173	
1163	1168	
1177	626	678	1178	
1164	1026	1159	
1182	1181	
1170	841	345	1184	
1165	971	969	1160	
1175	731	1174	
1178	465	483	1179	
1167	1128	1154	
1159	1132	1114	1167	
1181	518	387	1180	
1184	310	1183	
1160	983	1158	
1155	1115	1152	
1183	301	208	1186	
1158	1000	1004	1162	
1152	1153	
1186	142	144	1185	
1162	948	1161	
1185	196	1189	
1189	1188	
1166	828	831	131	1187	
1188	49	1171	
1171	940	1166	
1189	71	1190	
