1169	547	545	1175	
1169	1167	
1169	893	891	1168	
1169	436	556	1177	
1169	442	972	976	1163	
1169	552	865	362	1181	
1169	554	864	866	1170	
1169	894	889	1164	
1175	623	629	1176	
1167	746	1173	
1168	890	1172	
1177	1178	
1163	980	981	978	1159	
1181	1180	
1170	274	1183	
1164	946	1012	983	1160	
1176	717	1174	
1173	733	1157	
1172	814	1087	1156	
1188	1190	
1178	481	493	1179	
1159	1128	1133	1166	
1180	323	1182	
1183	1184	
1160	1158	
1156	1127	1155	
1166	1079	1090	1152	
1182	314	310	1185	
1184	98	1188	
1152	1154	
1155	1153	
1158	1041	1015	1162	
1185	93	1187	
1162	1005	1161	
1187	1186	
1186	132	825	1171	
1171	940	934	1165	
1165	932	361	840	1189	
