10.6481	7.72246	0.274756
22.5093	16.0439	0.28723
11.2012	10.0333	0.104268
11.6008	10.6875	0.0787238
10.7641	10.2664	0.0462346
11.4858	10.6644	0.0715115
20.6515	14.199	0.312445
10.2357	8.62043	0.15781
9.73524	9.72866	0.000675962
10.264	9.39907	0.0842645
8.9763	6.53697	0.271752
16.1384	13.9922	0.132983
8.55481	6.87833	0.195969
12.4654	9.81096	0.212945
10.2719	9.81047	0.0449192
18.2726	16.1189	0.117862
11.4333	10.3325	0.0962802
9.27292	8.75548	0.055801
10.0024	8.85728	0.114484
19.1099	16.9553	0.112747
10.3108	9.98922	0.0311883
