1169	1181	
1169	892	1168	
1169	543	438	1176	
1169	436	556	1177	
1169	864	553	979	1165	
1169	865	361	839	1166	
1169	880	534	433	1183	
1176	616	1175	
1175	680	1174	
1168	801	1173	
1177	641	1178	
1165	1045	1160	
1167	294	291	1171	
1181	850	360	1185	
1187	132	1170	
1183	400	1182	
1166	962	949	1161	
1173	751	749	1158	
1178	562	453	1179	
1163	1162	
1160	1058	896	1164	
1182	523	480	493	1180	
1185	226	1184	
1161	983	1159	
1158	1157	
1164	1095	1156	
1174	729	913	1172	
1184	212	1186	
1159	1007	1163	
1157	1155	
1156	1085	1152	
1189	98	1188	
1186	93	80	17	1189	
1155	1148	1124	1153	
1152	1134	1154	
1188	190	1187	
1170	825	281	857	1167	
1189	55	7	65	1190	
