1170	1173	
1168	547	556	1172	
1179	398	1181	
1181	182	1185	
1182	836	1165	
1173	736	1156	
1168	554	909	1170	
1168	436	874	990	1167	
1168	865	1180	
1168	359	358	1175	
1168	442	972	964	1163	
1168	437	1178	
1168	361	867	1164	
1172	564	1174	
1167	1166	
1175	524	407	1176	
1162	1161	
1163	987	984	1159	
1180	536	1179	
1178	354	350	1183	
1164	1066	1160	
1174	717	1171	
1166	814	1086	1155	
1184	1188	
1176	387	1177	
1159	1158	
1183	192	1184	
1160	1044	1157	
1156	1112	1154	
1155	1152	
1158	1075	1153	
1157	1031	1162	
1188	1187	
1165	820	42	1186	
1187	280	1182	
1186	131	817	1169	
1188	1189	
