1168	898	555	1173	
1168	554	1166	
1168	437	975	1167	
1168	436	556	1175	
1168	361	962	1012	1163	
1168	362	1179	
1168	445	1178	
1168	864	866	862	1164	
1173	609	611	1174	
1166	765	1171	
1167	996	774	1170	
1175	530	1176	
1163	969	1158	
1179	1180	
1178	341	348	1182	
1164	970	963	1159	
1174	717	1172	
1156	1097	1155	
1171	736	1156	
1158	1077	1075	1154	
1154	1060	1153	
1170	754	907	1162	
1176	489	1177	
1180	1181	
1182	202	1183	
1159	1040	1157	
1162	1152	
1183	98	1186	
1157	1001	1161	
1186	1188	
1186	90	29	1185	
1161	948	1160	
1185	127	1184	
1184	132	825	1169	
1165	933	831	827	1187	
1169	922	930	1165	
