1169	1175	
1167	1173	
1171	549	1169	
1171	534	546	1178	
1171	436	889	985	1165	
1171	864	548	959	1170	
1171	865	342	1180	
1171	1183	
1171	364	327	1184	
1171	880	839	1166	
1178	564	676	1177	
1170	658	661	1174	
1180	515	1179	
1165	1162	
1184	1182	
1183	363	1186	
1166	950	963	1161	
1177	663	1176	
1175	1158	
1174	1079	1086	1156	
1179	471	464	382	1181	
1162	994	1131	1168	
1182	1185	
1186	1187	
1161	1160	
1158	1157	
1156	1115	1155	
1168	1114	1152	
1187	209	1189	
1160	1001	1164	
1155	1150	1144	1153	
1152	1154	
1189	1188	
1164	1006	1163	
1153	1159	
1188	289	1172	
1172	933	1167	
1189	1190	
