1168	933	294	290	1190	
1180	436	556	1176	
1180	892	776	1173	
1180	445	441	1167	
1180	959	975	1169	
1180	553	530	1179	
1180	443	972	964	1166	
1188	825	291	1171	
1180	552	865	1170	
1180	431	439	1184	
1176	564	1178	
1173	786	1177	
1169	1174	
1179	514	1181	
1166	969	1162	
1184	419	1183	
1186	1187	
1171	281	360	932	1168	
1170	277	340	1186	
1167	938	971	1009	1161	
1178	717	674	1175	
1174	1087	1156	
1177	691	764	1159	
1187	1189	
1156	1155	
1152	1144	1154	
1181	526	389	388	1182	
1162	1058	998	995	1165	
1183	311	1185	
1161	1160	
1175	1158	
1159	1116	1157	
1165	914	1110	1123	1152	
1160	1031	936	1164	
1155	1153	
1189	109	1188	
1164	1003	1001	1163	
1190	1172	
1189	19	1191	
