2401	2413	
2401	1821	2400	
2407	1492	2406	
2400	1635	2405	
2401	883	1138	2408	
2401	1107	831	2409	
2401	1762	2008	1815	2397	
2401	1763	2415	
2401	885	1730	2398	
2408	1258	2407	
2409	2410	
2384	2386	
2397	2164	2392	
2399	1685	1677	2403	
2413	683	698	2417	
2420	255	2419	
2415	806	2414	
2398	1998	1983	2393	
2405	2390	
2410	767	779	2411	
2395	2394	
2393	2178	2391	
2392	2191	2062	2057	2396	
2414	751	942	2412	
2417	452	2416	
2406	2404	
2390	2389	
2388	2246	2384	
2396	2267	2388	
2416	425	2418	
2391	2085	2395	
2389	2387	
2418	187	34	2421	
2387	2376	2368	2385	
2421	197	2420	
2419	512	2402	
2402	1705	1929	2399	
2421	110	127	129	2422	
