1170	432	1175	
1172	750	1155	
1170	1181	
1170	772	1169	
1170	959	1162	
1170	547	1176	
1170	554	974	1163	
1170	445	533	1179	
1170	880	863	1164	
1175	677	1174	
1174	680	1173	
1169	765	1172	
1162	917	1167	
1176	480	1177	
1163	1159	
1179	1180	
1181	340	1183	
1164	889	987	1157	
1167	914	911	1153	
1177	465	493	1178	
1159	988	991	989	1168	
1180	306	1182	
1183	1184	
1157	1025	1156	
1155	1116	1154	
1153	1152	
1168	1114	1102	1158	
1184	1186	
1161	1001	1160	
1156	1068	1022	1161	
1186	135	1185	
1166	923	1187	
1185	38	276	1171	
1160	977	1011	1165	
1171	928	1166	
1186	1188	
