2400	2399	
2400	1107	874	2405	
2400	898	2008	2394	
2400	726	2409	
2400	1762	1105	2406	
2400	885	1826	1815	2395	
2400	724	731	2410	
2400	1797	1760	2396	
2405	1179	2404	
2399	1596	2403	
2404	1359	1472	2402	
2394	1876	2398	
2406	821	2407	
2395	2031	2390	
2410	1087	2411	
2409	548	2413	
2396	1954	2391	
2403	1505	2388	
2398	2058	2387	
2407	1150	2408	
2390	2385	
2411	609	2412	
2413	2414	
2391	2389	
2387	2334	2386	
2385	2384	
2414	2417	
2389	2393	
2417	2416	
2393	2392	
2416	2401	
2401	1932	2397	
2397	692	693	2415	
2417	133	2418	
