1170	1182	
1170	892	1169	
1170	543	438	1176	
1186	1171	
1177	1178	
1170	341	344	1177	
1159	1001	1163	
1170	436	894	889	1165	
1170	880	533	1180	
1170	445	441	1166	
1176	677	1175	
1169	765	1173	
1166	1011	987	1160	
1165	1071	1161	
1180	391	1181	
1182	1184	
1175	676	674	1174	
1173	733	1157	
1178	464	382	1179	
1174	679	799	1168	
1161	994	1131	1164	
1184	204	1185	
1181	420	1183	
1160	1035	1159	
1157	1110	1155	
1164	1156	
1185	1187	
1154	1129	1158	
1152	1153	
1155	1121	1149	1152	
1156	1060	1154	
1187	1186	
1163	1162	
1171	935	1167	
1167	841	276	1188	
1188	44	847	1172	
1187	1189	
