3671	1595	3673	
3672	1356	1735	3670	
3672	2771	3663	
3662	3647	
3672	3013	2760	3658	
3672	1721	3671	
3672	2674	3075	3659	
3675	940	3677	
3672	3664	
3672	1328	1363	3676	
3672	1352	3660	
3670	1938	3669	
3663	2375	3667	
3658	3662	
3659	3045	3654	
3682	3681	
3664	1038	1061	3678	
3677	941	3680	
3676	1195	1237	3675	
3660	2752	3026	3652	
3669	2120	3668	
3667	3649	
3673	1447	1533	3674	
3661	2906	3656	
3654	3141	3580	3657	
3678	767	3679	
3652	3323	3650	
3649	3648	
3647	3567	3646	
3657	3644	
3679	641	297	3683	
3650	3350	3653	
3646	3632	3621	3645	
3680	3682	
3683	3685	
3681	405	877	3665	
3665	2604	2913	3661	
3656	3226	3651	
3651	3381	3655	
3665	139	3666	
3666	2532	3684	
