2410	888	2408	
2419	578	2404	
2410	1974	2161	2397	
2404	1915	2398	
2398	2405	
2397	2098	2393	
2410	1821	2401	
2410	886	1810	2396	
2410	1128	2008	2402	
2410	904	903	2411	
2410	1763	2403	
2410	1796	1118	849	2414	
2408	1245	1249	2409	
2401	2406	
2388	2387	
2399	1879	2250	2388	
2402	2043	1872	2399	
2411	1231	2412	
2396	2093	2392	
2414	842	2415	
2403	689	681	2417	
2390	2287	2389	
2409	1392	2407	
2406	1504	2390	
2412	1150	2413	
2400	1131	2061	2055	2384	
2392	2036	2044	2039	2400	
2415	612	2416	
2417	509	2418	
2395	2394	
2393	1994	2391	
2418	145	281	2421	
2391	2146	2072	2395	
2384	2319	2386	
2421	2420	
2386	2195	2385	
2420	2419	
2421	2422	
