2403	888	2409	
2403	2402	
2403	1133	2396	
2403	1107	853	2410	
2403	1976	1816	2397	
2403	731	727	2414	
2403	901	1088	2413	
2403	886	2398	
2409	1258	2408	
2402	1524	2406	
2396	2401	
2410	2411	
2397	2188	2392	
2414	745	2415	
2415	812	2416	
2413	797	2417	
2398	1954	2393	
2408	1365	2407	
2406	2390	
2401	2241	2286	2388	
2411	1150	2412	
2384	2386	
2392	2344	2335	2400	
2417	2418	
2393	2391	
2390	2389	
2388	2387	
2400	2260	2384	
2418	2421	
2391	2395	
2387	2377	2368	2385	
2421	185	2420	
2395	2394	
2420	1683	2404	
2404	1890	2399	
2399	1684	2419	
2419	69	63	2405	
2421	197	2422	
