1172	1171	
1172	534	546	604	1179	
1172	554	1166	
1172	437	556	1180	
1172	880	887	1167	
1172	865	1185	
1172	1184	
1172	361	867	1168	
1179	629	1178	
1171	779	1176	
1166	902	1175	
1180	514	1181	
1167	889	1162	
1185	1183	
1184	326	1187	
1168	1067	1161	
1178	720	1177	
1176	1157	
1175	914	1156	
1181	465	493	1182	
1162	994	1132	1170	
1183	306	1186	
1187	1188	
1161	1054	1160	
1177	1158	
1157	1155	
1156	1152	
1170	1114	1154	
1188	1190	
1160	1159	
1152	1153	
1190	109	1189	
1189	246	345	1173	
1173	862	1169	
1169	923	858	872	1165	
1165	1022	1019	1163	
1163	1038	1164	
1173	841	1174	
1174	44	1191	
1190	19	1192	
