1179	438	1177	
1179	552	549	1171	
1179	959	1166	
1179	431	556	1178	
1179	880	554	1167	
1179	1182	
1179	548	422	538	1184	
1179	443	972	1046	1168	
1177	629	1176	
1171	746	1174	
1166	990	909	1170	
1178	515	1180	
1167	1057	1161	
1184	1183	
1182	274	345	1186	
1168	950	963	1162	
1176	720	1175	
1174	1158	
1170	914	1156	
1180	464	382	1181	
1152	1154	
1161	994	997	995	1165	
1186	1187	
1183	311	1185	
1162	969	1160	
1158	1157	
1156	1155	
1165	1152	
1185	171	1188	
1187	1190	
1160	1036	1164	
1153	1159	
1155	1137	1138	1153	
1190	1189	
1164	1005	1163	
1169	360	276	1191	
1189	42	49	1172	
1172	857	1169	
1191	1173	
1190	17	1192	
