1188	1185	
1159	1156	
1177	676	674	1175	
1171	813	1157	
1172	769	1174	
1178	892	1172	
1178	903	810	1176	
1178	553	893	890	1166	
1178	438	1179	
1178	864	888	959	1167	
1178	436	364	1182	
1178	552	880	863	1168	
1178	549	554	1173	
1176	624	682	1177	
1166	889	990	1171	
1179	1180	
1167	1162	
1182	400	1183	
1173	359	355	1186	
1168	938	977	1009	1161	
1174	1104	1159	
1180	562	453	1181	
1170	1092	1152	
1162	988	991	897	1170	
1183	306	1184	
1186	1187	
1161	1067	1064	1163	
1175	1096	1158	
1157	1101	1155	
1187	209	1189	
1163	1165	
1155	1153	
1152	1154	
1189	81	1188	
1165	1017	1164	
1153	1160	
1185	928	1169	
1169	831	827	1190	
1189	1191	
