3662	2769	2049	3666	
3662	1382	3661	
3662	1722	3061	3656	
3662	3673	
3662	2680	3674	
3662	1688	1331	3668	
3662	1346	2707	3657	
3662	2726	2672	3658	
3666	1898	1904	3667	
3661	2208	3664	
3656	2761	3125	3660	
3668	3669	
3657	3346	3651	
3678	405	2557	3663	
3674	1140	3672	
3673	823	3676	
3663	2915	3659	
3658	3052	3041	3650	
3667	2080	3665	
3664	3649	
3660	3648	
3669	1410	3670	
3651	3584	3655	
3672	1439	3671	
3675	3677	
3676	771	3675	
3650	3279	3652	
3649	3493	3647	
3648	3436	3644	
3655	3144	3646	
3652	3299	3166	3654	
3644	3645	
3677	3679	
3654	3653	
3679	389	3678	
3659	2538	2562	3680	
3679	287	3681	
