1172	547	545	1176	
1174	1157	
1172	1182	
1172	892	1171	
1172	442	959	1165	
1172	553	1179	
1171	765	1174	
1165	916	915	1169	
1172	436	894	889	1166	
1172	357	363	1183	
1172	864	866	862	1167	
1176	609	673	565	1177	
1179	479	526	1178	
1153	1158	
1166	986	1161	
1183	1184	
1182	326	348	1186	
1167	1066	1159	
1177	680	1175	
1169	1156	
1178	387	1180	
1161	974	554	1170	
1184	473	382	1181	
1186	328	1185	
1159	1071	1064	1162	
1157	1105	1155	
1156	1154	
1170	1087	1152	
1185	310	1188	
1162	1164	
1154	1131	994	1153	
1152	1134	1160	
1188	295	1187	
1164	1020	1163	
1187	108	1190	
1190	92	1189	
1189	822	820	1173	
1173	847	922	1168	
1168	925	828	923	1191	
1190	98	1192	
