2402	884	1137	2407	
2402	2401	
2402	1133	2400	
2402	721	2410	
2402	883	1826	1816	2396	
2402	1763	2414	
2422	2421	
2402	906	2412	
2402	731	2397	
2407	1154	2408	
2401	1563	2405	
2400	2404	
2410	2409	
2396	2165	2393	
2414	746	2413	
2412	549	654	2417	
2397	1780	1978	1973	2392	
2408	1467	2406	
2405	2390	
2404	1661	2249	2388	
2409	922	2411	
2393	2343	2346	2399	
2413	807	2415	
2417	2418	
2392	2391	
2406	2283	2292	2287	2389	
2390	2387	
2388	2384	
2399	2307	2386	
2415	2419	
2418	2422	
2391	2139	2395	
2384	2385	
2395	2088	2394	
2421	2416	
2416	1915	2398	
2398	1912	723	2420	
2420	2403	
2422	2423	
