1168	438	656	1174	
1171	736	1155	
1185	825	1169	
1168	776	1167	
1168	959	1162	
1168	432	530	1175	
1168	892	894	889	1163	
1168	547	546	1180	
1168	1178	
1168	880	863	1164	
1174	655	629	1173	
1167	1171	
1162	901	996	1166	
1175	407	1176	
1163	974	1158	
1169	841	1165	
1180	414	1179	
1178	341	348	1182	
1164	938	1046	978	1159	
1173	680	1172	
1176	469	382	1177	
1158	1076	1157	
1179	323	1181	
1182	1183	
1159	1025	1156	
1155	1154	
1157	1152	
1181	310	1184	
1183	194	1186	
1156	969	971	1161	
1152	1153	
1186	1185	
1161	937	1160	
1165	939	1170	
1186	1187	
