3676	3678	
3673	1014	3676	
3664	1944	2107	3665	
3661	1700	1695	3664	
3662	3494	3648	
3661	2399	3660	
3661	3011	3655	
3661	1299	3667	
3649	3652	
3654	3224	3653	
3661	1723	3081	3656	
3661	1101	1345	3672	
3661	1382	3670	
3661	1348	3657	
3660	3662	
3655	3123	3659	
3667	1875	1615	3666	
3656	3651	
3672	1195	3671	
3678	3677	
3674	2877	3658	
3670	1083	1104	3675	
3657	2934	3049	3022	3649	
3659	3646	
3665	2101	2094	3663	
3666	1509	1513	3668	
3651	3112	3650	
3671	1437	3669	
3675	947	3673	
3648	3647	
3646	3644	
3650	3600	3645	
3652	3191	3654	
3677	405	3674	
3658	2878	2576	3679	
3678	3680	
