3665	2117	3664	
3660	2726	2030	3666	
3663	3494	3647	
3660	2409	3659	
3660	3009	3654	
3660	1650	3667	
3660	1725	3064	3655	
3660	3670	
3660	1292	3672	
3660	1352	3656	
3666	2036	1957	3665	
3659	3663	
3654	2856	3658	
3667	1249	3668	
3655	3105	3650	
3672	3671	
3670	1062	1059	3674	
3656	2757	2756	3651	
3668	1460	1166	3669	
3650	3571	3649	
3671	939	3673	
3674	3675	
3651	3248	3648	
3647	3646	
3649	3644	
3673	942	3676	
3675	642	3678	
3648	3043	3653	
3644	3645	
3678	3677	
3653	3183	3652	
3677	2555	3661	
3661	2603	3657	
3657	2558	3662	
3678	3679	
