2401	1335	2405	
2402	1108	852	2407	
2402	2401	
2402	1131	2043	2395	
2402	1797	890	2408	
2402	906	1119	1805	2396	
2402	1764	2414	
2402	1765	2412	
2402	730	2397	
2407	1155	2406	
2395	2400	
2408	1049	2409	
2396	2392	
2414	789	2413	
2412	710	2416	
2397	2161	2091	2391	
2406	1391	2404	
2405	1505	2389	
2400	1660	2249	2388	
2409	990	994	2410	
2392	2343	2335	2399	
2413	791	2411	
2416	603	2415	
2391	2124	2390	
2388	2278	2387	
2399	2307	2384	
2415	613	2417	
2390	2146	2394	
2387	2385	
2384	2386	
2417	2419	
2394	2393	
2419	267	2418	
2418	518	2403	
2403	1907	2398	
2398	1913	723	2420	
2419	2421	
