1178	432	1176	
1188	256	1184	
1178	898	1169	
1178	879	975	889	1164	
1178	438	556	1177	
1178	892	554	974	1165	
1178	865	1181	
1178	442	1170	
1178	437	362	867	1166	
1176	677	1175	
1169	782	1174	
1164	802	1172	
1177	1179	
1165	1160	
1181	395	371	1182	
1170	862	349	1185	
1166	958	1010	1158	
1175	1173	
1174	741	1157	
1172	1079	1086	1155	
1179	392	1180	
1160	1128	1132	1168	
1182	393	306	1183	
1185	1186	
1158	1035	1161	
1173	1096	1156	
1157	1154	
1155	1152	
1168	1114	1092	1159	
1183	310	1187	
1186	1189	
1161	1163	
1152	1153	
1189	1188	
1163	1015	1162	
1184	1167	
1167	922	847	1190	
1190	46	1171	
1189	27	1191	
