3661	3660	
3661	1687	1333	3668	
3661	1353	1736	3669	
3661	1726	2780	3657	
3661	2677	3675	
3661	3673	
3661	1348	2941	3658	
3668	1995	3667	
3660	2417	3665	
3669	3670	
3657	3080	3652	
3675	3674	
3673	1037	1059	3677	
3658	3047	3023	3653	
3667	2270	3666	
3665	3650	
3670	1740	3671	
3652	3572	3656	
3674	1143	1185	3672	
3677	3676	
3653	3651	
3666	3664	
3650	3649	
3656	3648	
3676	645	3678	
3651	3192	3655	
3649	3647	
3648	3535	3530	3644	
3678	297	3681	
3655	3654	
3647	3632	3621	3645	
3644	3646	
3681	428	3680	
3680	408	3679	
3679	403	3662	
3662	2559	3659	
3659	2595	2617	3663	
3681	51	3682	
