1171	776	1176	
1188	326	1172	
1171	892	554	1170	
1171	959	1165	
1171	438	1177	
1171	884	975	889	1166	
1171	1181	
1171	432	534	433	1183	
1171	442	972	958	1167	
1176	1175	
1170	691	1174	
1165	916	1169	
1177	515	1178	
1166	986	1161	
1183	1182	
1185	1184	
1181	945	839	1185	
1167	949	1162	
1175	680	1173	
1154	1152	
1174	751	764	1159	
1169	1113	1117	1156	
1178	562	454	1179	
1161	988	1154	
1182	384	388	1180	
1162	1067	1160	
1173	1158	
1159	1110	1157	
1155	1149	1060	1153	
1156	1090	1124	1127	1155	
1184	1187	
1160	1031	1164	
1187	1186	
1164	1163	
1186	1190	
1190	1188	
1172	857	933	1168	
1168	930	925	294	1189	
1190	1191	
