1170	772	659	1175	
1170	892	1172	
1170	959	889	1165	
1170	530	1177	
1170	1181	
1170	870	863	1167	
1170	887	884	975	1166	
1170	438	553	1182	
1175	706	1176	
1172	795	1173	
1165	1169	
1177	606	1178	
1166	1162	
1182	391	1183	
1181	327	340	1185	
1167	1012	963	1161	
1183	463	1180	
1176	676	674	1174	
1173	1158	
1169	1157	
1178	495	488	1179	
1162	994	1154	
1187	164	1186	
1185	230	301	1184	
1161	1160	
1158	1155	
1157	1101	1156	
1154	1089	1152	
1184	313	1187	
1160	1015	1164	
1156	1149	1059	1153	
1152	1133	988	1159	
1164	1001	1163	
1186	71	95	1190	
1190	135	1188	
1168	831	131	1189	
1188	136	47	1171	
1171	933	1168	
1190	1191	
