3662	2768	1728	3668	
3662	1723	3665	
3662	3013	2757	3656	
3662	1332	3670	
3658	3052	3653	
3662	2742	3075	3657	
3673	1056	1035	3677	
3662	1380	3673	
3681	413	3679	
3662	1351	2679	3675	
3662	2754	2978	3658	
3668	2210	3669	
3656	2759	3125	3660	
3665	2444	3666	
3670	1598	3671	
3646	3645	
3657	3044	3652	
3675	1194	3674	
3669	2272	3667	
3666	3649	
3660	2403	3661	
3671	1183	3672	
3655	3274	3654	
3648	3555	3567	3647	
3652	3347	3342	3646	
3674	3676	
3677	3678	
3653	3651	
3644	3578	3582	3650	
3649	3512	3648	
3661	3442	3644	
3678	3681	
3651	3655	
3679	2556	3663	
3663	2875	3659	
3659	147	3680	
3680	402	3664	
3681	3682	
