1169	1168	
1169	534	546	1175	
1169	553	975	1163	
1169	344	1176	
1169	436	894	889	1164	
1169	865	1180	
1169	364	1179	
1169	880	833	1165	
1168	659	1173	
1175	677	1174	
1163	916	996	1167	
1176	1177	
1164	1159	
1180	337	1181	
1179	311	1183	
1160	1024	1001	1162	
1165	1012	963	1158	
1174	676	674	1172	
1173	794	1157	
1167	912	1156	
1177	485	487	1178	
1159	994	1154	
1181	390	1182	
1183	1184	
1158	1068	1160	
1157	1110	1155	
1156	1152	
1154	1060	1153	
1184	98	1186	
1186	1185	
1162	1005	1161	
1185	825	1170	
1170	829	1166	
1166	928	1171	
1186	1187	
