2305	875	2311	
2305	2308	
2305	1780	1773	2299	
2305	1102	2314	
2305	882	1935	1920	2300	
2305	863	878	2318	
2305	1095	1726	2317	
2305	1782	1774	2301	
2311	1125	2312	
2308	1600	2309	
2299	1939	1792	1787	2304	
2314	1061	774	2313	
2300	1937	1964	2294	
2318	2319	
2323	600	2322	
2317	1678	555	2321	
2301	2008	1948	2292	
2312	1447	2310	
2309	2289	
2304	1822	2288	
2313	977	1110	2315	
2294	1979	1985	2298	
2319	749	745	2316	
2321	656	2320	
2292	2090	2291	
2289	2198	2193	2287	
2288	2286	
2298	2284	
2320	591	2323	
2291	2103	2293	
2286	2281	2272	2285	
2284	2251	2290	
2322	197	280	2326	
2326	157	133	2325	
2325	2324	
2324	1646	2306	
2306	1850	1851	2303	
2303	1853	1862	1857	2297	
2297	2067	2295	
2295	2060	2296	
2296	1999	2302	
2302	1861	1859	2307	
2307	2327	
2326	19	2328	
