1170	547	545	1176	
1170	554	909	902	1164	
1170	1182	
1170	865	549	898	1173	
1170	437	556	1179	
1170	866	1012	1165	
1170	362	967	1166	
1170	364	1184	
1176	688	691	1177	
1173	779	1174	
1164	989	915	1169	
1179	1178	
1165	969	1161	
1184	1183	
1182	264	1186	
1166	938	1047	1045	1160	
1177	717	1175	
1174	1157	
1169	814	1086	1156	
1178	453	1180	
1163	948	1162	
1156	1152	
1161	1058	997	996	1168	
1185	1188	
1183	297	388	1181	
1186	210	176	313	1185	
1160	1077	1159	
1157	1155	
1168	1083	995	1154	
1159	1042	1001	1005	1163	
1152	1153	
1154	1158	
1188	192	1187	
1187	238	1190	
1190	128	109	1189	
1189	49	1171	
1171	281	1167	
1167	932	360	276	1191	
1191	817	821	1172	
1190	1192	
