1169	547	545	1174	
1169	1168	
1169	894	889	1163	
1169	432	529	1177	
1169	552	879	1164	
1169	437	362	1180	
1169	554	865	354	1179	
1169	893	887	1165	
1174	624	691	1175	
1168	765	1172	
1163	1167	
1177	576	1176	
1164	969	1159	
1180	391	394	1181	
1179	274	1183	
1165	872	949	1160	
1175	731	1173	
1172	733	1156	
1167	1155	
1176	677	454	457	1178	
1159	988	1153	
1181	371	1182	
1183	254	1184	
1160	1047	1044	1157	
1156	1110	1154	
1155	1152	
1182	1185	
1184	98	1188	
1157	1071	1158	
1188	1187	
1158	1020	1162	
1187	1170	
1162	1001	1161	
1170	940	1166	
1166	942	294	1186	
1186	820	821	1171	
1188	1189	
