2303	1083	875	2310	
2296	2301	
2303	1104	2302	
2303	1770	1781	1774	2296	
2303	889	887	2312	
2303	1725	1105	1939	2297	
2303	1729	871	2315	
2303	882	1727	2317	
2303	1756	1674	2298	
2310	1241	2308	
2302	1489	2306	
2312	1060	1058	2311	
2297	1950	2292	
2315	2316	
2317	509	2319	
2298	1869	1934	1927	2291	
2308	2309	
2306	1443	2307	
2301	2289	
2311	967	970	2313	
2292	1978	2286	
2316	748	776	2314	
2319	622	628	2318	
2291	2093	2290	
2289	2198	2195	2288	
2286	2284	
2318	740	2321	
2290	1979	2285	
2288	2287	
2321	426	2320	
2320	197	2324	
2324	2322	
2322	652	2304	
2304	1859	2299	
2299	1719	1712	2295	
2295	1992	2069	2293	
2293	2294	
2294	1888	1994	2300	
2300	1842	1833	2305	
2305	69	2323	
2324	2325	
