1169	549	898	1175	
1169	554	908	1171	
1169	866	975	992	1164	
1169	359	1176	
1169	436	976	973	1165	
1169	362	441	1181	
1169	445	1179	
1169	361	1166	
1175	622	1174	
1174	680	1173	
1171	765	1172	
1164	802	1168	
1176	520	1177	
1165	981	978	1160	
1181	533	1180	
1183	1184	
1179	326	267	1183	
1166	889	982	1159	
1172	1157	
1168	1087	1156	
1177	490	565	1178	
1160	1133	1163	
1180	386	309	1182	
1159	1025	1158	
1156	1127	1155	
1163	1152	
1182	310	1185	
1184	1187	
1158	1015	1162	
1155	1130	1144	1153	
1152	1154	
1187	1186	
1162	1006	1161	
1167	831	827	1188	
1186	820	291	1170	
1170	284	928	929	1167	
1187	1189	
