1170	1179	
1170	772	545	1177	
1170	893	890	1174	
1170	442	898	782	1164	
1170	894	889	1165	
1170	438	421	1182	
1170	553	362	1171	
1170	552	437	946	1166	
1177	629	1178	
1174	765	1175	
1164	991	555	1169	
1179	1180	
1165	979	1160	
1182	1183	
1171	279	278	1185	
1166	970	963	1158	
1178	730	1176	
1175	1104	1157	
1169	1156	
1180	577	489	1181	
1160	994	998	996	1168	
1183	323	1184	
1185	1186	
1158	1161	
1157	1155	
1156	1120	1154	
1168	1087	1152	
1186	1188	
1161	1007	1163	
1154	1153	
1152	1060	1062	1159	
1188	86	1187	
1163	1162	
1187	360	1172	
1172	841	1167	
1167	932	345	1189	
1189	822	1173	
1188	113	1190	
