2301	874	1109	2308	
2301	1105	1778	2304	
2301	1728	1104	2300	
2301	1083	865	2310	
2301	873	724	2315	
2301	1757	728	2314	
2301	1756	1102	1940	2297	
2301	889	881	2298	
2308	1342	2309	
2304	1363	2306	
2300	2305	
2310	799	2311	
2297	2292	
2315	801	2316	
2314	653	2318	
2298	1774	2293	
2309	1357	2307	
2306	2289	
2305	2156	2159	2288	
2311	905	2312	
2292	2088	1979	1985	2296	
2316	898	2313	
2318	639	837	2317	
2293	2290	
2289	2287	
2288	2228	2225	2284	
2296	2212	2286	
2317	628	621	2320	
2290	2124	2129	2291	
2284	2271	2285	
2320	2319	
2291	2048	2295	
2319	196	2323	
2295	1989	2294	
2323	529	2321	
2321	1647	2302	
2302	1863	2299	
2299	1674	721	568	2322	
2322	2303	
2323	2324	
