1170	892	1173	
1170	894	555	1177	
1170	554	992	989	1165	
1170	437	556	1179	
1170	893	889	1166	
1170	438	533	1182	
1170	1184	
1170	549	865	441	1167	
1177	564	1178	
1173	765	1175	
1165	997	1174	
1179	1180	
1166	1161	
1182	306	1183	
1184	277	284	1186	
1167	873	1011	983	1162	
1178	663	1176	
1175	1157	
1174	1086	1155	
1180	381	384	1181	
1161	994	1131	1169	
1183	371	1185	
1186	1187	
1162	1071	1159	
1157	1080	1156	
1155	1150	1154	
1169	1114	1152	
1187	98	165	1190	
1159	1020	1164	
1154	1127	1124	1102	1153	
1152	1160	
1190	90	94	1189	
1164	1005	1163	
1153	1138	1158	
1189	81	1188	
1188	47	1171	
1171	935	1168	
1168	862	271	1191	
1191	1172	
1190	4	1192	
