2413	874	2411	
2424	265	2420	
2413	1121	2404	
2413	1837	1604	2398	
2413	890	2412	
2413	1130	2006	2399	
2413	885	727	2417	
2413	2405	
2413	1797	1759	2400	
2411	1155	2410	
2404	1596	2409	
2410	2408	
2394	2335	2343	2403	
2398	1659	1638	2407	
2412	2414	
2399	2394	
2417	807	2418	
2405	684	700	2421	
2400	2207	2392	
2409	1515	2390	
2407	2286	2388	
2414	773	2415	
2418	2416	
2421	2419	
2392	2391	
2408	2268	2389	
2390	2387	
2388	2299	2386	
2403	2307	2384	
2419	364	2423	
2391	2231	2393	
2386	2333	2327	2385	
2423	338	2422	
2422	2425	
2425	2424	
2420	2402	
2402	1906	1917	2082	2397	
2397	2395	
2395	2151	2396	
2396	2083	2401	
2401	1735	2406	
2406	2426	
2425	133	2427	
