1177	892	1175	
1177	549	898	1171	
1177	879	975	889	1164	
1177	553	1178	
1177	443	972	964	1165	
1177	445	1181	
1177	865	866	1169	
1177	437	1166	
1175	619	622	1174	
1171	761	759	1172	
1164	917	1168	
1178	515	1176	
1165	981	978	1159	
1181	1180	
1169	274	1183	
1166	873	949	1047	1160	
1174	1173	
1172	736	1157	
1168	1156	
1176	387	1179	
1159	994	997	1163	
1180	317	1182	
1183	1184	
1160	1072	1158	
1157	1154	
1156	1155	
1163	911	1087	1152	
1182	314	313	1185	
1184	214	1188	
1158	1040	1068	1015	1162	
1152	1153	
1188	1187	
1162	1001	1161	
1187	1170	
1167	925	46	49	1186	
1170	933	927	1167	
1188	1189	
