1177	880	1175	
1177	892	1171	
1177	959	889	1164	
1177	438	1178	
1177	445	895	985	1165	
1177	865	1181	
1177	431	440	359	1170	
1177	443	887	1166	
1175	641	1174	
1171	786	1173	
1164	916	1168	
1178	515	1176	
1165	979	1160	
1181	1182	
1170	274	1185	
1166	872	944	1047	1161	
1174	731	1172	
1173	764	1156	
1168	1155	
1176	500	562	1179	
1169	1087	1152	
1160	994	998	762	1169	
1182	297	384	1180	
1185	1183	
1161	1158	
1155	1117	1114	1101	1154	
1183	1186	
1154	1153	
1158	1041	1015	1163	
1152	1099	1159	
1186	92	1189	
1163	1001	1162	
1153	1157	
1189	135	1187	
1187	1184	
1184	360	839	1167	
1167	935	292	294	1188	
1189	1190	
