1167	776	1173	
1167	894	890	1162	
1167	542	1174	
1167	442	975	889	1163	
1167	436	362	1179	
1167	544	880	863	1164	
1167	553	534	1178	
1167	554	898	1169	
1173	564	1172	
1169	757	1171	
1172	666	720	1170	
1162	991	990	916	1166	
1174	514	1175	
1163	1158	
1179	391	394	1180	
1178	274	1182	
1164	1011	968	1159	
1171	736	1156	
1166	1104	1155	
1175	465	493	1176	
1158	1153	
1180	384	458	1177	
1182	319	1181	
1159	1041	1157	
1155	1090	1154	
1153	1152	
1181	333	1183	
1157	1032	1161	
1183	1186	
1161	1006	1160	
1186	1185	
1165	935	826	1184	
1185	825	1168	
1168	857	932	1165	
1186	113	1187	
