1171	623	1173	
1168	773	898	1175	
1168	892	1171	
1168	893	889	990	1167	
1168	553	1176	
1168	445	972	964	1163	
1168	364	362	1180	
1168	437	865	1179	
1168	549	880	863	1164	
1175	677	1174	
1167	916	996	1166	
1176	1177	
1163	981	979	1159	
1180	1181	
1179	311	1183	
1164	873	1001	1158	
1174	676	674	1172	
1173	756	1157	
1166	1156	
1177	485	487	1178	
1159	994	1154	
1181	319	1182	
1183	1184	
1158	1035	1160	
1157	1107	1104	1155	
1156	1152	
1154	1060	1153	
1184	98	1186	
1160	1068	1015	1162	
1186	92	1185	
1162	1005	1161	
1185	825	1169	
1169	935	1165	
1165	934	930	821	1170	
1186	66	1187	
