2303	1540	1315	2308	
2303	1094	2302	
2303	1781	1775	1975	2297	
2303	1102	2312	
2303	1782	1773	2298	
2315	549	653	2320	
2303	874	2315	
2303	876	1062	2317	
2303	872	1884	2299	
2308	1124	2309	
2302	1526	2306	
2297	1824	1798	2305	
2312	2311	
2298	2075	2294	
2317	743	2316	
2299	1868	1933	1918	2293	
2309	1349	1347	2310	
2294	2248	2246	2301	
2306	1354	2307	
2290	2287	
2305	1499	1524	2290	
2311	967	971	2313	
2326	2327	
2316	769	766	2314	
2320	638	2318	
2293	2292	
2307	1448	1525	2203	2289	
2301	2288	
2318	628	627	2322	
2292	1991	1887	2296	
2287	2284	
2288	2286	
2322	196	2321	
2296	1889	2295	
2284	2285	
2286	2291	
2321	402	2325	
2325	2324	
2324	2319	
2319	1864	2300	
2300	1710	588	2323	
2323	68	63	2304	
2325	54	2326	
