2303	859	1045	2311	
2303	1094	1789	2306	
2303	1104	1802	2302	
2303	1083	825	2312	
2303	872	1781	1774	2297	
2303	724	2316	
2303	883	2315	
2303	722	2298	
2311	1255	2309	
2306	1527	2307	
2302	1787	2301	
2312	1024	1030	2313	
2297	2293	
2316	2317	
2315	652	2319	
2298	1869	1934	1927	2292	
2309	1334	2310	
2307	1468	2308	
2301	2148	2289	
2313	925	764	2314	
2293	2075	1786	2296	
2317	612	2318	
2319	2320	
2292	2082	2290	
2289	2287	
2296	2210	2288	
2318	2321	
2320	148	147	2324	
2290	2103	2286	
2287	2284	
2321	397	143	2323	
2324	2325	
2286	2285	
2323	162	2322	
2322	2304	
2304	1864	2299	
2299	1858	1915	2295	
2295	1945	2006	2291	
2291	2294	
2294	1887	1994	2300	
2319	2305	
