1169	772	659	1173	
1169	549	1168	
1169	892	532	1176	
1169	893	889	1163	
1169	422	533	1179	
1169	553	534	1178	
1169	445	441	938	1164	
1173	624	677	1174	
1168	765	1171	
1176	531	1175	
1163	976	974	1057	1159	
1179	1180	
1178	262	1182	
1164	946	1011	949	1160	
1174	663	1172	
1171	1155	
1175	576	453	457	1177	
1159	993	989	1166	
1180	317	1181	
1182	1183	
1160	1157	
1172	1156	
1155	1112	1154	
1166	1092	1152	
1181	1184	
1183	98	1187	
1157	1026	977	1162	
1154	1153	
1152	1158	
1187	1186	
1162	943	1006	1161	
1186	49	1170	
1170	841	1165	
1165	935	294	290	1185	
1172	763	1167	
1187	1188	
