1170	554	898	1176	
1170	442	892	1169	
1170	437	556	783	1163	
1170	357	529	1177	
1170	866	972	964	1164	
1160	1001	1162	
1170	1180	
1170	364	435	1182	
1170	445	887	965	1165	
1176	618	629	1175	
1169	751	1173	
1163	992	1058	1168	
1177	601	597	1178	
1164	981	978	1159	
1182	371	1181	
1180	326	1184	
1165	1012	968	1158	
1175	676	674	1174	
1173	1156	
1168	1167	
1178	567	387	1179	
1159	994	1154	
1181	374	296	1183	
1184	1185	
1158	1049	1157	
1156	1107	1105	1155	
1167	1092	1152	
1154	1060	1153	
1183	310	1186	
1185	98	1189	
1157	1064	1160	
1189	1187	
1187	251	340	1171	
1162	1015	1161	
1171	1166	
1166	826	1188	
1188	34	31	1172	
1189	1190	
