2304	1105	1779	2309	
2304	882	2302	
2304	1757	1104	1791	2303	
2304	1082	864	2310	
2304	873	1782	1773	2296	
2304	1728	1721	2316	
2304	888	2314	
2304	1756	1674	2297	
2309	1351	2308	
2302	1526	2306	
2303	1971	2300	
2310	1027	1031	2311	
2296	2292	
2316	742	2315	
2314	653	2319	
2297	1993	1947	2293	
2308	1329	1324	2307	
2306	2289	
2300	2287	
2311	902	2312	
2292	2100	2108	2106	2301	
2315	758	2313	
2319	2317	
2293	2290	
2289	2288	
2287	2286	
2301	2159	2284	
2317	2320	
2290	2090	1958	2295	
2284	1979	2291	
2320	2323	
2295	1890	2294	
2291	1967	2285	
2323	174	2321	
2294	1856	1988	2299	
2318	273	2322	
2321	528	551	2318	
2299	1841	1844	2298	
2298	1849	2305	
2322	192	2324	
2324	2325	
