1171	543	547	530	1178	
1171	554	1170	
1171	436	893	889	1165	
1171	1184	
1161	994	1132	1169	
1174	913	914	1156	
1171	362	437	556	1179	
1171	866	938	981	1166	
1171	364	1183	
1171	445	441	1167	
1178	629	1177	
1170	779	1175	
1165	915	902	1174	
1179	652	1180	
1166	1161	
1168	934	1006	1164	
1172	824	847	922	1168	
1184	338	1182	
1183	274	278	1186	
1167	971	968	1160	
1177	720	1176	
1175	1157	
1180	465	493	1181	
1182	319	1185	
1172	846	1173	
1186	240	1187	
1160	1054	1159	
1157	1155	
1156	1152	
1169	1114	1154	
1187	98	1189	
1159	1158	
1152	1153	
1189	1188	
1188	326	1172	
1164	1022	1019	1162	
1162	1038	1163	
1173	44	1190	
1189	1191	
