1170	797	1174	
1170	554	1169	
1170	894	889	1163	
1170	445	1164	
1170	437	1179	
1170	432	888	1012	1165	
1170	530	536	1181	
1170	552	422	1176	
1174	624	677	1175	
1169	765	1172	
1163	991	989	1168	
1176	525	577	1177	
1164	987	979	1160	
1181	301	1180	
1179	826	820	1183	
1165	1043	1010	1158	
1175	717	1173	
1172	1156	
1168	1091	1155	
1177	517	453	457	1178	
1160	1133	1132	1167	
1180	371	1182	
1183	1184	
1158	1157	
1156	1154	
1155	1119	1115	1152	
1167	1114	1060	1062	1159	
1182	314	310	1185	
1184	204	1187	
1157	1032	1028	1162	
1152	1153	
1187	1186	
1162	1005	1161	
1186	325	1171	
1171	922	1166	
1166	926	929	928	1188	
1187	1189	
