1168	776	1174	
1168	554	1170	
1168	893	889	1163	
1168	422	1175	
1168	894	891	895	1164	
1168	364	362	1179	
1168	438	533	1178	
1168	552	437	946	1165	
1174	611	1173	
1170	765	1171	
1163	915	813	1167	
1175	407	1176	
1164	1159	
1179	400	1180	
1178	264	1182	
1165	938	971	1010	1160	
1173	680	1172	
1171	1157	
1167	912	1156	
1176	460	487	1177	
1159	994	1154	
1181	295	1184	
1182	214	1183	
1180	394	420	1181	
1160	1158	
1157	1107	1104	1155	
1156	1152	
1154	1075	1153	
1183	1186	
1158	963	1162	
1186	104	1185	
1162	949	1005	1161	
1166	928	1187	
1185	326	1169	
1169	933	927	1166	
1186	1188	
