1172	438	1177	
1172	554	1171	
1172	893	889	1166	
1172	768	1178	
1172	445	1167	
1172	431	440	1183	
1172	529	1181	
1172	892	553	946	1168	
1177	589	1176	
1171	779	1174	
1166	890	653	1170	
1178	641	678	1179	
1167	1026	1161	
1183	334	1182	
1181	395	1185	
1168	938	951	949	1162	
1174	751	1157	
1176	680	1175	
1170	1082	1104	1155	
1179	464	382	1180	
1161	994	998	1165	
1182	398	311	1184	
1185	1186	
1162	1040	1159	
1157	1107	1105	1156	
1155	1154	
1165	911	1092	1152	
1184	184	1187	
1186	108	1189	
1159	1072	988	1164	
1154	1127	1123	1153	
1152	1099	1160	
1189	91	95	1188	
1164	971	1001	1163	
1153	1158	
1188	39	1173	
1169	932	361	835	1190	
1173	939	934	1169	
1189	1191	
