1171	543	547	545	1175	
1171	1180	
1171	442	1170	
1171	554	979	1165	
1171	342	1177	
1171	437	976	1166	
1171	865	1182	
1168	820	1188	
1189	289	1184	
1171	364	862	1167	
1175	624	677	1176	
1170	765	1173	
1165	891	1172	
1177	1178	
1166	969	1161	
1182	400	1181	
1180	326	1185	
1167	872	949	1162	
1176	559	680	1174	
1173	1158	
1172	815	1157	
1178	562	453	1179	
1161	974	896	996	1169	
1181	478	398	1183	
1185	1186	
1162	978	1160	
1158	1155	
1157	1156	
1169	1087	1152	
1183	310	1187	
1186	214	1190	
1160	1020	1164	
1156	1137	1153	
1152	1154	
1190	1189	
1164	1001	1163	
1153	1159	
1184	928	1168	
1190	1191	
