1176	438	1175	
1176	438	547	545	1171	
1176	438	716	1167	
1176	553	542	1177	
1176	959	977	1162	
1176	362	1180	
1176	1168	
1176	362	862	1163	
1175	629	1174	
1171	765	1172	
1167	996	1166	
1177	407	1178	
1162	969	1158	
1180	1181	
1168	326	1183	
1163	958	1157	
1174	730	1173	
1172	1156	
1166	1091	1155	
1178	387	1179	
1158	994	1131	1165	
1181	306	1182	
1183	1184	
1157	1159	
1155	1115	1152	
1165	1083	1154	
1184	98	1187	
1159	1161	
1152	1153	
1187	1186	
1161	1160	
1186	89	1185	
1185	289	1169	
1169	857	1164	
1164	1170	
1187	14	1188	
