1171	534	556	1175	
1171	549	1170	
1171	888	959	1165	
1171	892	1179	
1171	445	1166	
1171	362	1182	
1171	1181	
1171	880	863	1167	
1175	673	676	1177	
1170	1176	
1165	916	1169	
1179	1178	
1166	969	1161	
1182	1183	
1181	326	1185	
1167	945	889	1160	
1177	680	1174	
1176	764	1158	
1169	914	1156	
1178	611	610	1180	
1161	1128	1154	
1183	1184	
1185	1186	
1160	1035	1162	
1158	1157	
1156	1155	
1154	1152	
1186	98	1188	
1162	948	1164	
1155	1133	1129	1153	
1152	1133	1159	
1188	109	1187	
1164	937	1163	
1187	326	1172	
1172	933	1168	
1168	928	1173	
1188	1189	
