1175	898	659	1173	
1175	1169	
1175	903	802	1163	
1175	898	653	1176	
1175	554	974	987	1164	
1175	865	362	1179	
1175	865	1181	
1175	865	426	1165	
1173	688	691	1174	
1169	709	1171	
1163	1167	
1176	407	1177	
1164	987	986	1159	
1179	1180	
1181	820	1183	
1165	889	1160	
1174	717	1172	
1171	1156	
1167	914	1155	
1177	469	382	1178	
1159	994	1061	1168	
1180	398	1182	
1183	1184	
1160	1157	
1156	1154	
1155	1152	
1168	1061	988	1158	
1182	1185	
1184	1187	
1157	1001	1162	
1152	1153	
1187	133	1186	
1162	1161	
1186	49	1170	
1170	930	1166	
1166	930	1188	
1187	113	1189	
