1176	545	1173	
1176	545	1168	
1176	545	778	1163	
1176	543	422	1177	
1176	545	658	895	1164	
1176	546	1182	
1176	546	534	1180	
1176	543	445	441	1165	
1173	629	1174	
1168	1171	
1163	1170	
1177	652	1175	
1164	1160	
1182	1181	
1180	358	1184	
1165	889	1158	
1174	680	1172	
1171	1156	
1170	736	1104	1154	
1175	495	488	1178	
1160	889	996	1167	
1181	380	384	1179	
1184	249	1183	
1158	1157	
1156	1155	
1154	1123	1152	
1167	1133	1128	1159	
1183	1185	
1157	1015	1162	
1152	1153	
1185	1187	
1162	1021	1161	
1187	1186	
1186	1169	
1169	933	1166	
1166	933	44	1188	
1187	1189	
