1172	898	1176	
1172	903	1171	
1172	553	974	1164	
1172	553	539	1177	
1172	888	959	1165	
1172	865	1182	
1172	865	1180	
1172	361	849	1166	
1176	594	1175	
1171	746	1173	
1164	889	990	1169	
1177	407	1178	
1165	986	1161	
1182	533	1181	
1180	435	341	1185	
1166	1043	1010	1160	
1175	565	1174	
1173	1157	
1169	1104	1156	
1178	465	483	1179	
1161	988	991	989	1170	
1181	371	1183	
1185	254	1186	
1160	1159	
1156	1155	
1170	1087	1152	
1186	209	1188	
1159	1163	
1155	1150	1144	1153	
1152	1154	
1188	1187	
1163	1162	
1153	1158	
1187	826	1184	
1162	948	1012	1168	
1184	1167	
1167	823	830	1189	
1188	1190	
