1169	438	1175	
1169	776	1171	
1169	959	1164	
1169	530	1176	
1169	959	987	1165	
1169	533	1181	
1169	1179	
1169	888	883	1166	
1175	574	1174	
1171	1172	
1164	901	996	1168	
1176	1177	
1165	986	1159	
1181	1180	
1179	341	348	1183	
1166	949	1160	
1174	663	1173	
1172	1157	
1168	1087	1156	
1177	464	382	1178	
1159	994	1128	1163	
1180	1182	
1183	1184	
1160	1158	
1156	1127	1155	
1163	1152	
1184	1187	
1158	1031	1162	
1155	1150	1144	1153	
1152	1154	
1187	135	1185	
1162	1017	1161	
1185	42	1170	
1170	1167	
1167	294	1186	
1187	98	1188	
