1169	892	1176	
1169	549	1167	
1169	960	1168	
1169	422	1177	
1169	959	977	1163	
1169	442	865	1182	
1169	431	1180	
1169	364	1164	
1176	611	1174	
1167	751	1172	
1168	996	1166	
1177	514	1178	
1163	1009	1159	
1182	301	1181	
1180	269	1184	
1164	1160	
1174	717	1175	
1172	1173	
1166	1157	
1178	384	453	1179	
1159	994	1154	
1181	376	1183	
1184	1185	
1160	1158	
1157	1104	1156	
1154	1155	
1185	1187	
1158	1001	1004	1162	
1156	1123	1152	
1187	1186	
1162	948	1161	
1152	1153	
1186	820	1170	
1170	935	932	1165	
1165	933	1171	
1187	1188	
