1170	776	898	1176	
1170	776	1172	
1170	960	896	1164	
1170	772	1177	
1170	1165	
1170	364	1181	
1170	362	1180	
1170	960	1166	
1176	589	1175	
1172	1174	
1164	1169	
1177	515	1178	
1165	889	1160	
1181	337	1182	
1180	396	1185	
1166	889	1161	
1175	676	674	1173	
1174	741	1158	
1169	914	1156	
1178	489	1179	
1160	1128	1132	1168	
1182	1183	
1185	1186	
1161	1159	
1158	1157	
1156	1155	
1168	1092	1152	
1186	1188	
1159	968	1163	
1155	1150	1144	1153	
1152	1154	
1188	1187	
1163	1022	1162	
1187	101	1184	
1184	841	1167	
1167	841	840	1189	
1189	41	1171	
1188	24	1190	
