1174	556	1171	
1174	554	1168	
1174	555	1162	
1174	556	1175	
1174	553	892	443	1163	
1174	553	421	1179	
1174	553	1178	
1174	553	437	1164	
1171	707	1172	
1168	746	1169	
1162	1166	
1175	514	520	1173	
1163	969	1158	
1179	420	1180	
1178	839	345	1183	
1164	873	971	1159	
1172	730	1170	
1169	1155	
1166	1104	1154	
1173	485	487	1176	
1158	1058	1167	
1180	463	1177	
1183	328	1181	
1159	1156	
1154	1115	1152	
1167	1083	1157	
1181	97	1185	
1156	1024	1161	
1152	1153	
1185	97	1184	
1161	1017	1160	
1184	98	1187	
1187	1186	
1186	132	1182	
1182	933	1165	
1165	828	923	1188	
1187	1189	
