1177	555	1175	
1177	555	1170	
1177	555	778	1164	
1177	556	1176	
1177	553	974	1165	
1177	553	414	1182	
1177	554	865	1181	
1177	553	893	889	1166	
1175	677	1174	
1170	1172	
1164	902	1169	
1176	514	1178	
1165	1057	1161	
1182	390	1180	
1181	274	1184	
1166	1011	968	1160	
1174	680	1173	
1172	1157	
1169	1168	
1178	387	1179	
1161	994	1154	
1180	306	1183	
1184	1185	
1160	1159	
1157	1156	
1168	1087	1152	
1154	994	1153	
1185	1187	
1159	1015	1163	
1156	1155	
1152	1134	1158	
1187	109	1186	
1163	1162	
1186	825	1171	
1171	857	1167	
1167	345	1188	
1187	1189	
