1171	898	1176	
1171	1170	
1171	898	782	1164	
1171	553	1177	
1171	888	959	1165	
1171	359	440	1182	
1171	362	1180	
1171	364	1166	
1176	616	1175	
1170	782	1174	
1164	1168	
1177	515	1178	
1165	986	983	1160	
1182	371	1181	
1180	277	1184	
1166	889	1158	
1175	1173	
1174	1082	1156	
1168	1087	1154	
1178	567	387	1179	
1160	1058	1169	
1181	306	1183	
1184	1185	
1158	1008	1161	
1156	1155	
1154	1115	1152	
1169	1083	1159	
1185	1187	
1161	948	1163	
1152	1153	
1159	1157	
1187	1186	
1163	948	1162	
1186	135	47	1172	
1172	922	1167	
1167	831	830	1188	
1187	1189	
