1168	547	545	1172	
1168	898	1170	
1168	554	1167	
1168	892	1175	
1168	888	1012	1163	
1168	865	1180	
1168	1178	
1168	361	867	1164	
1172	564	1174	
1170	1173	
1167	1166	
1175	514	521	1176	
1163	1026	1159	
1180	536	1179	
1178	354	1183	
1164	1066	1160	
1174	717	1171	
1173	741	1156	
1166	914	1155	
1176	384	1177	
1159	1158	
1179	398	1181	
1183	1184	
1160	1025	1157	
1156	1154	
1155	1152	
1158	994	1153	
1181	1185	
1184	1188	
1157	1031	1162	
1188	1187	
1162	1161	
1187	1182	
1182	1165	
1165	826	1186	
1186	1169	
1188	1189	
