1177	556	1174	
1177	554	1169	
1177	555	1163	
1177	556	1175	
1177	553	445	1164	
1177	553	421	1180	
1177	553	364	1182	
1177	553	362	425	1165	
1174	613	625	1173	
1169	779	1171	
1163	555	1168	
1175	626	625	1176	
1164	969	1052	1159	
1180	1181	
1182	1185	
1165	949	1160	
1173	1172	
1171	1157	
1168	1087	1155	
1176	489	501	1178	
1159	1128	1132	1167	
1181	493	1179	
1185	1183	
1160	969	1158	
1157	1156	
1155	1154	
1167	1092	1152	
1183	1186	
1158	1162	
1152	1153	
1186	1188	
1162	1161	
1188	1187	
1187	1184	
1184	857	1166	
1166	828	831	1170	
1188	1189	
