1169	892	659	1174	
1169	1168	
1169	554	895	1163	
1169	553	1176	
1169	864	894	889	1164	
1169	865	1180	
1169	1182	
1169	364	1165	
1174	564	1175	
1168	779	1172	
1163	889	990	1167	
1176	1177	
1164	1057	1159	
1180	400	1181	
1182	274	1184	
1165	971	968	1158	
1175	680	717	1173	
1172	1156	
1167	1091	1155	
1177	465	483	1178	
1159	1128	1162	
1181	1179	
1184	1183	
1158	1025	1157	
1156	1154	
1155	1123	1152	
1162	1153	
1183	182	1186	
1157	1036	1161	
1186	213	1185	
1161	1160	
1185	144	140	1190	
1190	1189	
1189	1188	
1188	49	1170	
1170	933	1166	
1166	933	826	1187	
1187	1171	
1190	68	61	1191	
