1169	432	1175	
1169	1168	
1169	432	1177	
1169	884	1163	
1169	533	1180	
1169	1179	
1169	880	863	1164	
1175	629	1174	
1168	765	1172	
1177	602	520	1176	
1163	969	1159	
1180	1181	
1179	839	360	1183	
1164	889	987	1160	
1174	676	674	1173	
1172	1157	
1176	387	1178	
1159	994	1131	1166	
1181	319	1182	
1183	1184	
1160	1158	
1173	694	1167	
1157	1156	
1166	1087	1152	
1184	144	140	1188	
1158	983	1162	
1156	1123	1155	
1152	1153	
1188	1187	
1162	1015	1161	
1153	1154	
1187	1186	
1186	825	1170	
1170	933	1165	
1165	933	826	1185	
1185	1171	
1188	1189	
