1169	776	1175	
1169	549	1168	
1169	959	1163	
1169	892	1177	
1169	959	1164	
1169	533	1182	
1169	1180	
1169	880	863	1165	
1175	629	1174	
1168	898	1173	
1163	891	716	1171	
1177	576	575	1176	
1164	1160	
1182	301	1181	
1180	327	320	1184	
1165	889	987	1159	
1174	676	674	1172	
1173	764	1157	
1171	814	1156	
1176	485	487	1178	
1160	889	996	1167	
1181	1179	
1184	319	1183	
1159	1025	1158	
1157	1155	
1156	1152	
1167	1133	1154	
1183	184	1186	
1158	1036	1162	
1152	1153	
1186	164	1185	
1162	1161	
1185	1188	
1188	1187	
1187	822	46	1170	
1170	939	1166	
1166	820	822	1189	
1188	1190	
