1170	776	903	1175	
1170	549	1169	
1170	554	1168	
1170	422	1176	
1170	959	977	1164	
1170	543	1181	
1170	1180	
1170	880	863	1165	
1175	574	1174	
1169	756	1172	
1168	1171	
1176	626	625	1177	
1164	1026	1160	
1181	533	1182	
1180	356	363	1185	
1165	958	1161	
1174	666	664	1173	
1172	1157	
1171	815	1155	
1177	470	483	1178	
1160	1133	1132	1167	
1182	1179	
1185	1183	
1161	1158	
1157	1156	
1155	1154	
1167	1087	1152	
1183	1186	
1158	1163	
1154	1150	1144	1153	
1152	1060	1159	
1186	1189	
1163	1162	
1189	92	1188	
1188	1184	
1184	1166	
1166	851	1187	
1189	95	1190	
