1169	547	545	1172	
1169	1168	
1169	975	1163	
1169	547	1175	
1169	960	889	1164	
1169	533	1180	
1169	1179	
1169	880	863	1165	
1172	678	574	1174	
1168	1173	
1163	891	1170	
1175	573	1176	
1164	1160	
1180	1178	
1179	277	1183	
1165	1066	1159	
1174	680	717	1171	
1173	764	1157	
1170	736	1104	1156	
1176	469	382	1177	
1160	889	996	1167	
1178	1181	
1183	1184	
1159	1071	1158	
1156	1123	1155	
1167	1092	1152	
1181	310	1185	
1184	74	73	1189	
1158	1071	1162	
1155	1153	
1152	1154	
1185	1188	
1189	1190	
1162	1161	
1188	1187	
1187	1182	
1182	933	1166	
1166	819	822	1186	
