1171	898	555	1176	
1171	549	1170	
1171	898	779	1164	
1171	359	1178	
1171	548	443	1165	
1171	1183	
1171	445	1181	
1171	437	1166	
1176	589	1177	
1170	1174	
1164	902	1169	
1178	572	1179	
1165	1026	1161	
1183	1182	
1181	279	278	1185	
1166	889	987	1159	
1177	717	1175	
1174	1156	
1169	996	1155	
1179	464	382	1180	
1161	994	1131	1168	
1182	301	1184	
1185	1186	
1159	1157	
1156	1154	
1155	1090	1152	
1168	1131	988	1160	
1184	172	1187	
1186	1189	
1157	1153	
1189	86	1188	
1188	1172	
1172	1167	
1167	1163	
1163	1004	1000	1158	
1158	1042	1162	
1172	1173	
1173	1190	
1189	1191	
