1522.700000,-1086.942000,305.380000
1509.899000,-1072.200000,304.892000
1505.700000,-1106.715000,304.402000
1505.972000,-1111.200000,305.914000
1510.579000,-1105.428000,306.000000
1493.900000,-1074.428000,307.062000
1482.140000,-1052.600000,306.574000
1469.900000,-1073.748000,306.084000
1487.972000,-1086.600000,307.596000
1480.604000,-1056.510000,308.000000
1570.100000,-981.500000,303.604000
1562.836000,-963.400000,301.896000
1538.100000,-970.560000,307.181000
1553.780000,-983.400000,305.473000
1557.460000,-970.980000,308.000000
1526.200000,-957.940000,305.260000
1511.740000,-952.900000,320.380000
1511.200000,-955.750000,315.480000
1514.605000,-982.900000,310.600000
1522.660000,-972.160000,321.000000
1508.400000,-968.368000,301.486000
1479.000000,-956.300000,308.290000
1466.400000,-979.596000,306.085000
1506.846000,-984.300000,303.889000
1505.166000,-981.640000,310.000000
1510.032672,-741.586229,324.165000
1476.898177,-726.626940,317.577000
1493.408577,-752.779088,310.962000
1518.943804,-755.608674,304.374000
1478.132158,-739.093264,327.000000
1427.300000,-623.606000,321.248000
1423.124000,-569.000000,316.856000
1403.300000,-586.385000,312.446000
1413.788000,-626.000000,308.054000
1409.108000,-593.624000,326.000000
1390.800000,-625.094000,312.616000
1336.140000,-622.000000,310.664000
1330.800000,-622.588000,308.704000
1341.240000,-636.000000,314.752000
1354.860000,-631.730000,316.000000
1366.100000,-596.864000,312.598000
1355.101000,-574.600000,309.914000
1349.100000,-610.434000,318.219000
1364.570000,-620.600000,315.535000
1358.620000,-618.668000,319.000000
1347.700000,-611.227000,308.518000
1338.100000,-580.600000,308.030000
1322.700000,-601.756000,309.540000
1338.875000,-621.600000,309.052000
1340.675000,-589.661000,310.000000
1448.900000,-1079.997000,306.500000
1444.423000,-1079.700000,310.280000
1411.900000,-1086.504000,309.055000
1426.108000,-1106.700000,307.835000
1444.386000,-1092.768000,311.000000
1344.200000,-1083.216000,308.000000
1327.040000,-1073.900000,308.000000
1324.200000,-1107.526000,308.000000
1326.620000,-1107.900000,308.000000
1324.940000,-1099.332000,308.000000
1442.100000,-1052.940000,315.512000
1421.904000,-1042.200000,311.608000
1408.100000,-1056.720000,307.688000
1437.272000,-1062.200000,303.784000
1414.764000,-1042.420000,319.000000
1434.000000,-1023.600000,315.460000
1404.541000,-1006.000000,310.580000
1345.000000,-1016.186000,305.680000
1397.866000,-1028.000000,320.800000
1376.595000,-1012.028000,323.000000
1344.900000,-1013.076000,313.888000
1340.684000,-1009.300000,309.740000
1282.900000,-1021.100000,322.575000
1303.422000,-1068.300000,318.427000
1314.768000,-1040.983000,323.000000
1446.100000,-953.418000,306.270000
1426.780000,-942.300000,302.854000
1422.100000,-974.124000,313.424000
1423.732000,-976.300000,310.008000
1438.252000,-969.534000,316.000000
1399.000000,-974.270000,303.438000
1374.610000,-954.800000,305.706000
1354.000000,-977.009000,304.971000
1390.225000,-987.800000,304.239000
1391.440000,-956.912000,306.000000
1337.700000,-979.449000,307.948000
1333.252000,-951.300000,306.972000
1321.700000,-964.830000,305.992000
1330.356000,-984.300000,305.016000
1337.556000,-962.091000,308.000000
1430.300000,-917.488000,335.948000
1429.595000,-915.400000,325.944000
1383.300000,-918.046000,315.899000
1396.366000,-933.400000,305.895000
1390.350000,-926.020000,343.000000
1308.000000,-863.860000,340.112000
1294.464000,-836.500000,328.400000
1290.000000,-900.076000,316.640000
1290.270000,-908.500000,352.928000
1295.562000,-897.988000,356.000000
1302.100000,-769.918000,321.790000
1294.765000,-753.200000,314.714000
1287.100000,-769.320000,307.609000
1298.380000,-779.200000,329.533000
1294.120000,-756.242000,336.000000
1356.800000,-793.390000,317.179000
1340.600000,-779.800000,310.103000
1284.800000,-785.155000,331.998000
1319.936000,-794.800000,324.922000
1329.944000,-785.500000,336.000000
1451.000000,-764.135000,306.912000
1349.990000,-761.600000,334.128000
1346.000000,-763.010000,325.308000
1369.625000,-776.600000,316.524000
1428.530000,-771.245000,336.000000
1446.700000,-739.221000,301.188000
1436.914000,-723.200000,328.404000
1432.700000,-753.910000,319.584000
1446.168000,-760.200000,310.800000
1445.930000,-756.722000,336.000000
1445.200000,-716.340000,341.952000
1408.576000,-705.900000,330.240000
1361.200000,-714.405000,318.480000
1419.916000,-720.900000,306.768000
1369.936000,-708.450000,348.000000
1359.800000,-736.983000,342.030000
1357.048000,-701.500000,331.782000
1343.800000,-712.748000,321.492000
1350.776000,-738.500000,353.244000
1348.008000,-717.521000,354.000000
1342.600000,-702.208000,335.352000
1308.967000,-699.100000,325.104000
1305.600000,-699.674000,314.814000
1311.964000,-713.100000,346.566000
1321.214000,-708.844000,354.000000
1302.800000,-718.752000,328.674000
1291.818000,-703.200000,318.426000
1285.800000,-728.096000,350.136000
1301.253000,-735.200000,339.888000
1295.677000,-733.888000,354.000000
1268.400000,-1084.095000,311.046000
1258.825000,-1042.900000,323.898000
1243.400000,-1071.170000,319.733000
1259.550000,-1097.900000,315.585000
1261.900000,-1055.165000,324.000000
1228.600000,-1073.872000,307.395000
1227.410000,-1073.500000,311.175000
1218.600000,-1081.281000,309.950000
1222.430000,-1104.500000,308.730000
1227.590000,-1088.566000,312.000000
1220.900000,-1097.250000,311.760000
1194.364000,-1094.500000,311.028000
1189.900000,-1104.380000,310.293000
1193.589000,-1104.500000,309.561000
1191.698000,-1101.990000,312.000000
1216.600000,-1064.785000,307.761000
1211.856000,-1056.700000,307.517000
1208.600000,-1067.575000,307.272000
1215.448000,-1071.700000,307.028000
1210.336000,-1056.880000,308.000000
1195.000000,-1079.872000,310.806000
1191.700000,-1051.000000,310.074000
1185.000000,-1067.596000,309.339000
1190.930000,-1087.000000,311.607000
1188.760000,-1060.936000,312.000000
1187.000000,-1079.390000,314.873000
1185.995000,-1077.700000,312.189000
1172.000000,-1082.848000,320.494000
1176.950000,-1103.700000,317.810000
1180.025000,-1091.714000,321.000000
1148.400000,-1085.800000,311.000000
1108.250000,-1077.600000,311.000000
1098.400000,-1100.975000,311.000000
1101.700000,-1102.600000,311.000000
1133.100000,-1097.650000,311.000000
1231.100000,-1011.002000,309.250000
1219.220000,-998.000000,310.762000
1209.100000,-1012.784000,310.272000
1226.766000,-1020.000000,309.784000
1227.866000,-999.430000,311.000000
1206.100000,-1039.755000,313.830000
1202.222000,-1004.700000,312.610000
1192.100000,-1021.428000,311.385000
1199.660000,-1045.700000,310.165000
1192.268000,-1018.189000,314.000000
1143.300000,-1005.446000,323.298000
1142.768000,-999.900000,319.882000
1105.300000,-1006.715000,316.452000
1115.826000,-1046.900000,313.036000
1111.798000,-1027.724000,326.000000
1268.000000,-929.010000,312.536000
1246.250000,-925.200000,310.828000
1239.000000,-934.020000,309.113000
1239.377000,-935.200000,314.405000
1248.570000,-933.750000,315.000000
1238.900000,-968.552000,311.956000
1232.569000,-947.300000,310.980000
1225.900000,-967.727000,310.000000
1235.650000,-980.300000,313.024000
1232.257000,-951.194000,314.000000
1224.200000,-974.824000,311.320000
1221.512000,-949.400000,310.344000
1212.200000,-959.340000,313.364000
1218.044000,-977.400000,312.388000
1219.976000,-960.068000,314.000000
1179.800000,-967.352000,310.684000
1157.697000,-965.300000,313.708000
1156.800000,-966.404000,312.728000
1161.952000,-977.300000,311.752000
1175.361000,-973.040000,314.000000
1190.200000,-947.820000,310.204000
1144.198000,-934.800000,323.056000
1124.200000,-959.670000,318.891000
1187.626000,-964.800000,314.743000
1187.956000,-962.040000,327.000000
1268.300000,-868.834000,313.265000
1262.224000,-853.500000,312.045000
1254.300000,-865.952000,310.820000
1264.058000,-875.500000,309.600000
1256.050000,-857.262000,314.000000
1257.000000,-850.281000,312.388000
1254.948000,-830.100000,311.900000
1245.000000,-836.463000,311.410000
1250.208000,-851.100000,312.922000
1248.408000,-839.214000,313.000000
1157.500000,-849.320000,316.000000
1145.696000,-842.600000,316.000000
1144.500000,-843.770000,316.000000
1146.723000,-872.600000,316.000000
1150.259000,-863.540000,316.000000
1145.100000,-865.005000,316.000000
1122.525000,-857.700000,316.000000
1110.100000,-869.340000,316.000000
1141.880000,-872.700000,316.000000
1131.170000,-872.115000,316.000000
1259.300000,-796.850000,310.783000
1251.680000,-790.100000,310.027000
1239.300000,-794.717000,310.272000
1252.180000,-799.100000,310.516000
1254.520000,-792.116000,310.000000
1213.100000,-749.893000,313.000000
1211.566000,-749.100000,313.000000
1200.100000,-764.350000,313.000000
1205.053000,-810.100000,313.000000
1212.060000,-778.807000,313.000000
1200.200000,-765.397000,328.283000
1189.085000,-748.500000,324.118000
1187.200000,-808.646000,319.970000
1188.734000,-809.500000,315.822000
1188.227000,-794.311000,330.000000
1142.500000,-795.040000,323.180000
1120.596000,-781.000000,321.465000
1105.500000,-799.798000,319.757000
1137.135000,-807.000000,318.049000
1114.306000,-781.364000,325.000000
1270.600000,-750.239000,314.324000
1254.200000,-739.800000,313.344000
1220.600000,-745.780000,312.368000
1250.150000,-752.800000,315.392000
1240.450000,-743.401000,316.000000
1238.100000,-691.804000,324.174000
1235.240000,-688.900000,320.009000
1194.100000,-697.568000,332.861000
1208.532000,-732.900000,328.713000
1218.564000,-712.660000,334.000000
1172.300000,-707.160000,317.526000
1151.448000,-696.600000,317.036000
1146.300000,-726.456000,318.548000
1147.990000,-728.600000,318.060000
1164.890000,-722.296000,319.000000
1138.700000,-694.395000,319.312000
1123.608000,-685.500000,321.577000
1110.700000,-695.550000,320.845000
1133.156000,-700.500000,320.113000
1135.172000,-686.505000,322.000000
1202.900000,-660.332000,339.735000
1180.350000,-641.500000,334.100000
1120.900000,-650.454000,328.488000
1165.098000,-663.500000,322.876000
1123.606000,-648.760000,341.000000
1148.800000,-605.036000,321.502000
1148.320000,-599.800000,319.787000
1108.800000,-606.136000,318.079000
1119.800000,-643.800000,316.371000
1116.480000,-625.892000,323.000000
1251.400000,-605.884000,316.897000
1177.998000,-587.500000,314.202000
1153.400000,-629.788000,311.518000
1154.576000,-635.500000,319.834000
1187.798000,-628.588000,321.000000
1253.000000,-577.566000,320.976000
1211.690000,-564.000000,313.136000
1168.000000,-576.957000,337.328000
1231.665000,-585.000000,329.520000
1211.350000,-566.520000,338.000000
994.600000,-1093.106000,336.703000
982.558000,-1062.200000,320.288000
940.600000,-1074.236000,370.940000
966.844000,-1096.200000,354.592000
976.726000,-1075.222000,383.000000
1076.100000,-1007.488000,314.700000
1043.494000,-998.200000,328.290000
1042.100000,-1003.114000,323.898000
1049.648000,-1052.200000,319.506000
1070.252000,-1033.084000,330.000000
1024.800000,-1018.790000,326.919000
956.592000,-995.300000,324.714000
926.800000,-1040.012000,322.518000
1020.782000,-1049.300000,320.322000
1023.526000,-1044.386000,327.000000
995.200000,-961.058000,378.072000
967.921000,-931.700000,360.677000
932.200000,-955.388000,343.353000
976.048000,-973.700000,326.029000
941.398000,-938.966000,390.000000
1073.100000,-929.352000,324.422000
1062.560000,-885.100000,320.992000
1011.100000,-898.946000,317.576000
1037.946000,-931.100000,328.160000
1030.010000,-905.156000,329.000000
1021.800000,-834.725000,323.084000
991.902000,-824.600000,321.614000
988.800000,-826.310000,320.150000
994.377000,-869.600000,324.686000
1004.112000,-856.055000,326.000000
1078.200000,-777.752000,334.685000
1058.910000,-751.400000,323.170000
1048.200000,-793.250000,358.702000
1075.380000,-805.400000,347.234000
1066.890000,-803.348000,365.000000
1028.200000,-794.196000,324.312000
1011.480000,-758.100000,340.922000
984.200000,-782.628000,335.554000
1012.492000,-806.100000,330.186000
1018.608000,-768.948000,342.000000
986.200000,-744.100000,324.777000
979.648000,-743.200000,340.632000
930.200000,-758.080000,335.508000
951.480000,-803.200000,330.384000
982.896000,-772.540000,345.000000
1023.800000,-696.636000,342.560000
945.324000,-679.400000,337.660000
931.800000,-740.470000,332.780000
942.472000,-741.400000,327.900000
941.000000,-726.024000,345.000000
1083.800000,-637.060000,324.033000
1057.250000,-604.600000,322.318000
1038.800000,-647.920000,320.610000
1077.185000,-664.600000,325.902000
1050.455000,-605.500000,326.000000
987.100000,-653.895000,325.120000
981.214000,-606.400000,324.630000
969.100000,-633.422000,324.142000
979.720000,-665.400000,325.654000
976.624000,-622.802000,326.000000
965.000000,-628.716000,332.817000
963.976000,-626.200000,328.652000
949.000000,-633.415000,341.504000
954.232000,-663.200000,337.356000
958.232000,-646.254000,343.000000
1066.900000,-559.874000,326.356000
958.100000,-542.000000,339.946000
930.900000,-592.328000,335.554000
939.604000,-596.000000,331.162000
1030.996000,-585.470000,340.000000
813.700000,-1083.754000,319.913000
795.442000,-1059.400000,328.218000
779.700000,-1086.829000,325.534000
806.900000,-1100.400000,322.850000
810.130000,-1062.188000,330.000000
892.700000,-1077.074000,338.784000
872.698000,-988.700000,334.864000
819.700000,-1030.518000,330.960000
858.901000,-1091.700000,327.056000
823.642000,-1022.793000,340.000000
809.800000,-1003.060000,333.945000
809.481000,-995.800000,330.760000
780.800000,-1004.320000,327.588000
788.746000,-1055.800000,324.416000
786.977000,-1031.500000,337.000000
773.400000,-1081.800000,331.696000
734.504000,-1072.200000,327.776000
721.400000,-1094.175000,323.872000
721.972000,-1097.200000,335.968000
740.744000,-1093.650000,338.000000
772.800000,-1036.432000,373.276000
760.700000,-1000.200000,346.816000
747.800000,-1034.696000,428.464000
766.475000,-1056.200000,402.112000
761.075000,-1006.976000,433.000000
840.300000,-969.130000,345.464000
827.924000,-920.900000,326.354000
784.300000,-939.609000,385.322000
811.404000,-973.900000,366.290000
822.940000,-941.252000,401.000000
844.200000,-835.684000,332.709000
784.804000,-824.200000,348.564000
782.200000,-830.074000,343.440000
795.902000,-890.200000,338.316000
834.838000,-866.968000,351.000000
769.300000,-846.113000,391.110000
756.790000,-824.700000,375.675000
751.300000,-865.174000,360.303000
768.544000,-873.700000,344.931000
751.444000,-869.339000,393.000000
745.771911,-860.174789,381.093000
752.699980,-829.381987,365.658000
733.882704,-847.887254,350.286000
735.704399,-870.016335,334.914000
743.613069,-833.554877,393.000000
869.700000,-763.886000,336.736000
861.300000,-742.700000,332.326000
819.700000,-749.300000,327.934000
841.250000,-764.700000,341.542000
836.000000,-752.314000,343.000000
907.900000,-749.720000,333.874000
876.225000,-736.100000,329.464000
872.900000,-738.260000,325.072000
878.780000,-796.100000,338.680000
889.875000,-778.100000,343.000000
831.859926,-792.199369,398.464000
815.230855,-761.503016,350.444000
786.698772,-781.540449,498.620000
818.676440,-808.343449,450.796000
808.911736,-801.659948,529.000000
909.000000,-655.349000,331.200000
885.186000,-630.500000,349.320000
846.000000,-647.330000,343.464000
886.446000,-663.500000,337.608000
896.589000,-637.991000,351.000000
840.600000,-642.168000,332.168000
834.620000,-641.800000,387.283000
788.600000,-647.481000,369.471000
808.256000,-664.800000,351.659000
838.624000,-653.070000,404.000000
897.700000,-602.680000,509.255000
827.836000,-592.600000,456.580000
843.662000,-592.600000,391.005000
815.700000,-628.024000,404.120000
825.130000,-628.600000,351.660000
875.150000,-628.600000,485.175000
906.700000,-564.349000,335.470000
834.842000,-541.000000,331.795000
784.700000,-571.960000,328.135000
888.644000,-584.000000,339.475000
818.860000,-541.731000,340.000000
545.861428,-1149.657497,341.170000
551.275522,-1121.226365,333.820000
523.285337,-1120.537720,326.500000
530.355769,-1146.921006,349.180000
539.289745,-1124.287310,355.000000
538.692061,-1156.968944,386.420000
536.431400,-1153.113696,347.465000
535.191989,-1152.277703,418.697000
482.847444,-1123.523037,467.669000
487.740997,-1154.045707,428.873000
478.364582,-1147.721235,329.339000
509.607701,-1153.360220,485.000000
503.119578,-1096.133991,339.481000
501.293041,-1079.106915,385.536000
478.757519,-1092.700325,370.652000
477.958395,-1094.783467,355.768000
490.052650,-1101.087094,387.000000
580.870004,-1076.145387,331.758000
590.234242,-1029.939002,414.053000
542.262243,-1035.350800,387.457000
554.634389,-1082.906804,360.861000
602.845186,-1052.297318,434.000000
616.783094,-1035.925894,354.896000
618.054241,-1018.386128,347.056000
592.155455,-995.391263,339.248000
601.524788,-1020.220174,331.440000
595.146292,-997.505158,358.000000
653.403039,-987.618169,334.184000
657.482662,-983.932387,331.489000
631.971007,-962.510421,328.805000
607.579209,-993.812463,326.121000
620.918555,-981.396877,337.000000
663.837287,-953.723208,349.815000
667.566435,-936.304564,340.260000
640.604695,-953.235197,330.744000
637.276428,-956.104087,360.189000
644.846106,-957.386017,366.000000
432.154970,-1098.978363,328.426000
438.444289,-1063.431634,328.181000
402.460676,-1059.973110,328.937000
412.865763,-1098.583446,328.692000
435.508838,-1068.015509,329.000000
443.835273,-1055.299858,345.355000
462.915788,-1032.488496,329.430000
441.424267,-1023.796503,378.570000
433.187505,-1046.625628,362.645000
452.187480,-1038.867662,393.000000
530.066930,-1018.696776,332.912000
520.445450,-998.194827,381.232000
517.688524,-999.125141,365.616000
498.886940,-1020.831772,349.936000
516.765879,-1025.620343,390.000000
507.023591,-999.371553,374.501000
508.906501,-977.337142,362.496000
482.022780,-990.021341,350.540000
491.100258,-1010.963814,338.535000
480.076127,-992.455978,377.000000
544.967063,-1007.561009,354.860000
543.993156,-978.471107,346.530000
513.723202,-963.376773,338.234000
528.744453,-999.365920,329.904000
527.611521,-965.193417,362.000000
572.954701,-982.362154,331.155000
615.128117,-940.904575,329.930000
583.177546,-930.334033,328.710000
559.099266,-968.644665,332.485000
583.918035,-944.915586,333.000000
585.443629,-925.464057,355.904000
586.591478,-904.781501,341.939000
583.894522,-904.843586,385.031000
539.934465,-944.094849,371.066000
557.688198,-937.133755,386.000000
648.337402,-915.379934,333.634000
650.818222,-876.312330,329.224000
608.225571,-889.957674,342.832000
624.229784,-929.285193,338.422000
618.958569,-919.772544,346.000000
683.804496,-864.123889,348.482000
704.837873,-830.112604,448.897000
671.337177,-829.183140,416.445000
666.355021,-862.041025,383.860000
700.405678,-842.754078,461.000000
739.360434,-803.708160,397.655000
737.773102,-801.032910,380.750000
717.958480,-786.296612,363.914000
709.695702,-806.085603,347.009000
729.862396,-810.808896,398.000000
763.900000,-680.839000,374.964000
746.029000,-675.500000,362.959000
742.900000,-694.158000,351.003000
745.294000,-694.500000,338.998000
745.882000,-689.845000,383.000000
739.410015,-710.511896,357.080000
730.819097,-683.478930,347.280000
708.506587,-677.632818,337.520000
728.428910,-710.718593,367.720000
727.381539,-679.777342,370.000000
766.000000,-641.146000,353.648000
742.348000,-578.200000,344.828000
693.000000,-613.768000,336.044000
735.851000,-656.200000,363.224000
726.580000,-600.118000,371.000000
765.700000,-540.440000,341.180000
762.040000,-537.600000,336.280000
705.700000,-545.280000,351.400000
725.140000,-577.600000,346.500000
742.840000,-559.400000,354.000000
708.600000,-550.428000,369.000000
675.084000,-536.400000,531.325000
666.600000,-575.418000,478.865000
669.162000,-578.400000,426.190000
425.056855,-1020.371398,330.640000
422.508742,-988.765469,360.840000
392.611464,-983.593939,351.080000
409.401310,-1020.249611,341.280000
435.377506,-1008.041673,369.000000
465.082910,-980.598431,400.324000
476.748854,-951.274960,380.234000
440.576630,-927.097930,360.226000
444.885288,-962.775235,340.136000
445.736209,-929.960933,410.000000
508.099216,-941.329915,331.615000
510.738471,-938.677985,330.390000
476.283481,-902.755811,329.170000
464.737092,-929.541485,332.945000
473.629330,-921.311284,333.000000
553.748661,-906.847587,340.844000
543.663369,-857.496343,335.699000
493.187975,-878.683089,330.575000
487.708083,-883.738263,346.430000
509.519725,-897.421007,350.000000
598.945492,-872.721073,335.075000
620.173091,-836.963361,331.400000
581.791145,-848.009603,342.740000
577.811126,-879.991635,339.065000
615.410625,-842.904482,344.000000
562.310967,-859.154469,328.722000
579.481240,-836.834849,327.007000
556.557351,-825.210869,332.299000
550.484098,-848.696833,330.584000
569.514595,-842.975540,334.000000
593.223163,-811.746793,330.045000
589.811905,-798.534055,356.470000
587.280178,-799.831453,347.930000
566.358576,-820.420109,339.355000
580.568535,-820.170971,362.000000
628.745438,-792.076442,355.696000
629.952026,-773.290614,347.856000
607.527270,-783.523384,340.048000
615.558199,-801.597174,332.208000
606.105702,-785.961307,358.000000
669.075233,-807.042042,337.766000
669.260158,-774.875141,334.336000
635.797475,-759.357785,330.920000
651.139495,-798.579443,327.490000
652.057857,-761.788486,341.000000
691.604009,-780.624447,349.910000
731.455495,-737.737583,342.315000
691.332628,-716.506229,334.751000
672.020068,-759.681886,358.156000
696.244211,-736.205283,362.000000
435.058948,-918.363513,337.118000
405.737727,-870.146628,332.708000
401.042018,-866.130786,346.316000
382.706107,-894.142465,341.906000
404.447382,-905.416760,347.000000
456.722909,-898.553627,333.548000
450.120790,-866.899146,328.893000
421.945409,-868.811711,343.257000
442.127216,-904.698376,338.602000
436.779597,-896.521490,347.000000
493.546824,-870.689270,330.128000
520.989558,-832.500470,342.208000
484.389812,-835.641406,338.304000
474.672314,-870.644380,334.384000
514.854577,-846.852816,344.000000
489.925555,-821.509518,358.194000
488.868870,-818.906395,350.599000
467.302978,-808.946690,343.035000
447.703401,-836.398951,335.440000
459.042491,-815.759429,359.000000
548.238165,-822.090134,350.635000
544.538080,-805.422144,343.530000
522.243322,-819.978670,336.454000
523.113356,-821.868238,329.349000
528.810910,-818.435695,356.000000
529.325985,-804.979943,330.936000
529.517057,-779.187819,329.466000
503.942333,-781.785394,328.002000
515.510326,-809.561420,332.532000
527.105569,-777.115619,333.000000
563.075469,-807.648179,332.461000
569.740572,-777.313484,329.276000
533.592850,-754.317159,326.104000
542.990104,-791.949879,335.919000
555.741795,-773.517178,339.000000
594.118560,-740.798246,328.028000
595.165468,-738.887614,326.558000
582.718624,-732.015098,331.094000
567.951690,-749.773838,329.624000
580.632504,-745.233771,332.000000
624.115999,-737.019199,326.790000
615.896267,-710.899068,334.340000
590.152320,-723.346138,331.900000
589.661841,-726.172722,329.450000
609.017194,-740.969533,335.000000
584.026718,-728.429061,324.660000
607.391438,-699.221041,349.575000
571.505529,-719.267126,341.523000
563.091231,-741.444800,333.438000
608.613158,-707.708696,357.000000
654.514662,-727.871791,342.220000
684.343744,-682.523746,337.320000
637.621975,-663.058885,332.440000
630.152443,-710.944007,327.540000
645.144304,-666.151026,345.000000
341.693464,-1015.337571,333.424000
345.555161,-1011.168155,330.484000
256.280581,-910.791018,327.556000
249.073818,-963.529327,336.616000
263.607166,-952.802728,337.000000
370.846370,-972.909969,345.005000
380.565560,-941.137964,336.430000
328.241984,-975.241331,327.890000
321.439212,-980.943121,354.315000
335.803149,-983.111931,361.000000
340.748468,-961.697063,338.448000
334.580032,-898.133613,333.058000
272.572540,-874.074529,349.690000
308.191718,-951.353609,344.300000
334.503535,-908.765003,352.000000
364.432396,-880.885141,356.700000
383.754524,-845.134058,456.360000
337.187640,-810.300821,424.152000
338.162286,-853.981978,391.812000
370.000492,-853.492454,459.000000
408.986842,-835.635144,328.452000
377.114502,-787.790738,345.062000
373.395855,-787.250582,339.694000
360.256950,-814.643867,334.304000
394.613014,-840.480749,349.000000
460.702945,-790.623298,339.684000
444.336789,-751.492368,336.268000
415.578541,-751.245506,332.852000
447.228376,-797.966605,329.422000
416.263351,-756.081194,341.000000
489.452696,-766.960292,326.000000
489.733159,-734.865290,326.000000
456.220012,-719.239534,326.000000
471.466494,-758.389294,326.000000
473.201832,-722.653300,326.000000
563.648400,-698.932607,334.408000
582.677811,-677.825122,330.504000
561.824307,-665.667220,326.600000
553.190993,-687.493391,338.680000
565.121086,-676.512377,341.000000
558.048923,-706.133591,327.145000
540.574317,-673.909433,325.925000
537.361017,-671.415944,329.705000
519.673318,-694.180304,328.480000
535.988162,-700.733430,330.000000
532.205746,-673.877657,329.320000
543.101602,-653.579046,325.416000
514.205510,-670.439327,337.512000
514.415556,-686.482406,333.592000
513.784485,-683.516613,341.000000
581.705218,-648.064734,325.886000
591.979103,-625.838236,345.542000
569.159121,-620.924740,339.198000
569.610372,-644.297424,332.828000
591.136275,-635.461533,349.000000
292.979587,-833.332329,360.320000
291.442884,-830.478666,351.780000
273.087284,-811.858606,343.240000
268.131783,-828.569006,334.665000
269.787453,-815.054234,362.000000
267.724050,-853.998750,331.102000
225.797917,-784.410454,327.686000
188.460390,-795.658939,324.270000
194.416721,-804.395236,320.840000
205.741333,-804.248628,334.000000
322.520406,-801.702201,326.000000
316.098265,-765.690529,326.000000
283.911492,-762.159841,326.000000
305.980258,-804.241320,326.000000
313.063467,-762.977264,326.000000
282.520433,-717.013023,325.900000
300.005813,-695.330611,324.924000
282.686833,-699.228104,327.948000
274.104030,-717.390140,326.968000
291.332130,-700.157635,328.000000
355.245474,-704.318160,327.212000
355.890243,-702.940659,325.504000
346.864612,-698.434387,330.796000
337.686559,-711.198381,329.081000
346.329312,-707.890319,332.000000
340.047914,-694.088168,324.785000
341.009041,-685.659415,328.565000
327.067912,-696.487756,327.345000
326.305589,-697.736971,326.120000
332.556750,-699.243564,329.000000
365.058518,-691.586056,327.992000
365.713004,-670.897053,327.016000
345.307679,-670.302166,326.040000
354.189537,-692.945568,325.060000
373.934666,-683.343090,328.000000
398.401805,-688.669649,329.356000
404.379944,-658.580889,328.380000
385.654467,-666.306568,327.404000
387.920752,-689.729812,326.424000
389.026904,-665.254763,330.000000
438.909546,-639.400517,338.920000
441.640998,-635.465401,334.284000
415.349061,-622.486668,329.648000
402.090018,-653.471313,343.993000
411.807368,-641.752934,345.000000
402.245258,-604.538636,348.529000
374.639876,-635.617253,336.573000
367.359151,-648.368524,324.617000
367.830994,-648.398933,361.612000
383.752692,-628.789458,372.000000
555.056029,-598.105111,330.688000
576.526174,-568.834299,324.832000
545.264608,-582.823758,342.976000
537.716783,-606.592155,337.096000
572.360238,-574.538684,346.000000
562.900000,-552.536000,326.872000
554.300000,-533.300000,345.016000
522.900000,-540.587000,339.160000
542.020000,-554.300000,333.280000
553.860000,-541.490000,346.000000
514.784142,-644.919881,326.276000
503.061198,-621.202410,348.200000
499.975974,-622.099412,341.124000
479.147972,-647.154071,334.019000
500.912662,-654.197953,354.000000
487.961819,-606.249954,321.000000
484.484867,-576.615365,321.000000
454.784542,-585.217210,321.000000
471.506134,-616.852768,321.000000
454.232538,-589.968221,321.000000
470.500000,-568.142000,321.000000
466.240000,-563.200000,321.000000
460.500000,-567.099000,321.000000
467.390000,-570.200000,321.000000
463.010000,-564.460000,321.000000
448.488784,-588.212808,321.000000
453.666864,-571.478554,321.000000
443.899593,-573.160838,321.000000
442.972178,-586.531730,321.000000
446.661142,-577.207685,321.000000
433.447752,-578.067519,322.632000
426.587640,-568.108965,321.656000
425.222995,-568.595757,324.680000
416.808894,-596.478427,323.700000
424.067795,-589.759478,325.000000
479.100000,-551.460000,321.000000
452.388000,-546.500000,321.000000
437.100000,-554.170000,321.000000
474.858000,-556.500000,321.000000
467.676000,-556.190000,321.000000
406.515221,-578.158574,321.000000
413.757511,-548.440032,321.000000
400.766224,-565.082297,321.000000
399.702707,-585.889606,321.000000
412.895280,-558.077405,321.000000
401.410905,-544.109409,321.000000
400.572079,-543.194365,321.000000
390.034728,-546.464438,321.000000
386.925586,-567.060777,321.000000
388.239756,-553.127238,321.000000
1350.116576,-491.280272,347.232000
1353.468246,-469.109582,333.568000
1310.842224,-489.039965,319.904000
1311.028355,-491.553928,306.184000
1322.123332,-487.708884,360.000000
1269.500000,-511.070000,326.164000
1231.605000,-494.600000,319.332000
1204.500000,-516.050000,312.500000
1259.490000,-524.600000,333.640000
1228.160000,-495.260000,337.000000
1269.000000,-447.868000,316.534000
1260.360000,-416.200000,311.410000
1242.000000,-433.789000,327.286000
1257.741000,-455.200000,322.141000
1256.121000,-427.354000,328.000000
1188.300000,-498.800000,314.130000
1185.336000,-496.400000,310.714000
1136.300000,-502.416000,321.298000
1152.940000,-528.400000,317.868000
1171.764000,-513.968000,324.000000
1131.300000,-500.120000,313.408000
1111.475000,-486.600000,315.676000
1106.300000,-523.600000,314.944000
1107.700000,-526.600000,314.209000
1127.325000,-519.080000,316.000000
1190.100000,-460.518000,319.816000
1149.820000,-449.700000,317.864000
1114.100000,-461.616000,315.912000
1174.368000,-467.700000,313.952000
1190.100000,-451.050000,320.000000
1203.900000,-438.540000,335.812000
1178.802000,-407.400000,327.516000
1109.900000,-421.728000,319.220000
1159.720000,-443.400000,310.890000
1124.846000,-419.604000,342.000000
963.800000,-499.144000,325.977000
963.664000,-496.200000,325.245000
929.800000,-499.305000,324.513000
938.878000,-519.200000,326.778000
940.612000,-510.046000,327.000000
1005.000000,-445.330000,335.000000
953.200000,-433.600000,328.656000
935.000000,-459.760000,322.312000
935.210000,-463.600000,341.942000
968.390000,-459.550000,348.000000
912.300000,-514.520000,359.100000
888.450000,-494.900000,334.700000
862.300000,-513.170000,410.300000
899.300000,-524.900000,385.800000
894.100000,-498.740000,425.000000
911.700000,-481.020000,326.550000
906.136000,-444.300000,345.450000
885.700000,-458.100000,339.350000
898.102000,-484.300000,333.225000
906.370000,-459.940000,347.000000
914.100000,-407.630000,323.392000
866.550000,-402.200000,402.016000
864.100000,-404.660000,376.640000
874.800000,-432.200000,351.160000
911.800000,-421.850000,425.000000
864.200000,-481.536000,399.256000
821.606000,-473.100000,379.980000
802.200000,-488.661000,360.704000
861.162000,-492.100000,341.349000
809.206000,-490.542000,410.000000
863.600000,-446.633000,386.695000
837.312000,-433.200000,367.419000
801.600000,-443.764000,348.143000
844.194000,-452.200000,407.788000
818.464000,-436.639000,410.000000
772.000000,-518.462000,380.502000
772.000000,-411.346000,365.538000
753.646000,-400.000000,359.274000
658.000000,-435.746000,338.046000
658.000000,-518.706000,403.644000
706.336000,-522.000000,403.731000
707.134000,-454.168000,420.000000
743.500000,-517.364000,420.000000
634.400000,-427.016000,350.542000
581.418000,-398.000000,334.438000
575.400000,-401.596000,384.334000
584.899000,-522.000000,368.164000
610.210000,-485.792000,391.000000
574.200000,-460.431000,328.576000
538.005000,-399.300000,360.328000
517.200000,-493.518000,350.080000
568.386000,-522.300000,339.790000
559.893000,-518.733000,361.000000
480.900000,-499.340000,320.932000
469.770000,-469.700000,342.100000
450.900000,-489.317000,335.268000
469.920000,-508.700000,328.408000
478.140000,-478.826000,347.000000
405.300000,-476.666000,324.280000
402.492000,-475.700000,322.328000
379.300000,-485.780000,320.376000
388.946000,-517.700000,318.416000
381.042000,-496.574000,325.000000
499.500000,-416.007000,315.498000
460.630000,-398.500000,315.986000
453.500000,-458.036000,316.474000
458.468000,-459.500000,316.964000
463.896000,-444.921000,315.000000
1271.200000,-330.950000,357.320000
1250.830000,-290.800000,336.580000
1236.200000,-342.849000,315.840000
1265.775000,-363.800000,380.015000
1249.675000,-292.552000,392.000000
1217.300000,-334.599000,350.671000
1201.400000,-315.900000,329.443000
1167.300000,-326.250000,395.215000
1196.350000,-338.900000,373.900000
1194.500000,-322.501000,400.000000
1167.900000,-283.980000,336.838000
1165.700000,-276.000000,315.610000
1127.900000,-295.635000,381.295000
1140.620000,-381.000000,360.067000
1156.020000,-333.750000,400.000000
1100.100000,-315.300000,331.170000
1020.900000,-300.000000,450.618000
1028.300000,-300.000000,379.518000
1000.100000,-341.535000,411.908000
1005.600000,-345.000000,373.356000
1078.500000,-345.000000,448.722000
1086.300000,-336.585000,471.000000
997.200000,-370.805000,423.204000
965.460000,-349.700000,396.608000
937.200000,-372.800000,369.903000
984.720000,-384.700000,343.307000
938.460000,-352.395000,428.000000
998.100000,-289.310000,405.873000
982.200000,-259.000000,379.277000
938.100000,-272.895000,352.572000
969.840000,-294.000000,325.976000
948.900000,-270.900000,428.000000
879.400000,-361.867000,370.298000
879.354000,-358.900000,352.974000
856.400000,-361.982000,335.579000
862.495000,-381.900000,389.255000
864.197000,-372.769000,396.000000
830.200000,-362.676000,362.488000
806.552000,-350.100000,344.920000
798.200000,-377.972000,399.280000
798.264000,-382.100000,381.712000
814.136000,-377.812000,400.000000
889.700000,-331.568000,349.240000
859.712000,-296.800000,329.232000
826.700000,-328.971000,391.142000
873.257000,-349.800000,371.134000
868.091000,-303.690000,405.000000
918.300000,-291.108000,324.771000
897.852000,-261.700000,333.087000
822.300000,-272.708000,330.392000
867.996000,-293.700000,327.708000
900.636000,-274.276000,334.000000
775.600000,-321.970000,329.218000
734.793000,-315.600000,411.622000
732.600000,-318.435000,384.917000
741.716000,-350.600000,358.321000
774.525000,-338.560000,438.000000
769.600000,-284.608000,401.027000
740.788000,-263.200000,379.311000
727.600000,-302.464000,357.506000
767.458000,-311.200000,335.790000
733.228000,-307.312000,415.000000
706.400000,-298.567000,333.944000
685.673000,-253.900000,330.040000
657.400000,-288.802000,326.120000
691.014000,-316.900000,338.216000
671.757000,-265.429000,339.000000
646.650000,-375.404000,348.875000
625.098000,-247.100000,335.455000
511.950000,-285.512000,321.980000
568.928100,-379.100000,363.560000
572.834400,-305.972000,375.000000
601.929600,-325.904000,375.000000
502.100000,-279.055000,325.836000
388.308000,-247.800000,314.612000
375.100000,-251.524000,349.342000
395.293000,-380.800000,338.118000
452.697000,-342.097000,355.000000
405.834000,-352.604000,355.000000
1095.100000,-199.628000,327.280000
1003.948000,-156.800000,357.520000
951.100000,-222.590000,347.720000
1080.124000,-242.800000,337.960000
1061.980000,-240.392000,359.000000
1068.748000,-241.080000,359.000000
921.400000,-217.250000,337.048000
921.400000,-182.750000,508.983000
893.650000,-160.100000,526.804000
904.075000,-160.100000,563.952000
846.400000,-197.675000,465.309000
846.400000,-217.400000,367.921000
893.875000,-235.100000,404.065000
868.600000,-235.100000,422.890000
994.700000,-70.655000,327.001000
989.671000,-70.200000,324.805000
947.700000,-74.531600,322.600000
965.090000,-88.400000,320.404000
951.836000,-79.281800,328.000000
999.998824,-50.308655,339.710000
966.327148,-38.306291,333.122000
956.489181,-53.295204,326.507000
960.761990,-54.616631,346.919000
967.386251,-51.832296,347.000000
853.462168,-115.056928,334.991000
841.770631,-95.246955,329.867000
822.081001,-97.987711,324.722000
844.254867,-118.893436,340.598000
841.101514,-95.357794,344.000000
884.975815,-92.207349,323.472000
879.158272,-65.026900,322.008000
838.009650,-52.257049,326.538000
860.846964,-82.474595,325.074000
869.314911,-67.196368,327.000000
924.135542,-9.560466,324.048000
922.593977,-6.784824,320.144000
881.674132,2.329654,332.224000
887.520996,-23.058944,328.320000
908.430048,-17.598065,336.000000
877.669196,10.661177,316.222000
866.665077,29.358926,326.050000
849.949110,-4.831947,322.865000
849.956473,-8.225043,319.693000
868.896479,-6.853293,328.000000
783.200000,-219.788000,397.995000
762.120000,-191.400000,379.207000
743.200000,-222.373000,360.342000
774.800000,-238.400000,341.554000
744.880000,-195.066000,403.000000
712.800000,-230.900000,324.656000
700.920000,-187.500000,323.192000
667.800000,-207.300000,321.722000
691.515000,-237.500000,320.258000
676.845000,-204.550000,326.000000
638.700000,-198.420000,333.893000
638.626000,-195.800000,326.817000
564.700000,-198.440000,319.712000
584.236000,-215.800000,341.636000
591.340000,-207.900000,345.000000
423.000000,-205.260000,345.762000
398.646000,-189.500000,324.046000
390.000000,-224.260000,391.241000
390.033000,-229.500000,369.525000
407.127000,-224.220000,394.000000
776.400000,-105.320000,321.691000
750.330000,-65.900000,319.495000
721.400000,-102.260000,326.290000
761.935000,-125.900000,324.094000
758.690000,-73.760000,328.000000
769.250000,-35.500000,318.720000
746.567500,1.300000,355.008000
661.750000,-12.420000,343.248000
712.705000,-38.700000,331.536000
751.727500,-14.460000,360.000000
507.800000,-2.632000,325.563000
450.920000,6.200000,319.951000
447.800000,2.408000,314.316000
460.460000,-41.800000,308.704000
507.560000,-25.384000,326.000000
242.111631,-580.537611,322.822000
238.577511,-563.728269,322.578000
221.783018,-571.167739,322.333000
233.127839,-587.977082,322.089000
222.525480,-575.028542,323.000000
296.500000,-343.040000,312.663000
292.711000,-326.000000,312.419000
287.500000,-339.272000,312.174000
293.656000,-350.000000,312.930000
290.326000,-330.416000,313.000000
283.000000,-319.257000,312.504000
279.208000,-310.500000,312.260000
259.000000,-313.110000,312.015000
269.104000,-319.500000,312.771000
270.352000,-314.523000,313.000000
174.226203,-558.598647,324.760000
166.826407,-523.194235,322.808000
164.040669,-520.017713,328.848000
132.124544,-543.195565,326.896000
150.852688,-554.400422,330.000000
139.374369,-302.374369,313.372000
132.572001,-277.894332,314.884000
109.976404,-282.274858,314.394000
127.936916,-308.614586,313.906000
125.822667,-305.581098,315.000000
103.095507,-629.875055,325.349000
135.695958,-584.784270,391.121000
99.514719,-599.514719,369.806000
84.784270,-635.695958,348.578000
129.026527,-602.246979,410.000000
70.952579,-560.357193,328.680000
77.262863,-561.591495,326.240000
88.088044,-505.956043,323.790000
3.032042,-404.711068,321.350000
59.428488,-470.630030,330.000000
162.758203,-426.619895,335.598000
156.510667,-379.231165,330.230000
85.787844,-428.244902,324.840000
87.254301,-433.582134,341.472000
108.288401,-426.250398,342.000000
74.974667,-344.075230,332.700000
120.768470,-369.825708,324.404000
90.516509,-312.814115,316.074000
53.304500,-310.383992,341.778000
119.078506,-368.110387,348.000000
30.433106,-312.821728,324.903000
55.368520,-259.285259,316.851000
2.920996,-249.824170,341.766000
2.533501,-302.616762,333.714000
36.989401,-268.794431,345.000000
364.000000,-139.163000,306.944000
358.072000,-131.500000,319.796000
250.000000,-149.348000,315.631000
285.910000,-228.500000,311.483000
334.930000,-185.141000,320.000000
270.748000,-205.511000,320.000000
302.169319,-53.949942,304.022000
299.183030,-24.032846,314.606000
259.567459,-49.775269,311.176000
257.599637,-53.628682,307.760000
282.037786,-67.494057,317.000000
209.000000,-57.570000,310.914000
189.012000,0.000000,310.670000
171.000000,-62.415000,310.425000
200.982000,-95.000000,310.181000
173.394000,-7.600000,311.000000
170.000000,-186.835000,323.305000
125.290000,0.000000,320.621000
0.000000,-84.710000,317.926000
89.420000,-215.000000,315.242000
37.740000,-73.745000,326.000000
154.020000,-72.455000,326.000000
102.680000,-130.290000,326.000000
68.510000,-17.845000,326.000000
