1522.700000,-1087.020000,304.286000
1509.916000,-1072.200000,305.798000
1505.700000,-1106.637000,305.308000
1505.955000,-1111.200000,304.820000
1519.878000,-1105.467000,306.000000
1493.900000,-1061.508000,307.336000
1473.044000,-1052.600000,306.848000
1469.900000,-1052.634000,306.358000
1473.068000,-1086.600000,307.870000
1477.340000,-1077.624000,308.000000
1570.100000,-966.300000,302.351000
1538.516000,-963.400000,307.636000
1538.100000,-965.760000,305.928000
1546.100000,-983.400000,304.220000
1563.220000,-975.780000,308.000000
1526.200000,-953.740000,315.360000
1524.640000,-952.900000,310.460000
1511.200000,-959.950000,305.580000
1516.705000,-982.900000,320.680000
1515.100000,-967.960000,321.000000
1508.400000,-981.780000,303.178000
1499.118000,-956.300000,309.982000
1466.400000,-966.184000,307.786000
1486.728000,-984.300000,305.581000
1497.270000,-967.052000,310.000000
1514.038313,-744.659865,320.709000
1478.043258,-725.134642,314.121000
1489.402936,-749.705452,307.533000
1517.810290,-757.085898,300.918000
1483.618307,-740.237465,327.000000
1427.300000,-607.532000,313.256000
1416.356000,-569.000000,308.864000
1403.300000,-602.459000,322.454000
1420.556000,-626.000000,318.062000
1419.740000,-577.550000,326.000000
1390.800000,-629.812000,314.536000
1356.420000,-622.000000,312.584000
1330.800000,-631.870000,310.624000
1380.960000,-636.000000,308.672000
1340.460000,-622.448000,316.000000
1366.100000,-594.886000,311.762000
1354.370000,-574.600000,309.067000
1349.100000,-612.412000,317.383000
1365.301000,-620.600000,314.699000
1359.912000,-616.690000,319.000000
1347.700000,-593.884000,309.734000
1327.500000,-580.600000,309.244000
1322.700000,-619.099000,308.756000
1324.475000,-621.600000,308.266000
1325.475000,-613.318000,310.000000
1448.900000,-1085.289000,307.955000
1414.675000,-1079.700000,306.735000
1411.900000,-1081.212000,310.515000
1418.856000,-1106.700000,309.290000
1433.582000,-1098.060000,311.000000
1344.200000,-1076.926000,308.000000
1343.360000,-1073.900000,308.000000
1324.200000,-1079.816000,308.000000
1330.300000,-1107.900000,308.000000
1325.420000,-1093.042000,308.000000
1442.100000,-1061.640000,310.056000
1436.660000,-1042.200000,306.152000
1408.100000,-1048.020000,318.232000
1422.482000,-1062.200000,314.328000
1426.324000,-1051.120000,319.000000
1434.000000,-1024.810000,322.320000
1409.347000,-1006.000000,317.440000
1345.000000,-1014.976000,312.540000
1393.060000,-1028.000000,307.660000
1346.068000,-1013.238000,323.000000
1344.900000,-1052.783000,314.347000
1320.472000,-1009.300000,310.182000
1282.900000,-1040.334000,306.034000
1323.634000,-1068.300000,318.886000
1313.094000,-1021.749000,323.000000
1446.100000,-963.380000,302.224000
1433.836000,-942.300000,312.794000
1422.100000,-964.162000,309.378000
1440.700000,-976.300000,305.948000
1445.188000,-945.496000,316.000000
1399.000000,-971.399000,304.620000
1370.695000,-954.800000,303.888000
1354.000000,-979.880000,303.156000
1394.140000,-987.800000,305.421000
1373.665000,-987.041000,306.000000
1337.700000,-964.005000,304.260000
1325.764000,-951.300000,307.284000
1321.700000,-980.274000,306.304000
1321.844000,-984.300000,305.328000
1336.292000,-979.647000,308.000000
1430.300000,-920.224000,326.190000
1389.739000,-915.400000,316.186000
1383.300000,-933.310000,306.141000
1389.222000,-933.400000,337.137000
1401.489000,-928.756000,343.000000
1308.000000,-847.372000,313.520000
1290.342000,-836.500000,349.808000
1290.000000,-844.564000,338.048000
1294.392000,-908.500000,326.336000
1305.534000,-881.500000,356.000000
1302.100000,-754.084000,325.560000
1300.630000,-753.200000,318.455000
1287.100000,-759.180000,311.379000
1292.515000,-779.200000,333.303000
1292.170000,-766.382000,336.000000
1356.800000,-793.540000,311.785000
1341.320000,-779.800000,333.680000
1284.800000,-785.005000,326.604000
1319.216000,-794.800000,319.499000
1343.336000,-785.650000,336.000000
1451.000000,-773.585000,324.804000
1416.035000,-761.600000,316.020000
1346.000000,-768.560000,307.236000
1408.580000,-776.600000,334.416000
1376.240000,-765.695000,336.000000
1446.700000,-748.434000,307.704000
1440.400000,-723.200000,334.920000
1432.700000,-744.697000,326.100000
1442.682000,-760.200000,317.316000
1443.382000,-728.935000,336.000000
1445.200000,-714.360000,335.472000
1397.572000,-705.900000,323.760000
1361.200000,-716.385000,312.000000
1430.920000,-720.900000,300.288000
1381.192000,-706.470000,348.000000
1359.800000,-718.039000,323.088000
1348.840000,-701.500000,312.840000
1343.800000,-731.692000,344.550000
1358.968000,-738.500000,334.302000
1355.224000,-735.577000,354.000000
1342.600000,-703.720000,345.138000
1312.926000,-699.100000,334.848000
1305.600000,-712.162000,324.600000
1308.005000,-713.100000,314.352000
1312.593000,-710.356000,354.000000
1302.800000,-709.984000,325.188000
1287.177000,-703.200000,314.898000
1285.800000,-704.832000,346.650000
1288.894000,-735.200000,336.360000
1297.088000,-725.152000,354.000000
1268.400000,-1048.125000,321.246000
1267.500000,-1042.900000,317.098000
1243.400000,-1052.140000,312.950000
1250.900000,-1097.900000,308.785000
1246.875000,-1074.195000,324.000000
1228.600000,-1103.818000,308.815000
1227.060000,-1073.500000,307.595000
1218.600000,-1082.335000,311.370000
1222.770000,-1104.500000,310.150000
1224.740000,-1087.512000,312.000000
1220.900000,-1103.110000,311.664000
1212.499000,-1094.500000,310.932000
1189.900000,-1098.530000,310.197000
1206.454000,-1104.500000,309.465000
1192.659000,-1097.840000,312.000000
1216.600000,-1067.845000,307.413000
1213.496000,-1056.700000,307.169000
1208.600000,-1064.500000,307.924000
1213.808000,-1071.700000,307.680000
1213.120000,-1059.955000,308.000000
1195.000000,-1073.536000,311.814000
1189.940000,-1051.000000,311.079000
1185.000000,-1073.932000,310.347000
1192.690000,-1087.000000,309.615000
1185.400000,-1054.600000,312.000000
1187.000000,-1090.934000,315.093000
1177.655000,-1077.700000,312.398000
1172.000000,-1097.304000,320.714000
1185.290000,-1103.700000,318.019000
1179.725000,-1103.232000,321.000000
1148.400000,-1087.375000,311.000000
1111.400000,-1077.600000,311.000000
1098.400000,-1099.400000,311.000000
1098.550000,-1102.600000,311.000000
1147.900000,-1099.225000,311.000000
1231.100000,-1004.028000,310.024000
1212.224000,-998.000000,309.536000
1209.100000,-1019.758000,309.046000
1211.762000,-1020.000000,310.558000
1219.330000,-1014.456000,311.000000
1206.100000,-1011.137000,309.185000
1192.450000,-1004.700000,312.965000
1192.100000,-1009.046000,311.740000
1195.432000,-1045.700000,310.520000
1205.274000,-1030.571000,314.000000
1143.300000,-1001.733000,319.868000
1139.804000,-999.900000,316.452000
1105.300000,-1010.428000,313.022000
1118.790000,-1046.900000,323.606000
1121.108000,-1024.011000,326.000000
1268.000000,-934.420000,308.609000
1261.939000,-925.200000,313.894000
1239.000000,-928.610000,312.186000
1252.717000,-935.200000,310.478000
1264.839000,-929.160000,315.000000
1238.900000,-973.865000,312.448000
1234.649000,-947.300000,311.468000
1225.900000,-962.414000,310.492000
1233.570000,-980.300000,313.512000
1230.658000,-956.507000,314.000000
1224.200000,-968.636000,310.544000
1218.872000,-949.400000,313.568000
1212.200000,-965.528000,312.592000
1220.684000,-977.400000,311.612000
1222.292000,-953.908000,314.000000
1179.800000,-972.140000,312.644000
1166.897000,-965.300000,311.668000
1156.800000,-973.616000,310.688000
1175.752000,-977.300000,313.712000
1164.068000,-965.828000,314.000000
1190.200000,-948.390000,313.162000
1145.386000,-934.800000,326.014000
1124.200000,-959.100000,321.849000
1186.372000,-964.800000,317.701000
1176.472000,-962.610000,327.000000
1268.300000,-860.892000,312.555000
1257.156000,-853.500000,311.335000
1254.300000,-873.916000,310.110000
1255.126000,-875.500000,313.890000
1258.038000,-871.298000,314.000000
1257.000000,-834.678000,311.472000
1246.044000,-830.100000,312.982000
1245.000000,-831.045000,312.494000
1247.112000,-851.100000,312.006000
1253.904000,-844.632000,313.000000
1157.500000,-845.630000,316.000000
1157.097000,-842.600000,316.000000
1144.500000,-847.460000,316.000000
1148.322000,-872.600000,316.000000
1147.321000,-859.850000,316.000000
1145.100000,-872.460000,316.000000
1139.920000,-857.700000,316.000000
1110.100000,-861.885000,316.000000
1124.485000,-872.700000,316.000000
1134.320000,-864.555000,316.000000
1259.300000,-797.894000,310.190000
1254.000000,-790.100000,310.434000
1239.300000,-793.673000,310.679000
1249.860000,-799.100000,310.923000
1242.640000,-793.160000,310.000000
1213.100000,-794.789000,313.000000
1208.121000,-749.100000,313.000000
1200.100000,-780.454000,313.000000
1208.498000,-810.100000,313.000000
1208.459000,-762.703000,313.000000
1200.200000,-787.052000,327.620000
1193.700000,-748.500000,323.455000
1187.200000,-786.991000,319.307000
1197.119000,-809.500000,315.159000
1188.734000,-754.966000,330.000000
1142.500000,-794.364000,320.695000
1119.671000,-781.000000,318.980000
1105.500000,-800.474000,324.272000
1138.060000,-807.000000,322.564000
1127.441000,-806.688000,325.000000
1270.600000,-744.961000,315.640000
1233.900000,-739.800000,314.660000
1220.600000,-751.058000,313.684000
1270.450000,-752.800000,312.704000
1224.000000,-751.123000,316.000000
1238.100000,-701.220000,324.378000
1200.612000,-688.900000,320.230000
1194.100000,-732.152000,333.082000
1199.160000,-732.900000,328.917000
1217.992000,-722.076000,334.000000
1172.300000,-701.816000,318.918000
1147.106000,-696.600000,318.430000
1146.300000,-699.832000,317.940000
1152.332000,-728.600000,317.452000
1146.768000,-716.952000,319.000000
1138.700000,-686.175000,320.452000
1136.292000,-685.500000,319.720000
1110.700000,-688.770000,321.985000
1120.472000,-700.500000,321.253000
1124.532000,-693.285000,322.000000
1202.900000,-661.916000,318.207000
1186.172000,-641.500000,335.572000
1120.900000,-648.870000,329.960000
1159.194000,-663.500000,324.348000
1200.358000,-650.344000,341.000000
1148.800000,-635.484000,319.738000
1135.960000,-599.800000,318.023000
1108.800000,-619.688000,316.315000
1132.160000,-643.800000,321.607000
1126.560000,-612.296000,323.000000
1251.400000,-620.764000,310.649000
1208.476000,-587.500000,318.954000
1153.400000,-614.860000,316.270000
1222.098000,-635.500000,313.575000
1243.462000,-595.516000,321.000000
1253.000000,-576.096000,324.656000
1205.740000,-564.000000,316.848000
1168.000000,-578.427000,309.040000
1237.615000,-585.000000,333.200000
1201.490000,-565.050000,338.000000
994.600000,-1077.806000,323.236000
958.258000,-1062.200000,373.888000
940.600000,-1089.536000,357.473000
991.144000,-1096.200000,341.125000
987.526000,-1093.922000,383.000000
1076.100000,-1016.614000,323.394000
1049.240000,-998.200000,319.002000
1042.100000,-1047.988000,314.592000
1043.902000,-1052.200000,328.200000
1053.830000,-1042.210000,330.000000
1024.800000,-1007.396000,319.422000
935.914000,-995.300000,326.217000
926.800000,-997.406000,324.021000
943.558000,-1049.300000,321.825000
1007.160000,-1032.992000,327.000000
995.200000,-936.194000,367.493000
993.625000,-931.700000,350.098000
932.200000,-938.252000,332.774000
950.344000,-973.700000,386.450000
950.785000,-956.102000,390.000000
1073.100000,-930.594000,317.912000
1064.296000,-885.100000,328.482000
1011.100000,-897.704000,325.066000
1036.210000,-931.100000,321.636000
1058.840000,-906.398000,329.000000
1021.800000,-863.840000,324.392000
1013.253000,-824.600000,322.928000
988.800000,-842.195000,321.464000
1006.026000,-869.600000,325.994000
996.885000,-840.170000,326.000000
1078.200000,-792.170000,330.079000
1066.890000,-751.400000,318.611000
1048.200000,-778.832000,354.096000
1067.400000,-805.400000,342.628000
1069.800000,-763.766000,365.000000
1028.200000,-788.724000,337.204000
1006.464000,-758.100000,331.836000
984.200000,-788.148000,326.446000
1017.508000,-806.100000,321.078000
992.824000,-763.428000,342.000000
986.200000,-774.400000,330.447000
951.984000,-743.200000,325.302000
930.200000,-787.780000,341.178000
979.144000,-803.200000,336.054000
967.776000,-802.840000,345.000000
1023.800000,-704.386000,341.640000
956.732000,-679.400000,336.740000
931.800000,-732.720000,331.860000
1023.064000,-741.400000,326.980000
945.232000,-733.774000,345.000000
1083.800000,-621.760000,321.499000
1045.730000,-604.600000,319.784000
1038.800000,-663.220000,325.076000
1043.705000,-664.600000,323.361000
1066.745000,-650.200000,326.000000
987.100000,-616.312000,325.762000
969.766000,-606.400000,325.274000
969.100000,-612.005000,324.786000
973.168000,-665.400000,324.296000
970.828000,-644.278000,326.000000
965.000000,-628.087000,332.902000
963.720000,-626.200000,328.754000
949.000000,-634.044000,341.589000
954.504000,-663.200000,337.441000
958.136000,-645.625000,343.000000
1066.900000,-592.436000,338.758000
1039.972000,-542.000000,334.366000
930.900000,-559.766000,329.956000
993.596000,-596.000000,325.564000
937.292000,-564.032000,340.000000
813.700000,-1092.856000,324.016000
802.990000,-1059.400000,321.321000
779.700000,-1077.727000,329.637000
799.352000,-1100.400000,326.953000
797.448000,-1071.290000,330.000000
892.700000,-1060.697000,339.696000
861.164000,-988.700000,335.776000
819.700000,-1046.792000,331.872000
870.435000,-1091.700000,327.952000
892.481000,-1006.519000,340.000000
809.800000,-1030.720000,330.578000
793.850000,-995.800000,327.393000
780.800000,-1036.660000,324.221000
804.377000,-1055.800000,334.036000
794.488000,-999.160000,337.000000
773.400000,-1083.825000,322.480000
738.716000,-1072.200000,334.576000
721.400000,-1092.175000,330.672000
769.760000,-1097.200000,326.752000
770.644000,-1095.650000,338.000000
772.800000,-1019.632000,384.940000
753.200000,-1000.200000,358.588000
747.800000,-1051.496000,332.128000
748.975000,-1056.200000,413.776000
758.350000,-1046.176000,433.000000
840.300000,-933.090000,329.240000
789.788000,-920.900000,388.208000
784.300000,-922.649000,369.098000
793.540000,-973.900000,350.066000
834.588000,-958.212000,401.000000
844.200000,-831.658000,342.705000
843.022000,-824.200000,337.560000
782.200000,-834.100000,332.436000
799.684000,-890.200000,348.312000
805.326000,-862.876000,351.000000
769.300000,-873.455000,338.190000
766.852000,-824.700000,385.755000
751.300000,-837.832000,370.383000
758.482000,-873.700000,354.948000
766.564000,-847.681000,393.000000
742.424844,-867.255564,371.265000
755.260342,-830.592264,355.830000
737.229770,-840.806479,340.458000
733.144037,-868.806057,388.023000
742.522593,-841.702337,393.000000
869.700000,-759.442000,328.222000
851.150000,-742.700000,341.830000
819.700000,-753.744000,337.438000
851.400000,-764.700000,333.028000
859.600000,-747.870000,343.000000
907.900000,-774.680000,337.672000
890.820000,-736.100000,333.280000
872.900000,-773.300000,328.870000
899.185000,-796.100000,342.478000
882.455000,-743.120000,343.000000
831.197238,-793.477823,377.884000
816.709068,-762.269248,526.060000
787.361460,-780.261995,478.040000
817.238179,-807.597925,430.216000
812.443976,-805.112846,529.000000
909.000000,-643.997000,345.096000
863.451000,-630.500000,339.216000
846.000000,-658.682000,333.360000
908.118000,-663.500000,327.504000
860.112000,-659.639000,351.000000
840.600000,-648.493000,351.367000
796.920000,-641.800000,333.482000
788.600000,-664.156000,388.670000
793.956000,-664.800000,370.785000
824.948000,-659.395000,404.000000
897.700000,-598.864000,497.645000
819.226000,-592.600000,445.185000
831.608000,-592.600000,350.585000
815.700000,-595.804000,392.725000
833.740000,-628.600000,340.050000
887.204000,-628.600000,444.755000
906.700000,-543.451000,329.920000
897.550000,-541.000000,326.260000
784.700000,-549.858000,337.600000
825.936000,-584.000000,333.925000
863.878000,-563.833000,340.000000
543.388677,-1153.323501,350.590000
555.163708,-1123.848980,343.270000
525.758088,-1116.871716,335.920000
526.467583,-1144.298391,328.600000
527.695308,-1121.760855,355.000000
526.902038,-1174.448372,386.102000
523.121202,-1144.135854,347.306000
504.961134,-1131.886733,328.862000
478.980066,-1129.256661,467.351000
501.051195,-1163.023549,428.555000
508.595437,-1168.112204,398.504000
513.582854,-1147.699291,485.000000
495.003066,-1102.706613,381.083000
505.506970,-1084.310684,366.138000
486.874031,-1086.127703,351.254000
485.072232,-1103.568325,336.370000
495.970687,-1080.498502,387.000000
581.249251,-1075.838279,371.652000
589.952306,-1029.590840,344.947000
541.882996,-1035.657908,427.351000
554.916324,-1083.254965,400.646000
590.325883,-1036.061826,434.000000
621.015430,-1032.498616,356.464000
606.577954,-1004.214094,348.656000
587.923118,-998.818542,340.848000
613.001075,-1034.392207,333.008000
587.019683,-1001.062072,358.000000
645.324607,-994.159954,331.247000
641.512399,-964.210754,328.563000
605.077871,-984.288053,336.879000
602.802667,-987.913925,334.184000
618.364297,-994.760450,337.000000
668.005898,-950.347534,327.078000
666.150464,-934.555986,356.562000
664.413338,-933.955338,347.007000
638.692399,-957.852665,337.491000
654.508684,-960.794827,366.000000
449.486879,-1084.943260,328.527000
452.937538,-1081.329306,328.283000
417.768897,-1047.576757,328.038000
398.372514,-1080.685774,328.794000
417.086110,-1076.565767,329.000000
466.490632,-1036.953909,331.380000
464.388398,-1034.307018,380.455000
443.637579,-1022.004198,364.595000
431.714895,-1044.807106,348.735000
453.492069,-1045.004212,393.000000
512.986039,-1032.528608,362.928000
530.693303,-1010.849872,347.248000
510.677890,-1004.802241,331.632000
503.113456,-1026.051084,379.952000
516.988034,-1011.560170,390.000000
498.074755,-1006.618178,332.949000
513.654094,-983.199931,369.993000
490.944416,-982.796743,358.037000
486.352665,-1005.101025,346.032000
510.614391,-992.793943,377.000000
545.996782,-1006.727159,349.284000
542.226024,-976.288881,340.988000
512.693483,-964.210622,332.692000
530.511584,-1001.548146,358.362000
534.161089,-971.215739,362.000000
593.481458,-965.739915,328.755000
605.863262,-929.463432,332.535000
562.650790,-946.956272,331.310000
568.364120,-980.085807,330.090000
614.693904,-940.949945,333.000000
576.578725,-932.642714,367.532000
588.581389,-907.238837,353.624000
545.353522,-936.053473,339.659000
548.632303,-954.835783,382.751000
546.688217,-941.578882,386.000000
656.478783,-908.787174,331.618000
645.324255,-869.527846,345.208000
600.084190,-896.550434,340.816000
601.404334,-901.098109,336.424000
630.271725,-917.096599,346.000000
706.147442,-846.030928,424.558000
692.172800,-814.472541,391.973000
687.890386,-815.778616,359.521000
656.993880,-850.480979,459.936000
671.253475,-840.600140,461.000000
738.486145,-804.416145,346.250000
738.537726,-801.977143,329.414000
718.832769,-785.588627,381.578000
708.931078,-805.141371,364.673000
724.638245,-806.145249,398.000000
763.900000,-693.455000,371.975000
759.994000,-675.500000,360.019000
742.900000,-681.542000,348.063000
752.329000,-694.500000,336.058000
747.142000,-683.461000,383.000000
735.216535,-713.907709,342.000000
738.861812,-693.410855,332.240000
712.700066,-674.237005,362.440000
720.414514,-700.821639,352.680000
733.836160,-696.322464,370.000000
766.000000,-633.658000,364.700000
735.267000,-578.200000,355.916000
693.000000,-621.256000,347.096000
742.932000,-656.200000,338.312000
704.169000,-592.630000,371.000000
765.700000,-561.360000,341.000000
733.420000,-537.600000,336.100000
705.700000,-564.400000,351.220000
753.760000,-577.600000,346.340000
743.380000,-540.280000,354.000000
708.600000,-556.392000,514.125000
681.090000,-536.400000,461.450000
666.600000,-569.454000,408.990000
705.156000,-578.400000,356.315000
430.605677,-1015.878051,344.960000
415.138771,-979.664313,335.200000
387.062641,-988.087287,365.440000
385.934582,-991.270615,355.640000
406.541574,-1008.757163,369.000000
480.451748,-968.152991,403.768000
454.544543,-923.854919,383.760000
450.076462,-919.405117,363.670000
431.218337,-945.897956,343.662000
434.718782,-935.728822,410.000000
508.099216,-941.329915,330.245000
510.769937,-938.716842,329.025000
476.283481,-902.755811,332.800000
464.705626,-929.502627,331.580000
482.196239,-931.938206,333.000000
571.467589,-892.499082,349.454000
567.074088,-886.406172,344.330000
522.097805,-855.272371,339.185000
502.056588,-901.457191,334.061000
511.757372,-863.954711,350.000000
587.754590,-881.783287,336.485000
624.685319,-842.535498,332.810000
592.982046,-838.947389,329.150000
573.280019,-874.396184,340.490000
602.445039,-849.775144,344.000000
565.598295,-856.492444,327.168000
576.819215,-833.547522,332.453000
553.270024,-827.872894,330.745000
553.146123,-851.984160,329.030000
576.993196,-845.489307,334.000000
581.335939,-821.372878,346.180000
593.730683,-803.373343,337.640000
574.323601,-810.323483,329.100000
570.629144,-825.693822,355.525000
589.745414,-805.011403,362.000000
626.536789,-793.864971,328.336000
631.185494,-774.813820,352.528000
609.735919,-781.734856,344.688000
614.324731,-800.073968,336.880000
637.183078,-782.773197,358.000000
675.453270,-801.877210,335.372000
658.966993,-762.164142,331.956000
629.419438,-764.522617,328.526000
661.432660,-811.290442,339.110000
642.103760,-782.536604,341.000000
722.518875,-755.590082,334.813000
710.593524,-711.975195,358.249000
660.417762,-741.540594,350.654000
661.416019,-746.586977,343.090000
695.854271,-767.853646,362.000000
436.161719,-917.470507,340.664000
404.020941,-868.026573,336.254000
399.939248,-867.023792,331.862000
384.422893,-896.262519,345.470000
397.863632,-895.031693,347.000000
466.608206,-890.548671,331.287000
466.432775,-887.042769,345.632000
435.351177,-857.955934,340.996000
425.815232,-884.554753,336.341000
450.058218,-892.659272,347.000000
484.454217,-878.052318,339.152000
525.060002,-837.527050,335.248000
493.482420,-828.278358,331.344000
470.601870,-865.617800,343.424000
494.028291,-839.725979,344.000000
462.690474,-843.564051,334.882000
486.059583,-815.437215,358.318000
461.120782,-813.952933,350.723000
450.512687,-839.868130,343.159000
476.567558,-824.760464,359.000000
539.110585,-829.481502,348.663000
549.454331,-811.493208,341.587000
531.370901,-812.587302,334.482000
529.524872,-829.785801,327.406000
541.446215,-809.755659,356.000000
528.090323,-805.980563,328.632000
530.672489,-780.614659,327.168000
505.177995,-780.784775,331.698000
514.354894,-808.134580,330.234000
534.063000,-788.281536,333.000000
570.699271,-801.474546,336.361000
557.393306,-762.065880,333.176000
525.969048,-760.490792,330.004000
555.337370,-807.197483,326.832000
528.723451,-772.234529,339.000000
587.742854,-745.961191,327.932000
588.927644,-731.184543,326.462000
567.334243,-744.473125,330.998000
565.379028,-746.596865,329.528000
574.397766,-750.570796,332.000000
626.167664,-735.357794,333.460000
614.124100,-708.710625,331.020000
611.415033,-706.127933,328.580000
591.434007,-728.361165,326.130000
597.616507,-722.695855,335.000000
606.260087,-710.424833,336.243000
612.413415,-705.422666,328.191000
596.678064,-698.882810,353.106000
558.069254,-735.243175,345.054000
580.070405,-724.028071,357.000000
694.102477,-695.814210,342.920000
690.140414,-689.682038,338.040000
644.662917,-657.357242,333.140000
624.355773,-703.785715,328.260000
636.721374,-670.146056,345.000000
314.730385,-1037.171842,330.052000
326.014763,-987.037773,327.124000
248.237121,-917.304484,336.184000
268.529258,-987.554794,333.256000
295.523896,-975.770294,337.000000
349.327198,-990.335850,359.110000
386.701434,-948.715138,350.535000
349.761156,-957.815449,341.995000
331.036348,-992.794597,333.455000
363.120938,-948.026319,361.000000
340.370775,-962.002912,340.362000
335.208723,-898.909982,334.972000
272.992198,-873.734696,351.604000
307.563027,-950.577240,346.214000
328.006529,-901.599938,352.000000
376.253563,-871.312549,458.340000
366.944118,-824.374935,426.132000
325.366472,-819.873413,393.924000
354.972693,-874.741101,361.584000
392.229756,-856.707642,459.000000
403.204876,-840.317288,338.440000
386.516549,-799.401299,333.072000
355.863443,-801.448050,327.682000
388.614127,-849.662064,344.314000
371.650602,-823.946808,349.000000
463.472693,-788.380401,327.630000
439.398512,-745.394104,338.214000
412.808793,-753.488403,334.784000
415.036750,-758.213258,331.368000
451.001946,-793.316533,341.000000
500.991759,-757.616143,326.000000
471.008360,-711.742089,326.000000
467.218182,-710.333392,326.000000
453.690711,-736.438029,326.000000
468.700766,-739.582698,326.000000
583.796686,-682.616846,326.520000
584.495918,-680.070297,338.600000
564.213254,-663.732689,334.696000
551.372886,-685.248216,330.792000
571.126015,-688.812480,341.000000
541.686892,-719.383302,328.100000
558.874954,-696.508838,326.875000
531.185815,-676.416524,325.655000
526.570669,-702.697824,329.430000
537.380529,-689.826541,330.000000
520.643369,-683.240686,327.304000
546.141219,-657.332661,339.400000
525.767888,-661.076298,335.496000
511.375939,-682.728791,331.576000
536.749505,-667.189750,341.000000
582.495135,-647.427352,340.394000
591.341720,-625.048319,334.050000
568.369205,-621.562122,327.680000
570.247754,-645.087341,347.336000
581.764493,-622.230620,349.000000
284.368661,-839.361764,333.790000
284.539892,-820.620171,360.250000
266.953473,-816.153547,351.675000
275.034776,-838.427501,343.135000
288.531510,-828.799974,362.000000
261.816923,-858.697491,330.066000
237.862251,-799.577400,326.650000
194.367517,-790.960199,323.220000
241.491278,-863.576065,333.804000
204.269624,-814.523451,334.000000
326.915790,-798.180835,326.000000
310.011528,-758.093039,326.000000
279.491134,-765.701215,326.000000
277.644261,-768.872214,326.000000
305.955895,-796.226811,326.000000
296.482991,-704.218696,327.076000
295.113864,-689.991986,326.096000
293.791704,-689.052364,325.120000
270.213306,-713.144160,324.140000
277.653936,-707.525085,328.000000
354.376961,-705.114005,327.051000
349.553207,-696.024997,325.343000
347.747133,-697.625706,330.635000
337.267693,-710.741269,328.920000
345.602176,-708.868574,332.000000
344.502543,-690.006252,328.090000
344.234309,-689.179177,326.870000
336.621551,-687.733459,325.645000
327.809453,-699.378150,324.425000
333.885424,-691.750265,329.000000
359.755192,-696.036075,325.372000
371.342538,-677.606070,324.396000
350.611005,-665.852148,327.416000
348.560003,-686.236550,326.440000
362.218891,-680.151050,328.000000
399.406195,-686.093523,329.472000
402.907872,-658.006952,328.492000
384.650077,-668.882695,327.516000
389.411458,-690.311014,326.540000
389.509546,-662.475216,330.000000
426.681179,-655.926206,333.467000
430.917548,-627.530465,328.812000
404.974162,-636.507539,343.176000
412.813469,-661.406249,338.540000
428.896080,-632.700023,345.000000
402.610662,-604.845245,367.982000
380.399253,-628.753495,355.977000
366.993747,-648.061914,344.021000
398.067723,-612.364203,332.016000
367.565504,-644.155506,372.000000
564.198004,-590.434084,332.608000
573.980735,-565.800763,326.752000
536.122633,-590.494786,344.896000
540.262222,-609.625691,339.016000
539.210198,-600.475084,346.000000
562.900000,-539.915000,345.208000
530.220000,-533.300000,339.352000
522.900000,-553.208000,333.472000
526.100000,-554.300000,327.616000
523.300000,-549.869000,346.000000
514.274722,-645.347335,339.268000
503.373593,-621.574708,332.192000
500.458582,-621.694456,325.087000
478.835577,-646.781774,347.011000
492.672250,-645.357519,354.000000
497.973495,-598.427975,321.000000
499.018172,-595.217147,321.000000
472.353242,-571.491037,321.000000
456.972830,-598.250986,321.000000
484.011997,-607.504700,321.000000
470.500000,-569.941000,321.000000
468.810000,-563.200000,321.000000
460.500000,-565.300000,321.000000
464.820000,-570.200000,321.000000
464.860000,-566.259000,321.000000
449.336045,-586.167339,321.000000
452.521253,-571.004027,321.000000
443.052331,-575.206307,321.000000
444.108550,-587.002431,321.000000
452.143928,-577.062829,321.000000
428.285349,-592.023306,323.364000
431.704762,-570.001846,322.388000
419.977328,-582.776637,321.412000
422.008550,-598.401839,324.432000
427.425492,-574.880216,325.000000
479.100000,-552.610000,321.000000
457.218000,-546.500000,321.000000
437.100000,-553.020000,321.000000
470.028000,-556.500000,321.000000
473.262000,-547.350000,321.000000
410.262054,-568.242868,321.000000
411.278584,-547.503324,321.000000
397.019391,-574.998004,321.000000
402.181634,-586.826315,321.000000
397.358177,-583.635348,321.000000
398.314902,-553.152093,321.000000
394.460367,-541.101858,321.000000
384.384960,-562.966059,321.000000
383.566983,-565.910870,321.000000
392.390767,-564.651129,321.000000
1351.208102,-490.675229,342.696000
1353.203540,-468.632040,328.976000
1351.732445,-466.374146,315.312000
1311.303242,-492.049838,357.648000
1324.049700,-488.609937,360.000000
1269.500000,-498.860000,315.048000
1205.150000,-494.600000,336.188000
1204.500000,-498.230000,329.356000
1220.945000,-524.600000,322.496000
1254.030000,-513.080000,337.000000
1269.000000,-417.136000,322.540000
1266.111000,-416.200000,317.416000
1242.000000,-425.521000,312.292000
1251.990000,-455.200000,307.147000
1248.399000,-435.622000,328.000000
1188.300000,-525.424000,313.710000
1176.652000,-496.400000,310.294000
1136.300000,-507.792000,320.864000
1161.624000,-528.400000,317.448000
1173.324000,-508.592000,324.000000
1131.300000,-518.200000,315.370000
1122.750000,-486.600000,314.638000
1106.300000,-505.520000,313.903000
1121.425000,-526.600000,313.171000
1111.000000,-497.160000,316.000000
1190.100000,-461.814000,314.520000
1155.216000,-449.700000,312.560000
1114.100000,-460.320000,318.608000
1168.972000,-467.700000,316.656000
1164.488000,-452.328000,320.000000
1203.900000,-427.380000,336.560000
1149.756000,-407.400000,328.230000
1109.900000,-432.888000,319.934000
1188.766000,-443.400000,311.638000
1122.872000,-408.444000,342.000000
963.800000,-506.274000,325.095000
940.204000,-496.200000,324.360000
929.800000,-515.175000,326.628000
962.338000,-519.200000,325.893000
950.642000,-517.176000,327.000000
1005.000000,-443.230000,345.114000
948.230000,-433.600000,338.770000
935.000000,-461.860000,332.426000
940.180000,-463.600000,326.056000
941.160000,-457.450000,348.000000
912.300000,-500.990000,366.400000
865.900000,-494.900000,342.000000
862.300000,-496.700000,417.500000
871.850000,-524.900000,393.100000
890.450000,-515.210000,425.000000
911.700000,-447.740000,345.475000
910.530000,-444.300000,339.375000
885.700000,-451.380000,333.250000
893.734000,-484.300000,327.150000
886.714000,-466.700000,347.000000
914.100000,-431.270000,369.256000
905.950000,-402.200000,343.776000
864.100000,-411.020000,422.400000
885.400000,-432.200000,397.024000
889.800000,-415.490000,425.000000
864.200000,-489.269000,409.131000
846.840000,-473.100000,389.776000
802.200000,-480.928000,370.500000
835.866000,-492.100000,351.224000
863.518000,-479.275000,410.000000
863.600000,-447.146000,371.606000
838.986000,-433.200000,352.251000
801.600000,-443.251000,332.975000
842.520000,-452.200000,392.620000
830.368000,-437.152000,410.000000
772.000000,-475.274000,336.306000
772.000000,-463.806000,408.603000
713.290000,-400.000000,402.078000
658.000000,-478.812000,380.850000
658.000000,-466.246000,359.709000
746.692000,-522.000000,359.535000
765.046000,-411.102000,420.000000
687.070000,-447.824000,420.000000
634.400000,-460.000000,362.158000
597.112000,-398.000000,346.054000
575.400000,-492.736000,329.884000
628.205000,-522.000000,379.780000
599.826000,-518.652000,391.000000
574.200000,-446.286000,322.696000
531.507000,-399.300000,354.448000
517.200000,-507.663000,344.158000
517.884000,-522.300000,333.910000
567.930000,-504.588000,361.000000
480.900000,-480.035000,336.164000
454.890000,-469.700000,329.304000
450.900000,-508.622000,322.472000
454.800000,-508.700000,343.640000
461.850000,-498.521000,347.000000
405.300000,-481.916000,318.104000
379.716000,-475.700000,324.144000
379.300000,-480.530000,322.192000
385.722000,-517.700000,320.232000
401.140000,-501.782000,325.000000
499.500000,-400.330000,315.674000
494.854000,-398.500000,316.164000
453.500000,-412.713000,316.652000
470.244000,-459.500000,315.142000
467.990000,-429.244000,315.000000
1271.200000,-357.449000,322.895000
1263.535000,-290.800000,387.155000
1236.200000,-316.350000,366.415000
1253.070000,-363.800000,345.590000
1263.850000,-319.051000,392.000000
1217.300000,-334.208000,374.944000
1200.500000,-315.900000,353.716000
1167.300000,-326.641000,332.401000
1197.250000,-338.900000,398.173000
1180.550000,-322.110000,400.000000
1167.900000,-347.190000,333.619000
1149.780000,-276.000000,399.391000
1127.900000,-337.425000,378.076000
1156.540000,-381.000000,356.848000
1157.540000,-291.960000,400.000000
1100.100000,-325.245000,433.396000
1043.100000,-300.000000,394.686000
1047.100000,-300.000000,437.030000
1000.100000,-331.590000,356.134000
1083.400000,-345.000000,317.582000
1059.700000,-345.000000,348.234000
1021.700000,-301.575000,471.000000
997.200000,-365.240000,350.283000
955.920000,-349.700000,323.578000
937.200000,-378.365000,405.982000
994.260000,-384.700000,379.277000
978.660000,-381.830000,428.000000
998.100000,-270.445000,407.399000
949.800000,-259.000000,380.803000
938.100000,-291.795000,354.207000
942.180000,-294.000000,327.502000
948.060000,-287.000000,428.000000
879.400000,-363.707000,348.856000
858.194000,-358.900000,331.532000
856.400000,-360.142000,385.208000
860.655000,-381.900000,367.813000
871.143000,-374.609000,396.000000
830.200000,-353.044000,389.992000
828.920000,-350.100000,372.424000
798.200000,-355.572000,354.784000
807.896000,-382.100000,337.216000
801.912000,-368.212000,400.000000
889.700000,-348.475000,354.652000
879.809000,-296.800000,334.644000
826.700000,-312.064000,396.554000
853.160000,-349.800000,376.546000
863.996000,-320.544000,405.000000
918.300000,-289.124000,333.021000
891.996000,-261.700000,330.326000
822.300000,-274.692000,327.642000
873.852000,-293.700000,324.958000
828.732000,-272.292000,334.000000
775.600000,-341.500000,376.524000
758.744000,-315.600000,349.819000
732.600000,-333.905000,432.223000
760.765000,-350.600000,405.518000
755.906000,-323.090000,438.000000
769.600000,-293.104000,411.440000
748.222000,-263.200000,389.724000
727.600000,-293.920000,368.008000
760.024000,-311.200000,346.203000
728.314000,-267.856000,415.000000
706.400000,-285.715000,330.760000
675.726000,-253.900000,326.856000
657.400000,-301.654000,338.952000
700.961000,-316.900000,335.032000
681.508000,-315.577000,339.000000
646.650000,-298.316000,320.550000
546.567900,-247.100000,362.130000
511.950000,-362.600000,348.655000
512.892900,-379.100000,335.235000
642.204900,-360.884000,375.000000
632.506500,-344.516000,375.000000
502.100000,-283.843000,333.610000
392.753000,-247.800000,322.386000
375.100000,-379.736000,311.116000
390.848000,-380.800000,345.892000
431.361000,-346.885000,355.000000
493.083000,-264.292000,355.000000
1095.100000,-169.958000,321.400000
954.268000,-156.800000,351.600000
951.100000,-166.260000,341.840000
985.804000,-242.800000,332.080000
1083.292000,-210.722000,359.000000
1089.772000,-200.746000,359.000000
921.400000,-162.800000,471.835000
921.400000,-162.275000,357.128000
914.275000,-160.100000,410.340000
883.600000,-160.100000,412.097000
846.400000,-177.125000,349.096000
846.400000,-162.875000,467.066000
873.250000,-235.100000,538.601000
889.075000,-235.100000,522.035000
994.700000,-86.925800,319.981000
984.689000,-70.200000,326.785000
947.700000,-76.460800,324.589000
970.072000,-88.400000,322.384000
988.496000,-77.352600,328.000000
998.216445,-58.915436,337.118000
987.425482,-42.675546,330.530000
958.268092,-44.705168,323.942000
980.791013,-58.764442,344.327000
973.023229,-44.495261,347.000000
852.118599,-117.102316,326.339000
845.728011,-97.846469,342.215000
823.424569,-95.942323,337.070000
840.297486,-116.293922,331.946000
852.016899,-105.455809,344.000000
888.195604,-87.054609,325.104000
866.329000,-57.010281,323.640000
834.789861,-57.409789,322.170000
873.676235,-90.491214,326.706000
858.502635,-53.304310,327.000000
920.799316,-19.034194,323.344000
896.530848,2.393452,335.424000
876.042008,-13.663630,331.520000
913.584124,-32.237221,327.616000
906.970371,-27.704005,336.000000
877.791764,11.009226,324.542000
866.486808,29.421704,321.357000
849.826543,-5.179996,318.185000
850.114935,-8.280846,315.000000
856.361941,-2.047973,328.000000
783.200000,-201.505000,345.866000
746.520000,-191.400000,327.078000
743.200000,-193.656000,385.290000
750.400000,-238.400000,366.425000
771.960000,-223.783000,403.000000
712.800000,-192.400000,324.698000
711.270000,-187.500000,323.234000
667.800000,-195.750000,321.770000
681.165000,-237.500000,320.300000
676.530000,-216.100000,326.000000
638.700000,-215.400000,324.932000
627.526000,-195.800000,317.856000
564.700000,-201.460000,339.751000
595.336000,-215.800000,332.675000
614.206000,-204.880000,345.000000
423.000000,-224.020000,379.137000
414.156000,-189.500000,357.421000
390.000000,-205.500000,335.616000
407.523000,-229.500000,313.900000
394.785000,-202.980000,394.000000
776.400000,-110.660000,322.222000
755.170000,-65.900000,320.017000
721.400000,-96.920000,326.821000
757.095000,-125.900000,324.625000
755.500000,-79.100000,328.000000
769.250000,-23.860000,354.384000
715.177500,1.300000,342.624000
661.750000,-24.100000,330.912000
744.095000,-38.700000,319.152000
671.962500,-2.780000,360.000000
507.800000,-18.328000,312.361000
470.600000,6.200000,306.749000
447.800000,-29.896000,324.137000
500.780000,-41.800000,318.502000
482.000000,-41.080000,326.000000
242.898641,-579.750602,322.932000
237.790502,-562.941259,322.688000
220.996008,-571.954749,322.444000
219.065607,-573.914849,322.199000
221.679074,-572.608116,323.000000
296.500000,-332.648000,312.457000
288.805000,-326.000000,312.213000
287.500000,-349.664000,312.968000
288.562000,-350.000000,312.724000
292.180000,-344.000000,313.000000
283.000000,-311.931000,312.982000
259.672000,-310.500000,312.738000
259.000000,-311.436000,312.493000
264.640000,-319.500000,312.249000
282.904000,-316.197000,313.000000
181.176054,-555.057521,326.056000
181.079439,-551.167384,324.096000
157.090818,-523.558839,322.144000
135.577142,-549.971670,328.192000
154.916293,-545.282826,330.000000
131.861359,-309.887378,313.064000
143.090215,-288.412545,314.574000
117.489414,-274.761849,314.086000
117.418703,-298.096373,313.596000
139.823381,-299.252492,315.000000
100.855393,-632.115170,371.372000
136.442663,-585.530975,350.144000
101.754833,-597.274604,328.916000
84.020595,-634.932283,394.601000
117.808985,-595.509666,410.000000
8.750444,-464.574305,320.810000
89.661768,-553.539552,328.370000
56.612265,-457.487594,325.920000
-9.403766,-412.786975,323.480000
61.862783,-537.958240,330.000000
143.619307,-442.554508,333.332000
165.202273,-389.670563,327.964000
104.994369,-412.253984,322.574000
109.275086,-460.031068,339.206000
159.873861,-389.734764,342.000000
80.574761,-350.749163,318.454000
123.146272,-367.830496,344.158000
84.916415,-306.140182,335.828000
50.926698,-312.379205,327.532000
57.239144,-315.322034,348.000000
53.416905,-289.837929,333.648000
33.781964,-237.698703,325.563000
-20.062803,-272.807969,317.511000
-21.134777,-278.948484,342.459000
-0.057338,-281.946617,345.000000
364.000000,-152.937000,306.077000
260.146000,-131.500000,318.912000
250.000000,-135.574000,314.764000
269.836000,-228.500000,310.599000
340.858000,-198.915000,320.000000
341.770000,-148.669000,320.000000
311.294060,-46.017926,312.870000
314.710045,-41.894634,309.454000
288.743626,-24.412814,306.038000
262.476059,-59.238363,316.608000
278.305895,-44.694746,317.000000
209.000000,-93.670000,310.230000
203.490000,0.000000,310.986000
171.000000,-26.315000,310.741000
186.504000,-95.000000,310.497000
199.386000,-43.700000,311.000000
170.000000,-186.835000,323.305000
125.290000,0.000000,320.621000
0.000000,-84.710000,317.926000
89.420000,-215.000000,315.242000
37.740000,-73.745000,326.000000
154.020000,-72.455000,326.000000
102.680000,-130.290000,326.000000
68.510000,-17.845000,326.000000
