1522.700000,-1101.177000,304.860000
1516.104000,-1072.200000,304.372000
1505.700000,-1092.480000,305.882000
1516.767000,-1111.200000,305.394000
1514.999000,-1080.663000,306.000000
1493.900000,-1083.302000,307.722000
1488.428000,-1052.600000,307.232000
1469.900000,-1064.840000,306.744000
1481.708000,-1086.600000,306.256000
1472.708000,-1065.418000,308.000000
1570.100000,-964.660000,303.037000
1567.892000,-963.400000,301.329000
1538.100000,-967.400000,306.621000
1548.724000,-983.400000,304.906000
1560.052000,-974.140000,308.000000
1526.200000,-959.590000,315.440000
1512.565000,-952.900000,310.560000
1511.200000,-954.100000,305.660000
1513.780000,-982.900000,320.780000
1515.025000,-973.810000,321.000000
1508.400000,-967.024000,302.377000
1476.942000,-956.300000,309.172000
1466.400000,-980.940000,306.976000
1466.904000,-984.300000,304.780000
1501.050000,-980.296000,310.000000
1503.923057,-736.898157,315.741000
1475.140074,-728.918144,309.153000
1499.558652,-757.498207,302.565000
1520.701907,-753.317469,322.950000
1475.590821,-729.671147,327.000000
1427.300000,-609.014000,308.252000
1417.004000,-569.000000,321.860000
1403.300000,-600.977000,317.450000
1419.908000,-626.000000,313.058000
1426.436000,-579.032000,326.000000
1390.800000,-634.068000,311.560000
1374.660000,-622.000000,309.600000
1330.800000,-627.614000,315.648000
1362.720000,-636.000000,313.688000
1362.780000,-626.704000,316.000000
1366.100000,-575.612000,317.625000
1364.247000,-574.600000,314.941000
1349.100000,-585.686000,312.257000
1355.441000,-620.600000,309.562000
1350.834000,-597.416000,319.000000
1347.700000,-588.062000,308.612000
1323.950000,-580.600000,308.124000
1322.700000,-583.921000,309.634000
1328.025000,-621.600000,309.146000
1339.500000,-607.496000,310.000000
1448.900000,-1088.934000,309.685000
1419.670000,-1079.700000,308.460000
1411.900000,-1104.567000,307.240000
1413.861000,-1106.700000,306.015000
1420.817000,-1101.732000,311.000000
1344.200000,-1090.968000,308.000000
1331.600000,-1073.900000,308.000000
1324.200000,-1099.774000,308.000000
1342.060000,-1107.900000,308.000000
1340.400000,-1107.050000,308.000000
1442.100000,-1055.420000,312.568000
1426.120000,-1042.200000,308.648000
1408.100000,-1054.240000,304.744000
1433.022000,-1062.200000,316.840000
1421.020000,-1044.900000,319.000000
1434.000000,-1024.062000,303.580000
1406.410000,-1006.000000,318.680000
1345.000000,-1015.724000,313.800000
1395.997000,-1028.000000,308.900000
1429.461000,-1012.490000,323.000000
1344.900000,-1067.179000,313.803000
1335.600000,-1009.300000,309.655000
1282.900000,-1025.938000,322.490000
1308.506000,-1068.300000,318.342000
1315.016000,-1036.145000,323.000000
1446.100000,-947.094000,314.460000
1422.316000,-942.300000,311.030000
1422.100000,-946.448000,307.614000
1428.196000,-976.300000,304.198000
1424.212000,-963.210000,316.000000
1399.000000,-964.733000,303.960000
1361.605000,-954.800000,303.228000
1354.000000,-986.546000,305.496000
1358.230000,-987.800000,304.761000
1383.565000,-980.375000,306.000000
1337.700000,-966.513000,307.004000
1326.964000,-951.300000,306.028000
1321.700000,-977.766000,305.048000
1336.644000,-984.300000,304.072000
1325.332000,-982.155000,308.000000
1430.300000,-926.578000,309.462000
1406.283000,-915.400000,340.417000
1383.300000,-926.974000,330.413000
1419.678000,-933.400000,320.409000
1420.712000,-917.092000,343.000000
1308.000000,-892.660000,337.376000
1301.682000,-836.500000,325.664000
1290.000000,-871.276000,313.952000
1301.052000,-908.500000,350.192000
1296.570000,-854.788000,356.000000
1302.100000,-777.640000,308.247000
1299.235000,-753.200000,330.171000
1287.100000,-761.598000,323.066000
1293.910000,-779.200000,315.990000
1301.125000,-763.964000,336.000000
1356.800000,-781.300000,320.746000
1354.568000,-779.800000,313.641000
1284.800000,-782.245000,335.565000
1306.040000,-794.800000,328.460000
1321.088000,-788.410000,336.000000
1451.000000,-765.500000,332.544000
1359.440000,-761.600000,323.760000
1346.000000,-761.645000,314.940000
1360.175000,-776.600000,306.156000
1353.665000,-772.610000,336.000000
1446.700000,-738.740000,312.060000
1436.732000,-723.200000,303.276000
1432.700000,-754.391000,330.456000
1446.350000,-760.200000,321.672000
1441.702000,-756.278000,336.000000
1445.200000,-714.600000,336.768000
1398.832000,-705.900000,325.008000
1361.200000,-716.145000,313.296000
1429.660000,-720.900000,301.536000
1379.008000,-706.695000,348.000000
1359.800000,-728.843000,320.232000
1353.528000,-701.500000,351.984000
1343.800000,-720.888000,341.694000
1354.280000,-738.500000,331.446000
1356.296000,-709.381000,354.000000
1342.600000,-711.686000,338.334000
1334.016000,-699.100000,328.044000
1305.600000,-704.196000,317.796000
1323.915000,-713.100000,349.548000
1318.587000,-704.322000,354.000000
1302.800000,-705.088000,314.394000
1301.576000,-703.200000,346.146000
1285.800000,-709.728000,335.898000
1291.495000,-735.200000,325.608000
1301.440000,-720.256000,354.000000
1268.400000,-1054.945000,315.296000
1245.575000,-1042.900000,311.148000
1243.400000,-1045.320000,323.983000
1247.800000,-1097.900000,319.835000
1255.625000,-1081.015000,324.000000
1228.600000,-1085.249000,311.595000
1221.070000,-1073.500000,310.370000
1218.600000,-1100.904000,309.150000
1218.760000,-1104.500000,307.930000
1219.190000,-1099.943000,312.000000
1220.900000,-1099.890000,310.047000
1202.517000,-1094.500000,309.315000
1189.900000,-1101.740000,311.583000
1216.436000,-1104.500000,310.848000
1209.368000,-1094.630000,312.000000
1216.600000,-1067.185000,307.780000
1213.136000,-1056.700000,307.536000
1208.600000,-1065.175000,307.291000
1214.168000,-1071.700000,307.047000
1210.184000,-1059.280000,308.000000
1195.000000,-1081.888000,309.633000
1192.270000,-1051.000000,311.898000
1185.000000,-1065.580000,311.166000
1190.360000,-1087.000000,310.434000
1192.670000,-1062.952000,312.000000
1187.000000,-1078.168000,317.051000
1185.305000,-1077.700000,314.367000
1172.000000,-1084.070000,311.683000
1177.640000,-1103.700000,319.988000
1177.040000,-1090.492000,321.000000
1148.400000,-1082.050000,311.000000
1100.750000,-1077.600000,311.000000
1098.400000,-1079.725000,311.000000
1109.250000,-1102.600000,311.000000
1143.700000,-1093.900000,311.000000
1231.100000,-1005.436000,310.006000
1213.632000,-998.000000,309.516000
1209.100000,-1018.350000,309.028000
1210.354000,-1020.000000,310.538000
1219.550000,-1015.864000,311.000000
1206.100000,-1025.118000,313.665000
1197.224000,-1004.700000,312.445000
1192.100000,-1036.065000,311.220000
1204.658000,-1045.700000,310.000000
1192.716000,-1044.552000,314.000000
1143.300000,-1030.826000,317.096000
1125.288000,-999.900000,313.680000
1105.300000,-1028.335000,324.250000
1133.306000,-1046.900000,320.834000
1128.632000,-1006.057000,326.000000
1268.000000,-933.370000,313.565000
1258.894000,-925.200000,311.850000
1239.000000,-929.660000,310.142000
1255.733000,-935.200000,308.427000
1244.307000,-928.110000,315.000000
1238.900000,-979.541000,310.900000
1236.898000,-947.300000,313.924000
1225.900000,-956.738000,312.944000
1231.321000,-980.300000,311.968000
1235.676000,-962.183000,314.000000
1224.200000,-953.236000,312.624000
1212.272000,-949.400000,311.644000
1212.200000,-952.928000,310.668000
1215.284000,-977.400000,313.692000
1216.064000,-966.508000,314.000000
1179.800000,-968.864000,310.344000
1160.595000,-965.300000,313.368000
1156.800000,-976.892000,312.392000
1159.054000,-977.300000,311.412000
1177.293000,-974.552000,314.000000
1190.200000,-948.510000,318.789000
1145.650000,-934.800000,314.641000
1124.200000,-958.980000,310.476000
1186.108000,-964.800000,323.328000
1154.560000,-962.730000,327.000000
1268.300000,-867.074000,313.740000
1261.090000,-853.500000,312.515000
1254.300000,-867.712000,311.295000
1265.192000,-875.500000,310.075000
1254.720000,-855.502000,314.000000
1257.000000,-846.417000,311.756000
1252.740000,-830.100000,311.268000
1245.000000,-840.306000,312.780000
1252.416000,-851.100000,312.290000
1252.188000,-835.350000,313.000000
1157.500000,-870.680000,316.000000
1154.965000,-842.600000,316.000000
1144.500000,-852.410000,316.000000
1150.454000,-872.600000,316.000000
1146.697000,-854.900000,316.000000
1145.100000,-859.140000,316.000000
1143.875000,-857.700000,316.000000
1110.100000,-860.205000,316.000000
1120.530000,-872.700000,316.000000
1135.930000,-866.250000,316.000000
1259.300000,-792.404000,310.330000
1241.800000,-790.100000,310.574000
1239.300000,-790.163000,310.818000
1242.060000,-799.100000,310.063000
1245.440000,-796.670000,310.000000
1213.100000,-774.476000,313.000000
1203.792000,-749.100000,313.000000
1200.100000,-800.767000,313.000000
1212.827000,-810.100000,313.000000
1211.501000,-803.390000,313.000000
1200.200000,-783.636000,322.044000
1192.972000,-748.500000,317.879000
1187.200000,-790.407000,313.731000
1197.847000,-809.500000,326.566000
1192.998000,-751.550000,330.000000
1142.500000,-800.136000,324.734000
1127.848000,-781.000000,323.026000
1105.500000,-794.702000,321.311000
1129.883000,-807.000000,319.603000
1106.055000,-786.460000,325.000000
1270.600000,-751.448000,313.572000
1258.800000,-739.800000,312.592000
1220.600000,-744.584000,315.616000
1245.550000,-752.800000,314.640000
1249.850000,-744.597000,316.000000
1238.100000,-691.320000,331.008000
1234.756000,-688.900000,326.843000
1194.100000,-698.052000,322.695000
1209.016000,-732.900000,318.530000
1200.876000,-712.176000,334.000000
1172.300000,-703.480000,317.508000
1148.484000,-696.600000,317.020000
1146.300000,-698.136000,318.530000
1150.954000,-728.600000,318.042000
1165.098000,-718.648000,319.000000
1138.700000,-691.125000,321.055000
1117.532000,-685.500000,320.320000
1110.700000,-698.820000,319.588000
1111.260000,-700.500000,321.856000
1118.904000,-698.235000,322.000000
1202.900000,-653.270000,320.645000
1153.946000,-641.500000,338.033000
1120.900000,-657.516000,332.421000
1191.420000,-663.500000,326.786000
1191.584000,-641.698000,341.000000
1148.800000,-630.380000,319.822000
1131.320000,-599.800000,318.114000
1108.800000,-624.792000,316.399000
1136.800000,-643.800000,321.691000
1126.040000,-607.236000,323.000000
1251.400000,-628.540000,320.747000
1224.254000,-587.500000,318.052000
1153.400000,-607.084000,315.368000
1206.320000,-635.500000,312.684000
1153.498000,-603.244000,321.000000
1253.000000,-564.294000,319.024000
1243.055000,-564.000000,311.216000
1168.000000,-569.229000,335.408000
1200.300000,-585.000000,327.568000
1216.450000,-574.248000,338.000000
994.600000,-1068.116000,372.146000
942.922000,-1062.200000,355.798000
940.600000,-1065.226000,339.383000
952.480000,-1096.200000,323.035000
948.160000,-1084.232000,383.000000
1076.100000,-1016.236000,316.842000
1049.002000,-998.200000,312.432000
1042.100000,-1048.366000,326.040000
1044.140000,-1052.200000,321.630000
1066.206000,-1041.832000,330.000000
1024.800000,-1021.976000,324.291000
962.276000,-995.300000,322.095000
926.800000,-1036.826000,319.899000
1015.098000,-1049.300000,326.694000
954.044000,-1047.572000,327.000000
995.200000,-959.168000,328.230000
965.086000,-931.700000,381.906000
932.200000,-957.278000,364.511000
978.883000,-973.700000,347.187000
985.624000,-937.076000,390.000000
1073.100000,-922.544000,322.854000
1053.384000,-885.100000,319.424000
1011.100000,-905.754000,316.008000
1047.122000,-931.100000,326.578000
1036.954000,-898.348000,329.000000
1021.800000,-868.430000,325.946000
1016.586000,-824.600000,324.482000
988.800000,-837.650000,323.012000
1002.693000,-869.600000,321.548000
1021.338000,-844.715000,326.000000
1078.200000,-758.582000,337.834000
1048.260000,-751.400000,326.319000
1048.200000,-758.420000,361.851000
1056.030000,-805.400000,350.383000
1064.880000,-784.178000,365.000000
1028.200000,-772.164000,338.744000
991.328000,-758.100000,333.376000
984.200000,-804.660000,328.008000
988.644000,-806.100000,322.618000
989.700000,-794.916000,342.000000
986.200000,-770.380000,329.943000
948.232000,-743.200000,324.819000
930.200000,-791.800000,340.674000
982.952000,-803.200000,335.550000
969.064000,-798.820000,345.000000
1023.800000,-717.406000,339.280000
976.052000,-679.400000,334.380000
931.800000,-719.700000,329.500000
1003.744000,-741.400000,344.620000
956.088000,-684.794000,345.000000
1083.800000,-650.980000,320.008000
1067.645000,-604.600000,325.300000
1038.800000,-634.000000,323.592000
1066.790000,-664.600000,321.877000
1076.285000,-619.420000,326.000000
987.100000,-661.447000,325.150000
983.518000,-606.400000,324.662000
969.100000,-625.870000,324.172000
977.416000,-665.400000,325.684000
976.354000,-630.354000,326.000000
965.000000,-629.604000,326.102000
964.376000,-626.200000,338.937000
949.000000,-632.527000,334.789000
953.832000,-663.200000,330.641000
964.552000,-647.142000,343.000000
1066.900000,-555.608000,329.848000
947.356000,-542.000000,325.456000
930.900000,-542.594000,339.064000
950.212000,-596.000000,334.654000
1004.476000,-581.204000,340.000000
813.700000,-1076.292000,328.537000
789.254000,-1059.400000,325.853000
779.700000,-1094.291000,323.158000
813.088000,-1100.400000,320.474000
783.474000,-1095.726000,330.000000
892.700000,-1047.616000,328.768000
851.820000,-988.700000,324.848000
819.700000,-1059.873000,336.944000
879.779000,-1091.700000,333.024000
869.340000,-993.438000,340.000000
809.800000,-1039.720000,333.464000
798.200000,-995.800000,330.292000
780.800000,-1027.660000,327.107000
800.027000,-1055.800000,336.935000
788.021000,-1008.160000,337.000000
773.400000,-1094.500000,324.544000
760.920000,-1072.200000,336.640000
721.400000,-1081.475000,332.720000
747.556000,-1097.200000,328.816000
763.988000,-1081.350000,338.000000
772.800000,-1003.112000,388.720000
770.800000,-1000.200000,362.260000
747.800000,-1012.072000,335.908000
756.375000,-1056.200000,417.448000
757.500000,-1029.600000,433.000000
840.300000,-932.083000,324.560000
788.780000,-920.900000,383.528000
784.300000,-923.656000,364.418000
794.548000,-973.900000,345.386000
837.892000,-957.205000,401.000000
844.200000,-848.686000,339.471000
797.080000,-824.200000,334.326000
782.200000,-883.072000,350.202000
783.626000,-890.200000,345.078000
814.874000,-879.970000,351.000000
769.300000,-850.719000,385.503000
758.500000,-824.700000,370.131000
751.300000,-860.568000,354.759000
766.834000,-873.700000,339.324000
753.028000,-824.945000,393.000000
745.941145,-859.816773,349.656000
752.555327,-829.313610,334.284000
733.713470,-848.245271,381.849000
735.849052,-870.084712,366.477000
750.986033,-836.602048,393.000000
869.700000,-761.422000,338.374000
855.650000,-742.700000,333.964000
819.700000,-751.764000,329.572000
846.900000,-764.700000,325.180000
831.450000,-749.850000,343.000000
907.900000,-736.760000,328.114000
903.665000,-736.100000,341.722000
872.900000,-751.220000,337.330000
886.340000,-796.100000,332.920000
901.040000,-765.200000,343.000000
837.732075,-780.870845,451.384000
802.486266,-754.896848,403.560000
799.216206,-757.391870,355.540000
791.469337,-794.240626,503.716000
804.015336,-784.704484,529.000000
909.000000,-641.390000,327.840000
858.537000,-630.500000,345.960000
846.000000,-661.289000,340.104000
850.032000,-663.500000,334.224000
905.409000,-657.032000,351.000000
840.600000,-653.070000,364.945000
807.268000,-641.800000,347.133000
788.600000,-659.579000,402.321000
835.608000,-664.800000,384.436000
815.224000,-663.972000,404.000000
897.700000,-616.000000,517.640000
858.258000,-592.600000,465.180000
879.168000,-592.600000,348.220000
815.700000,-614.668000,412.505000
876.790000,-628.600000,360.045000
839.644000,-628.600000,442.390000
906.700000,-575.830000,329.905000
867.416000,-541.000000,326.230000
784.700000,-560.479000,337.570000
856.070000,-584.000000,333.895000
864.122000,-553.212000,340.000000
542.835076,-1154.144249,347.710000
556.034197,-1124.436132,340.390000
526.311689,-1116.050969,333.040000
525.597093,-1143.711239,325.720000
529.908820,-1124.487848,355.000000
537.736960,-1158.384940,355.892000
539.664647,-1155.294548,475.937000
513.421463,-1137.593297,380.855000
483.802545,-1122.107041,437.141000
484.507750,-1151.864854,398.345000
500.135109,-1162.405641,450.497000
519.014646,-1161.731731,485.000000
504.055262,-1095.376289,363.759000
500.805947,-1078.505404,348.814000
477.821835,-1093.458027,333.930000
478.445489,-1095.384978,379.985000
486.479882,-1094.761919,387.000000
587.838672,-1070.502271,330.341000
585.088918,-1023.585056,412.745000
535.293575,-1040.993916,386.040000
559.779712,-1089.260749,359.444000
562.830854,-1085.564988,434.000000
619.503104,-1033.723273,341.360000
610.689304,-1009.291188,333.520000
589.435444,-997.593885,357.712000
608.889725,-1029.315113,349.904000
610.377822,-1010.752976,358.000000
630.776435,-1005.940832,336.010000
650.130942,-974.853768,333.326000
619.626043,-972.507175,330.642000
614.930930,-1002.891082,327.947000
629.795334,-967.117271,337.000000
648.617661,-966.047819,340.299000
672.692250,-942.634418,330.783000
655.824321,-940.910587,360.228000
641.590419,-961.431423,350.712000
659.897607,-949.887791,366.000000
450.433443,-1084.176747,328.772000
452.012437,-1080.186901,328.527000
416.822333,-1048.343269,328.283000
399.297615,-1081.828179,328.039000
410.477682,-1066.469617,329.000000
460.323201,-1041.948196,341.130000
452.067563,-1019.092054,390.270000
449.780140,-1017.030050,374.410000
427.673400,-1039.816275,358.485000
444.878796,-1046.927286,393.000000
524.453605,-1023.242357,366.512000
523.817978,-1002.359552,350.896000
499.210324,-1014.088492,335.216000
509.988781,-1034.541404,383.600000
503.553510,-1020.781887,390.000000
503.487577,-1002.234961,331.136000
510.788169,-979.660809,368.131000
485.558794,-987.157933,356.175000
489.218590,-1008.640147,344.170000
516.550039,-989.111978,377.000000
544.461919,-1007.970067,344.796000
544.910705,-979.604186,336.500000
514.228347,-962.967714,328.204000
527.860887,-998.274807,353.874000
537.112021,-977.998143,362.000000
576.604956,-979.406236,332.625000
613.480557,-938.870007,331.405000
579.527291,-933.289951,330.180000
560.746826,-970.679233,328.960000
581.277603,-934.191317,333.000000
593.976692,-918.554119,349.292000
595.353506,-915.601704,335.327000
575.361459,-911.753524,378.419000
541.860186,-946.472915,364.454000
567.462281,-931.756349,386.000000
660.213746,-905.762660,342.148000
642.775508,-866.380404,337.756000
638.315109,-865.591647,333.346000
603.953081,-904.245550,328.954000
617.453475,-893.544763,346.000000
698.881127,-851.915074,356.861000
696.313729,-819.586162,457.276000
656.299403,-841.360489,424.824000
652.852952,-845.367358,392.372000
675.198503,-860.329141,461.000000
729.471252,-811.716262,373.712000
729.447193,-790.751269,356.807000
708.419014,-794.021520,339.971000
718.021611,-816.367244,392.066000
728.306315,-789.382128,398.000000
763.900000,-688.553000,337.822000
754.576000,-675.500000,374.866000
742.900000,-686.444000,362.861000
757.747000,-694.500000,350.905000
761.779000,-678.559000,383.000000
734.935985,-714.134893,350.360000
739.371561,-694.040343,340.560000
712.980616,-674.009821,330.800000
719.876445,-700.157179,361.040000
727.665171,-689.275563,370.000000
766.000000,-578.746000,368.804000
756.875000,-578.200000,360.020000
693.000000,-598.168000,351.236000
721.324000,-656.200000,342.416000
695.774000,-615.718000,371.000000
765.700000,-544.280000,341.400000
707.800000,-537.600000,336.520000
705.700000,-541.440000,351.620000
719.380000,-577.600000,346.740000
742.180000,-563.240000,354.000000
708.600000,-550.134000,498.215000
674.790000,-536.400000,445.540000
666.600000,-575.754000,393.080000
669.456000,-578.400000,340.620000
427.644751,-1018.275761,338.240000
419.085868,-984.538572,368.480000
390.023567,-985.689576,358.720000
412.824184,-1024.476508,348.920000
408.761214,-1017.552339,369.000000
470.404805,-976.288845,382.284000
469.072404,-941.795334,362.276000
435.254734,-931.407516,342.186000
452.561738,-972.254862,404.178000
458.949783,-935.396757,410.000000
492.198810,-954.205810,328.465000
500.763743,-926.360221,332.240000
468.869509,-908.759528,331.020000
474.743286,-941.898105,329.795000
500.843581,-939.806545,333.000000
526.750611,-928.710177,339.983000
565.525959,-884.494393,334.859000
520.186026,-856.820499,329.714000
503.604716,-903.368970,345.590000
530.660801,-883.389524,350.000000
623.378961,-852.935240,343.310000
629.140907,-848.037691,339.650000
603.986433,-830.036212,335.975000
568.824431,-868.893990,332.315000
582.850429,-848.078278,344.000000
576.929083,-847.316953,329.695000
567.624844,-822.193419,327.980000
541.939235,-837.048385,333.272000
543.460882,-840.023884,331.557000
558.194065,-846.776936,334.000000
586.533491,-817.163983,355.525000
592.012639,-801.251735,346.985000
569.101180,-814.552516,338.410000
572.339008,-827.805327,329.870000
567.914793,-818.223148,362.000000
625.026794,-795.087740,333.872000
632.041370,-775.870738,326.032000
611.245913,-780.512086,350.224000
613.468855,-799.017049,342.416000
633.508222,-781.322585,358.000000
667.677925,-808.173560,336.464000
671.559695,-777.714833,333.048000
637.194783,-758.226267,329.632000
648.839959,-795.739752,340.202000
654.018602,-767.066855,341.000000
693.515788,-779.076319,334.317000
730.165389,-736.144434,357.753000
689.420849,-718.054357,350.158000
673.341641,-761.313893,342.594000
713.951932,-754.163519,362.000000
438.751946,-915.372982,338.684000
439.098001,-911.343135,334.274000
397.349021,-869.121317,329.882000
388.363697,-901.129007,343.490000
404.745825,-898.234304,347.000000
462.504875,-893.871483,346.392000
443.097575,-858.226197,341.756000
439.477822,-854.614243,337.120000
420.831014,-878.399757,332.465000
423.389317,-868.163595,347.000000
509.913518,-857.435782,334.384000
513.700140,-823.498788,330.480000
468.023118,-848.894894,342.560000
481.961732,-879.646062,338.656000
479.114968,-864.499006,344.000000
471.713139,-836.257641,353.730000
481.996691,-810.419961,346.135000
452.098117,-821.259343,338.571000
454.575579,-844.885384,331.007000
476.422283,-806.132592,359.000000
538.963705,-829.600443,334.540000
549.544953,-811.605117,327.464000
531.517782,-812.468361,349.388000
529.434250,-829.673892,342.283000
546.794974,-816.704054,356.000000
521.445725,-811.361252,331.146000
536.770603,-788.145204,329.682000
511.822593,-775.404086,328.212000
508.256780,-800.604035,332.748000
518.453104,-782.591004,333.000000
580.910968,-793.205276,327.586000
578.613989,-788.271242,337.401000
539.071729,-749.880450,334.229000
534.116686,-780.992121,331.044000
564.422625,-795.439671,339.000000
591.246228,-743.124214,329.312000
587.509156,-729.432856,327.848000
585.590956,-729.689130,326.378000
566.797517,-748.348552,330.914000
575.865918,-745.220530,332.000000
623.439882,-737.566708,334.830000
616.460138,-711.595390,332.390000
590.828437,-722.798630,329.940000
589.097970,-725.476399,327.500000
612.288175,-746.391301,335.000000
587.582161,-725.549920,337.662000
606.683453,-698.346752,329.577000
567.902680,-722.184656,354.525000
563.799216,-742.319089,346.440000
561.043413,-738.625166,357.000000
662.861209,-721.112890,341.880000
677.510583,-674.085495,337.000000
629.275427,-669.817786,332.100000
636.985604,-719.382257,327.220000
654.105068,-660.150620,345.000000
316.583878,-1035.670913,328.300000
321.596934,-981.582209,325.360000
246.418599,-918.777094,334.432000
272.947087,-993.010359,331.504000
309.746322,-989.615232,337.000000
392.089654,-955.707496,350.675000
390.241361,-953.086584,342.135000
362.176062,-947.762056,333.595000
327.512153,-988.442580,360.020000
354.481953,-962.742588,361.000000
361.269784,-945.079228,332.992000
300.421151,-855.950908,349.624000
294.059071,-856.675079,344.234000
272.496036,-907.273112,338.866000
330.271080,-947.471464,352.000000
383.295282,-865.610277,401.844000
356.930372,-812.008989,369.504000
318.324753,-825.575685,337.296000
319.675371,-831.152538,437.088000
341.504009,-844.883283,459.000000
401.875956,-841.393425,348.934000
388.631065,-802.012509,343.566000
357.192362,-800.371912,338.198000
386.499611,-847.050854,332.808000
390.093071,-849.390907,349.000000
456.485374,-794.038620,332.992000
451.799899,-760.708542,329.576000
419.796113,-747.830184,340.146000
439.765265,-788.750431,336.730000
450.813944,-764.467787,341.000000
487.244047,-768.748821,326.000000
493.310216,-739.282588,326.000000
458.428661,-717.451006,326.000000
467.889437,-753.971997,326.000000
466.941618,-719.438563,326.000000
563.783624,-698.823105,329.624000
582.592853,-677.720208,325.720000
561.689084,-665.776722,337.816000
553.275951,-687.598306,333.896000
570.336813,-682.676774,341.000000
560.505482,-704.144309,328.600000
563.003296,-701.606915,327.380000
534.904459,-673.405226,326.155000
522.417154,-697.568660,329.935000
531.144604,-689.729255,330.000000
539.290209,-668.140772,327.416000
541.224968,-651.261596,339.496000
507.121047,-676.176212,335.592000
507.481704,-677.919812,331.672000
521.926206,-679.085333,341.000000
588.814469,-642.328292,338.106000
586.224449,-618.706416,331.762000
562.049870,-626.661182,325.392000
575.365025,-651.429245,345.048000
567.117338,-637.328565,349.000000
284.412895,-839.330791,327.420000
284.473357,-820.525150,353.845000
266.894494,-816.194844,345.305000
275.101311,-838.522523,336.765000
291.617825,-833.082161,362.000000
253.911798,-864.985511,326.202000
254.066307,-819.948690,322.772000
202.272642,-784.672179,333.356000
225.287222,-843.204775,329.926000
241.643334,-818.298416,334.000000
313.180215,-809.185105,326.000000
328.959507,-781.743982,326.000000
293.251683,-754.676937,326.000000
293.084628,-788.144943,326.000000
295.504461,-760.201410,326.000000
300.794589,-700.267845,325.216000
302.385917,-697.928039,324.236000
289.480106,-693.003216,327.260000
271.732708,-714.802297,326.284000
286.049476,-708.031075,328.000000
352.906093,-706.461807,330.138000
350.262577,-696.799139,328.430000
349.218002,-696.277903,326.722000
336.558323,-709.967127,325.007000
341.151955,-706.964983,332.000000
339.151384,-694.909685,324.825000
341.311705,-685.989716,328.605000
327.964441,-695.666239,327.380000
330.732056,-702.567612,326.160000
331.622388,-700.023794,329.000000
365.745660,-691.009475,326.384000
364.986011,-670.030657,325.404000
344.620537,-670.878747,324.428000
354.916530,-693.811964,327.452000
363.510845,-669.489198,328.000000
400.219878,-684.006535,326.104000
401.715307,-657.541991,329.128000
383.836395,-670.969683,328.152000
390.585389,-690.768711,327.172000
405.994276,-666.498113,330.000000
421.866683,-662.432623,334.683000
435.906283,-631.221935,330.047000
409.788658,-630.001122,344.392000
407.824733,-657.714778,339.756000
422.589626,-638.102449,345.000000
401.440912,-603.863709,366.512000
398.073341,-607.690337,354.507000
365.865364,-647.115088,342.551000
380.393635,-633.427361,330.546000
369.773770,-643.815377,372.000000
573.795008,-582.381241,329.632000
571.296454,-562.601762,323.776000
567.892028,-563.837098,341.920000
531.387896,-599.049681,336.040000
550.241905,-594.132052,346.000000
562.900000,-540.860000,339.976000
532.020000,-533.300000,334.120000
522.900000,-552.263000,328.240000
524.300000,-554.300000,322.384000
532.060000,-550.814000,346.000000
505.641402,-652.591551,330.220000
508.961988,-628.234698,352.115000
482.307159,-636.925309,345.039000
490.602447,-660.804983,337.934000
489.426961,-659.077391,354.000000
481.425270,-611.356866,321.000000
489.883603,-583.525431,321.000000
461.321091,-580.110298,321.000000
466.107399,-609.942701,321.000000
481.540720,-581.544990,321.000000
470.500000,-569.073000,321.000000
467.580000,-563.200000,321.000000
460.500000,-566.168000,321.000000
466.050000,-570.200000,321.000000
469.870000,-565.391000,321.000000
448.282135,-588.711703,321.000000
453.944028,-571.593359,321.000000
444.106242,-572.661943,321.000000
442.685776,-586.413098,321.000000
447.341417,-578.073956,321.000000
434.207541,-576.013542,324.608000
425.834515,-567.830376,323.632000
424.463206,-570.649733,322.652000
417.562019,-596.757017,321.676000
419.731096,-585.820253,325.000000
479.100000,-549.690000,321.000000
444.954000,-546.500000,321.000000
437.100000,-555.940000,321.000000
440.292000,-556.500000,321.000000
464.190000,-554.430000,321.000000
410.474139,-567.681601,321.000000
411.138268,-547.450303,321.000000
396.807306,-575.559270,321.000000
402.321950,-586.879336,321.000000
396.419666,-582.639308,321.000000
396.014765,-559.870245,321.000000
396.939111,-541.950522,321.000000
386.685098,-556.247907,321.000000
390.549093,-568.301381,321.000000
398.571496,-545.734280,321.000000
1328.537959,-503.241495,339.000000
1358.691100,-478.531860,325.280000
1332.378860,-477.102013,311.616000
1315.986503,-500.498664,353.952000
1344.075231,-479.094292,360.000000
1269.500000,-523.340000,310.540000
1258.255000,-494.600000,331.708000
1204.500000,-503.750000,324.876000
1232.840000,-524.600000,318.016000
1264.430000,-507.560000,337.000000
1269.000000,-420.802000,317.206000
1268.649000,-416.200000,312.082000
1242.000000,-421.855000,327.937000
1249.452000,-455.200000,322.813000
1255.284000,-439.288000,328.000000
1188.300000,-505.296000,322.838000
1143.944000,-496.400000,319.408000
1136.300000,-527.920000,315.992000
1142.384000,-528.400000,312.562000
1139.472000,-520.464000,324.000000
1131.300000,-504.120000,314.041000
1113.950000,-486.600000,313.309000
1106.300000,-519.600000,315.574000
1130.225000,-526.600000,314.842000
1122.050000,-523.080000,316.000000
1190.100000,-460.464000,318.224000
1149.516000,-449.700000,316.272000
1114.100000,-461.670000,314.312000
1174.672000,-467.700000,312.360000
1129.300000,-450.996000,320.000000
1203.900000,-434.688000,315.106000
1168.744000,-407.400000,340.776000
1109.900000,-425.580000,332.480000
1169.778000,-443.400000,324.150000
1182.186000,-415.716000,342.000000
963.800000,-517.291000,325.917000
956.524000,-496.200000,325.185000
929.800000,-504.158000,324.450000
946.018000,-519.200000,326.718000
941.292000,-505.193000,327.000000
1005.000000,-435.910000,323.820000
1001.220000,-433.600000,343.450000
935.000000,-439.180000,337.106000
957.190000,-463.600000,330.762000
998.560000,-450.130000,348.000000
912.300000,-502.010000,375.000000
867.600000,-494.900000,350.600000
862.300000,-495.680000,326.200000
870.150000,-524.900000,401.700000
886.150000,-516.230000,425.000000
911.700000,-460.180000,345.275000
892.590000,-444.300000,339.175000
885.700000,-478.940000,333.050000
911.648000,-484.300000,326.950000
886.896000,-479.140000,347.000000
914.100000,-418.910000,358.648000
885.350000,-402.200000,333.168000
864.100000,-423.380000,411.792000
906.000000,-432.200000,386.416000
894.900000,-403.130000,425.000000
864.200000,-486.723000,393.568000
838.470000,-473.100000,374.292000
802.200000,-483.474000,355.016000
844.236000,-492.100000,335.661000
813.670000,-476.729000,410.000000
863.600000,-449.863000,348.617000
847.790000,-433.200000,408.341000
801.600000,-440.553000,388.986000
833.716000,-452.200000,369.710000
848.410000,-439.850000,410.000000
772.000000,-404.392000,389.898000
772.000000,-451.850000,333.783000
761.170000,-400.000000,368.583000
658.000000,-427.694000,347.355000
658.000000,-478.080000,371.889000
698.812000,-522.000000,413.040000
694.936000,-462.220000,420.000000
671.110000,-435.868000,420.000000
634.400000,-422.304000,330.544000
579.235000,-398.000000,380.440000
575.400000,-406.308000,364.336000
587.082000,-522.000000,348.166000
628.087000,-481.080000,391.000000
574.200000,-443.088000,340.630000
530.025000,-399.300000,330.382000
517.200000,-510.861000,320.092000
519.423000,-522.300000,351.844000
543.591000,-501.390000,361.000000
480.900000,-489.824000,345.488000
462.420000,-469.700000,338.628000
450.900000,-498.833000,331.796000
477.270000,-508.700000,324.936000
451.860000,-508.310000,347.000000
405.300000,-504.092000,320.008000
393.444000,-475.700000,318.056000
379.300000,-500.354000,324.096000
397.994000,-517.700000,322.144000
394.926000,-482.000000,325.000000
499.500000,-449.496000,315.386000
485.884000,-398.500000,315.876000
453.500000,-424.547000,316.364000
479.214000,-459.500000,316.852000
461.366000,-417.349000,315.000000
1271.200000,-363.435000,327.230000
1266.440000,-290.800000,391.405000
1236.200000,-310.364000,370.665000
1250.165000,-363.800000,349.840000
1262.100000,-325.037000,392.000000
1217.300000,-319.465000,371.116000
1168.500000,-315.900000,349.888000
1167.300000,-318.384000,328.573000
1179.250000,-338.900000,394.345000
1182.750000,-330.367000,400.000000
1167.900000,-309.075000,321.613000
1135.260000,-276.000000,387.298000
1127.900000,-375.540000,366.070000
1131.060000,-381.000000,344.842000
1163.060000,-358.845000,400.000000
1100.100000,-321.375000,396.582000
1034.400000,-300.000000,358.030000
1010.500000,-300.000000,461.520000
1000.100000,-335.460000,319.478000
1092.100000,-345.000000,438.768000
1096.200000,-345.000000,372.724000
1044.900000,-342.705000,471.000000
997.200000,-371.925000,423.640000
967.380000,-349.700000,397.044000
937.200000,-371.680000,370.339000
982.800000,-384.700000,343.743000
938.220000,-353.515000,428.000000
998.100000,-286.825000,361.619000
977.880000,-259.000000,334.914000
938.100000,-275.380000,417.318000
974.100000,-294.000000,390.722000
973.320000,-268.415000,428.000000
879.400000,-380.865000,383.291000
875.329000,-358.900000,365.967000
856.400000,-365.984000,348.643000
866.520000,-381.900000,331.248000
859.988000,-368.744000,396.000000
830.200000,-353.748000,346.144000
829.656000,-350.100000,328.576000
798.200000,-354.868000,382.936000
807.160000,-382.100000,365.368000
821.432000,-368.916000,400.000000
889.700000,-311.322000,379.006000
835.709000,-296.800000,358.916000
826.700000,-349.217000,338.908000
834.260000,-349.800000,400.818000
845.285000,-336.444000,405.000000
918.300000,-275.588000,324.243000
851.388000,-261.700000,332.559000
822.300000,-288.228000,329.875000
914.460000,-293.700000,327.180000
905.244000,-290.756000,334.000000
775.600000,-336.390000,388.296000
752.466000,-315.600000,361.700000
732.600000,-339.015000,334.995000
767.043000,-350.600000,417.399000
751.262000,-317.980000,438.000000
769.600000,-299.392000,412.775000
753.724000,-263.200000,390.970000
727.600000,-287.632000,369.254000
754.522000,-311.200000,347.449000
727.726000,-274.144000,415.000000
706.400000,-311.482000,329.480000
695.718000,-253.900000,325.576000
657.400000,-275.887000,337.656000
680.969000,-316.900000,333.752000
685.428000,-278.344000,339.000000
646.650000,-256.868000,365.980000
638.837400,-247.100000,352.505000
511.950000,-272.180000,339.085000
555.188700,-379.100000,325.665000
531.077400,-319.304000,375.000000
549.531300,-374.348000,375.000000
502.100000,-278.789000,321.282000
388.054000,-247.800000,310.012000
375.100000,-251.790000,344.788000
395.547000,-380.800000,333.518000
465.397000,-341.831000,355.000000
485.209000,-275.597000,355.000000
1095.100000,-190.598000,346.880000
988.828000,-156.800000,337.120000
951.100000,-231.620000,327.320000
951.244000,-242.800000,357.560000
991.420000,-231.362000,359.000000
1016.476000,-195.930000,359.000000
921.400000,-201.575000,357.128000
921.400000,-222.500000,345.833000
878.050000,-160.100000,546.633000
868.825000,-160.100000,400.551000
846.400000,-213.350000,485.389000
846.400000,-177.575000,455.520000
909.550000,-235.100000,424.145000
903.850000,-235.100000,510.489000
994.700000,-83.176600,324.022000
975.007000,-70.200000,321.826000
947.700000,-80.210000,319.630000
979.754000,-88.400000,326.425000
967.393000,-73.603400,328.000000
997.970241,-60.104310,346.703000
990.345525,-43.280258,340.115000
958.517764,-43.499549,333.500000
977.870971,-58.159730,326.912000
999.341830,-51.202905,347.000000
858.695014,-107.090681,331.820000
856.082661,-104.648202,326.675000
826.950174,-90.575103,342.551000
829.942836,-109.492188,337.427000
840.765163,-105.725895,344.000000
893.064238,-79.263167,326.100000
846.981631,-44.920703,324.636000
842.904249,-44.424053,323.172000
841.292671,-70.255717,321.702000
841.749180,-60.891759,327.000000
921.678214,-16.538427,324.496000
892.505174,3.811116,320.592000
875.163109,-16.159397,332.672000
876.108002,-19.039795,328.768000
904.852172,-24.181419,336.000000
875.340415,4.048243,324.256000
870.052190,28.166135,321.071000
852.277892,1.780988,317.899000
866.357229,-14.000661,327.714000
854.346361,-9.162415,328.000000
783.200000,-222.984000,336.934000
764.800000,-191.400000,395.146000
743.200000,-219.177000,376.281000
772.120000,-238.400000,357.493000
776.600000,-198.262000,403.000000
712.800000,-229.100000,323.438000
699.300000,-187.500000,321.974000
667.800000,-209.050000,320.504000
693.135000,-237.500000,325.040000
686.025000,-202.800000,326.000000
638.700000,-215.640000,316.116000
628.340000,-195.800000,338.011000
564.700000,-201.220000,330.935000
594.522000,-215.800000,323.830000
636.776000,-205.120000,345.000000
423.000000,-195.580000,343.626000
390.660000,-189.500000,321.910000
390.000000,-193.980000,389.105000
398.019000,-229.500000,367.389000
407.919000,-214.500000,394.000000
776.400000,-84.560000,326.785000
731.300000,-65.900000,324.580000
721.400000,-123.020000,322.384000
725.965000,-125.900000,320.188000
727.615000,-113.000000,328.000000
769.250000,-17.540000,326.160000
698.300000,1.300000,314.448000
661.750000,-30.380000,350.736000
760.972500,-38.700000,338.976000
735.065000,-36.500000,360.000000
507.800000,-24.088000,319.698000
477.800000,6.200000,314.086000
447.800000,-24.136000,308.451000
493.640000,-41.800000,325.839000
462.860000,1.160000,326.000000
237.003492,-585.645751,322.157000
243.685651,-568.836408,322.912000
226.891158,-566.059600,322.668000
228.019700,-582.868942,322.424000
242.156179,-575.177035,323.000000
296.500000,-348.824000,312.587000
294.871000,-326.000000,312.343000
287.500000,-333.488000,312.099000
291.496000,-350.000000,312.854000
291.010000,-336.200000,313.000000
283.000000,-311.499000,312.018000
282.496000,-310.500000,312.774000
259.000000,-311.868000,312.529000
265.816000,-319.500000,312.285000
282.040000,-315.756000,313.000000
173.050075,-559.197915,325.592000
167.428398,-524.375709,323.632000
129.576537,-537.578065,329.680000
131.522553,-542.014090,327.728000
147.817240,-551.438676,330.000000
140.611806,-301.136932,314.758000
130.864339,-276.186669,314.270000
108.738967,-283.512295,313.782000
129.644579,-310.322249,313.292000
109.909229,-287.192786,315.000000
111.903229,-621.067333,349.970000
132.760051,-581.848363,328.742000
90.706997,-608.322441,394.427000
87.703207,-638.614895,373.199000
133.048551,-588.653558,410.000000
3.129769,-455.919224,327.410000
87.484579,-554.953435,324.960000
62.232940,-466.142674,322.520000
-7.189675,-411.349128,320.070000
80.560200,-513.510806,330.000000
120.828466,-461.529647,323.762000
175.552349,-402.101931,340.394000
127.785210,-393.278845,335.004000
98.925010,-447.599700,329.636000
150.442910,-424.756328,342.000000
102.575131,-376.968183,334.468000
108.095030,-380.459987,326.172000
120.059863,-348.022513,317.842000
65.977940,-299.749714,343.546000
90.785336,-331.852959,348.000000
58.609898,-284.644936,313.089000
28.849187,-232.765926,338.004000
22.779383,-229.965783,329.952000
-16.202000,-283.881261,321.867000
33.377499,-304.899303,345.000000
364.000000,-169.233000,310.871000
279.412000,-131.500000,306.723000
250.000000,-216.278000,319.558000
250.570000,-228.500000,315.410000
308.596000,-215.211000,320.000000
266.302000,-189.603000,320.000000
294.233095,-60.848796,315.516000
303.406542,-28.891440,312.086000
267.503683,-42.876415,308.670000
273.779562,-72.241556,305.254000
295.709991,-21.818509,317.000000
209.000000,-67.355000,310.324000
192.964000,0.000000,310.080000
171.000000,-52.630000,310.836000
197.030000,-95.000000,310.591000
195.814000,-17.385000,311.000000
170.000000,-186.835000,323.305000
125.290000,0.000000,320.621000
0.000000,-84.710000,317.926000
89.420000,-215.000000,315.242000
37.740000,-73.745000,326.000000
154.020000,-72.455000,326.000000
102.680000,-130.290000,326.000000
68.510000,-17.845000,326.000000
