1522.700000,-1088.658000,304.336000
1510.647000,-1072.200000,305.846000
1505.700000,-1104.999000,305.358000
1522.224000,-1111.200000,304.868000
1519.470000,-1107.144000,306.000000
1493.900000,-1085.988000,307.368000
1490.300000,-1052.600000,306.878000
1469.900000,-1062.154000,306.390000
1479.812000,-1086.600000,307.900000
1476.956000,-1068.104000,308.000000
1570.100000,-974.220000,302.393000
1551.220000,-963.400000,307.685000
1538.100000,-977.840000,305.977000
1565.396000,-983.400000,304.262000
1562.996000,-963.700000,308.000000
1526.200000,-955.930000,315.300000
1525.735000,-952.900000,310.420000
1511.200000,-957.760000,305.520000
1515.610000,-982.900000,320.640000
1515.130000,-970.150000,321.000000
1508.400000,-974.780000,303.079000
1488.618000,-956.300000,309.883000
1466.400000,-973.184000,307.678000
1497.228000,-984.300000,305.482000
1497.732000,-960.052000,310.000000
1490.854148,-726.870030,320.169000
1471.404105,-733.786954,313.581000
1472.126080,-736.448454,306.966000
1512.871408,-763.522373,300.378000
1501.138058,-753.177915,327.000000
1427.300000,-613.403000,312.734000
1418.852000,-569.000000,308.324000
1403.300000,-596.588000,321.932000
1418.060000,-626.000000,317.540000
1420.460000,-583.421000,326.000000
1390.800000,-626.746000,314.232000
1343.220000,-622.000000,312.272000
1330.800000,-634.936000,310.320000
1334.160000,-636.000000,308.368000
1342.740000,-633.382000,316.000000
1366.100000,-615.908000,311.245000
1362.139000,-574.600000,308.550000
1349.100000,-591.390000,316.866000
1357.532000,-620.600000,314.171000
1360.711000,-591.712000,319.000000
1347.700000,-599.378000,309.622000
1330.850000,-580.600000,309.132000
1322.700000,-613.605000,308.644000
1346.125000,-621.600000,308.154000
1326.875000,-618.812000,310.000000
1448.900000,-1080.159000,307.630000
1444.682000,-1079.700000,306.410000
1411.900000,-1086.342000,310.190000
1425.849000,-1106.700000,308.965000
1435.987000,-1092.957000,311.000000
1344.200000,-1093.518000,308.000000
1333.100000,-1073.900000,308.000000
1324.200000,-1097.224000,308.000000
1340.560000,-1107.900000,308.000000
1326.900000,-1075.634000,308.000000
1442.100000,-1044.920000,308.728000
1408.270000,-1042.200000,304.824000
1408.100000,-1044.740000,316.904000
1416.872000,-1062.200000,313.000000
1429.146000,-1054.400000,319.000000
1434.000000,-1021.312000,320.480000
1395.196000,-1006.000000,315.600000
1345.000000,-1018.474000,310.700000
1407.211000,-1028.000000,305.820000
1354.256000,-1009.740000,323.000000
1344.900000,-1024.345000,312.630000
1290.588000,-1009.300000,308.465000
1282.900000,-1009.772000,321.317000
1291.518000,-1068.300000,317.169000
1319.356000,-1052.311000,323.000000
1446.100000,-970.010000,314.684000
1438.492000,-942.300000,311.254000
1422.100000,-957.532000,307.838000
1436.020000,-976.300000,304.422000
1423.828000,-952.126000,316.000000
1399.000000,-967.142000,304.266000
1364.935000,-954.800000,303.531000
1354.000000,-984.137000,305.799000
1354.900000,-987.800000,305.064000
1379.020000,-982.784000,306.000000
1337.700000,-982.122000,307.748000
1334.532000,-951.300000,306.772000
1321.700000,-962.157000,305.796000
1329.076000,-984.300000,304.816000
1322.340000,-964.764000,308.000000
1430.300000,-924.274000,320.573000
1400.314000,-915.400000,310.569000
1383.300000,-929.260000,341.565000
1425.647000,-933.400000,331.520000
1407.928000,-932.806000,343.000000
1308.000000,-840.316000,354.512000
1306.578000,-836.500000,342.800000
1290.000000,-851.620000,331.040000
1296.156000,-908.500000,319.328000
1290.144000,-874.444000,356.000000
1302.100000,-769.112000,321.065000
1294.315000,-753.200000,313.989000
1287.100000,-770.126000,335.884000
1298.830000,-779.200000,328.808000
1294.480000,-755.436000,336.000000
1356.800000,-782.380000,307.029000
1287.680000,-779.800000,328.953000
1284.800000,-781.165000,321.848000
1300.856000,-794.800000,314.772000
1355.144000,-789.490000,336.000000
1451.000000,-772.565000,318.612000
1409.000000,-761.600000,309.792000
1346.000000,-769.580000,301.008000
1415.615000,-776.600000,328.224000
1394.405000,-764.675000,336.000000
1446.700000,-733.967000,301.188000
1434.926000,-723.200000,328.368000
1432.700000,-759.164000,319.584000
1434.156000,-760.200000,310.800000
1445.930000,-751.505000,336.000000
1445.200000,-718.650000,326.352000
1421.596000,-705.900000,314.592000
1361.200000,-712.095000,302.880000
1406.896000,-720.900000,339.120000
1397.236000,-710.760000,348.000000
1359.800000,-716.670000,314.688000
1348.248000,-701.500000,346.440000
1343.800000,-733.061000,336.192000
1359.560000,-738.500000,325.902000
1358.408000,-734.208000,354.000000
1342.600000,-712.666000,336.360000
1336.606000,-699.100000,326.112000
1305.600000,-703.216000,315.864000
1321.325000,-713.100000,347.574000
1320.289000,-705.302000,354.000000
1302.800000,-720.128000,316.032000
1292.549000,-703.200000,347.784000
1285.800000,-726.688000,337.494000
1300.522000,-735.200000,327.246000
1300.777000,-703.296000,354.000000
1268.400000,-1047.740000,317.404000
1267.325000,-1042.900000,313.256000
1243.400000,-1052.525000,309.091000
1251.050000,-1097.900000,321.943000
1252.525000,-1073.810000,324.000000
1228.600000,-1093.588000,307.640000
1223.760000,-1073.500000,311.420000
1218.600000,-1092.565000,310.195000
1226.070000,-1104.500000,308.975000
1227.100000,-1077.282000,312.000000
1220.900000,-1096.570000,310.932000
1192.256000,-1094.500000,310.197000
1189.900000,-1095.060000,309.465000
1195.697000,-1104.500000,311.733000
1200.254000,-1101.310000,312.000000
1216.600000,-1068.205000,307.160000
1213.680000,-1056.700000,307.915000
1208.600000,-1064.140000,307.671000
1213.624000,-1071.700000,307.427000
1215.144000,-1060.315000,308.000000
1195.000000,-1062.736000,311.028000
1186.950000,-1051.000000,310.293000
1185.000000,-1084.732000,309.561000
1185.680000,-1087.000000,311.826000
1188.020000,-1079.800000,312.000000
1187.000000,-1100.736000,312.101000
1183.310000,-1077.700000,320.417000
1172.000000,-1087.502000,317.733000
1179.635000,-1103.700000,315.038000
1183.790000,-1087.060000,321.000000
1148.400000,-1088.725000,311.000000
1114.100000,-1077.600000,311.000000
1098.400000,-1098.050000,311.000000
1145.850000,-1102.600000,311.000000
1111.900000,-1100.575000,311.000000
1231.100000,-998.110000,309.446000
1228.306000,-998.000000,310.958000
1209.100000,-1003.676000,310.468000
1217.680000,-1020.000000,309.980000
1225.688000,-1008.538000,311.000000
1206.100000,-1027.824000,312.695000
1198.162000,-1004.700000,311.475000
1192.100000,-1033.359000,310.250000
1203.720000,-1045.700000,309.030000
1195.432000,-1006.258000,314.000000
1143.300000,-1005.728000,315.570000
1142.996000,-999.900000,312.154000
1105.300000,-1006.433000,322.724000
1115.598000,-1046.900000,319.308000
1132.774000,-1028.006000,326.000000
1268.000000,-932.030000,313.397000
1255.008000,-925.200000,311.682000
1239.000000,-931.000000,309.974000
1259.619000,-935.200000,308.266000
1245.003000,-926.770000,315.000000
1238.900000,-955.319000,311.148000
1227.343000,-947.300000,310.168000
1225.900000,-947.960000,313.192000
1227.876000,-980.300000,312.216000
1234.883000,-970.961000,314.000000
1224.200000,-971.856000,313.212000
1220.252000,-949.400000,312.232000
1212.200000,-962.308000,311.256000
1219.304000,-977.400000,310.276000
1214.300000,-957.128000,314.000000
1179.800000,-969.644000,311.272000
1162.090000,-965.300000,310.296000
1156.800000,-976.112000,313.320000
1157.559000,-977.300000,312.340000
1171.957000,-975.332000,314.000000
1190.200000,-962.430000,324.178000
1176.340000,-934.800000,320.030000
1124.200000,-945.060000,315.882000
1155.418000,-964.800000,311.717000
1133.638000,-946.650000,327.000000
1268.300000,-864.082000,310.750000
1259.186000,-853.500000,309.530000
1254.300000,-870.704000,313.305000
1267.096000,-875.500000,312.085000
1263.078000,-874.510000,314.000000
1257.000000,-830.940000,312.732000
1255.908000,-830.100000,312.244000
1245.000000,-834.783000,311.754000
1249.248000,-851.100000,311.266000
1246.332000,-840.894000,313.000000
1157.500000,-860.600000,316.000000
1150.584000,-842.600000,316.000000
1144.500000,-862.490000,316.000000
1154.835000,-872.600000,316.000000
1152.248000,-844.820000,316.000000
1145.100000,-860.085000,316.000000
1111.080000,-857.700000,316.000000
1110.100000,-859.260000,316.000000
1118.325000,-872.700000,316.000000
1112.900000,-867.195000,316.000000
1259.300000,-796.571000,310.586000
1251.040000,-790.100000,310.831000
1239.300000,-794.996000,310.075000
1252.820000,-799.100000,310.319000
1250.580000,-791.837000,310.000000
1213.100000,-766.058000,313.000000
1202.011000,-749.100000,313.000000
1200.100000,-809.185000,313.000000
1201.608000,-810.100000,313.000000
1200.724000,-794.972000,313.000000
1200.200000,-799.618000,320.565000
1196.378000,-748.500000,316.417000
1187.200000,-774.425000,329.269000
1194.441000,-809.500000,325.104000
1194.116000,-767.532000,330.000000
1142.500000,-791.322000,324.727000
1115.342000,-781.000000,323.019000
1105.500000,-803.516000,321.311000
1142.389000,-807.000000,319.596000
1106.092000,-803.646000,325.000000
1270.600000,-752.241000,313.908000
1261.850000,-739.800000,312.932000
1220.600000,-743.778000,315.952000
1242.500000,-752.800000,314.976000
1245.600000,-745.403000,316.000000
1238.100000,-711.604000,333.881000
1211.040000,-688.900000,329.733000
1194.100000,-721.768000,325.568000
1232.732000,-732.900000,321.420000
1237.440000,-732.460000,334.000000
1172.300000,-699.032000,318.018000
1170.844000,-696.600000,317.530000
1146.300000,-702.584000,317.040000
1154.594000,-728.600000,318.552000
1158.494000,-714.200000,319.000000
1138.700000,-695.025000,319.075000
1124.812000,-685.500000,321.340000
1110.700000,-694.920000,320.608000
1131.952000,-700.500000,319.876000
1137.384000,-687.135000,322.000000
1202.900000,-645.790000,330.443000
1126.066000,-641.500000,324.808000
1120.900000,-642.996000,319.196000
1137.300000,-663.500000,336.584000
1156.734000,-656.218000,341.000000
1148.800000,-632.976000,316.399000
1133.720000,-599.800000,321.684000
1108.800000,-622.196000,319.976000
1134.400000,-643.800000,318.261000
1145.640000,-609.832000,323.000000
1251.400000,-602.572000,316.292000
1171.236000,-587.500000,313.608000
1153.400000,-633.052000,310.924000
1161.338000,-635.500000,319.229000
1193.090000,-625.324000,321.000000
1253.000000,-582.333000,308.816000
1231.070000,-564.000000,333.008000
1168.000000,-572.190000,325.200000
1212.285000,-585.000000,317.360000
1243.565000,-571.287000,338.000000
994.600000,-1076.922000,356.468000
956.854000,-1062.200000,340.120000
940.600000,-1090.420000,323.705000
992.548000,-1096.200000,374.357000
960.742000,-1093.038000,383.000000
1076.100000,-1051.768000,314.160000
1071.374000,-998.200000,327.768000
1042.100000,-1012.834000,323.358000
1055.768000,-1052.200000,318.966000
1071.272000,-1023.364000,330.000000
1024.800000,-1025.108000,323.724000
967.960000,-995.300000,321.528000
926.800000,-1033.694000,319.323000
1009.414000,-1049.300000,326.127000
960.316000,-996.704000,327.000000
995.200000,-936.362000,329.792000
993.940000,-931.700000,383.397000
932.200000,-938.084000,366.073000
950.029000,-973.700000,348.749000
984.238000,-956.270000,390.000000
1073.100000,-915.966000,324.352000
1044.518000,-885.100000,320.922000
1011.100000,-912.332000,317.506000
1055.988000,-931.100000,328.090000
1030.320000,-891.770000,329.000000
1021.800000,-834.950000,321.104000
992.067000,-824.600000,325.634000
988.800000,-826.085000,324.170000
994.212000,-869.600000,322.700000
1015.002000,-856.280000,326.000000
1078.200000,-794.060000,350.853000
1067.940000,-751.400000,339.385000
1048.200000,-776.942000,327.917000
1066.350000,-805.400000,363.402000
1056.540000,-765.656000,365.000000
1028.200000,-774.852000,324.730000
993.792000,-758.100000,341.362000
984.200000,-801.972000,335.994000
986.180000,-806.100000,330.604000
1017.728000,-797.604000,342.000000
986.200000,-797.740000,339.351000
973.712000,-743.200000,334.227000
930.200000,-764.440000,329.082000
957.416000,-803.200000,344.958000
943.976000,-766.180000,345.000000
1023.800000,-708.416000,329.940000
962.804000,-679.400000,325.060000
931.800000,-728.690000,340.160000
1016.992000,-741.400000,335.280000
999.052000,-737.804000,345.000000
1083.800000,-606.280000,324.341000
1079.120000,-604.600000,322.633000
1038.800000,-618.700000,320.918000
1055.315000,-664.600000,319.210000
1048.475000,-634.720000,326.000000
987.100000,-641.033000,324.558000
977.308000,-606.400000,324.068000
969.100000,-646.284000,325.580000
983.626000,-665.400000,325.092000
981.682000,-609.999000,326.000000
965.000000,-631.639000,339.515000
949.240000,-626.200000,335.350000
949.000000,-630.492000,331.202000
952.968000,-663.200000,327.037000
951.928000,-649.177000,343.000000
1066.900000,-580.124000,327.598000
1009.100000,-542.000000,323.188000
930.900000,-572.078000,336.796000
1024.468000,-596.000000,332.386000
1021.612000,-551.720000,340.000000
813.700000,-1070.306000,328.086000
784.256000,-1059.400000,325.402000
779.700000,-1100.277000,322.718000
784.086000,-1100.400000,320.023000
784.834000,-1089.740000,330.000000
892.700000,-1073.675000,329.472000
870.362000,-988.700000,325.568000
819.700000,-1033.814000,337.664000
861.237000,-1091.700000,333.744000
866.055000,-1019.497000,340.000000
809.800000,-1018.900000,335.154000
788.137000,-995.800000,331.982000
780.800000,-1048.480000,328.797000
781.090000,-1055.800000,325.625000
784.251000,-1047.340000,337.000000
773.400000,-1095.800000,327.984000
763.676000,-1072.200000,324.080000
721.400000,-1080.175000,336.160000
744.800000,-1097.200000,332.256000
752.808000,-1082.650000,338.000000
772.800000,-1028.424000,421.120000
757.100000,-1000.200000,394.768000
747.800000,-1042.704000,368.308000
770.075000,-1056.200000,341.956000
750.000000,-1054.968000,433.000000
840.300000,-924.239000,354.668000
836.492000,-920.900000,335.558000
784.300000,-931.500000,394.526000
802.836000,-973.900000,375.494000
816.332000,-949.361000,401.000000
844.200000,-865.318000,349.362000
812.642000,-824.200000,344.217000
782.200000,-866.440000,339.093000
830.064000,-890.200000,333.948000
785.672000,-830.602000,351.000000
769.300000,-833.618000,357.594000
752.218000,-824.700000,342.159000
751.300000,-828.669000,389.787000
755.116000,-873.700000,374.352000
761.020000,-856.844000,393.000000
744.982154,-861.845534,390.039000
753.293058,-829.662334,374.667000
734.672461,-846.216509,359.295000
735.111321,-869.735988,343.860000
740.754771,-834.247827,393.000000
869.700000,-749.322000,333.442000
828.200000,-742.700000,329.050000
819.700000,-763.864000,342.640000
824.350000,-764.700000,338.248000
845.100000,-759.750000,343.000000
907.900000,-787.760000,342.730000
898.415000,-736.100000,338.338000
872.900000,-760.220000,333.928000
891.590000,-796.100000,329.536000
907.620000,-756.200000,343.000000
833.148485,-789.713486,431.196000
812.474189,-760.074095,383.372000
785.410213,-784.026332,335.352000
821.433106,-809.772369,483.528000
803.528362,-795.715664,529.000000
909.000000,-662.840000,327.408000
899.424000,-630.500000,345.552000
846.000000,-639.839000,339.672000
872.145000,-663.500000,333.816000
906.543000,-645.482000,351.000000
840.600000,-654.197000,369.909000
809.816000,-641.800000,352.024000
788.600000,-658.452000,334.212000
833.060000,-664.800000,389.400000
811.740000,-642.099000,404.000000
897.700000,-596.164000,335.535000
894.994000,-592.600000,497.860000
845.056000,-592.600000,427.770000
815.700000,-598.504000,445.400000
839.972000,-628.600000,392.725000
873.756000,-628.600000,521.940000
906.700000,-569.294000,333.475000
848.994000,-541.000000,329.800000
784.700000,-567.015000,326.140000
874.492000,-584.000000,337.465000
835.086000,-546.676000,340.000000
556.712007,-1133.570852,327.400000
534.213928,-1109.718175,350.080000
530.888124,-1109.266125,342.760000
518.401047,-1138.857444,335.410000
544.976431,-1144.522767,355.000000
527.606621,-1173.403785,420.764000
520.696267,-1142.500215,381.968000
497.309117,-1126.725383,348.101000
478.275483,-1130.301248,343.013000
503.476130,-1164.659188,463.217000
516.247454,-1173.273555,417.743000
502.486087,-1138.694593,485.000000
503.010778,-1096.222095,332.832000
501.338352,-1079.162869,378.948000
478.866319,-1092.612220,364.003000
477.913084,-1094.727512,349.119000
491.167248,-1102.685971,387.000000
566.648233,-1087.661950,393.452000
600.842066,-1043.038574,366.856000
556.484014,-1023.834237,340.151000
544.026564,-1069.807232,422.555000
568.676476,-1039.181463,434.000000
621.167751,-1032.375269,330.608000
606.134283,-1003.666206,354.800000
587.770797,-998.941889,346.960000
613.444746,-1034.940095,339.152000
611.100653,-1030.488146,358.000000
657.144997,-984.587991,333.260000
655.260532,-981.188285,330.565000
628.229049,-965.540598,327.881000
609.801340,-996.556565,336.197000
626.404989,-980.520948,337.000000
658.521609,-958.027760,333.864000
669.350558,-938.507773,363.309000
645.920373,-948.930646,353.793000
644.932111,-965.558068,344.238000
671.368563,-943.802825,366.000000
448.964637,-1085.366163,328.692000
422.594226,-1043.858436,328.447000
418.291139,-1047.153854,328.203000
397.879127,-1080.076492,328.958000
411.475812,-1070.705445,329.000000
449.256643,-1050.909718,341.455000
459.348800,-1028.083633,390.595000
436.002897,-1028.186642,374.735000
436.754493,-1051.030491,358.810000
458.574228,-1035.669665,393.000000
528.187791,-1020.218472,372.272000
521.574451,-999.589027,356.656000
519.567663,-997.603445,340.976000
497.757939,-1019.437572,389.360000
505.970529,-1016.131436,390.000000
496.823550,-1007.631383,339.711000
514.319915,-984.022152,376.755000
492.222821,-981.761511,364.750000
485.686844,-1004.278804,352.794000
507.338523,-991.362513,377.000000
551.378518,-1002.369116,353.670000
532.812650,-964.664332,345.374000
507.311748,-968.568666,337.044000
505.941658,-971.206813,328.748000
515.764313,-977.219072,362.000000
574.519096,-981.095332,329.355000
614.422020,-940.032617,328.130000
581.613151,-931.600855,331.910000
559.805363,-969.516622,330.690000
593.185312,-953.161030,333.000000
572.975876,-935.560244,373.859000
589.405169,-908.256121,359.894000
548.956371,-933.135943,345.986000
547.808522,-953.818499,332.078000
541.850435,-943.068325,386.000000
666.802390,-900.427282,333.454000
666.648777,-895.861437,329.044000
631.726465,-870.927025,342.652000
608.399230,-909.736086,338.242000
637.706751,-905.169607,346.000000
689.438804,-859.561316,436.927000
701.666099,-826.195788,404.342000
665.741727,-833.714247,371.890000
669.526796,-865.957841,339.305000
691.353697,-820.134899,461.000000
736.407279,-806.099577,352.046000
723.364182,-783.239376,335.210000
720.911635,-783.905195,387.374000
707.112972,-802.896196,370.469000
721.132081,-806.066114,398.000000
763.900000,-689.351000,375.650000
755.458000,-675.500000,363.694000
742.900000,-685.646000,351.689000
756.865000,-694.500000,339.733000
745.567000,-679.357000,383.000000
743.175287,-707.462839,344.640000
723.569326,-674.526208,334.880000
704.741315,-680.681875,365.080000
707.359263,-684.699746,355.320000
725.160057,-699.526558,370.000000
766.000000,-644.344000,366.752000
745.341000,-578.200000,357.968000
693.000000,-610.570000,349.148000
732.858000,-656.200000,340.364000
700.008000,-603.316000,371.000000
765.700000,-553.920000,341.960000
722.260000,-537.600000,337.060000
705.700000,-571.800000,352.180000
764.920000,-577.600000,347.300000
740.500000,-572.880000,354.000000
708.600000,-577.014000,522.510000
701.712000,-536.400000,469.835000
666.600000,-548.832000,417.375000
684.534000,-578.400000,364.915000
426.688861,-1019.049826,346.200000
420.319336,-986.061778,336.400000
390.979457,-984.915512,366.640000
411.590716,-1022.953302,356.840000
425.014037,-991.906921,369.000000
484.331261,-965.011423,405.490000
484.855760,-961.286154,385.482000
446.196950,-922.546685,365.474000
436.778382,-952.764041,345.384000
437.820129,-931.677149,410.000000
495.929110,-951.185072,330.305000
495.697714,-920.104196,329.085000
465.139208,-911.780266,332.865000
479.777849,-948.115273,331.640000
492.962920,-922.447464,333.000000
562.235095,-899.975408,349.517000
536.828950,-849.056537,344.393000
531.330299,-847.796044,339.248000
494.542503,-892.178068,334.124000
540.133064,-917.873280,350.000000
593.583185,-877.063384,336.395000
622.325367,-839.621201,332.735000
587.153452,-843.667292,329.060000
575.639971,-877.310481,340.400000
608.368032,-845.171813,344.000000
576.043137,-848.034378,327.063000
568.361149,-823.102680,332.355000
542.825182,-836.330960,330.640000
542.724578,-839.114623,328.932000
564.406853,-856.260568,334.000000
575.641013,-825.984538,345.375000
595.595989,-805.676804,336.800000
580.018527,-805.711823,328.260000
568.755657,-823.380258,354.720000
584.246836,-809.865532,362.000000
628.677826,-792.131193,327.312000
630.002372,-773.352786,351.472000
607.594882,-783.468634,343.664000
615.507853,-801.535002,335.856000
617.202234,-799.802627,358.000000
684.851296,-794.266838,334.798000
680.210333,-788.397481,331.368000
642.558645,-753.882697,327.952000
640.189321,-785.057103,338.522000
653.034810,-776.819361,341.000000
710.442027,-765.369721,333.232000
718.743223,-722.039235,356.668000
672.494610,-731.760955,349.104000
684.732340,-775.380235,341.509000
731.979481,-741.816926,362.000000
437.803051,-916.141382,339.584000
440.541662,-913.125908,335.192000
398.297916,-868.352917,330.800000
386.920036,-899.346234,344.390000
401.807019,-896.545368,347.000000
452.339806,-902.102994,329.976000
455.473160,-873.508773,344.340000
426.328512,-865.262344,339.685000
436.774847,-898.088750,335.049000
461.006603,-887.730929,347.000000
517.560635,-851.243269,337.920000
510.294258,-819.292874,334.016000
507.004760,-817.328183,330.096000
464.600041,-858.206159,342.192000
482.105054,-852.650881,344.000000
463.826662,-842.643985,332.216000
485.561162,-814.821716,355.652000
459.984595,-814.873000,348.057000
451.011109,-840.483630,340.493000
479.017766,-825.463078,359.000000
546.601495,-823.415483,345.908000
545.410318,-806.499268,338.803000
523.879991,-818.653322,331.727000
522.241118,-820.791114,353.651000
529.020666,-822.041190,356.000000
520.629722,-812.022039,328.008000
537.519495,-789.070007,332.538000
512.638596,-774.743299,331.074000
507.507888,-799.679232,329.610000
528.827675,-797.071000,333.000000
570.769214,-801.417907,334.892000
557.280028,-761.925994,331.707000
525.899105,-760.547431,328.535000
555.450648,-807.337369,338.350000
533.060186,-777.446940,339.000000
594.858403,-740.199133,327.194000
594.865911,-738.517692,331.730000
581.978781,-732.614211,330.266000
568.251247,-750.143759,328.796000
582.588194,-746.136104,332.000000
617.984317,-741.984537,332.150000
621.172489,-717.414659,329.710000
596.284001,-718.380801,327.270000
604.523872,-744.525801,334.820000
615.408964,-713.681903,335.000000
604.980128,-711.461324,331.623000
603.228484,-694.080220,356.571000
597.958023,-697.846319,348.486000
557.814379,-734.928431,340.434000
580.112019,-726.696568,357.000000
661.275832,-722.396703,339.940000
678.777405,-675.649890,335.060000
630.860805,-668.533972,330.160000
635.718782,-717.817863,325.280000
656.290008,-665.995047,345.000000
336.412758,-1019.613803,328.156000
273.425604,-922.095571,325.228000
226.589720,-934.834204,334.288000
236.160163,-947.582292,331.360000
295.623132,-1003.136516,337.000000
346.126911,-992.927392,353.265000
387.598216,-949.822571,344.690000
352.961443,-955.223908,336.150000
330.139566,-991.687164,327.610000
362.603240,-953.817763,361.000000
351.533699,-952.963354,336.490000
316.697264,-876.050234,331.100000
261.829274,-882.774254,347.732000
326.074486,-973.436988,342.364000
309.497975,-941.726004,352.000000
363.157876,-881.917227,434.052000
385.566967,-847.372238,401.712000
338.462159,-809.268735,369.504000
336.349844,-851.743797,337.164000
342.205549,-821.709395,459.000000
401.153210,-841.978693,334.172000
389.839360,-803.504629,328.804000
357.915108,-799.786644,345.436000
385.291315,-845.558734,340.046000
376.924226,-834.654193,349.000000
468.403684,-784.387363,338.788000
467.802888,-780.470587,335.372000
428.860743,-740.489791,331.956000
423.762277,-768.988387,328.526000
426.361387,-752.762769,341.000000
491.052839,-765.664522,326.000000
487.141618,-731.665003,326.000000
454.619868,-720.535305,326.000000
474.058036,-761.589581,326.000000
489.000702,-738.891497,326.000000
581.114756,-684.788631,338.984000
569.509282,-661.563343,335.080000
566.895185,-661.560904,331.160000
549.367872,-682.772229,327.256000
555.213134,-674.599321,341.000000
546.307025,-715.641993,326.950000
553.714527,-690.136241,325.730000
526.565683,-680.157834,329.505000
531.705923,-709.039335,328.285000
547.790410,-693.234974,330.000000
538.287691,-668.952596,339.496000
541.489283,-651.587998,335.576000
508.123566,-675.364389,331.672000
507.217389,-677.593410,327.768000
514.305188,-671.655663,341.000000
579.132346,-650.140780,333.972000
594.055149,-628.411108,327.602000
571.731993,-618.848694,347.258000
567.534326,-641.724553,340.914000
582.918015,-630.541173,349.000000
286.934245,-837.565323,359.830000
281.628991,-816.462975,351.255000
264.387889,-817.949988,342.715000
277.945676,-842.584698,334.140000
263.991617,-819.643560,362.000000
247.280759,-870.260078,326.342000
267.609113,-836.974330,322.926000
208.903681,-779.397612,333.510000
211.744416,-826.179134,330.080000
234.361767,-822.755157,334.000000
322.445484,-801.762224,326.000000
316.167042,-765.776376,326.000000
283.986413,-762.099818,326.000000
305.877093,-804.112549,326.000000
301.493423,-748.637849,326.000000
300.092701,-700.911006,325.940000
302.631832,-698.196408,324.964000
290.181994,-692.360054,327.984000
271.478011,-714.524343,327.008000
283.749142,-706.929839,328.000000
346.910554,-711.955707,325.007000
353.154103,-699.954686,330.299000
341.205272,-703.620217,328.584000
340.422699,-714.184354,326.876000
354.130770,-705.014076,332.000000
341.574815,-692.689020,326.585000
340.498295,-685.102034,325.365000
339.549280,-685.050690,324.140000
326.821065,-698.299514,327.920000
332.385893,-695.991639,329.000000
361.746142,-694.365470,324.132000
369.217482,-675.073528,327.152000
348.620055,-667.522753,326.176000
350.685059,-688.769093,325.200000
370.006120,-685.352400,328.000000
404.962123,-671.843306,328.196000
394.764890,-654.832137,327.216000
379.094150,-683.132912,326.240000
378.920615,-686.220805,329.264000
388.295871,-683.151734,330.000000
421.256395,-663.257381,327.235000
436.512391,-631.670431,341.580000
410.398946,-629.176365,336.944000
407.218625,-657.266282,332.289000
431.140186,-645.658605,345.000000
402.419917,-604.685191,351.420000
377.411576,-632.314069,339.464000
367.184493,-648.221968,327.508000
401.091396,-608.760730,364.503000
381.803580,-631.467024,372.000000
580.992762,-576.341608,324.304000
580.841850,-573.977522,342.448000
560.694275,-569.876730,336.592000
533.401107,-601.448933,330.712000
560.049604,-591.118822,346.000000
562.900000,-545.585000,336.688000
541.060000,-533.300000,330.832000
522.900000,-547.538000,324.952000
555.300000,-554.300000,343.096000
537.500000,-534.539000,346.000000
515.695735,-644.154964,328.712000
502.453763,-620.478498,350.636000
499.064381,-622.864330,343.531000
479.755406,-647.877983,336.455000
500.410579,-651.693833,354.000000
480.763341,-611.874022,321.000000
490.453090,-584.254341,321.000000
461.983021,-579.593142,321.000000
465.560691,-609.242948,321.000000
480.099488,-581.121533,321.000000
470.500000,-565.048000,321.000000
461.820000,-563.200000,321.000000
460.500000,-570.193000,321.000000
461.810000,-570.200000,321.000000
468.680000,-568.359000,321.000000
449.494476,-585.784853,321.000000
452.318000,-570.919836,321.000000
442.893900,-575.588793,321.000000
444.321042,-587.090448,321.000000
446.669044,-574.366431,321.000000
431.876133,-582.316156,321.768000
428.135157,-568.681409,324.788000
416.386544,-592.483788,323.812000
415.261377,-595.905983,322.832000
424.745326,-594.808113,325.000000
479.100000,-555.920000,321.000000
471.162000,-546.500000,321.000000
437.100000,-549.710000,321.000000
456.126000,-556.500000,321.000000
448.440000,-550.660000,321.000000
410.148942,-568.542210,321.000000
411.353420,-547.531602,321.000000
397.132502,-574.698661,321.000000
402.106798,-586.798037,321.000000
401.160006,-585.371263,321.000000
401.069820,-545.105637,321.000000
400.941052,-543.320693,321.000000
390.375813,-545.468210,321.000000
386.556613,-566.934449,321.000000
389.715154,-554.745387,321.000000
1336.010710,-499.099281,318.280000
1356.878882,-475.262532,304.616000
1324.948091,-481.220955,346.896000
1317.798722,-503.767993,333.232000
1355.314952,-481.747874,360.000000
1269.500000,-500.000000,330.588000
1207.685000,-494.600000,323.756000
1204.500000,-497.090000,316.896000
1218.475000,-524.600000,310.064000
1217.955000,-514.220000,337.000000
1269.000000,-445.060000,313.027000
1258.416000,-416.200000,307.882000
1242.000000,-436.597000,323.758000
1259.685000,-455.200000,318.634000
1260.657000,-424.507000,328.000000
1188.300000,-505.968000,321.242000
1145.036000,-496.400000,317.812000
1136.300000,-527.248000,314.396000
1141.292000,-528.400000,310.966000
1145.400000,-521.136000,324.000000
1131.300000,-520.960000,313.957000
1124.475000,-486.600000,313.222000
1106.300000,-502.760000,315.490000
1119.700000,-526.600000,314.755000
1122.775000,-499.880000,316.000000
1190.100000,-457.224000,318.672000
1135.912000,-449.700000,316.720000
1114.100000,-464.910000,314.768000
1188.352000,-467.700000,312.808000
1124.968000,-465.756000,320.000000
1203.900000,-442.608000,319.900000
1189.424000,-407.400000,311.604000
1109.900000,-417.696000,337.308000
1149.098000,-443.400000,328.978000
1168.838000,-423.636000,342.000000
963.800000,-508.551000,326.598000
943.604000,-496.200000,325.866000
929.800000,-512.898000,325.131000
958.972000,-519.200000,324.399000
933.574000,-496.453000,327.000000
1005.000000,-436.510000,331.932000
1002.550000,-433.600000,325.588000
935.000000,-438.610000,345.218000
955.860000,-463.600000,338.874000
976.720000,-450.700000,348.000000
912.300000,-514.580000,414.800000
888.550000,-494.900000,390.400000
862.300000,-513.110000,365.900000
899.250000,-524.900000,341.500000
866.300000,-498.800000,425.000000
911.700000,-452.940000,332.350000
887.884000,-444.300000,326.225000
885.700000,-446.220000,345.125000
890.354000,-484.300000,339.025000
900.364000,-471.860000,347.000000
914.100000,-425.450000,417.720000
896.300000,-402.200000,392.240000
864.100000,-416.840000,366.864000
895.100000,-432.200000,341.384000
866.500000,-409.670000,425.000000
864.200000,-479.465000,366.234000
814.786000,-473.100000,346.879000
802.200000,-490.751000,406.603000
805.920000,-492.100000,387.248000
835.184000,-488.452000,410.000000
863.600000,-450.186000,406.919000
848.906000,-433.200000,387.643000
801.600000,-440.211000,368.367000
832.662000,-452.200000,349.012000
802.592000,-440.192000,410.000000
772.000000,-455.388000,374.499000
772.000000,-462.952000,340.743000
694.708000,-400.000000,353.271000
658.000000,-498.820000,419.043000
658.000000,-467.100000,378.849000
765.274000,-522.000000,397.728000
715.000000,-513.094000,420.000000
661.990000,-446.970000,420.000000
634.400000,-399.612000,390.538000
627.438000,-398.000000,374.434000
575.400000,-429.000000,358.264000
597.938000,-522.000000,342.160000
633.456000,-458.388000,391.000000
574.200000,-469.779000,340.378000
542.337000,-399.300000,330.130000
517.200000,-484.293000,319.840000
564.054000,-522.300000,351.592000
543.933000,-404.958000,361.000000
480.900000,-474.848000,319.700000
450.930000,-469.700000,340.868000
450.900000,-474.809000,334.008000
458.790000,-508.700000,327.176000
479.490000,-493.334000,347.000000
405.300000,-504.764000,321.328000
393.860000,-475.700000,319.368000
379.300000,-499.724000,317.416000
397.578000,-517.700000,323.464000
390.662000,-482.630000,325.000000
499.500000,-413.811000,316.886000
459.020000,-398.500000,315.376000
453.500000,-399.232000,315.864000
460.124000,-459.500000,316.354000
495.866000,-442.725000,315.000000
1271.200000,-350.003000,355.705000
1259.965000,-290.800000,334.880000
1236.200000,-323.869000,314.140000
1256.640000,-363.800000,378.315000
1250.375000,-311.532000,392.000000
1217.300000,-324.410000,320.656000
1179.250000,-315.900000,386.428000
1167.300000,-336.439000,365.200000
1168.550000,-338.900000,343.885000
1211.750000,-335.312000,400.000000
1167.900000,-373.650000,365.548000
1159.820000,-276.000000,344.320000
1127.900000,-311.070000,323.005000
1146.500000,-381.000000,388.777000
1142.820000,-318.315000,400.000000
1100.100000,-322.005000,331.960000
1035.900000,-300.000000,451.408000
1054.700000,-300.000000,358.978000
1000.100000,-334.830000,412.698000
1090.700000,-345.000000,374.146000
1052.100000,-345.000000,428.182000
1085.800000,-343.335000,471.000000
997.200000,-351.415000,388.324000
992.220000,-349.700000,361.728000
937.200000,-357.225000,335.023000
957.960000,-384.700000,417.427000
957.720000,-367.970000,428.000000
998.100000,-280.280000,335.568000
966.660000,-259.000000,417.972000
938.100000,-281.925000,391.267000
985.320000,-294.000000,364.671000
987.660000,-261.870000,428.000000
879.400000,-362.764000,372.428000
857.228000,-358.900000,355.033000
856.400000,-361.108000,337.709000
861.621000,-381.900000,391.385000
863.530000,-373.643000,396.000000
830.200000,-373.364000,341.248000
817.240000,-350.100000,395.608000
798.200000,-367.252000,378.040000
819.576000,-382.100000,360.400000
823.608000,-356.532000,400.000000
889.700000,-312.011000,380.400000
836.465000,-296.800000,360.310000
826.700000,-348.581000,340.302000
833.504000,-349.800000,402.212000
844.214000,-337.080000,405.000000
918.300000,-288.772000,325.365000
890.844000,-261.700000,333.681000
822.300000,-275.044000,330.997000
875.004000,-293.700000,328.302000
895.452000,-271.940000,334.000000
775.600000,-329.810000,408.679000
744.382000,-315.600000,382.083000
732.600000,-345.630000,355.378000
775.127000,-350.600000,437.782000
743.178000,-346.365000,438.000000
769.600000,-309.520000,347.983000
762.586000,-263.200000,326.267000
727.600000,-277.504000,393.462000
745.660000,-311.200000,371.746000
758.260000,-284.272000,415.000000
706.400000,-286.975000,335.208000
676.657000,-253.900000,331.304000
657.400000,-300.457000,327.384000
700.030000,-316.900000,323.480000
667.935000,-316.774000,339.000000
646.650000,-258.188000,335.345000
640.184400,-247.100000,321.870000
511.950000,-270.728000,363.450000
553.841700,-379.100000,350.030000
606.105300,-320.756000,375.000000
581.455200,-352.040000,375.000000
502.100000,-333.452000,345.570000
440.124000,-247.800000,334.300000
375.100000,-330.260000,323.076000
470.477000,-380.800000,311.852000
398.341000,-263.361000,355.000000
497.274000,-258.440000,355.000000
1095.100000,-174.258000,331.440000
961.324000,-156.800000,321.640000
951.100000,-161.960000,351.880000
978.748000,-242.800000,342.080000
1047.148000,-215.022000,359.000000
1009.852000,-188.104000,359.000000
921.400000,-217.325000,532.577000
921.400000,-218.600000,392.519000
893.725000,-160.100000,471.082000
864.925000,-160.100000,447.488000
846.400000,-197.675000,409.838000
846.400000,-181.475000,502.457000
893.800000,-235.100000,348.343000
907.750000,-235.100000,557.426000
994.700000,-76.060400,322.078000
956.630000,-70.200000,319.882000
947.700000,-87.326200,326.686000
951.131000,-88.400000,324.481000
977.545000,-84.687200,328.000000
997.939032,-60.255012,343.166000
990.715671,-43.356912,336.578000
958.545505,-43.365591,329.963000
977.500824,-58.083077,323.375000
963.533288,-43.927015,347.000000
854.573390,-113.365254,330.854000
838.467854,-93.077437,325.730000
820.969779,-99.679385,341.585000
847.557643,-121.062954,336.461000
837.972400,-112.895382,344.000000
895.543995,-75.294726,326.340000
888.780226,-71.039364,324.876000
840.411509,-48.413271,323.406000
851.225010,-76.462131,321.942000
842.224414,-55.641862,327.000000
919.812797,-21.835566,326.496000
901.096046,0.785792,322.576000
877.028526,-10.862258,334.672000
909.018927,-30.629561,330.768000
906.767381,-2.184659,336.000000
880.678908,19.207717,326.986000
882.075449,23.932077,323.801000
860.544386,25.254970,320.629000
854.333970,-9.766603,317.457000
855.538862,7.500562,328.000000
783.200000,-223.313000,359.726000
765.080000,-191.400000,340.861000
743.200000,-218.848000,399.073000
771.840000,-238.400000,380.208000
764.800000,-198.591000,403.000000
712.800000,-199.400000,325.724000
672.615000,-187.500000,324.254000
667.800000,-188.750000,322.790000
674.820000,-237.500000,321.320000
668.880000,-223.100000,326.000000
638.700000,-211.760000,329.601000
613.984000,-195.800000,322.525000
564.700000,-205.100000,344.449000
608.878000,-215.800000,337.344000
602.292000,-201.240000,345.000000
423.000000,-203.780000,392.665000
397.458000,-189.500000,370.949000
390.000000,-225.740000,349.144000
391.221000,-229.500000,327.428000
422.736000,-222.740000,394.000000
776.400000,-120.920000,323.509000
764.575000,-65.900000,321.313000
721.400000,-86.660000,319.108000
747.690000,-125.900000,325.912000
747.580000,-89.360000,328.000000
769.250000,-17.740000,312.816000
698.837500,1.300000,349.104000
661.750000,-30.180000,337.344000
760.435000,-38.700000,325.632000
765.057500,-36.700000,360.000000
507.800000,4.472000,315.259000
502.040000,6.200000,309.624000
447.800000,-4.696000,304.012000
469.340000,-41.800000,321.400000
474.500000,-18.280000,326.000000
239.913943,-582.735299,322.049000
240.790048,-565.940806,322.804000
223.980706,-568.970052,322.560000
230.915302,-585.764545,322.316000
246.670348,-573.870302,323.000000
296.500000,-329.720000,312.565000
287.707000,-326.000000,312.320000
287.500000,-328.592000,312.076000
289.660000,-350.000000,312.831000
291.217000,-341.096000,313.000000
283.000000,-316.926000,312.080000
272.992000,-310.500000,312.836000
259.000000,-315.441000,312.592000
275.320000,-319.500000,312.347000
280.528000,-312.192000,313.000000
172.907514,-559.270553,326.768000
167.481515,-524.479957,324.816000
129.719098,-537.505427,322.864000
131.469436,-541.909843,328.904000
145.054245,-546.368424,330.000000
133.487705,-308.261033,313.224000
140.838080,-286.160410,314.736000
115.863068,-276.388194,314.246000
119.670838,-300.348508,313.758000
139.445079,-295.621499,315.000000
121.932832,-611.037731,377.636000
129.399880,-578.488191,356.408000
80.677394,-618.352043,335.093000
74.092816,-625.004504,400.865000
86.752855,-624.122035,410.000000
-15.793170,-426.780454,321.440000
79.993574,-559.818151,329.000000
81.155878,-495.281444,326.550000
0.301330,-406.484412,324.110000
39.607063,-498.678614,330.000000
147.744652,-439.119839,334.520000
163.328817,-387.420375,329.130000
100.869024,-415.688653,323.762000
111.148541,-462.281256,340.394000
94.742841,-440.651064,342.000000
102.517987,-376.900081,319.984000
108.046003,-380.501125,345.654000
120.117007,-348.090614,337.358000
66.026966,-299.708575,329.062000
80.285475,-340.547339,348.000000
39.328510,-303.926324,334.836000
46.996376,-250.913115,326.751000
-5.974407,-258.719573,318.699000
10.905646,-310.988907,343.614000
32.308354,-246.322577,345.000000
364.000000,-149.930000,306.519000
256.726000,-131.500000,319.371000
250.000000,-138.581000,315.223000
273.256000,-228.500000,311.058000
337.780000,-195.908000,320.000000
314.638000,-178.254000,320.000000
286.526906,-67.547684,313.122000
307.487229,-33.585734,309.706000
275.209872,-36.177527,306.290000
269.698875,-67.547262,316.860000
291.472387,-32.507546,317.000000
209.000000,-29.355000,310.239000
177.764000,0.000000,310.995000
171.000000,-90.630000,310.750000
174.230000,-95.000000,310.506000
199.044000,-74.385000,311.000000
170.000000,-186.835000,323.305000
125.290000,0.000000,320.621000
0.000000,-84.710000,317.926000
89.420000,-215.000000,315.242000
37.740000,-73.745000,326.000000
154.020000,-72.455000,326.000000
102.680000,-130.290000,326.000000
68.510000,-17.845000,326.000000
