1522.700000,-1098.252000,305.696000
1514.829000,-1072.200000,305.208000
1505.700000,-1095.405000,304.718000
1518.042000,-1111.200000,304.230000
1507.910000,-1077.738000,306.000000
1493.900000,-1065.588000,307.606000
1475.900000,-1052.600000,307.118000
1469.900000,-1082.554000,306.628000
1470.212000,-1086.600000,306.140000
1474.076000,-1081.704000,308.000000
1570.100000,-965.300000,306.313000
1568.916000,-963.400000,304.598000
1538.100000,-966.760000,302.890000
1547.700000,-983.400000,301.175000
1545.108000,-974.780000,308.000000
1526.200000,-977.140000,315.280000
1521.355000,-952.900000,310.400000
1511.200000,-966.550000,305.500000
1519.990000,-982.900000,320.620000
1515.160000,-961.360000,321.000000
1508.400000,-970.888000,307.021000
1482.780000,-956.300000,304.825000
1466.400000,-977.076000,302.620000
1503.066000,-984.300000,309.424000
1479.336000,-984.160000,310.000000
1491.461063,-727.335733,316.875000
1471.577602,-733.560848,310.260000
1471.519165,-735.982752,303.672000
1512.697911,-763.748479,324.057000
1503.156083,-751.804624,327.000000
1427.300000,-623.036000,318.440000
1422.908000,-569.000000,314.048000
1403.300000,-586.955000,309.638000
1414.028000,-626.000000,323.246000
1412.852000,-593.054000,326.000000
1390.800000,-631.254000,312.280000
1362.600000,-622.000000,310.328000
1330.800000,-630.428000,308.376000
1374.780000,-636.000000,314.416000
1357.320000,-623.890000,316.000000
1366.100000,-591.850000,313.401000
1353.231000,-574.600000,310.706000
1349.100000,-615.448000,308.022000
1349.440000,-620.600000,316.327000
1357.379000,-613.608000,319.000000
1347.700000,-584.208000,308.892000
1346.600000,-580.600000,308.404000
1322.700000,-587.775000,309.914000
1330.375000,-621.600000,309.426000
1336.000000,-603.642000,310.000000
1448.900000,-1101.327000,308.005000
1436.690000,-1079.700000,306.785000
1411.900000,-1092.174000,310.565000
1433.841000,-1106.700000,309.340000
1433.212000,-1087.125000,311.000000
1344.200000,-1091.376000,308.000000
1331.860000,-1073.900000,308.000000
1324.200000,-1099.366000,308.000000
1341.800000,-1107.900000,308.000000
1336.620000,-1107.492000,308.000000
1442.100000,-1046.760000,307.992000
1411.364000,-1042.200000,304.088000
1408.100000,-1042.900000,316.168000
1413.778000,-1062.200000,312.264000
1430.744000,-1056.240000,319.000000
1434.000000,-1026.702000,308.340000
1417.001000,-1006.000000,303.460000
1345.000000,-1013.084000,318.580000
1385.406000,-1028.000000,313.680000
1408.190000,-1015.130000,323.000000
1344.900000,-1047.886000,309.791000
1315.326000,-1009.300000,322.626000
1282.900000,-1045.231000,318.478000
1328.780000,-1068.300000,314.330000
1329.710000,-1016.852000,323.000000
1446.100000,-954.812000,304.492000
1427.764000,-942.300000,315.076000
1422.100000,-972.764000,311.646000
1422.748000,-976.300000,308.230000
1441.300000,-970.894000,316.000000
1399.000000,-957.473000,303.399000
1396.705000,-954.800000,305.667000
1354.000000,-960.806000,304.935000
1368.130000,-987.800000,304.200000
1391.980000,-973.115000,306.000000
1337.700000,-977.502000,304.356000
1332.308000,-951.300000,307.376000
1321.700000,-966.777000,306.400000
1331.316000,-984.300000,305.424000
1335.924000,-960.144000,308.000000
1430.300000,-924.526000,303.804000
1400.972000,-915.400000,334.800000
1383.300000,-929.008000,324.755000
1424.989000,-933.400000,314.751000
1427.198000,-933.058000,343.000000
1308.000000,-852.412000,355.952000
1291.602000,-836.500000,344.240000
1290.000000,-839.524000,332.528000
1293.132000,-908.500000,320.768000
1307.604000,-886.468000,356.000000
1302.100000,-777.484000,334.695000
1299.130000,-753.200000,327.590000
1287.100000,-761.754000,320.514000
1294.015000,-779.200000,313.438000
1287.445000,-763.808000,336.000000
1356.800000,-789.505000,333.390000
1321.952000,-779.800000,326.314000
1284.800000,-789.040000,319.209000
1338.584000,-794.800000,312.133000
1289.624000,-781.615000,336.000000
1451.000000,-767.000000,331.140000
1370.045000,-761.600000,322.356000
1346.000000,-775.145000,313.572000
1349.570000,-776.600000,304.752000
1357.760000,-774.110000,336.000000
1446.700000,-725.938000,329.556000
1445.888000,-723.200000,320.736000
1432.700000,-730.193000,311.952000
1437.194000,-760.200000,303.168000
1434.898000,-743.476000,336.000000
1445.200000,-717.705000,337.248000
1416.220000,-705.900000,325.536000
1361.200000,-713.040000,313.776000
1412.272000,-720.900000,302.064000
1378.084000,-709.815000,348.000000
1359.800000,-720.000000,342.702000
1349.704000,-701.500000,332.454000
1343.800000,-729.731000,322.206000
1358.104000,-738.500000,353.916000
1347.736000,-737.538000,354.000000
1342.600000,-702.096000,340.854000
1308.634000,-699.100000,330.564000
1305.600000,-699.786000,320.316000
1312.297000,-713.100000,352.068000
1316.367000,-708.718000,354.000000
1302.800000,-732.864000,338.964000
1299.315000,-703.200000,328.716000
1285.800000,-713.952000,318.426000
1293.756000,-735.200000,350.178000
1291.495000,-716.032000,354.000000
1268.400000,-1078.100000,317.149000
1256.125000,-1042.900000,313.001000
1243.400000,-1077.165000,308.853000
1262.250000,-1097.900000,321.688000
1252.900000,-1049.170000,324.000000
1228.600000,-1084.443000,309.765000
1220.820000,-1073.500000,308.540000
1218.600000,-1101.710000,307.320000
1219.010000,-1104.500000,311.100000
1222.850000,-1099.137000,312.000000
1220.900000,-1095.170000,310.524000
1218.885000,-1094.500000,309.792000
1189.900000,-1096.460000,309.057000
1200.068000,-1104.500000,311.325000
1204.439000,-1099.910000,312.000000
1216.600000,-1068.400000,307.464000
1213.784000,-1056.700000,307.219000
1208.600000,-1063.945000,307.975000
1213.520000,-1071.700000,307.730000
1212.712000,-1060.510000,308.000000
1195.000000,-1068.748000,310.257000
1188.620000,-1051.000000,309.522000
1185.000000,-1078.720000,311.790000
1194.010000,-1087.000000,311.058000
1190.590000,-1085.812000,312.000000
1187.000000,-1083.082000,314.114000
1173.125000,-1077.700000,311.430000
1172.000000,-1079.182000,319.735000
1174.820000,-1103.700000,317.051000
1181.045000,-1095.380000,321.000000
1148.400000,-1100.600000,311.000000
1137.800000,-1077.600000,311.000000
1098.400000,-1086.175000,311.000000
1122.150000,-1102.600000,311.000000
1130.800000,-1087.450000,311.000000
1231.100000,-1011.926000,309.570000
1220.144000,-998.000000,309.080000
1209.100000,-1011.860000,310.592000
1225.864000,-1020.000000,310.104000
1224.346000,-1000.354000,311.000000
1206.100000,-1018.886000,310.200000
1195.110000,-1004.700000,313.980000
1192.100000,-1042.297000,312.755000
1192.772000,-1045.700000,311.535000
1202.418000,-1038.320000,314.000000
1143.300000,-1002.720000,314.744000
1140.564000,-999.900000,325.314000
1105.300000,-1009.441000,321.898000
1118.030000,-1046.900000,318.468000
1135.016000,-1024.951000,326.000000
1268.000000,-932.930000,309.057000
1257.589000,-925.200000,314.349000
1239.000000,-930.100000,312.634000
1257.038000,-935.200000,310.926000
1262.983000,-927.670000,315.000000
1238.900000,-963.338000,310.424000
1230.515000,-947.300000,313.448000
1225.900000,-972.941000,312.468000
1237.704000,-980.300000,311.492000
1237.223000,-978.980000,314.000000
1224.200000,-954.972000,310.248000
1213.016000,-949.400000,313.268000
1212.200000,-951.192000,312.292000
1214.540000,-977.400000,311.312000
1223.192000,-968.244000,314.000000
1179.800000,-976.256000,310.068000
1174.763000,-965.300000,313.092000
1156.800000,-969.500000,312.112000
1167.886000,-977.300000,311.136000
1178.903000,-969.944000,314.000000
1190.200000,-953.580000,326.524000
1156.804000,-934.800000,322.376000
1124.200000,-953.910000,318.211000
1174.954000,-964.800000,314.063000
1124.530000,-937.800000,327.000000
1268.300000,-860.958000,313.640000
1257.212000,-853.500000,312.415000
1254.300000,-873.828000,311.195000
1255.070000,-875.500000,309.970000
1255.000000,-871.386000,314.000000
1257.000000,-831.213000,312.766000
1256.052000,-830.100000,312.278000
1245.000000,-834.531000,311.788000
1249.104000,-851.100000,311.300000
1246.140000,-841.146000,313.000000
1157.500000,-865.580000,316.000000
1152.742000,-842.600000,316.000000
1144.500000,-857.510000,316.000000
1152.677000,-872.600000,316.000000
1146.307000,-849.800000,316.000000
1145.100000,-864.885000,316.000000
1122.280000,-857.700000,316.000000
1110.100000,-869.460000,316.000000
1142.125000,-872.700000,316.000000
1116.540000,-871.995000,316.000000
1259.300000,-791.828000,310.251000
1240.520000,-790.100000,310.495000
1239.300000,-790.739000,310.740000
1243.340000,-799.100000,310.984000
1243.880000,-796.094000,310.000000
1213.100000,-804.366000,313.000000
1210.162000,-749.100000,313.000000
1200.100000,-770.877000,313.000000
1206.457000,-810.100000,313.000000
1203.649000,-772.280000,313.000000
1200.200000,-786.259000,324.220000
1193.531000,-748.500000,320.055000
1187.200000,-787.784000,315.907000
1197.288000,-809.500000,328.742000
1191.334000,-754.173000,330.000000
1142.500000,-789.632000,322.305000
1112.937000,-781.000000,320.597000
1105.500000,-805.206000,318.882000
1107.794000,-807.000000,324.174000
1118.931000,-801.956000,325.000000
1270.600000,-740.398000,314.280000
1266.300000,-739.800000,313.304000
1220.600000,-742.634000,312.328000
1238.050000,-752.800000,315.348000
1240.950000,-746.547000,316.000000
1238.100000,-722.296000,325.942000
1221.688000,-688.900000,321.777000
1194.100000,-711.076000,317.629000
1222.084000,-732.900000,330.464000
1213.988000,-699.152000,334.000000
1172.300000,-711.704000,317.962000
1155.166000,-696.600000,317.474000
1146.300000,-721.912000,318.984000
1170.298000,-728.600000,318.496000
1159.222000,-726.872000,319.000000
1138.700000,-688.275000,320.308000
1112.212000,-685.500000,319.576000
1110.700000,-686.670000,321.844000
1116.552000,-700.500000,321.109000
1125.848000,-695.385000,322.000000
1202.900000,-661.278000,327.016000
1183.794000,-641.500000,321.381000
1120.900000,-649.508000,338.769000
1161.572000,-663.500000,333.157000
1168.952000,-649.684000,341.000000
1148.800000,-626.728000,318.429000
1128.000000,-599.800000,316.721000
1108.800000,-628.444000,322.006000
1140.120000,-643.800000,320.298000
1134.040000,-603.584000,323.000000
1251.400000,-603.100000,313.322000
1172.412000,-587.500000,310.638000
1153.400000,-632.524000,318.954000
1160.162000,-635.500000,316.259000
1219.550000,-625.852000,321.000000
1253.000000,-564.798000,314.256000
1245.095000,-564.000000,306.416000
1168.000000,-568.725000,330.608000
1198.260000,-585.000000,322.800000
1229.200000,-574.752000,338.000000
994.600000,-1087.768000,330.271000
974.080000,-1062.200000,380.923000
940.600000,-1079.574000,364.508000
975.322000,-1096.200000,348.160000
981.910000,-1069.884000,383.000000
1076.100000,-1023.310000,315.024000
1053.422000,-998.200000,328.632000
1042.100000,-1041.292000,324.240000
1073.720000,-1052.200000,319.830000
1069.606000,-1048.906000,330.000000
1024.800000,-1004.912000,319.116000
931.406000,-995.300000,325.911000
926.800000,-999.890000,323.715000
947.968000,-1049.300000,321.519000
1010.492000,-1030.508000,327.000000
995.200000,-969.164000,324.609000
980.080000,-931.700000,378.285000
932.200000,-947.324000,360.890000
963.889000,-973.700000,343.566000
988.774000,-947.030000,390.000000
1073.100000,-912.930000,315.476000
1040.426000,-885.100000,326.060000
1011.100000,-915.368000,322.644000
1060.080000,-931.100000,319.214000
1069.566000,-888.734000,329.000000
1021.800000,-838.910000,325.940000
994.971000,-824.600000,324.470000
988.800000,-867.125000,323.006000
991.341000,-869.600000,321.542000
1021.404000,-860.240000,326.000000
1078.200000,-753.074000,362.415000
1075.200000,-751.400000,350.947000
1048.200000,-763.928000,339.432000
1059.090000,-805.400000,327.964000
1049.160000,-778.670000,365.000000
1028.200000,-793.860000,339.800000
1011.172000,-758.100000,334.432000
984.200000,-782.964000,329.064000
1012.800000,-806.100000,323.674000
987.588000,-768.612000,342.000000
986.200000,-770.680000,341.976000
948.456000,-743.200000,336.831000
930.200000,-791.500000,331.707000
982.672000,-803.200000,326.583000
937.032000,-799.120000,345.000000
1023.800000,-690.002000,341.220000
935.480000,-679.400000,336.340000
931.800000,-685.104000,331.440000
952.316000,-741.400000,326.560000
947.072000,-719.390000,345.000000
1083.800000,-657.640000,324.362000
1072.685000,-604.600000,322.654000
1038.800000,-627.340000,320.946000
1061.750000,-664.600000,319.231000
1048.295000,-626.080000,326.000000
987.100000,-641.682000,325.444000
977.488000,-606.400000,324.954000
969.100000,-645.635000,324.466000
983.446000,-665.400000,325.978000
973.708000,-610.648000,326.000000
965.000000,-637.707000,337.509000
951.880000,-626.200000,333.361000
949.000000,-661.424000,329.196000
950.344000,-663.200000,342.048000
953.800000,-655.245000,343.000000
1066.900000,-543.296000,333.394000
1052.348000,-542.000000,328.984000
930.900000,-554.906000,324.592000
981.220000,-596.000000,338.182000
977.820000,-568.892000,340.000000
813.700000,-1089.658000,325.468000
800.304000,-1059.400000,322.773000
779.700000,-1080.925000,320.089000
802.038000,-1100.400000,328.405000
792.960000,-1068.051000,330.000000
892.700000,-1035.153000,332.688000
842.987000,-988.700000,328.784000
819.700000,-1072.336000,324.864000
888.612000,-1091.700000,336.960000
851.382000,-1083.975000,340.000000
809.800000,-1005.640000,330.487000
781.757000,-995.800000,327.302000
780.800000,-1001.740000,324.130000
787.470000,-1055.800000,333.945000
794.691000,-1034.080000,337.000000
773.400000,-1094.125000,329.264000
760.192000,-1072.200000,325.344000
721.400000,-1081.850000,337.440000
748.284000,-1097.200000,333.536000
748.648000,-1080.975000,338.000000
772.800000,-1033.296000,369.172000
759.275000,-1000.200000,342.820000
747.800000,-1037.832000,424.360000
767.900000,-1056.200000,398.008000
762.000000,-1003.840000,433.000000
840.300000,-937.012000,351.470000
793.932000,-920.900000,332.360000
784.300000,-971.727000,391.328000
789.396000,-973.900000,372.218000
818.628000,-962.134000,401.000000
844.200000,-825.322000,336.720000
837.132000,-824.200000,331.596000
782.200000,-840.436000,347.451000
805.574000,-890.200000,342.327000
822.996000,-856.606000,351.000000
769.300000,-860.519000,347.325000
762.082000,-824.700000,331.953000
751.300000,-850.817000,379.518000
763.252000,-873.700000,364.146000
763.936000,-834.696000,393.000000
750.585670,-849.991204,344.553000
748.982393,-827.624691,392.118000
729.068945,-858.070840,376.746000
739.421987,-871.773630,361.311000
738.012968,-867.116805,393.000000
869.700000,-746.154000,328.348000
821.000000,-742.700000,341.956000
819.700000,-745.032000,337.546000
831.600000,-764.700000,333.154000
859.300000,-756.582000,343.000000
907.900000,-788.300000,327.538000
898.765000,-736.100000,341.146000
872.900000,-759.680000,336.736000
891.240000,-796.100000,332.344000
902.160000,-756.740000,343.000000
830.129575,-795.537555,352.012000
818.986314,-763.449661,499.992000
788.429123,-778.202263,452.168000
814.920981,-806.396804,404.148000
835.076335,-774.358037,529.000000
909.000000,-640.301000,328.248000
856.395000,-630.500000,346.392000
846.000000,-662.378000,340.512000
852.174000,-663.500000,334.656000
904.338000,-655.943000,351.000000
840.600000,-642.030000,331.511000
834.308000,-641.800000,386.699000
788.600000,-647.619000,368.887000
808.568000,-664.800000,351.002000
839.040000,-652.932000,404.000000
897.700000,-618.628000,532.045000
864.244000,-592.600000,479.370000
888.926000,-592.600000,327.365000
815.700000,-612.040000,426.910000
870.722000,-628.600000,374.235000
829.886000,-628.600000,421.535000
906.700000,-559.791000,338.770000
821.910000,-541.000000,335.110000
784.700000,-576.518000,331.435000
901.576000,-584.000000,327.775000
792.020000,-580.173000,340.000000
557.966836,-1131.710492,351.190000
532.240819,-1108.387296,343.870000
529.633295,-1111.126485,336.550000
520.374157,-1140.188323,329.200000
523.221322,-1127.142008,355.000000
526.260084,-1175.400107,457.811000
525.330587,-1145.626103,418.856000
516.978034,-1139.992234,482.456000
479.622019,-1128.304925,380.060000
498.841810,-1161.533300,341.105000
496.524650,-1159.970356,393.098000
488.637664,-1132.258286,485.000000
497.788357,-1100.451128,373.824000
504.057016,-1082.520140,358.940000
484.088740,-1088.383187,343.995000
486.522186,-1105.358869,329.111000
500.125742,-1079.890043,387.000000
595.376211,-1064.398493,405.551000
579.450208,-1016.621829,378.955000
527.756037,-1047.097694,352.359000
530.176481,-1052.703803,325.654000
546.051453,-1049.432290,434.000000
626.096411,-1028.384119,348.240000
622.343059,-1023.682377,340.400000
593.722181,-994.122553,332.592000
597.235970,-1014.923924,356.752000
599.731802,-1006.371247,358.000000
632.629928,-1004.439903,333.150000
649.051028,-973.520186,330.466000
617.772550,-974.008104,327.771000
616.010844,-1004.224664,336.087000
637.069164,-972.309900,337.000000
662.578311,-954.742707,350.595000
667.981787,-936.817481,341.079000
641.863671,-952.215698,331.563000
646.300882,-967.248360,361.008000
643.388894,-958.160716,366.000000
448.670876,-1085.604046,328.561000
422.840919,-1044.163077,328.316000
418.584900,-1046.915971,328.072000
397.632433,-1079.771850,328.828000
415.221659,-1075.931828,329.000000
445.227918,-1054.172115,361.540000
462.015860,-1031.377178,345.680000
440.031621,-1024.924245,329.755000
434.087433,-1047.736946,378.895000
449.505905,-1032.708677,393.000000
520.550778,-1026.402804,356.144000
526.148352,-1005.237324,340.528000
503.089060,-1010.947554,388.912000
507.658408,-1031.663632,373.232000
526.096673,-1007.291664,390.000000
511.239608,-995.957490,348.923000
506.648500,-974.548743,336.918000
477.806763,-993.435404,373.962000
478.883891,-995.877856,362.006000
491.847765,-998.372329,377.000000
539.255041,-1012.186514,340.988000
554.018229,-990.851042,332.692000
519.435225,-958.751268,358.362000
518.753362,-987.027951,350.066000
535.745256,-986.956734,362.000000
585.090613,-972.534687,329.685000
609.671910,-934.166719,328.465000
571.041635,-940.161500,332.245000
564.555473,-975.382520,331.020000
602.323237,-942.830046,333.000000
576.199478,-932.949823,345.701000
588.666976,-907.344528,331.736000
545.732769,-935.746364,374.828000
548.546715,-954.730091,360.920000
550.406475,-946.945987,386.000000
663.235290,-903.315863,332.464000
640.736510,-863.862452,328.072000
635.293565,-868.038445,341.662000
605.992079,-906.763503,337.270000
635.668900,-909.946652,346.000000
680.151910,-867.081695,354.999000
706.930364,-832.696614,455.547000
675.028621,-826.193868,423.095000
664.262531,-859.457015,390.510000
695.612924,-844.383344,461.000000
728.791249,-812.266917,339.971000
730.041901,-791.485672,392.066000
709.099016,-793.470864,375.230000
717.426903,-815.632841,358.394000
735.935230,-800.193442,398.000000
763.900000,-680.744000,339.586000
745.924000,-675.500000,376.630000
742.900000,-694.253000,364.625000
745.399000,-694.500000,352.669000
761.023000,-689.750000,383.000000
732.839246,-715.832800,332.760000
743.392919,-699.006306,363.000000
715.077356,-672.311914,353.240000
715.855088,-695.191216,343.440000
738.000656,-706.325988,370.000000
766.000000,-632.956000,335.900000
734.683000,-578.200000,363.080000
693.000000,-621.958000,354.296000
743.516000,-656.200000,345.512000
762.569000,-591.928000,371.000000
765.700000,-554.240000,353.600000
722.740000,-537.600000,348.720000
705.700000,-571.520000,343.820000
764.440000,-577.600000,338.940000
765.520000,-573.160000,354.000000
708.600000,-541.818000,527.025000
708.474000,-536.400000,474.565000
666.600000,-542.028000,422.105000
677.772000,-578.400000,369.430000
419.344832,-1024.996903,364.640000
430.063733,-998.095106,354.840000
398.323486,-978.968435,345.080000
401.846319,-1010.919974,335.320000
403.454289,-980.299049,369.000000
472.667854,-974.456264,397.372000
465.808119,-937.764277,377.364000
432.991685,-933.240097,357.274000
455.826023,-976.285918,337.266000
454.576648,-925.369172,410.000000
504.718631,-944.067459,332.010000
483.835024,-905.454995,330.785000
456.349687,-918.897879,329.565000
460.174519,-923.907176,328.340000
467.739616,-920.997981,333.000000
526.004551,-929.314325,344.897000
566.130107,-885.240453,339.752000
520.932086,-856.216351,334.628000
503.000569,-902.622910,329.504000
521.116842,-873.129171,350.000000
596.847198,-874.420238,339.680000
621.022674,-838.012509,336.020000
583.889439,-846.310438,332.345000
576.942664,-878.919173,343.685000
607.497410,-837.422818,344.000000
574.061414,-849.639145,331.676000
569.947036,-825.061088,329.961000
544.783590,-834.745073,328.253000
560.018302,-860.470594,333.538000
550.006781,-842.482280,334.000000
594.590940,-810.639189,348.805000
597.543106,-808.081294,340.230000
585.937270,-800.918919,331.690000
566.808540,-820.975769,358.150000
577.526339,-813.668352,362.000000
619.843231,-799.285307,344.496000
634.936244,-779.445610,336.688000
616.429477,-776.314519,328.848000
610.586568,-795.457721,353.040000
624.133384,-780.344360,358.000000
672.568504,-804.213247,334.476000
663.639068,-767.933674,331.046000
632.304204,-762.186580,327.630000
656.760585,-805.520911,338.200000
664.128765,-769.552191,341.000000
724.430654,-754.041954,346.159000
709.271952,-710.343188,338.595000
705.134740,-705.329498,331.000000
662.737592,-748.218983,354.436000
686.296116,-752.045987,362.000000
415.927169,-933.856122,336.992000
434.806036,-906.043000,332.600000
394.527981,-871.405750,346.190000
392.655662,-906.429142,341.798000
411.195526,-900.430894,347.000000
452.176606,-902.235151,335.600000
455.671396,-873.753574,330.945000
426.491713,-865.130187,345.309000
436.576611,-897.843949,340.654000
452.489175,-877.546474,347.000000
510.100033,-857.284745,333.680000
513.637837,-823.421850,329.776000
467.836603,-849.045931,341.856000
482.024035,-879.722999,337.952000
480.168627,-865.514144,344.000000
486.717496,-824.107352,337.610000
490.303720,-820.678288,330.046000
470.511037,-806.348855,353.451000
446.268550,-834.627058,345.887000
465.848179,-830.723210,359.000000
536.781479,-831.367575,334.714000
550.711713,-813.045946,327.609000
533.700008,-810.701229,349.533000
528.267490,-828.233063,342.428000
544.556109,-818.401242,356.000000
529.442557,-804.885545,328.326000
529.431469,-779.082127,332.862000
503.825761,-781.879792,331.392000
515.595914,-809.667112,329.928000
536.506475,-788.534090,333.000000
575.991635,-797.188874,328.288000
548.821962,-751.481152,338.116000
543.967748,-745.915732,334.944000
526.149490,-771.153453,331.759000
557.449848,-796.839808,339.000000
574.621522,-756.586636,326.792000
594.240367,-737.745209,331.322000
580.455575,-733.847679,329.858000
568.876791,-750.916242,328.388000
584.710513,-745.642479,332.000000
616.049224,-743.551545,325.870000
622.864102,-719.503628,333.430000
598.219095,-716.813793,330.980000
602.852397,-742.461701,328.540000
626.117517,-730.910184,335.000000
593.744929,-720.559409,325.386000
605.465718,-696.842974,350.334000
561.787319,-727.136778,342.282000
555.577145,-732.165677,334.197000
570.660943,-737.997862,357.000000
689.672745,-699.401336,344.960000
693.787326,-694.185598,340.060000
649.092649,-653.770116,335.180000
620.708861,-699.282154,330.280000
666.802943,-716.351090,345.000000
317.353253,-1035.047885,336.436000
319.642894,-979.169170,333.508000
245.649225,-919.400121,330.568000
274.901127,-995.423397,327.640000
252.914001,-917.860035,337.000000
362.790475,-979.433504,357.780000
382.862580,-943.974547,349.240000
336.297879,-968.717796,340.700000
334.875202,-997.535188,332.125000
377.166336,-937.842832,361.000000
357.744650,-947.933826,349.008000
306.358789,-863.283280,343.618000
297.584205,-853.820481,338.250000
266.558398,-899.940740,332.882000
275.961679,-887.612714,352.000000
362.966698,-882.072039,435.108000
385.838834,-847.707966,402.900000
338.653337,-809.113922,370.560000
336.077977,-851.408070,338.352000
341.620020,-821.442374,459.000000
397.422910,-844.999431,344.028000
395.880836,-810.965231,338.660000
361.645409,-796.765907,333.292000
379.287599,-838.144761,327.902000
379.592172,-797.905636,349.000000
461.836024,-789.705749,337.220000
442.331774,-749.016381,333.790000
414.445463,-752.163055,330.374000
412.103487,-754.590981,340.958000
423.968423,-763.279380,341.000000
503.042647,-755.955367,326.000000
504.187390,-752.714779,326.000000
465.167293,-711.994169,326.000000
457.012264,-740.539806,326.000000
466.576624,-732.720107,326.000000
567.119134,-696.122062,335.240000
580.061097,-674.593750,331.336000
558.353574,-668.477765,327.432000
555.807707,-690.724764,339.512000
567.708254,-672.610719,341.000000
551.377903,-711.535677,327.980000
548.050644,-683.141927,326.755000
521.494805,-684.264150,325.535000
537.369807,-716.033648,329.315000
547.675687,-682.724976,330.000000
540.693735,-667.004220,333.816000
540.863738,-650.815515,329.912000
539.134798,-650.251988,325.992000
507.842934,-678.365893,338.088000
519.805537,-673.596763,341.000000
577.259115,-651.652287,336.156000
595.548445,-630.261770,329.812000
573.605224,-617.337187,323.468000
566.041030,-639.873890,343.098000
579.496855,-630.134311,349.000000
283.454487,-840.001875,343.170000
285.554548,-822.069251,334.595000
267.867647,-815.513435,361.055000
274.020119,-836.978421,352.515000
283.159500,-823.073636,362.000000
264.944225,-856.209922,325.838000
231.534389,-791.622188,322.422000
191.240215,-793.447767,332.992000
188.680248,-797.183502,329.576000
225.197732,-834.414563,334.000000
333.833525,-792.638684,326.000000
334.874302,-789.126854,326.000000
297.547172,-751.235601,326.000000
287.169833,-780.762072,326.000000
308.437534,-785.147506,326.000000
282.595636,-716.944113,325.312000
299.970682,-695.292272,324.332000
282.611631,-699.297014,327.356000
274.139160,-717.428479,326.380000
292.707168,-701.507246,328.000000
348.997786,-710.043111,326.981000
352.154230,-698.863515,325.273000
339.118039,-705.532813,330.558000
341.429329,-715.282897,328.850000
340.290560,-713.871408,332.000000
341.504774,-692.753202,325.190000
340.521940,-685.127838,328.970000
339.619321,-684.986509,327.750000
326.792690,-698.268548,326.525000
333.630551,-697.490561,329.000000
358.944717,-696.716144,324.776000
372.181376,-678.605758,327.796000
351.421480,-665.172078,326.820000
347.721165,-685.236862,325.844000
364.203521,-684.126413,328.000000
400.982705,-682.049983,326.596000
400.578644,-657.098824,329.620000
383.073567,-672.926235,328.640000
391.722052,-691.211877,327.664000
404.465143,-663.647963,330.000000
433.326539,-646.945517,327.976000
424.087176,-622.476256,342.340000
398.328802,-645.488228,337.704000
396.331991,-649.210597,333.049000
419.651986,-659.233855,345.000000
401.546626,-603.952413,325.940000
399.729162,-605.717006,362.935000
365.759650,-647.026383,350.979000
378.737814,-635.400691,339.023000
399.684260,-608.384133,372.000000
548.975169,-603.207559,322.360000
578.226990,-570.861253,340.504000
551.345468,-577.721310,334.624000
536.015967,-604.565201,328.768000
570.294228,-584.425846,346.000000
562.900000,-544.073000,345.304000
538.140000,-533.300000,339.424000
522.900000,-549.050000,333.568000
558.180000,-554.300000,327.688000
523.180000,-554.027000,346.000000
513.523999,-645.977267,351.854000
503.876895,-622.174521,344.749000
501.236117,-621.042027,337.673000
478.332274,-646.181961,330.597000
484.362530,-637.033440,354.000000
474.254372,-616.959386,321.000000
495.806266,-591.106095,321.000000
468.491989,-574.507778,321.000000
460.184735,-602.362038,321.000000
468.196585,-579.246126,321.000000
470.500000,-567.771000,321.000000
465.710000,-563.200000,321.000000
460.500000,-567.470000,321.000000
467.920000,-570.200000,321.000000
461.910000,-564.089000,321.000000
452.642430,-578.185020,321.000000
448.095870,-569.170973,321.000000
439.745947,-583.188626,321.000000
439.295138,-585.008650,321.000000
441.856996,-582.952517,321.000000
435.040186,-573.762609,323.988000
435.325951,-571.341365,323.012000
423.630561,-572.900667,322.032000
418.387361,-597.062320,321.056000
422.162842,-584.160845,325.000000
479.100000,-554.430000,321.000000
464.862000,-546.500000,321.000000
437.100000,-551.200000,321.000000
462.384000,-556.500000,321.000000
448.650000,-549.170000,321.000000
410.092386,-568.691881,321.000000
411.390837,-547.545741,321.000000
397.189058,-574.548990,321.000000
402.069380,-586.783898,321.000000
397.029484,-584.024271,321.000000
399.687988,-549.141637,321.000000
392.975013,-540.593308,321.000000
391.757644,-541.432210,321.000000
385.052337,-566.419421,321.000000
389.525390,-559.189523,321.000000
1322.912405,-506.359790,335.864000
1360.055355,-480.993040,322.144000
1338.004414,-473.983717,308.480000
1314.622249,-498.037484,350.760000
1339.019813,-483.241141,360.000000
1269.500000,-513.980000,323.672000
1237.910000,-494.600000,316.840000
1204.500000,-513.110000,309.980000
1253.185000,-524.600000,331.148000
1234.010000,-498.200000,337.000000
1269.000000,-430.201000,317.059000
1248.156000,-416.200000,311.935000
1242.000000,-451.456000,327.790000
1242.972000,-455.200000,322.666000
1255.446000,-448.687000,328.000000
1188.300000,-498.704000,316.090000
1185.232000,-496.400000,312.660000
1136.300000,-502.512000,323.244000
1153.044000,-528.400000,319.814000
1164.536000,-513.872000,324.000000
1131.300000,-518.040000,314.170000
1122.650000,-486.600000,313.438000
1106.300000,-505.680000,315.703000
1121.525000,-526.600000,314.971000
1121.000000,-496.960000,316.000000
1190.100000,-458.682000,314.760000
1141.992000,-449.700000,312.808000
1114.100000,-463.452000,318.856000
1182.196000,-467.700000,316.896000
1162.132000,-467.214000,320.000000
1203.900000,-415.032000,318.234000
1117.514000,-407.400000,309.904000
1109.900000,-409.236000,335.608000
1127.008000,-443.400000,327.278000
1173.538000,-432.096000,342.000000
963.800000,-517.475000,324.768000
956.796000,-496.200000,324.036000
929.800000,-503.974000,326.301000
945.746000,-519.200000,325.569000
954.348000,-505.377000,327.000000
1005.000000,-452.770000,327.486000
970.490000,-433.600000,347.142000
935.000000,-452.320000,340.798000
987.920000,-463.600000,334.428000
988.620000,-436.990000,348.000000
912.300000,-505.460000,341.700000
873.300000,-494.900000,417.200000
862.300000,-522.230000,392.800000
864.450000,-524.900000,368.300000
902.850000,-519.680000,425.000000
911.700000,-446.900000,325.050000
909.984000,-444.300000,343.950000
885.700000,-452.220000,337.825000
894.254000,-484.300000,331.725000
907.956000,-465.860000,347.000000
914.100000,-425.570000,329.008000
896.450000,-402.200000,407.632000
864.100000,-416.750000,382.256000
894.900000,-432.200000,356.776000
909.100000,-409.760000,425.000000
864.200000,-482.448000,333.607000
824.520000,-473.100000,393.252000
802.200000,-487.749000,373.976000
858.186000,-492.100000,354.700000
860.790000,-491.454000,410.000000
863.600000,-437.095000,409.052000
806.188000,-433.200000,389.776000
801.600000,-434.302000,370.421000
813.318000,-452.200000,351.145000
862.980000,-446.101000,410.000000
772.000000,-511.996000,415.041000
772.000000,-516.754000,419.043000
747.718000,-400.000000,393.813000
658.000000,-442.090000,372.585000
658.000000,-413.298000,370.149000
712.264000,-522.000000,351.270000
661.876000,-447.824000,420.000000
673.390000,-500.650000,420.000000
634.400000,-476.368000,384.334000
604.900000,-398.000000,368.164000
575.400000,-476.244000,352.060000
620.417000,-522.000000,335.956000
580.061000,-411.144000,391.000000
574.200000,-441.735000,354.868000
529.341000,-399.300000,344.620000
517.200000,-512.214000,334.330000
520.050000,-522.300000,324.082000
524.268000,-500.037000,361.000000
480.900000,-471.962000,341.652000
478.710000,-469.700000,334.820000
450.900000,-477.695000,327.988000
460.980000,-508.700000,321.128000
455.940000,-490.448000,347.000000
405.300000,-508.124000,323.120000
395.940000,-475.700000,321.160000
379.300000,-496.364000,319.208000
395.498000,-517.700000,317.256000
384.838000,-485.990000,325.000000
499.500000,-428.085000,315.560000
469.738000,-398.500000,316.048000
453.500000,-445.958000,316.538000
495.360000,-459.500000,315.026000
465.368000,-456.999000,315.000000
1271.200000,-305.254000,364.375000
1238.545000,-290.800000,343.635000
1236.200000,-295.545000,322.895000
1243.095000,-363.800000,387.070000
1246.770000,-339.856000,392.000000
1217.300000,-336.853000,367.897000
1206.300000,-315.900000,346.582000
1167.300000,-323.996000,325.354000
1191.450000,-338.900000,391.126000
1184.650000,-324.755000,400.000000
1167.900000,-341.625000,363.982000
1147.620000,-276.000000,342.754000
1127.900000,-342.990000,321.439000
1158.700000,-381.000000,387.211000
1143.540000,-286.290000,400.000000
1100.100000,-315.210000,398.478000
1020.700000,-300.000000,359.926000
1047.800000,-300.000000,333.224000
1000.100000,-341.625000,321.374000
1005.800000,-345.000000,440.664000
1059.000000,-345.000000,402.270000
1043.700000,-336.540000,471.000000
997.200000,-351.485000,373.173000
992.400000,-349.700000,346.468000
937.200000,-357.120000,319.872000
957.780000,-384.700000,402.276000
966.060000,-368.075000,428.000000
998.100000,-285.740000,368.268000
976.080000,-259.000000,341.672000
938.100000,-276.465000,423.967000
975.900000,-294.000000,397.371000
969.600000,-267.330000,428.000000
879.400000,-369.894000,353.897000
864.358000,-358.900000,336.573000
856.400000,-376.955000,390.249000
877.491000,-381.900000,372.854000
869.510000,-380.796000,396.000000
830.200000,-356.212000,354.136000
800.088000,-350.100000,336.496000
798.200000,-352.404000,390.928000
804.728000,-382.100000,373.360000
817.880000,-371.380000,400.000000
889.700000,-344.712000,349.076000
875.399000,-296.800000,329.068000
826.700000,-315.827000,390.978000
857.570000,-349.800000,370.970000
868.217000,-316.834000,405.000000
918.300000,-281.476000,326.003000
868.956000,-261.700000,323.319000
822.300000,-282.372000,331.635000
896.892000,-293.700000,328.940000
889.884000,-264.612000,334.000000
775.600000,-327.185000,353.961000
741.157000,-315.600000,436.256000
732.600000,-348.220000,409.660000
735.352000,-350.600000,383.064000
764.807000,-343.775000,438.000000
769.600000,-265.312000,342.376000
765.946000,-263.200000,409.660000
727.600000,-273.712000,387.855000
742.342000,-311.200000,366.139000
760.906000,-288.064000,415.000000
706.400000,-301.591000,325.240000
688.074000,-253.900000,337.320000
657.400000,-285.778000,333.416000
688.613000,-316.900000,329.496000
698.462000,-268.453000,339.000000
646.650000,-309.272000,325.225000
557.613300,-247.100000,366.750000
511.950000,-351.644000,353.330000
636.412800,-379.100000,339.910000
630.890100,-371.840000,375.000000
597.888600,-312.176000,375.000000
502.100000,-272.272000,311.300000
381.704000,-247.800000,346.076000
375.100000,-258.307000,334.806000
401.897000,-380.800000,323.582000
492.829000,-335.314000,355.000000
499.560000,-255.115000,355.000000
1095.100000,-233.942000,319.240000
1061.404000,-156.800000,349.440000
951.100000,-188.276000,339.680000
1022.668000,-242.800000,329.880000
1091.068000,-188.706000,359.000000
997.612000,-209.776000,359.000000
921.400000,-205.850000,566.211000
921.400000,-183.200000,440.209000
882.325000,-160.100000,504.716000
904.600000,-160.100000,495.178000
846.400000,-209.075000,443.472000
846.400000,-216.875000,550.147000
905.200000,-235.100000,382.228000
868.150000,-235.100000,354.116000
994.700000,-76.096800,327.244000
956.724000,-70.200000,325.048000
947.700000,-87.289800,322.843000
951.037000,-88.400000,320.647000
950.567000,-84.723600,328.000000
1000.869207,-46.105732,343.544000
997.131539,-44.685574,336.929000
959.086461,-40.753416,330.341000
971.126084,-56.762932,323.726000
962.457677,-46.428468,347.000000
851.451866,-118.117320,340.367000
847.691824,-99.136453,335.243000
824.091303,-94.927319,330.098000
838.333673,-115.003938,324.974000
831.503752,-93.434157,344.000000
889.532856,-84.914559,325.692000
861.000714,-53.680798,324.228000
833.452609,-59.549839,322.758000
879.004522,-93.820697,321.294000
841.748485,-68.720479,327.000000
923.247676,-12.081700,331.808000
885.200858,6.383372,327.888000
882.561999,4.850888,323.984000
883.412318,-21.612051,320.064000
887.455312,-13.045595,336.000000
870.192581,-10.569822,324.009000
877.539491,25.529440,320.837000
857.425725,16.399052,317.652000
858.869927,-11.363966,327.480000
863.193480,14.759117,328.000000
783.200000,-219.741000,375.896000
762.080000,-191.400000,357.108000
743.200000,-222.420000,338.243000
774.840000,-238.400000,396.455000
756.360000,-195.019000,403.000000
712.800000,-203.350000,323.624000
676.125000,-187.500000,322.154000
667.800000,-234.800000,320.690000
671.310000,-237.500000,325.220000
684.630000,-227.050000,326.000000
638.700000,-196.400000,332.211000
631.152000,-195.800000,325.135000
564.700000,-200.460000,318.030000
591.710000,-215.800000,339.954000
595.706000,-205.880000,345.000000
423.000000,-219.220000,350.746000
410.196000,-189.500000,329.030000
390.000000,-210.300000,307.314000
411.483000,-229.500000,374.509000
405.279000,-198.180000,394.000000
776.400000,-93.320000,323.230000
739.275000,-65.900000,321.025000
721.400000,-114.320000,327.829000
772.990000,-125.900000,325.624000
749.340000,-121.700000,328.000000
769.250000,-5.500000,332.400000
665.835000,1.300000,320.688000
661.750000,-2.420000,356.928000
685.937500,-38.700000,345.216000
721.197500,-24.460000,360.000000
507.800000,-36.184000,311.740000
492.920000,6.200000,306.128000
447.800000,-12.040000,323.516000
478.520000,-41.800000,317.881000
483.620000,-10.936000,326.000000
239.899094,-582.750148,322.336000
240.804898,-565.955655,322.091000
223.995555,-568.955202,322.847000
230.900453,-585.749695,322.602000
242.393767,-569.623418,323.000000
296.500000,-333.440000,312.291000
289.102000,-326.000000,312.047000
287.500000,-348.872000,312.802000
288.265000,-350.000000,312.558000
293.683000,-344.792000,313.000000
283.000000,-310.707000,312.246000
280.384000,-310.500000,312.002000
259.000000,-312.660000,312.758000
267.928000,-319.500000,312.513000
276.544000,-314.973000,313.000000
156.441713,-567.660298,323.616000
175.679222,-540.568862,329.656000
146.184898,-529.115683,327.704000
140.977359,-560.570192,325.752000
171.222429,-550.324504,330.000000
140.275930,-301.472808,313.314000
131.334565,-276.656895,314.826000
109.074843,-283.176420,314.336000
129.174353,-309.852023,313.848000
127.466690,-305.421999,315.000000
133.642520,-599.328042,332.744000
125.496650,-574.584962,398.516000
119.879394,-579.150043,377.288000
77.996045,-628.907733,355.973000
107.219354,-621.169157,410.000000
-8.673648,-437.743556,320.680000
82.834990,-557.972914,328.230000
74.036357,-484.318342,325.790000
-2.540086,-408.329649,323.350000
43.922070,-511.462989,330.000000
142.537249,-443.455404,320.506000
165.724384,-390.297665,337.138000
106.076427,-411.353087,331.748000
108.752975,-459.403966,326.380000
176.727840,-412.178447,342.000000
89.260621,-361.100568,347.252000
126.896825,-364.683408,338.956000
76.230555,-295.788777,330.660000
71.689567,-294.957089,322.330000
62.256108,-328.868060,348.000000
68.899715,-274.355119,342.822000
64.419487,-268.336226,334.737000
12.537648,-240.207518,326.685000
-6.517465,-293.565796,318.633000
2.844628,-253.882963,345.000000
364.000000,-202.213000,318.113000
318.172000,-131.500000,313.965000
250.000000,-183.298000,309.800000
325.810000,-228.500000,305.652000
260.032000,-151.191000,320.000000
350.206000,-194.744000,320.000000
298.335394,-57.282722,314.816000
301.223374,-26.379993,311.400000
263.401384,-46.442489,307.984000
275.962730,-74.753003,304.554000
262.472812,-52.730336,317.000000
209.000000,-14.820000,310.800000
171.912000,0.000000,310.555000
171.000000,-10.165000,310.311000
180.082000,-95.000000,310.067000
177.764000,-59.850000,311.000000
170.000000,-186.835000,323.305000
125.290000,0.000000,320.621000
0.000000,-84.710000,317.926000
89.420000,-215.000000,315.242000
37.740000,-73.745000,326.000000
154.020000,-72.455000,326.000000
102.680000,-130.290000,326.000000
68.510000,-17.845000,326.000000
