1522.700000,-1109.640000,304.918000
1519.776000,-1072.200000,304.428000
1505.700000,-1084.017000,305.940000
1513.095000,-1111.200000,305.452000
1514.523000,-1089.126000,306.000000
1493.900000,-1077.862000,306.424000
1484.564000,-1052.600000,307.936000
1469.900000,-1070.280000,307.446000
1485.548000,-1086.600000,306.958000
1488.260000,-1059.944000,308.000000
1570.100000,-973.900000,307.762000
1550.708000,-963.400000,306.047000
1538.100000,-978.160000,304.339000
1565.908000,-983.400000,302.631000
1538.484000,-983.380000,308.000000
1526.200000,-962.140000,315.380000
1513.855000,-952.900000,310.500000
1511.200000,-981.550000,305.620000
1512.490000,-982.900000,320.720000
1515.070000,-976.360000,321.000000
1508.400000,-958.848000,305.257000
1506.678000,-956.300000,303.052000
1466.400000,-961.116000,309.856000
1479.168000,-984.300000,307.660000
1487.610000,-972.120000,310.000000
1517.315655,-747.174659,306.102000
1478.968575,-723.928745,326.514000
1486.125593,-747.190658,319.926000
1516.873406,-758.306868,313.311000
1493.153108,-734.597379,327.000000
1427.300000,-606.449000,325.640000
1415.900000,-569.000000,321.248000
1403.300000,-603.599000,316.838000
1421.012000,-626.000000,312.446000
1427.252000,-576.410000,326.000000
1390.800000,-628.146000,313.864000
1349.280000,-622.000000,311.912000
1330.800000,-633.536000,309.960000
1388.100000,-636.000000,308.000000
1345.440000,-634.782000,316.000000
1366.100000,-584.812000,313.357000
1350.647000,-574.600000,310.673000
1349.100000,-576.486000,318.978000
1352.041000,-620.600000,316.294000
1357.447000,-606.616000,319.000000
1347.700000,-580.805000,308.480000
1344.525000,-580.600000,309.992000
1322.700000,-591.178000,309.504000
1332.450000,-621.600000,309.014000
1341.125000,-600.239000,310.000000
1448.900000,-1100.976000,310.970000
1436.172000,-1079.700000,309.750000
1411.900000,-1092.525000,308.525000
1434.359000,-1106.700000,307.305000
1448.308000,-1086.774000,311.000000
1344.200000,-1093.280000,308.000000
1332.980000,-1073.900000,308.000000
1324.200000,-1097.462000,308.000000
1340.680000,-1107.900000,308.000000
1328.800000,-1075.396000,308.000000
1442.100000,-1049.260000,311.016000
1415.648000,-1042.200000,307.112000
1408.100000,-1060.400000,303.192000
1409.494000,-1062.200000,315.288000
1424.318000,-1058.740000,319.000000
1434.000000,-1008.992000,308.100000
1345.356000,-1006.000000,303.200000
1345.000000,-1008.794000,318.320000
1368.051000,-1028.000000,313.420000
1409.347000,-1019.420000,323.000000
1344.900000,-1063.521000,306.136000
1331.694000,-1009.300000,318.988000
1282.900000,-1029.596000,314.823000
1312.412000,-1068.300000,310.675000
1342.978000,-1032.487000,323.000000
1446.100000,-966.168000,312.668000
1435.780000,-942.300000,309.238000
1422.100000,-961.374000,305.822000
1438.732000,-976.300000,302.392000
1427.284000,-948.250000,316.000000
1399.000000,-970.772000,304.545000
1369.885000,-954.800000,303.813000
1354.000000,-980.507000,303.078000
1394.950000,-987.800000,305.346000
1374.790000,-986.414000,306.000000
1337.700000,-960.111000,305.076000
1323.876000,-951.300000,304.096000
1321.700000,-984.168000,307.120000
1323.732000,-984.300000,306.140000
1333.044000,-975.753000,308.000000
1430.300000,-916.300000,302.902000
1426.446000,-915.400000,333.898000
1383.300000,-919.234000,323.853000
1399.515000,-933.400000,313.849000
1428.185000,-924.832000,343.000000
1308.000000,-896.476000,345.248000
1302.618000,-836.500000,333.488000
1290.000000,-867.460000,321.776000
1300.116000,-908.500000,310.064000
1293.636000,-858.604000,356.000000
1302.100000,-769.216000,322.341000
1294.360000,-753.200000,315.265000
1287.100000,-770.048000,308.160000
1298.785000,-779.200000,330.084000
1293.820000,-755.514000,336.000000
1356.800000,-785.770000,315.207000
1304.024000,-779.800000,308.102000
1284.800000,-792.775000,330.026000
1356.512000,-794.800000,322.950000
1334.840000,-792.880000,336.000000
1451.000000,-764.315000,301.296000
1351.250000,-761.600000,328.512000
1346.000000,-762.830000,319.692000
1368.470000,-776.600000,310.908000
1444.805000,-771.425000,336.000000
1446.700000,-758.868000,328.440000
1444.348000,-723.200000,319.620000
1432.700000,-734.263000,310.836000
1438.734000,-760.200000,302.052000
1435.332000,-739.406000,336.000000
1445.200000,-717.105000,326.064000
1412.860000,-705.900000,314.352000
1361.200000,-713.640000,302.640000
1415.632000,-720.900000,338.880000
1397.656000,-709.200000,348.000000
1359.800000,-721.073000,324.474000
1350.168000,-701.500000,314.184000
1343.800000,-728.658000,345.936000
1357.640000,-738.500000,335.688000
1354.696000,-701.611000,354.000000
1342.600000,-703.468000,314.100000
1312.297000,-699.100000,345.852000
1305.600000,-712.414000,335.604000
1308.634000,-713.100000,325.314000
1339.899000,-710.104000,354.000000
1302.800000,-706.240000,345.768000
1302.171000,-703.200000,335.520000
1285.800000,-708.576000,325.230000
1290.900000,-735.200000,314.982000
1288.758000,-721.408000,354.000000
1268.400000,-1091.190000,316.469000
1262.050000,-1042.900000,312.321000
1243.400000,-1064.075000,308.173000
1256.325000,-1097.900000,321.008000
1253.900000,-1062.260000,324.000000
1228.600000,-1093.991000,308.555000
1223.890000,-1073.500000,307.335000
1218.600000,-1092.193000,311.110000
1225.940000,-1104.500000,309.890000
1225.270000,-1077.654000,312.000000
1220.900000,-1098.930000,309.192000
1199.572000,-1094.500000,311.460000
1189.900000,-1102.700000,310.728000
1219.381000,-1104.500000,309.993000
1218.203000,-1103.670000,312.000000
1216.600000,-1060.090000,307.818000
1209.360000,-1056.700000,307.574000
1208.600000,-1057.255000,307.329000
1209.944000,-1071.700000,307.085000
1209.880000,-1067.200000,308.000000
1195.000000,-1051.324000,310.716000
1193.770000,-1051.000000,309.981000
1185.000000,-1060.144000,309.249000
1188.860000,-1087.000000,311.514000
1189.060000,-1068.388000,312.000000
1187.000000,-1098.292000,313.575000
1181.900000,-1077.700000,310.891000
1172.000000,-1089.946000,319.196000
1181.045000,-1103.700000,316.512000
1181.795000,-1084.616000,321.000000
1148.400000,-1091.950000,311.000000
1120.550000,-1077.600000,311.000000
1098.400000,-1094.825000,311.000000
1139.400000,-1102.600000,311.000000
1143.350000,-1078.800000,311.000000
1231.100000,-1005.854000,310.664000
1214.072000,-998.000000,310.176000
1209.100000,-1017.932000,309.686000
1209.914000,-1020.000000,309.198000
1212.290000,-1016.282000,311.000000
1206.100000,-1010.440000,311.930000
1192.226000,-1004.700000,310.705000
1192.100000,-1009.743000,309.485000
1195.670000,-1045.700000,313.260000
1197.588000,-1029.874000,314.000000
1143.300000,-1043.281000,316.746000
1135.358000,-999.900000,313.330000
1105.300000,-1015.880000,323.900000
1123.236000,-1046.900000,320.484000
1129.544000,-1018.559000,326.000000
1268.000000,-932.260000,308.651000
1255.646000,-925.200000,313.936000
1239.000000,-930.770000,312.228000
1258.981000,-935.200000,310.513000
1264.665000,-926.990000,315.000000
1238.900000,-963.404000,313.384000
1230.541000,-947.300000,312.408000
1225.900000,-972.875000,311.428000
1237.678000,-980.300000,310.452000
1227.603000,-979.046000,314.000000
1224.200000,-956.988000,312.400000
1213.880000,-949.400000,311.420000
1212.200000,-977.176000,310.444000
1213.676000,-977.400000,313.468000
1216.736000,-970.260000,314.000000
1179.800000,-965.948000,311.412000
1178.006000,-965.300000,310.436000
1156.800000,-967.808000,313.456000
1164.643000,-977.300000,312.480000
1171.152000,-971.636000,314.000000
1190.200000,-959.910000,311.819000
1170.730000,-934.800000,324.654000
1124.200000,-947.580000,320.506000
1161.028000,-964.800000,316.358000
1181.686000,-944.130000,327.000000
1268.300000,-867.140000,313.300000
1261.132000,-853.500000,312.080000
1254.300000,-867.668000,310.855000
1265.150000,-875.500000,309.635000
1255.938000,-855.546000,314.000000
1257.000000,-838.542000,312.228000
1248.252000,-830.100000,311.738000
1245.000000,-848.181000,311.250000
1256.904000,-851.100000,312.762000
1249.368000,-848.496000,313.000000
1157.500000,-848.150000,316.000000
1145.202000,-842.600000,316.000000
1144.500000,-844.940000,316.000000
1147.230000,-872.600000,316.000000
1152.430000,-862.370000,316.000000
1145.100000,-872.220000,316.000000
1139.360000,-857.700000,316.000000
1110.100000,-862.125000,316.000000
1125.045000,-872.700000,316.000000
1140.095000,-864.330000,316.000000
1259.300000,-796.859000,310.126000
1251.680000,-790.100000,310.370000
1239.300000,-794.708000,310.614000
1252.180000,-799.100000,310.859000
1241.360000,-792.125000,310.000000
1213.100000,-781.613000,313.000000
1205.326000,-749.100000,313.000000
1200.100000,-793.630000,313.000000
1211.293000,-810.100000,313.000000
1204.650000,-749.527000,313.000000
1200.200000,-767.776000,319.477000
1189.605000,-748.500000,315.329000
1187.200000,-806.267000,328.181000
1188.214000,-809.500000,324.016000
1194.948000,-796.690000,330.000000
1142.500000,-783.574000,318.945000
1141.279000,-781.000000,324.237000
1105.500000,-785.264000,322.522000
1116.452000,-807.000000,320.814000
1136.691000,-795.898000,325.000000
1270.600000,-751.266000,315.552000
1258.100000,-739.800000,314.576000
1220.600000,-744.753000,313.600000
1246.250000,-752.800000,312.620000
1225.050000,-744.428000,316.000000
1238.100000,-718.160000,327.914000
1217.552000,-688.900000,323.766000
1194.100000,-715.212000,319.601000
1226.220000,-732.900000,332.453000
1208.884000,-694.972000,334.000000
1172.300000,-710.904000,317.792000
1154.516000,-696.600000,317.302000
1146.300000,-722.712000,318.814000
1170.922000,-728.600000,318.324000
1161.432000,-726.072000,319.000000
1138.700000,-688.950000,319.447000
1113.472000,-685.500000,321.715000
1110.700000,-685.995000,320.980000
1115.292000,-700.500000,320.248000
1133.912000,-696.060000,322.000000
1202.900000,-641.786000,338.769000
1193.142000,-641.500000,333.134000
1120.900000,-647.000000,327.522000
1152.224000,-663.500000,321.887000
1127.050000,-652.214000,341.000000
1148.800000,-634.824000,320.592000
1135.360000,-599.800000,318.884000
1108.800000,-620.348000,317.169000
1132.760000,-643.800000,322.461000
1121.640000,-611.680000,323.000000
1251.400000,-615.292000,314.510000
1197.206000,-587.500000,311.815000
1153.400000,-620.380000,320.131000
1233.368000,-635.500000,317.436000
1209.064000,-589.996000,321.000000
1253.000000,-571.581000,311.216000
1187.550000,-564.000000,335.408000
1168.000000,-582.942000,327.568000
1170.805000,-585.000000,319.760000
1237.190000,-581.535000,338.000000
994.600000,-1067.096000,377.439000
941.302000,-1062.200000,361.024000
940.600000,-1066.246000,344.676000
954.154000,-1096.200000,328.261000
943.894000,-1083.212000,383.000000
1076.100000,-1048.258000,324.060000
1069.130000,-998.200000,319.668000
1042.100000,-1016.344000,315.258000
1058.012000,-1052.200000,328.866000
1052.538000,-1019.854000,330.000000
1024.800000,-1033.640000,321.816000
983.444000,-995.300000,319.611000
926.800000,-1025.162000,326.415000
993.930000,-1049.300000,324.219000
981.092000,-1005.182000,327.000000
995.200000,-952.364000,331.567000
954.943000,-931.700000,385.243000
932.200000,-964.082000,367.848000
989.026000,-973.700000,350.524000
982.600000,-972.272000,390.000000
1073.100000,-897.750000,328.034000
1020.028000,-885.100000,324.604000
1011.100000,-930.548000,321.188000
1018.478000,-931.100000,317.772000
1014.014000,-919.554000,329.000000
1021.800000,-827.210000,324.104000
1019.358000,-824.600000,322.640000
988.800000,-833.825000,321.170000
999.921000,-869.600000,325.706000
998.469000,-848.540000,326.000000
1078.200000,-796.814000,338.586000
1069.470000,-751.400000,327.071000
1048.200000,-774.188000,362.603000
1064.820000,-805.400000,351.135000
1064.400000,-768.410000,365.000000
1028.200000,-788.052000,324.202000
1005.848000,-758.100000,340.834000
984.200000,-788.820000,335.466000
1018.124000,-806.100000,330.076000
1018.784000,-762.756000,342.000000
986.200000,-767.560000,343.845000
945.600000,-743.200000,338.700000
930.200000,-794.620000,333.576000
985.528000,-803.200000,328.452000
932.048000,-796.000000,345.000000
1023.800000,-691.118000,338.960000
937.136000,-679.400000,334.080000
931.800000,-683.988000,329.200000
950.660000,-741.400000,344.300000
957.468000,-720.506000,345.000000
1083.800000,-662.920000,322.164000
1076.600000,-604.600000,320.456000
1038.800000,-622.060000,325.741000
1057.835000,-664.600000,324.033000
1062.470000,-631.360000,326.000000
987.100000,-650.945000,324.410000
980.314000,-606.400000,325.922000
969.100000,-636.372000,325.434000
980.620000,-665.400000,324.944000
982.996000,-619.911000,326.000000
965.000000,-646.069000,342.303000
955.496000,-626.200000,338.155000
949.000000,-653.062000,333.990000
962.712000,-663.200000,329.842000
949.304000,-626.607000,343.000000
1066.900000,-559.280000,334.816000
956.604000,-542.000000,330.424000
930.900000,-592.922000,326.032000
940.964000,-596.000000,339.622000
966.940000,-584.876000,340.000000
813.700000,-1063.623000,324.126000
812.748000,-1059.400000,321.442000
779.700000,-1065.960000,329.747000
789.628000,-1100.400000,327.063000
797.108000,-1083.057000,330.000000
892.700000,-1079.958000,327.520000
874.742000,-988.700000,339.600000
819.700000,-1027.531000,335.696000
856.857000,-1091.700000,331.776000
875.034000,-1025.780000,340.000000
809.800000,-1035.940000,336.649000
796.373000,-995.800000,333.477000
780.800000,-1031.440000,330.292000
801.854000,-1055.800000,327.120000
780.945000,-1004.320000,337.000000
773.400000,-1083.475000,333.632000
738.040000,-1072.200000,329.712000
721.400000,-1092.500000,325.808000
770.436000,-1097.200000,337.888000
734.452000,-1095.325000,338.000000
772.800000,-1013.304000,376.840000
750.375000,-1000.200000,350.488000
747.800000,-1001.824000,432.028000
751.800000,-1056.200000,405.676000
760.225000,-1039.848000,433.000000
840.300000,-921.801000,341.252000
833.860000,-920.900000,400.142000
784.300000,-933.938000,381.110000
805.468000,-973.900000,362.000000
825.964000,-946.923000,401.000000
844.200000,-877.000000,350.727000
823.616000,-824.200000,345.603000
782.200000,-854.758000,340.458000
819.090000,-890.200000,335.334000
843.580000,-842.284000,351.000000
769.300000,-853.267000,376.683000
759.418000,-824.700000,361.248000
751.300000,-858.069000,345.876000
765.916000,-873.700000,330.441000
755.566000,-827.444000,393.000000
752.071166,-846.848613,361.122000
747.854098,-827.091349,345.750000
727.583449,-861.213431,330.315000
726.084961,-865.469247,377.943000
735.679620,-862.169054,393.000000
869.700000,-745.956000,329.464000
820.550000,-742.700000,325.054000
819.700000,-745.230000,338.662000
832.050000,-764.700000,334.270000
856.200000,-756.384000,343.000000
907.900000,-791.960000,325.018000
900.865000,-736.100000,338.626000
872.900000,-756.020000,334.216000
889.140000,-796.100000,329.824000
907.060000,-760.400000,343.000000
827.736536,-800.154195,480.980000
824.180034,-766.141830,432.960000
790.822162,-773.585623,385.136000
809.727261,-803.704635,337.312000
806.376675,-765.383674,529.000000
909.000000,-646.868000,339.192000
868.995000,-630.500000,333.336000
846.000000,-655.811000,327.456000
902.574000,-663.500000,345.600000
875.547000,-662.510000,351.000000
840.600000,-648.217000,350.126000
796.296000,-641.800000,332.241000
788.600000,-664.432000,387.429000
794.580000,-664.800000,369.617000
825.832000,-659.119000,404.000000
897.700000,-594.832000,328.225000
891.960000,-592.600000,490.765000
840.136000,-592.600000,438.305000
815.700000,-599.836000,438.305000
843.006000,-628.600000,385.630000
878.676000,-628.600000,532.475000
906.700000,-577.335000,336.535000
871.686000,-541.000000,332.860000
784.700000,-558.974000,329.200000
851.800000,-584.000000,325.540000
810.198000,-554.717000,340.000000
549.146127,-1144.787731,340.660000
546.110618,-1117.742593,333.340000
520.000638,-1125.407487,326.020000
535.520673,-1150.404778,348.670000
543.057159,-1119.703333,355.000000
533.352887,-1164.884595,369.884000
500.919576,-1129.160668,330.929000
522.474553,-1143.699683,456.380000
472.529216,-1138.820438,451.133000
523.252821,-1177.998735,412.337000
491.082018,-1156.299254,367.022000
509.872821,-1165.056015,485.000000
506.144230,-1093.684676,327.769000
499.718481,-1077.162496,373.885000
497.492954,-1077.528669,359.001000
479.532954,-1096.727886,344.056000
495.240905,-1101.309607,387.000000
562.855761,-1090.733034,410.347000
603.626180,-1046.476668,383.751000
560.276487,-1020.763153,357.046000
541.242451,-1066.369138,330.450000
559.421503,-1035.506920,434.000000
617.871098,-1035.044846,343.152000
615.096435,-1014.733542,335.344000
591.067451,-996.272312,327.536000
604.482594,-1023.872760,351.696000
607.059866,-1009.992575,358.000000
638.714981,-999.512324,329.190000
645.416703,-969.032168,326.506000
611.652525,-978.964002,334.811000
619.645169,-1008.712682,332.127000
650.665514,-976.586496,337.000000
665.543900,-952.341221,328.716000
666.990607,-935.593476,358.161000
638.898082,-954.617185,348.645000
637.852256,-956.815176,339.090000
651.659654,-962.310569,366.000000
449.845921,-1084.652514,328.797000
452.598334,-1080.910424,328.553000
417.409855,-1047.867503,328.308000
398.742555,-1081.142736,328.064000
409.119242,-1065.993379,329.000000
444.382383,-1054.856816,363.815000
462.555817,-1032.043969,347.890000
440.877156,-1024.239544,332.030000
433.547476,-1047.070155,381.105000
448.087689,-1032.686175,393.000000
518.069351,-1028.412224,345.456000
527.639212,-1007.078383,329.840000
505.594578,-1008.918625,378.160000
506.167548,-1029.822573,362.544000
526.032466,-1012.286102,390.000000
506.561189,-999.745999,330.842000
509.152565,-977.641006,367.837000
482.485182,-989.646895,355.881000
490.854194,-1010.659950,343.876000
492.510388,-1008.756476,377.000000
553.981957,-1000.260892,355.574000
528.258887,-959.040904,347.278000
524.136958,-954.943879,338.948000
510.495420,-976.830242,330.652000
516.430704,-972.718794,362.000000
617.705874,-946.123369,330.825000
616.326343,-942.384261,329.600000
585.832276,-928.184274,328.380000
557.901040,-967.164979,332.155000
582.675500,-948.809260,333.000000
558.137829,-947.575858,347.126000
592.743085,-912.378103,333.218000
563.794419,-921.120329,376.253000
544.470607,-949.696517,362.345000
579.425164,-922.878369,386.000000
644.308677,-918.642331,329.296000
653.508567,-879.634629,342.886000
612.212330,-886.729260,338.494000
621.539440,-925.962894,334.102000
663.762672,-897.445804,346.000000
698.803413,-851.978006,437.725000
696.357781,-819.640562,405.273000
656.377118,-841.297557,372.688000
652.808899,-845.312958,340.236000
661.706824,-843.827207,461.000000
736.756995,-805.816383,368.951000
723.075324,-782.882666,352.046000
720.561919,-784.188389,335.210000
707.401830,-803.252906,387.374000
717.335834,-800.663082,398.000000
763.900000,-693.265000,350.268000
759.763000,-675.500000,338.312000
742.900000,-681.732000,375.307000
752.560000,-694.500000,363.351000
756.445000,-683.271000,383.000000
736.840770,-712.592429,333.440000
735.718357,-689.529011,363.640000
711.075831,-675.552285,353.880000
723.529650,-704.668511,344.120000
741.549070,-702.526072,370.000000
766.000000,-617.200000,365.204000
719.937000,-578.200000,356.420000
693.000000,-637.714000,347.636000
758.262000,-656.200000,338.816000
703.074000,-654.172000,371.000000
765.700000,-548.920000,345.860000
714.820000,-537.600000,340.960000
705.700000,-576.800000,336.080000
712.360000,-577.600000,351.200000
728.800000,-567.880000,354.000000
708.600000,-539.172000,400.390000
705.870000,-536.400000,347.930000
666.600000,-544.674000,510.470000
680.418000,-578.400000,457.795000
419.181631,-1025.129061,333.000000
430.248753,-998.323587,363.200000
398.486687,-978.836277,353.440000
401.661299,-1010.691493,343.680000
427.682917,-1010.552606,369.000000
470.752967,-976.006909,397.946000
468.534335,-941.130874,377.938000
434.906573,-931.689451,357.930000
453.099807,-972.919321,337.840000
452.435530,-926.589598,410.000000
501.338046,-946.805002,331.035000
488.429063,-911.128160,329.815000
459.730272,-916.160335,328.590000
487.046500,-957.091309,332.370000
470.494904,-931.312698,333.000000
562.608125,-899.673334,336.560000
536.526876,-848.683507,331.436000
530.957269,-848.098118,347.312000
494.844576,-892.551098,342.167000
526.044312,-899.712392,350.000000
583.558002,-885.181617,330.710000
626.384484,-844.633792,342.050000
597.178635,-835.549059,338.375000
571.580854,-872.297890,334.715000
605.517102,-862.149510,344.000000
565.808124,-856.322527,333.076000
576.630419,-833.314378,331.361000
553.060194,-828.042811,329.653000
553.334919,-852.217304,327.938000
561.268633,-825.642054,334.000000
584.046624,-819.177808,348.735000
592.830755,-802.262025,340.195000
571.588047,-812.538690,331.620000
571.520891,-826.795037,358.080000
591.891924,-802.068786,362.000000
631.269608,-790.032410,338.000000
628.554935,-771.565350,330.160000
605.003100,-785.567417,354.352000
604.368883,-787.779519,346.512000
615.590156,-792.512509,358.000000
682.417275,-796.237870,328.792000
684.188896,-793.310598,339.376000
644.992666,-751.911666,335.946000
636.247258,-780.189061,332.530000
666.259539,-798.127338,341.000000
694.961279,-777.905783,358.342000
729.158476,-734.901000,350.747000
687.975357,-719.224893,343.183000
674.317087,-762.518469,335.588000
691.042724,-722.917434,362.000000
423.569623,-927.667385,340.430000
423.178712,-891.684451,336.038000
386.885528,-877.594486,331.628000
404.282986,-920.787691,345.236000
411.385567,-885.039195,347.000000
457.515598,-897.911720,335.391000
449.186250,-865.745084,330.736000
421.152720,-869.453618,345.100000
443.061757,-905.852438,340.445000
434.825302,-892.487341,347.000000
517.514006,-851.281029,330.272000
510.335793,-819.344166,342.368000
507.051388,-817.290424,338.448000
464.558506,-858.154868,334.544000
491.985325,-864.947341,344.000000
489.725051,-821.671883,355.776000
488.944388,-818.999652,348.181000
467.503482,-808.784325,340.617000
447.627882,-836.305693,333.053000
460.020075,-817.376611,359.000000
537.201138,-831.027742,345.821000
550.485157,-812.766173,338.745000
533.280349,-811.041062,331.640000
528.494045,-828.512836,353.564000
540.625905,-812.689776,356.000000
528.276838,-805.829526,329.418000
530.479917,-780.376853,327.948000
504.991480,-780.935812,332.484000
514.547466,-808.372387,331.020000
531.469836,-784.650211,333.000000
573.240538,-799.416668,328.028000
553.315310,-757.029975,337.856000
523.427781,-762.548670,334.671000
521.656143,-765.604631,331.499000
555.430621,-800.019056,339.000000
592.290713,-742.278408,331.460000
587.095063,-728.921494,329.990000
584.546471,-730.534937,328.526000
567.211609,-748.859914,327.062000
573.765059,-740.490547,332.000000
610.034114,-748.422485,331.630000
628.039633,-725.894876,329.190000
604.234204,-711.942853,326.750000
597.656727,-736.045584,334.300000
608.482636,-721.431901,335.000000
578.195792,-733.150851,337.761000
608.552534,-700.654875,329.676000
577.336455,-714.545336,354.624000
561.930135,-740.010966,346.572000
598.987223,-707.840971,357.000000
671.161128,-714.391748,328.400000
670.639034,-665.599839,343.520000
620.928880,-676.576687,338.640000
643.857153,-727.867914,333.740000
641.696737,-723.102521,345.000000
336.028070,-1019.925316,336.088000
274.360145,-923.249633,333.148000
226.974407,-934.522690,330.220000
235.225623,-946.428230,327.292000
239.081040,-934.099410,337.000000
388.392771,-958.701173,349.695000
391.295473,-954.388303,341.155000
365.872946,-944.768379,332.615000
326.458042,-987.140860,359.040000
351.225594,-966.280267,361.000000
332.313325,-968.527706,339.482000
348.620799,-915.472517,334.114000
281.049648,-867.209902,350.724000
294.150951,-934.014705,345.356000
322.743262,-911.575259,352.000000
373.322168,-873.686345,351.288000
371.112736,-829.522750,451.080000
328.297867,-817.499617,418.872000
350.804074,-869.593286,386.532000
380.734570,-848.506036,459.000000
403.391391,-840.166251,347.636000
386.214475,-799.028269,342.268000
355.676928,-801.599087,336.878000
388.916201,-850.035095,331.510000
356.091521,-804.351579,349.000000
465.738851,-786.545302,336.688000
435.425612,-740.487982,333.258000
431.525577,-738.331851,329.842000
419.009649,-763.119380,340.412000
429.282186,-761.861294,341.000000
483.142271,-772.070374,326.000000
499.916822,-747.441066,326.000000
462.530437,-714.129453,326.000000
461.282832,-745.813518,326.000000
477.951083,-741.420945,326.000000
568.178384,-695.264298,328.184000
579.262489,-673.607551,340.264000
557.294324,-669.335528,336.360000
556.606315,-691.710962,332.440000
576.277814,-681.027415,341.000000
550.859546,-711.955434,329.760000
548.604446,-683.825816,328.540000
521.990624,-683.862643,327.315000
536.816005,-715.349760,326.095000
538.218345,-672.059924,330.000000
537.619345,-669.493811,336.296000
541.674303,-651.816479,332.376000
508.791911,-674.823173,328.472000
507.032369,-677.364929,340.552000
515.365523,-674.399948,341.000000
596.194549,-636.373318,334.934000
598.498615,-633.917956,328.590000
577.238842,-614.405227,348.220000
563.090859,-636.217704,341.876000
576.719151,-634.127016,349.000000
280.048453,-842.386806,334.455000
289.396937,-827.556751,360.880000
271.273681,-813.128505,352.340000
270.177730,-831.490922,343.765000
283.895261,-831.373663,362.000000
256.228318,-863.142868,333.524000
249.276057,-813.926520,330.108000
199.956122,-786.514822,326.678000
230.077472,-849.226945,323.262000
212.971076,-777.497539,334.000000
324.618203,-800.021549,326.000000
313.209644,-762.084941,326.000000
281.813695,-763.840493,326.000000
308.834491,-807.803985,326.000000
287.264481,-777.655865,326.000000
296.658463,-704.057906,325.892000
295.052386,-689.924893,324.916000
293.616232,-689.213155,327.936000
270.274784,-713.211252,326.960000
280.420296,-710.191753,328.000000
355.875846,-703.740530,326.589000
355.592984,-702.616257,331.874000
346.248249,-698.999180,330.166000
337.990574,-711.530155,328.458000
347.553707,-707.989075,332.000000
333.393986,-700.185369,328.900000
343.255378,-688.110862,327.680000
333.721839,-690.390555,326.455000
328.788383,-700.446465,325.235000
340.748148,-693.418038,329.000000
365.146613,-691.512135,326.936000
365.619800,-670.785977,325.956000
345.219584,-670.376087,324.980000
354.282741,-693.056644,324.004000
360.339362,-666.926148,328.000000
404.580709,-672.821582,327.948000
395.323905,-655.050087,326.972000
379.475564,-682.154636,329.996000
378.342966,-685.995590,329.016000
389.051120,-684.573176,330.000000
438.141035,-640.439100,330.579000
419.121752,-618.802035,344.924000
416.117572,-621.448085,340.288000
401.297415,-652.884817,335.652000
421.296071,-650.381456,345.000000
403.516126,-605.605020,371.706000
394.545722,-611.894389,359.750000
366.088283,-647.302139,347.794000
383.921254,-629.223309,335.789000
401.695374,-605.319976,372.000000
552.036282,-600.638980,339.952000
577.370797,-569.840882,334.072000
548.284355,-580.289890,328.216000
536.872160,-605.585573,322.360000
564.885972,-571.763865,346.000000
562.900000,-543.989000,334.024000
537.980000,-533.300000,328.168000
522.900000,-549.155000,322.312000
558.340000,-554.300000,340.432000
541.940000,-553.922000,346.000000
511.781248,-647.439609,332.395000
505.004987,-623.518929,325.319000
476.167313,-642.077251,347.214000
477.204182,-644.837553,340.138000
494.265162,-652.374209,354.000000
498.138978,-598.298686,321.000000
498.881495,-595.042208,321.000000
472.187760,-571.620326,321.000000
457.132286,-598.455081,321.000000
484.359716,-607.608662,321.000000
470.500000,-569.199000,321.000000
467.750000,-563.200000,321.000000
460.500000,-566.042000,321.000000
465.880000,-570.200000,321.000000
462.660000,-565.517000,321.000000
450.755035,-582.741594,321.000000
450.618061,-570.215699,321.000000
441.633341,-578.632052,321.000000
446.011742,-587.790759,321.000000
449.407810,-571.935465,321.000000
431.470219,-583.413486,322.076000
428.547828,-568.834061,321.100000
416.792459,-591.386458,324.120000
425.165485,-599.569624,323.144000
423.534611,-595.639726,325.000000
479.100000,-548.550000,321.000000
440.208000,-546.500000,321.000000
437.100000,-547.080000,321.000000
445.038000,-556.500000,321.000000
477.210000,-553.290000,321.000000
403.277391,-586.727242,321.000000
415.899678,-549.249490,321.000000
404.004053,-556.513630,321.000000
397.560540,-585.080149,321.000000
403.249659,-564.224770,321.000000
394.860323,-563.242094,321.000000
398.187944,-542.378093,321.000000
387.839539,-552.876058,321.000000
389.300261,-567.873810,321.000000
394.238207,-548.017765,321.000000
1338.823487,-497.540133,319.848000
1356.196755,-474.031942,306.184000
1322.135314,-482.780103,348.464000
1318.480849,-504.998583,334.800000
1357.832480,-479.656083,360.000000
1269.500000,-504.680000,310.036000
1217.825000,-494.600000,331.176000
1204.500000,-522.410000,324.344000
1208.270000,-524.600000,317.484000
1265.665000,-518.900000,337.000000
1269.000000,-420.841000,323.590000
1268.676000,-416.200000,318.466000
1242.000000,-421.816000,313.321000
1249.425000,-455.200000,308.197000
1247.049000,-439.327000,328.000000
1188.300000,-525.264000,317.616000
1176.340000,-496.400000,314.186000
1136.300000,-507.952000,310.770000
1161.936000,-528.400000,321.354000
1158.868000,-508.432000,324.000000
1131.300000,-514.000000,313.891000
1120.125000,-486.600000,313.159000
1106.300000,-509.720000,315.424000
1124.050000,-526.600000,314.692000
1123.300000,-492.960000,316.000000
1190.100000,-458.124000,312.408000
1139.636000,-449.700000,318.448000
1114.100000,-464.028000,316.496000
1184.552000,-467.700000,314.544000
1184.552000,-466.638000,320.000000
1203.900000,-416.400000,335.336000
1121.086000,-407.400000,327.040000
1109.900000,-407.868000,318.710000
1123.436000,-443.400000,310.414000
1126.162000,-433.464000,342.000000
963.800000,-496.959000,325.674000
960.468000,-496.200000,324.939000
929.800000,-501.490000,324.207000
942.108000,-519.200000,326.475000
944.080000,-507.861000,327.000000
1005.000000,-458.080000,330.086000
982.880000,-433.600000,323.742000
935.000000,-447.010000,343.398000
975.530000,-463.600000,337.028000
981.620000,-442.300000,348.000000
912.300000,-512.870000,331.500000
885.650000,-494.900000,407.000000
862.300000,-514.820000,382.600000
902.100000,-524.900000,358.200000
907.950000,-497.060000,425.000000
911.700000,-459.540000,342.450000
892.200000,-444.300000,336.350000
885.700000,-479.580000,330.250000
886.038000,-484.300000,324.125000
889.834000,-478.500000,347.000000
914.100000,-407.120000,380.488000
865.750000,-402.200000,355.008000
864.100000,-405.170000,329.632000
875.600000,-432.200000,408.256000
884.400000,-421.340000,425.000000
864.200000,-491.093000,356.675000
852.730000,-473.100000,337.399000
802.200000,-479.104000,397.123000
829.976000,-492.100000,377.768000
842.624000,-481.099000,410.000000
863.600000,-447.070000,337.241000
838.676000,-433.200000,396.965000
801.600000,-443.327000,377.610000
842.830000,-452.200000,358.334000
857.338000,-437.076000,410.000000
772.000000,-462.586000,405.384000
772.000000,-430.500000,341.613000
701.434000,-400.000000,384.156000
658.000000,-491.622000,362.928000
658.000000,-499.430000,379.719000
758.548000,-522.000000,341.613000
674.530000,-520.292000,420.000000
660.850000,-414.518000,420.000000
634.400000,-434.580000,363.676000
585.076000,-398.000000,347.572000
575.400000,-518.032000,331.402000
581.241000,-522.000000,381.298000
598.528000,-493.356000,391.000000
574.200000,-408.894000,333.238000
571.179000,-399.300000,322.990000
517.200000,-422.055000,354.742000
535.212000,-522.300000,344.452000
553.566000,-467.196000,361.000000
480.900000,-503.279000,321.604000
472.770000,-469.700000,342.772000
450.900000,-485.378000,335.912000
466.920000,-508.700000,329.080000
477.450000,-482.765000,347.000000
405.300000,-502.748000,323.776000
392.612000,-475.700000,321.816000
379.300000,-501.698000,319.864000
398.826000,-517.700000,317.904000
382.706000,-480.656000,325.000000
499.500000,-424.486000,315.800000
467.070000,-398.500000,316.288000
453.500000,-449.557000,316.778000
498.028000,-459.500000,315.266000
470.888000,-453.400000,315.000000
1271.200000,-306.057000,337.090000
1238.930000,-290.800000,316.265000
1236.200000,-294.742000,380.525000
1242.675000,-363.800000,359.700000
1258.040000,-340.659000,392.000000
1217.300000,-338.716000,322.309000
1210.350000,-315.900000,388.081000
1167.300000,-322.133000,366.766000
1187.450000,-338.900000,345.538000
1210.800000,-326.618000,400.000000
1167.900000,-357.375000,387.907000
1153.620000,-276.000000,366.592000
1127.900000,-327.240000,345.364000
1152.700000,-381.000000,324.049000
1132.580000,-302.145000,400.000000
1100.100000,-325.110000,410.012000
1042.700000,-300.000000,371.460000
1086.100000,-300.000000,344.126000
1000.100000,-331.725000,332.750000
1083.800000,-345.000000,452.198000
1020.700000,-345.000000,413.330000
1036.400000,-301.395000,471.000000
997.200000,-361.600000,359.112000
949.740000,-349.700000,332.407000
937.200000,-382.005000,414.811000
940.440000,-384.700000,388.106000
973.800000,-378.190000,428.000000
998.100000,-263.305000,332.189000
997.620000,-259.000000,414.593000
938.100000,-263.900000,387.888000
954.360000,-294.000000,361.292000
989.460000,-279.895000,428.000000
879.400000,-379.738000,387.125000
874.202000,-358.900000,369.730000
856.400000,-367.111000,352.406000
867.647000,-381.900000,335.082000
858.769000,-367.640000,396.000000
830.200000,-372.148000,373.216000
816.024000,-350.100000,355.648000
798.200000,-368.468000,338.008000
820.792000,-382.100000,392.440000
809.368000,-355.316000,400.000000
889.700000,-321.816000,354.324000
848.120000,-296.800000,334.234000
826.700000,-338.776000,396.226000
884.849000,-349.800000,376.218000
864.248000,-346.885000,405.000000
918.300000,-269.828000,324.485000
834.108000,-261.700000,332.801000
822.300000,-261.988000,330.117000
835.740000,-293.700000,327.422000
903.132000,-284.996000,334.000000
775.600000,-316.895000,425.901000
771.558000,-315.600000,399.196000
732.600000,-323.510000,372.600000
747.994000,-350.600000,346.004000
736.427000,-333.485000,438.000000
769.600000,-302.560000,383.138000
756.496000,-263.200000,361.422000
727.600000,-284.464000,339.706000
751.750000,-311.200000,406.901000
741.670000,-277.312000,415.000000
706.400000,-291.889000,329.336000
680.479000,-253.900000,325.416000
657.400000,-295.480000,337.512000
696.208000,-316.900000,333.608000
685.918000,-258.751000,339.000000
646.650000,-297.920000,328.195000
546.163800,-247.100000,369.775000
511.950000,-362.996000,356.355000
513.162300,-379.100000,342.880000
623.481600,-360.488000,375.000000
624.559200,-317.060000,375.000000
502.100000,-270.144000,350.538000
379.799000,-247.800000,339.314000
375.100000,-260.435000,328.044000
403.802000,-380.800000,316.820000
384.625000,-333.186000,355.000000
426.535000,-335.181000,355.000000
1095.100000,-238.586000,345.240000
1069.036000,-156.800000,335.480000
951.100000,-183.632000,325.720000
1015.036000,-242.800000,355.920000
997.324000,-193.350000,359.000000
1091.356000,-224.224000,359.000000
921.400000,-215.150000,427.910000
921.400000,-163.250000,470.831000
891.550000,-160.100000,366.666000
884.575000,-160.100000,525.800000
846.400000,-199.775000,556.171000
846.400000,-161.900000,329.769000
895.975000,-235.100000,494.927000
888.100000,-235.100000,384.738000
994.700000,-79.609400,320.467000
965.795000,-70.200000,327.271000
947.700000,-83.777200,325.075000
988.966000,-88.400000,322.870000
985.958000,-88.218000,328.000000
999.960679,-50.492846,344.759000
966.779549,-38.399979,338.171000
956.527325,-53.111012,331.556000
960.309589,-54.522943,324.968000
959.698418,-50.432314,347.000000
858.200015,-107.844245,337.091000
857.570399,-105.625463,331.946000
827.445173,-89.821539,326.822000
828.455099,-108.514928,342.677000
832.791622,-101.588990,344.000000
884.326664,-93.246208,323.544000
881.744819,-66.643153,322.080000
838.658801,-51.218190,326.610000
858.260417,-80.858341,325.146000
868.083737,-67.900428,327.000000
919.023583,-24.076663,322.848000
904.748204,-0.500336,334.928000
877.817741,-8.621161,331.024000
905.366769,-29.343433,327.104000
915.440576,-7.757996,336.000000
876.443522,7.180685,327.103000
868.427960,28.738117,323.931000
851.161166,-1.390127,320.746000
867.981458,-14.572643,317.574000
851.105398,-4.456716,328.000000
783.200000,-201.411000,378.745000
746.480000,-191.400000,359.880000
743.200000,-193.750000,341.092000
750.440000,-238.400000,399.227000
754.920000,-223.689000,403.000000
712.800000,-237.300000,322.628000
706.725000,-187.500000,321.164000
667.800000,-200.850000,325.694000
685.755000,-237.500000,324.230000
692.055000,-211.000000,326.000000
638.700000,-211.380000,321.568000
612.578000,-195.800000,343.463000
564.700000,-205.480000,336.387000
610.284000,-215.800000,329.282000
622.864000,-200.860000,345.000000
423.000000,-211.980000,389.105000
404.190000,-189.500000,367.389000
390.000000,-217.540000,345.584000
417.489000,-229.500000,323.868000
391.056000,-190.900000,394.000000
776.400000,-86.540000,325.291000
733.115000,-65.900000,323.086000
721.400000,-121.040000,320.890000
724.150000,-125.900000,327.694000
736.745000,-114.980000,328.000000
769.250000,-3.780000,333.696000
768.820000,1.300000,321.984000
661.750000,-4.140000,358.224000
690.452500,-38.700000,346.512000
718.187500,-22.740000,360.000000
507.800000,-37.480000,307.738000
494.480000,6.200000,325.103000
447.800000,-10.744000,319.491000
476.900000,-41.800000,313.879000
494.120000,-12.232000,326.000000
238.458717,-584.190525,322.959000
242.230425,-567.381183,322.715000
225.435932,-567.514826,322.471000
229.474926,-584.324168,322.226000
231.687463,-561.797867,323.000000
296.500000,-337.424000,312.713000
290.596000,-326.000000,312.468000
287.500000,-344.912000,312.224000
295.771000,-350.000000,312.980000
289.885000,-348.776000,313.000000
283.000000,-312.822000,312.466000
262.048000,-310.500000,312.222000
259.000000,-310.545000,312.978000
262.264000,-319.500000,312.733000
271.264000,-317.088000,313.000000
181.211695,-555.039362,323.760000
181.079439,-551.167384,329.800000
157.055178,-523.576998,327.848000
135.577142,-549.971670,325.896000
160.033448,-555.237702,330.000000
133.646804,-308.101934,314.946000
140.590592,-285.912923,314.458000
115.703969,-276.547293,313.970000
119.918326,-300.595995,313.480000
118.295516,-274.153737,315.000000
111.037731,-621.932832,386.249000
133.031580,-582.119892,365.021000
91.572495,-607.456942,343.706000
87.431678,-638.343366,409.478000
125.106327,-582.442333,410.000000
36.947496,-507.993957,324.800000
100.769121,-546.326352,322.360000
28.415213,-414.067941,329.920000
16.427288,-396.012093,327.470000
11.105622,-427.564872,330.000000
170.738379,-419.975782,325.148000
152.917317,-374.915231,341.780000
145.503905,-378.526659,336.390000
90.847651,-437.898069,331.022000
130.820047,-437.221436,342.000000
52.002851,-316.698487,347.558000
110.889560,-378.115097,339.262000
113.488324,-340.190858,330.966000
63.158896,-302.115172,322.636000
82.305634,-352.314106,348.000000
34.183601,-309.071233,336.453000
51.838643,-255.755382,328.401000
-0.829499,-253.574665,320.316000
6.063378,-306.146639,312.264000
24.945958,-249.249999,345.000000
364.000000,-182.037000,311.415000
294.346000,-131.500000,307.250000
250.000000,-203.474000,303.102000
349.636000,-228.500000,315.937000
305.062000,-227.918000,320.000000
272.686000,-224.232000,320.000000
303.664549,-52.650158,306.472000
298.387296,-23.117459,303.056000
258.072229,-51.075053,313.626000
258.395371,-54.544069,310.210000
279.982819,-62.110238,317.000000
209.000000,-8.170000,310.002000
207.290000,0.000000,310.757000
171.000000,-16.815000,310.513000
182.704000,-95.000000,310.268000
208.088000,-53.200000,311.000000
170.000000,-186.835000,323.305000
125.290000,0.000000,320.621000
0.000000,-84.710000,317.926000
89.420000,-215.000000,315.242000
37.740000,-73.745000,326.000000
154.020000,-72.455000,326.000000
102.680000,-130.290000,326.000000
68.510000,-17.845000,326.000000
