1522.700000,-1078.401000,305.510000
1506.159000,-1072.200000,305.022000
1505.700000,-1076.256000,304.534000
1509.712000,-1111.200000,304.044000
1509.474000,-1096.887000,306.000000
1493.900000,-1071.640000,307.812000
1480.196000,-1052.600000,307.324000
1469.900000,-1076.502000,306.834000
1489.916000,-1086.600000,306.346000
1471.628000,-1053.756000,308.000000
1570.100000,-982.640000,301.392000
1564.660000,-963.400000,306.684000
1538.100000,-969.420000,304.976000
1551.956000,-983.400000,303.261000
1567.572000,-972.120000,308.000000
1526.200000,-963.790000,305.140000
1514.680000,-952.900000,320.240000
1511.200000,-979.900000,315.360000
1511.665000,-982.900000,310.480000
1522.765000,-978.010000,321.000000
1508.400000,-977.720000,304.213000
1492.986000,-956.300000,302.017000
1466.400000,-970.272000,308.812000
1492.860000,-984.300000,306.616000
1492.440000,-962.964000,310.000000
1488.669253,-725.193501,313.716000
1470.779516,-734.600934,307.101000
1474.310975,-738.124983,300.513000
1513.495998,-762.708393,320.898000
1501.717549,-747.898768,327.000000
1427.300000,-601.319000,319.844000
1413.764000,-569.000000,315.452000
1403.300000,-608.672000,311.042000
1423.148000,-626.000000,324.650000
1410.956000,-571.337000,326.000000
1390.800000,-635.566000,314.472000
1381.020000,-622.000000,312.512000
1330.800000,-626.116000,310.560000
1356.360000,-636.000000,308.600000
1340.940000,-628.188000,316.000000
1366.100000,-591.620000,318.549000
1353.146000,-574.600000,315.865000
1349.100000,-615.678000,313.170000
1349.525000,-620.600000,310.486000
1349.423000,-613.424000,319.000000
1347.700000,-612.211000,308.218000
1338.700000,-580.600000,309.730000
1322.700000,-600.772000,309.242000
1338.275000,-621.600000,308.752000
1344.400000,-590.645000,310.000000
1448.900000,-1084.371000,307.300000
1413.417000,-1079.700000,306.075000
1411.900000,-1082.130000,309.855000
1420.114000,-1106.700000,308.635000
1438.466000,-1097.169000,311.000000
1344.200000,-1093.416000,308.000000
1333.060000,-1073.900000,308.000000
1324.200000,-1097.326000,308.000000
1340.620000,-1107.900000,308.000000
1335.540000,-1075.532000,308.000000
1442.100000,-1061.700000,311.976000
1436.796000,-1042.200000,308.056000
1408.100000,-1047.960000,304.152000
1422.346000,-1062.200000,316.248000
1422.278000,-1051.180000,319.000000
1434.000000,-1014.294000,317.220000
1366.805000,-1006.000000,312.340000
1345.000000,-1025.492000,307.440000
1346.602000,-1028.000000,322.560000
1368.674000,-1024.722000,323.000000
1344.900000,-1055.202000,320.654000
1323.014000,-1009.300000,316.489000
1282.900000,-1037.915000,312.341000
1321.092000,-1068.300000,308.176000
1290.092000,-1024.168000,323.000000
1446.100000,-948.420000,302.168000
1423.252000,-942.300000,312.752000
1422.100000,-945.122000,309.322000
1427.260000,-976.300000,305.906000
1445.284000,-964.502000,316.000000
1399.000000,-973.973000,303.489000
1374.205000,-954.800000,305.754000
1354.000000,-977.306000,305.022000
1390.630000,-987.800000,304.287000
1390.675000,-956.615000,306.000000
1337.700000,-983.706000,305.252000
1335.316000,-951.300000,304.276000
1321.700000,-960.573000,307.296000
1328.292000,-984.300000,306.320000
1332.340000,-966.348000,308.000000
1430.300000,-922.312000,320.983000
1395.144000,-915.400000,310.979000
1383.300000,-931.222000,341.975000
1383.817000,-933.400000,331.930000
1407.458000,-930.844000,343.000000
1308.000000,-893.020000,337.472000
1301.772000,-836.500000,325.712000
1290.000000,-870.916000,314.000000
1300.980000,-908.500000,350.288000
1296.552000,-855.148000,356.000000
1302.100000,-758.036000,329.156000
1287.925000,-753.200000,322.080000
1287.100000,-755.202000,314.975000
1290.220000,-779.200000,307.899000
1290.295000,-770.360000,336.000000
1356.800000,-788.620000,333.535000
1317.632000,-779.800000,326.430000
1284.800000,-789.925000,319.354000
1342.904000,-794.800000,312.278000
1289.336000,-780.730000,336.000000
1451.000000,-776.435000,302.340000
1436.090000,-761.600000,329.556000
1346.000000,-765.710000,320.736000
1388.525000,-776.600000,311.952000
1441.760000,-768.545000,336.000000
1446.700000,-737.667000,307.776000
1436.326000,-723.200000,334.956000
1432.700000,-755.501000,326.172000
1432.756000,-760.200000,317.352000
1443.368000,-755.168000,336.000000
1445.200000,-717.780000,317.568000
1416.640000,-705.900000,305.856000
1361.200000,-712.965000,342.096000
1411.852000,-720.900000,330.384000
1412.608000,-709.890000,348.000000
1359.800000,-708.641000,333.672000
1344.792000,-701.500000,323.424000
1343.800000,-704.090000,313.176000
1347.016000,-738.500000,344.886000
1351.176000,-726.179000,354.000000
1342.600000,-707.430000,340.014000
1322.731000,-699.100000,329.766000
1305.600000,-708.452000,319.476000
1335.200000,-713.100000,351.228000
1317.107000,-700.066000,354.000000
1302.800000,-735.072000,346.314000
1300.505000,-703.200000,336.066000
1285.800000,-711.744000,325.818000
1292.583000,-735.200000,315.528000
1288.520000,-718.240000,354.000000
1268.400000,-1064.735000,323.456000
1250.050000,-1042.900000,319.291000
1243.400000,-1090.530000,315.143000
1268.325000,-1097.900000,310.995000
1243.650000,-1090.805000,324.000000
1228.600000,-1098.269000,307.590000
1225.270000,-1073.500000,311.370000
1218.600000,-1087.884000,310.145000
1224.560000,-1104.500000,308.925000
1227.190000,-1081.963000,312.000000
1220.900000,-1096.500000,309.807000
1192.039000,-1094.500000,309.072000
1189.900000,-1095.130000,311.340000
1195.914000,-1104.500000,310.605000
1211.879000,-1101.240000,312.000000
1216.600000,-1065.730000,307.419000
1212.360000,-1056.700000,307.175000
1208.600000,-1066.630000,307.930000
1214.944000,-1071.700000,307.686000
1213.064000,-1057.825000,308.000000
1195.000000,-1051.108000,310.710000
1193.710000,-1051.000000,309.975000
1185.000000,-1060.360000,309.243000
1188.920000,-1087.000000,311.508000
1189.080000,-1068.172000,312.000000
1187.000000,-1088.204000,317.920000
1176.095000,-1077.700000,315.236000
1172.000000,-1100.034000,312.541000
1186.850000,-1103.700000,320.857000
1175.870000,-1100.528000,321.000000
1148.400000,-1097.750000,311.000000
1132.100000,-1077.600000,311.000000
1098.400000,-1089.025000,311.000000
1127.850000,-1102.600000,311.000000
1103.750000,-1084.575000,311.000000
1231.100000,-1002.554000,309.042000
1210.750000,-998.000000,310.552000
1209.100000,-999.232000,310.064000
1213.236000,-1020.000000,309.576000
1230.154000,-1012.982000,311.000000
1206.100000,-1029.628000,309.855000
1198.778000,-1004.700000,313.635000
1192.100000,-1031.555000,312.415000
1203.104000,-1045.700000,311.190000
1203.384000,-1008.062000,314.000000
1143.300000,-1000.370000,316.508000
1138.664000,-999.900000,313.078000
1105.300000,-1011.791000,323.662000
1119.930000,-1046.900000,320.246000
1130.228000,-1022.648000,326.000000
1268.000000,-929.310000,311.304000
1247.120000,-925.200000,309.596000
1239.000000,-933.720000,314.881000
1267.507000,-935.200000,313.173000
1253.645000,-934.050000,315.000000
1238.900000,-974.129000,312.492000
1234.753000,-947.300000,311.512000
1225.900000,-962.183000,310.536000
1233.466000,-980.300000,313.556000
1230.515000,-956.738000,314.000000
1224.200000,-955.392000,313.092000
1213.184000,-949.400000,312.116000
1212.200000,-950.772000,311.136000
1214.372000,-977.400000,310.160000
1214.648000,-968.664000,314.000000
1179.800000,-972.680000,313.696000
1167.932000,-965.300000,312.716000
1156.800000,-973.076000,311.740000
1174.717000,-977.300000,310.760000
1158.042000,-966.368000,314.000000
1190.200000,-935.310000,311.258000
1182.610000,-934.800000,324.110000
1124.200000,-942.180000,319.945000
1149.148000,-964.800000,315.797000
1183.864000,-949.500000,327.000000
1268.300000,-862.696000,310.120000
1258.304000,-853.500000,313.900000
1254.300000,-872.090000,312.680000
1267.978000,-875.500000,311.455000
1264.842000,-873.124000,314.000000
1257.000000,-847.299000,311.750000
1253.256000,-830.100000,311.260000
1245.000000,-839.424000,312.772000
1251.900000,-851.100000,312.284000
1252.236000,-836.253000,313.000000
1157.500000,-849.230000,316.000000
1145.657000,-842.600000,316.000000
1144.500000,-843.860000,316.000000
1146.762000,-872.600000,316.000000
1150.376000,-863.450000,316.000000
1145.100000,-867.030000,316.000000
1127.285000,-857.700000,316.000000
1110.100000,-867.315000,316.000000
1137.155000,-872.700000,316.000000
1120.670000,-859.140000,316.000000
1259.300000,-790.307000,310.174000
1257.140000,-790.100000,310.418000
1239.300000,-792.260000,310.663000
1246.720000,-799.100000,310.907000
1242.320000,-794.573000,310.000000
1213.100000,-775.025000,313.000000
1203.909000,-749.100000,313.000000
1200.100000,-800.218000,313.000000
1212.710000,-810.100000,313.000000
1200.113000,-803.939000,313.000000
1200.200000,-798.886000,315.159000
1196.235000,-748.500000,328.011000
1187.200000,-775.157000,323.846000
1194.584000,-809.500000,319.698000
1198.263000,-766.800000,330.000000
1142.500000,-786.928000,319.946000
1109.052000,-781.000000,318.231000
1105.500000,-781.910000,323.523000
1111.679000,-807.000000,321.808000
1131.400000,-799.226000,325.000000
1270.600000,-747.977000,313.712000
1245.450000,-739.800000,312.736000
1220.600000,-748.042000,315.756000
1258.900000,-752.800000,314.780000
1248.100000,-741.139000,316.000000
1238.100000,-690.220000,326.826000
1233.656000,-688.900000,322.678000
1194.100000,-699.152000,318.530000
1210.116000,-732.900000,331.365000
1211.656000,-711.076000,334.000000
1172.300000,-710.424000,318.458000
1154.100000,-696.600000,317.968000
1146.300000,-723.192000,317.480000
1171.338000,-728.600000,318.992000
1152.774000,-725.592000,319.000000
1138.700000,-697.995000,321.637000
1130.356000,-685.500000,320.905000
1110.700000,-691.950000,320.170000
1126.436000,-700.500000,319.438000
1113.444000,-690.105000,322.000000
1202.900000,-646.648000,318.690000
1129.346000,-641.500000,336.055000
1120.900000,-642.138000,330.443000
1134.020000,-663.500000,324.831000
1198.636000,-657.076000,341.000000
1148.800000,-627.784000,317.260000
1128.960000,-599.800000,322.552000
1108.800000,-627.388000,320.837000
1139.160000,-643.800000,319.129000
1140.680000,-604.640000,323.000000
1251.400000,-589.276000,313.641000
1242.188000,-587.500000,310.946000
1153.400000,-598.348000,319.262000
1188.386000,-635.500000,316.567000
1216.806000,-612.028000,321.000000
1253.000000,-573.219000,321.392000
1194.095000,-564.000000,313.584000
1168.000000,-581.325000,337.744000
1249.260000,-585.000000,329.936000
1210.245000,-583.152000,338.000000
994.600000,-1090.760000,358.277000
978.832000,-1062.200000,341.929000
940.600000,-1076.582000,325.581000
970.570000,-1096.200000,376.166000
959.284000,-1072.876000,383.000000
1076.100000,-1011.214000,326.076000
1045.840000,-998.200000,321.684000
1042.100000,-999.388000,317.274000
1047.302000,-1052.200000,312.882000
1048.764000,-1036.810000,330.000000
1024.800000,-1030.022000,326.388000
976.878000,-995.300000,324.192000
926.800000,-1028.780000,321.996000
1000.496000,-1049.300000,319.791000
931.210000,-1001.618000,327.000000
995.200000,-933.548000,324.893000
989.719000,-931.700000,378.498000
932.200000,-940.898000,361.174000
954.313000,-973.700000,343.850000
988.585000,-953.456000,390.000000
1073.100000,-905.570000,318.262000
1030.568000,-885.100000,328.846000
1011.100000,-922.728000,325.416000
1069.938000,-931.100000,322.000000
1057.228000,-927.374000,329.000000
1021.800000,-862.715000,322.304000
1012.395000,-824.600000,320.834000
988.800000,-843.320000,325.370000
1006.884000,-869.600000,323.900000
1008.402000,-839.045000,326.000000
1078.200000,-764.792000,343.098000
1051.710000,-751.400000,331.630000
1048.200000,-752.210000,320.115000
1052.580000,-805.400000,355.647000
1061.490000,-790.388000,365.000000
1028.200000,-789.300000,335.070000
1006.992000,-758.100000,329.680000
984.200000,-787.572000,324.312000
1016.980000,-806.100000,340.922000
997.092000,-764.004000,342.000000
986.200000,-746.260000,341.535000
981.664000,-743.200000,336.411000
930.200000,-755.920000,331.266000
949.464000,-803.200000,326.142000
938.208000,-774.700000,345.000000
1023.800000,-707.424000,344.700000
961.332000,-679.400000,339.820000
931.800000,-729.682000,334.940000
1018.464000,-741.400000,330.040000
1023.064000,-736.812000,345.000000
1083.800000,-655.840000,319.952000
1071.290000,-604.600000,325.237000
1038.800000,-629.140000,323.529000
1063.145000,-664.600000,321.821000
1076.690000,-624.220000,326.000000
987.100000,-621.445000,324.572000
971.314000,-606.400000,324.084000
969.100000,-606.872000,325.596000
971.620000,-665.400000,325.106000
981.538000,-649.411000,326.000000
965.000000,-650.472000,333.429000
957.400000,-626.200000,329.264000
949.000000,-648.659000,342.116000
960.808000,-663.200000,337.968000
957.656000,-631.010000,343.000000
1066.900000,-545.132000,332.566000
1056.836000,-542.000000,328.174000
930.900000,-553.070000,323.764000
976.732000,-596.000000,337.372000
983.940000,-570.728000,340.000000
813.700000,-1078.219000,327.118000
790.852000,-1059.400000,324.423000
779.700000,-1092.364000,321.739000
811.490000,-1100.400000,319.044000
787.860000,-1097.653000,330.000000
892.700000,-1077.383000,338.208000
872.917000,-988.700000,334.304000
819.700000,-1030.209000,330.384000
858.682000,-1091.700000,326.480000
826.197000,-1023.102000,340.000000
809.800000,-1011.520000,324.507000
784.570000,-995.800000,334.322000
780.800000,-995.860000,331.150000
784.657000,-1055.800000,327.965000
808.031000,-1039.960000,337.000000
773.400000,-1088.775000,325.024000
749.064000,-1072.200000,337.120000
721.400000,-1087.200000,333.200000
759.412000,-1097.200000,329.296000
762.428000,-1075.625000,338.000000
772.800000,-1003.840000,361.612000
771.125000,-1000.200000,335.260000
747.800000,-1011.288000,416.908000
756.050000,-1056.200000,390.448000
763.750000,-1030.328000,433.000000
840.300000,-945.598000,361.220000
803.004000,-920.900000,342.110000
784.300000,-963.141000,323.078000
836.324000,-973.900000,382.046000
811.628000,-970.720000,401.000000
844.200000,-881.422000,343.440000
827.832000,-824.200000,338.316000
782.200000,-850.336000,333.171000
814.874000,-890.200000,349.047000
803.094000,-846.706000,351.000000
769.300000,-837.881000,379.833000
753.766000,-824.700000,364.398000
751.300000,-873.406000,349.026000
753.568000,-873.700000,333.654000
754.666000,-861.107000,393.000000
746.336024,-858.981400,389.283000
752.266021,-829.176855,373.911000
733.318591,-849.080643,358.476000
736.152824,-870.228304,343.104000
742.282225,-831.465746,393.000000
869.700000,-744.262000,326.656000
866.700000,-742.700000,340.246000
819.700000,-746.924000,335.854000
835.850000,-764.700000,331.444000
864.000000,-754.690000,343.000000
907.900000,-764.480000,329.356000
884.835000,-736.100000,342.964000
872.900000,-783.500000,338.554000
905.170000,-796.100000,334.162000
898.660000,-792.920000,343.000000
824.791257,-805.836213,409.832000
830.612257,-769.475977,362.008000
793.767441,-767.903605,510.184000
803.295038,-800.370488,462.164000
817.893909,-778.562347,529.000000
909.000000,-639.608000,340.032000
855.072000,-630.500000,334.176000
846.000000,-663.071000,328.296000
853.497000,-663.500000,346.440000
873.405000,-655.217000,351.000000
840.600000,-657.371000,381.589000
816.940000,-641.800000,363.777000
788.600000,-655.278000,345.965000
825.936000,-664.800000,401.080000
803.368000,-645.273000,404.000000
897.700000,-595.408000,506.460000
893.354000,-592.600000,453.785000
824.802000,-592.600000,381.760000
815.700000,-599.260000,401.325000
841.612000,-628.600000,348.865000
894.010000,-628.600000,475.930000
906.700000,-561.640000,339.910000
827.156000,-541.000000,336.250000
784.700000,-574.669000,332.575000
896.330000,-584.000000,328.915000
904.626000,-582.022000,340.000000
544.477425,-1151.709365,329.350000
553.480762,-1122.713818,352.000000
524.669340,-1118.485852,344.680000
528.179546,-1145.453124,337.360000
549.338171,-1134.050449,355.000000
535.357035,-1161.913324,372.905000
494.021983,-1124.508183,334.109000
532.767054,-1150.642063,364.001000
470.525069,-1141.791709,454.154000
476.262972,-1146.303681,415.358000
480.789517,-1149.356874,433.643000
510.799220,-1161.357793,485.000000
495.460028,-1102.336572,353.206000
505.269087,-1084.016923,338.261000
486.417070,-1086.497743,384.377000
485.310115,-1103.862086,369.432000
501.604438,-1086.521264,387.000000
605.094421,-1056.528841,389.964000
607.502793,-1051.263887,363.368000
565.443730,-1016.578802,336.663000
537.365837,-1061.581919,419.067000
560.844503,-1047.829544,434.000000
620.830470,-1032.648394,349.872000
607.051203,-1004.798508,342.064000
588.097199,-998.677574,334.256000
612.527826,-1033.807794,326.416000
592.938682,-1008.727367,358.000000
626.614818,-1009.310842,335.867000
652.602283,-977.905620,333.183000
623.787660,-969.137164,330.488000
612.459589,-999.839230,327.804000
625.924463,-970.846323,337.000000
666.523104,-951.548277,328.833000
666.660214,-935.185474,358.317000
637.918878,-955.410128,348.801000
638.182649,-957.223177,339.246000
652.601099,-961.470997,366.000000
430.784085,-1100.088484,328.198000
439.739430,-1065.031001,328.953000
403.831561,-1058.862989,328.709000
411.570621,-1096.984079,328.465000
441.168719,-1077.807905,329.000000
464.227583,-1038.786490,350.620000
465.877370,-1036.145745,334.760000
445.900628,-1020.171617,383.835000
430.242286,-1042.988585,367.975000
446.369408,-1040.835672,393.000000
522.405825,-1024.900616,357.936000
525.048299,-1003.878873,342.256000
501.258104,-1012.430233,326.640000
508.758460,-1033.022083,374.960000
503.445296,-1024.835310,390.000000
494.593142,-1009.437533,359.801000
515.506813,-985.487849,347.845000
494.453230,-979.955361,335.840000
484.499946,-1002.813107,372.884000
499.173623,-985.840177,377.000000
552.855095,-1001.173407,355.200000
530.229919,-961.474925,346.870000
505.835170,-969.764375,338.574000
508.524388,-974.396220,330.244000
515.711642,-974.134899,362.000000
585.612078,-972.112413,332.750000
609.415147,-933.849644,331.530000
570.472764,-940.622163,330.305000
564.812236,-975.699596,329.085000
589.797209,-926.198531,333.000000
591.558991,-920.511935,334.700000
595.899126,-916.275490,377.792000
577.779160,-909.795709,363.884000
541.314565,-945.799130,349.919000
567.772683,-937.083092,386.000000
647.959709,-915.685784,332.518000
651.073097,-876.627074,328.108000
608.603264,-889.651824,341.716000
623.974910,-928.970448,337.324000
620.336680,-922.246631,346.000000
678.092473,-868.749394,381.333000
708.075727,-834.111020,348.881000
677.088058,-824.526169,449.429000
663.117167,-858.042609,416.844000
689.231154,-840.633956,461.000000
733.823269,-808.192068,367.088000
725.624071,-786.030108,350.183000
704.066996,-797.545714,333.347000
704.853082,-800.105465,385.511000
714.860882,-803.605306,398.000000
763.900000,-688.876000,368.398000
754.933000,-675.500000,356.442000
742.900000,-686.121000,344.437000
757.390000,-694.500000,381.481000
748.675000,-678.882000,383.000000
745.877423,-705.274692,364.120000
746.706291,-703.097980,354.320000
716.804951,-670.912935,344.560000
712.541716,-691.099543,334.760000
714.098957,-680.342229,370.000000
766.000000,-617.746000,335.108000
720.448000,-578.200000,362.324000
693.000000,-637.168000,353.504000
757.751000,-656.200000,344.720000
764.175000,-654.718000,371.000000
765.700000,-573.960000,337.080000
752.320000,-537.600000,352.180000
705.700000,-551.800000,347.300000
734.860000,-577.600000,342.400000
755.140000,-552.880000,354.000000
708.600000,-549.420000,391.360000
674.076000,-536.400000,338.900000
666.600000,-576.426000,501.225000
670.170000,-578.400000,448.765000
422.399016,-1022.523674,347.160000
426.024125,-993.106606,337.400000
395.269303,-981.441664,367.640000
405.885927,-1015.908474,357.840000
419.953273,-994.428766,369.000000
483.659807,-965.555156,377.610000
485.788413,-962.437885,357.520000
446.868404,-922.002952,337.512000
435.845729,-951.612311,399.504000
449.405644,-947.306130,410.000000
499.006608,-948.692964,331.775000
491.544199,-914.975033,330.555000
462.061710,-914.272374,329.330000
483.931364,-953.244436,328.110000
463.475030,-927.410922,333.000000
529.128677,-926.784457,348.026000
563.637998,-882.162955,342.881000
517.807959,-858.746219,337.757000
505.492677,-905.700408,332.633000
518.614844,-863.651618,350.000000
614.472869,-860.147252,329.840000
613.867301,-829.176359,341.180000
566.263768,-860.583424,337.505000
565.218425,-864.440944,333.845000
590.879348,-876.203288,344.000000
566.857271,-855.472945,328.449000
575.799716,-832.288545,333.734000
552.011047,-828.892393,332.026000
554.184502,-853.266451,330.311000
574.797203,-840.203276,334.000000
594.665546,-810.578775,339.495000
597.526744,-808.061088,330.955000
585.862664,-800.979333,357.380000
566.824902,-820.995974,348.840000
579.777135,-816.295308,362.000000
626.919922,-793.554716,342.224000
630.971525,-774.549590,334.416000
609.352786,-782.045111,326.608000
614.538700,-800.338197,350.768000
609.566477,-793.967607,358.000000
664.139579,-811.038856,336.212000
677.290286,-784.791524,332.796000
640.733129,-755.360971,329.366000
643.109367,-788.663061,339.950000
651.173767,-770.788566,341.000000
721.539671,-756.383026,356.048000
711.222845,-712.752340,348.484000
661.396966,-740.747650,340.920000
660.786699,-745.809831,333.325000
673.336006,-741.952724,362.000000
422.338623,-928.664229,346.262000
425.051570,-893.997237,341.852000
388.116527,-876.597643,337.460000
402.410129,-918.474905,333.068000
397.551798,-870.472914,347.000000
465.279286,-891.624809,330.071000
468.075301,-889.071120,344.435000
436.703411,-856.860917,339.780000
424.172706,-882.526402,335.144000
450.490108,-895.957498,347.000000
504.178181,-862.080167,332.160000
516.254551,-826.653223,328.240000
473.758455,-844.250509,340.336000
479.407320,-876.491626,336.432000
522.848452,-834.986695,344.000000
459.515833,-846.134825,340.710000
487.509538,-817.227760,333.146000
464.295423,-811.382160,356.551000
449.077836,-838.096237,348.987000
470.553423,-823.824755,359.000000
547.230983,-822.905733,343.269000
545.081813,-806.093598,336.164000
523.250503,-819.163071,329.088000
522.569623,-821.196784,350.983000
530.680981,-822.804406,356.000000
524.989511,-808.491551,331.266000
533.496879,-784.102490,329.802000
508.278808,-778.273787,328.332000
511.530504,-804.646749,332.868000
521.568951,-779.192844,333.000000
578.835989,-794.885561,337.193000
544.253096,-745.839073,334.021000
541.146708,-748.200165,330.849000
530.718356,-776.795533,327.664000
534.405820,-762.614676,339.000000
584.043640,-748.956756,326.072000
590.425426,-733.034150,330.602000
571.011697,-741.495181,329.138000
572.691731,-755.627301,327.674000
595.211649,-739.300583,332.000000
610.104057,-748.365846,326.620000
627.979218,-725.820270,334.180000
604.164261,-711.999492,331.740000
597.717142,-736.120190,329.290000
618.641844,-733.834466,335.000000
596.447065,-718.371262,334.329000
604.927649,-696.178514,326.244000
559.085182,-729.324925,351.192000
556.115214,-732.830137,343.140000
570.814332,-732.662273,357.000000
660.249999,-723.227406,334.260000
679.621953,-676.692820,329.380000
631.886638,-667.703270,344.480000
634.874234,-716.774933,339.600000
666.119893,-680.326786,345.000000
341.168891,-1015.762362,332.368000
261.871282,-907.827171,329.428000
256.805155,-910.366227,326.500000
247.799444,-961.955606,335.560000
270.558919,-962.460014,337.000000
362.404233,-979.746276,352.740000
382.972711,-944.110548,344.200000
336.684120,-968.405023,335.625000
334.765071,-997.399187,327.085000
379.045647,-940.953330,361.000000
328.536396,-971.586203,350.130000
354.907710,-923.236205,344.740000
284.826577,-864.151405,339.372000
287.864040,-926.251017,333.982000
285.156724,-872.882367,352.000000
382.626160,-866.152121,335.580000
357.927216,-813.239988,435.372000
318.993875,-825.033840,403.032000
318.678527,-829.921539,370.824000
363.581042,-873.514292,459.000000
395.744275,-846.358763,331.730000
398.561741,-814.275873,348.362000
363.300729,-795.425454,342.994000
376.568935,-834.787491,337.604000
399.044257,-825.311564,349.000000
466.871930,-785.627753,332.124000
433.383467,-737.966143,328.694000
430.392498,-739.249400,339.278000
421.051794,-765.641219,335.862000
442.519613,-775.891370,341.000000
492.968504,-764.113247,326.000000
484.039068,-727.833674,326.000000
452.704204,-722.086580,326.000000
477.160585,-765.420911,326.000000
485.149275,-730.218457,326.000000
564.054070,-698.604102,335.672000
582.371961,-677.447430,331.752000
561.418637,-665.995725,327.848000
553.496843,-687.871084,339.944000
564.223945,-674.528952,341.000000
555.344456,-708.323626,329.085000
543.595055,-677.639734,327.865000
517.528252,-687.476201,326.640000
516.652580,-690.450003,325.420000
523.516642,-690.862160,330.000000
523.584089,-680.859337,340.488000
545.374707,-656.386097,336.568000
522.827167,-663.457647,332.664000
512.142451,-683.675355,328.744000
532.439196,-655.854126,341.000000
595.314356,-637.083544,326.068000
580.979702,-612.206529,345.724000
578.119035,-613.695001,339.354000
562.398844,-635.360080,333.010000
582.067096,-642.555857,349.000000
285.105898,-838.845545,336.415000
283.708206,-819.432401,327.840000
266.216236,-816.669766,354.300000
275.866462,-839.615272,345.725000
288.021218,-826.502100,362.000000
248.236324,-869.499987,325.866000
265.598390,-834.446506,322.450000
207.919160,-780.180736,333.020000
213.755138,-828.706959,329.604000
237.416150,-824.574206,334.000000
327.240449,-797.920734,326.000000
309.564480,-757.535031,326.000000
279.191449,-765.941309,326.000000
278.091309,-769.430222,326.000000
295.044980,-781.993600,326.000000
283.798872,-715.841550,326.880000
299.557897,-694.841796,325.900000
281.408394,-700.399578,324.924000
274.551946,-717.878955,327.948000
290.467597,-696.647518,328.000000
354.026754,-705.434910,331.090000
349.722105,-696.209317,329.382000
348.097340,-697.304800,327.667000
337.098795,-710.556949,325.959000
341.367822,-704.922553,332.000000
336.896053,-696.976316,324.105000
342.073095,-686.820627,327.880000
330.219772,-693.599608,326.660000
329.970666,-701.736700,325.440000
344.061050,-690.002547,329.000000
358.662813,-696.952690,324.684000
372.498270,-678.983418,327.708000
351.703384,-664.935533,326.728000
347.404271,-684.859203,325.752000
364.314096,-684.866479,328.000000
404.733274,-672.430271,327.288000
395.081665,-654.955642,326.308000
379.322998,-682.545946,329.332000
378.585206,-686.090035,328.352000
392.296901,-685.387860,330.000000
424.443456,-658.950316,334.968000
433.248733,-629.255451,330.332000
407.211885,-633.483430,344.677000
410.505596,-659.698512,340.041000
424.816720,-634.361393,345.000000
401.732775,-604.108611,353.478000
366.648740,-645.140717,341.522000
365.573501,-646.870186,329.566000
375.822130,-638.875469,366.561000
379.604601,-632.692180,372.000000
558.530807,-595.189427,340.552000
575.554279,-567.676040,334.696000
541.789830,-585.739443,328.816000
538.688678,-607.750414,322.960000
571.091243,-565.969591,346.000000
562.900000,-553.670000,344.152000
556.460000,-533.300000,338.296000
522.900000,-539.453000,332.440000
539.860000,-554.300000,326.560000
525.060000,-542.624000,346.000000
509.609512,-649.261911,327.146000
506.393409,-625.173585,349.041000
478.339049,-640.254948,341.965000
475.815761,-643.182897,334.889000
495.261541,-657.917673,354.000000
478.860295,-613.360844,321.000000
492.002094,-586.236976,321.000000
463.886066,-578.106320,321.000000
463.988908,-607.231156,321.000000
487.741042,-594.824886,321.000000
470.500000,-564.418000,321.000000
460.930000,-563.200000,321.000000
460.500000,-563.823000,321.000000
462.700000,-570.200000,321.000000
466.530000,-567.736000,321.000000
451.195887,-581.677284,321.000000
450.026778,-569.970781,321.000000
441.192490,-579.696361,321.000000
446.603025,-588.035676,321.000000
449.756274,-570.832888,321.000000
425.693740,-599.029337,323.704000
434.273640,-570.952103,322.724000
422.568938,-575.770607,321.748000
419.449989,-597.455398,324.768000
423.967273,-581.565677,325.000000
479.100000,-550.280000,321.000000
447.474000,-546.500000,321.000000
437.100000,-555.350000,321.000000
437.772000,-556.500000,321.000000
443.484000,-555.020000,321.000000
406.218302,-578.944347,321.000000
413.953954,-548.514262,321.000000
401.063143,-564.296524,321.000000
399.506264,-585.815377,321.000000
404.310327,-555.731391,321.000000
400.020328,-548.170954,321.000000
392.615501,-540.470219,321.000000
391.425305,-542.402894,321.000000
385.411850,-566.542509,321.000000
394.465165,-559.796317,321.000000
1337.606016,-498.214988,319.512000
1356.492004,-474.564585,305.848000
1323.310803,-482.128519,348.184000
1318.185600,-504.465939,334.464000
1356.676096,-480.441140,360.000000
1269.500000,-524.120000,320.984000
1259.880000,-494.600000,314.124000
1204.500000,-502.970000,335.292000
1231.215000,-524.600000,328.460000
1240.250000,-508.340000,337.000000
1269.000000,-431.215000,319.138000
1248.858000,-416.200000,314.014000
1242.000000,-450.442000,308.869000
1242.243000,-455.200000,324.745000
1252.773000,-449.701000,328.000000
1188.300000,-521.584000,320.206000
1170.360000,-496.400000,316.776000
1136.300000,-511.632000,313.360000
1167.916000,-528.400000,323.930000
1149.248000,-504.752000,324.000000
1131.300000,-494.120000,315.637000
1107.725000,-486.600000,314.905000
1106.300000,-489.600000,314.170000
1111.475000,-526.600000,313.438000
1108.750000,-513.080000,316.000000
1190.100000,-460.302000,312.240000
1148.908000,-449.700000,318.280000
1114.100000,-461.832000,316.328000
1175.280000,-467.700000,314.368000
1186.148000,-450.834000,320.000000
1203.900000,-443.076000,314.120000
1190.646000,-407.400000,339.824000
1109.900000,-417.192000,331.494000
1147.876000,-443.400000,323.198000
1184.912000,-424.140000,342.000000
963.800000,-505.216000,324.990000
938.674000,-496.200000,324.258000
929.800000,-516.233000,326.526000
929.868000,-519.200000,325.791000
951.798000,-516.118000,327.000000
1005.000000,-457.420000,334.506000
981.340000,-433.600000,328.136000
935.000000,-447.700000,347.792000
977.070000,-463.600000,341.448000
969.790000,-441.610000,348.000000
912.300000,-500.750000,388.100000
865.450000,-494.900000,363.700000
862.300000,-496.940000,339.300000
872.300000,-524.900000,414.800000
879.600000,-514.970000,425.000000
911.700000,-468.140000,341.550000
897.790000,-444.300000,335.425000
885.700000,-470.980000,329.325000
906.448000,-484.300000,323.225000
890.796000,-447.100000,347.000000
914.100000,-432.140000,417.928000
907.400000,-402.200000,392.552000
864.100000,-410.150000,367.072000
883.950000,-432.200000,341.696000
866.350000,-416.330000,425.000000
864.200000,-480.681000,337.557000
818.754000,-473.100000,397.202000
802.200000,-489.516000,377.926000
863.952000,-492.100000,358.571000
857.690000,-489.687000,410.000000
863.600000,-448.400000,349.407000
843.078000,-433.200000,409.131000
801.600000,-441.997000,389.776000
838.428000,-452.200000,370.500000
847.790000,-438.406000,410.000000
772.000000,-424.644000,366.321000
772.000000,-449.654000,358.578000
665.980000,-400.000000,345.093000
658.000000,-407.442000,410.865000
658.000000,-480.276000,396.684000
680.002000,-522.000000,389.550000
725.716000,-482.472000,420.000000
752.620000,-433.672000,420.000000
634.400000,-472.772000,360.244000
603.248000,-398.000000,344.140000
575.400000,-479.840000,327.970000
622.069000,-522.000000,377.866000
601.596000,-407.548000,391.000000
574.200000,-399.915000,347.728000
566.961000,-399.300000,337.480000
517.200000,-431.157000,327.232000
539.430000,-522.300000,358.942000
533.901000,-458.094000,361.000000
480.900000,-485.534000,342.380000
459.120000,-469.700000,335.520000
450.900000,-503.123000,328.688000
480.570000,-508.700000,321.856000
455.190000,-504.020000,347.000000
405.300000,-509.594000,324.880000
396.876000,-475.700000,322.928000
379.300000,-494.852000,320.968000
394.562000,-517.700000,319.016000
405.092000,-487.502000,325.000000
499.500000,-411.249000,316.728000
457.042000,-398.500000,315.218000
453.500000,-401.794000,315.706000
462.056000,-459.500000,316.194000
492.232000,-440.102000,315.000000
1271.200000,-335.330000,331.310000
1252.930000,-290.800000,310.570000
1236.200000,-338.469000,374.745000
1263.675000,-363.800000,354.005000
1260.385000,-296.932000,392.000000
1217.300000,-316.153000,351.019000
1211.300000,-315.900000,329.704000
1167.300000,-321.696000,395.476000
1186.450000,-338.900000,374.161000
1194.350000,-327.055000,400.000000
1167.900000,-319.365000,364.069000
1139.140000,-276.000000,342.841000
1127.900000,-365.250000,321.526000
1167.180000,-381.000000,387.298000
1143.540000,-369.135000,400.000000
1100.100000,-336.630000,429.446000
1068.400000,-300.000000,390.894000
1015.200000,-300.000000,382.204000
1000.100000,-320.205000,352.342000
1058.200000,-345.000000,313.632000
1091.500000,-345.000000,451.408000
1024.100000,-312.960000,471.000000
997.200000,-357.225000,415.792000
942.240000,-349.700000,389.196000
937.200000,-351.380000,362.491000
947.940000,-384.700000,335.895000
942.600000,-373.815000,428.000000
998.100000,-280.595000,323.142000
967.200000,-259.000000,405.546000
938.100000,-281.610000,378.950000
984.780000,-294.000000,352.245000
994.440000,-262.185000,428.000000
879.400000,-359.314000,338.419000
876.801000,-358.900000,392.024000
856.400000,-364.535000,374.700000
865.048000,-381.900000,357.376000
874.547000,-370.216000,396.000000
830.200000,-363.540000,352.408000
807.416000,-350.100000,334.840000
798.200000,-377.076000,389.200000
829.400000,-382.100000,371.632000
818.616000,-378.676000,400.000000
889.700000,-340.313000,363.180000
870.107000,-296.800000,343.090000
826.700000,-320.226000,323.082000
862.862000,-349.800000,384.992000
857.444000,-312.435000,405.000000
918.300000,-268.804000,330.040000
831.036000,-261.700000,327.356000
822.300000,-263.012000,324.661000
838.812000,-293.700000,332.977000
854.652000,-283.972000,334.000000
775.600000,-337.440000,415.219000
753.756000,-315.600000,388.514000
732.600000,-337.965000,361.918000
765.753000,-350.600000,335.213000
740.641000,-319.030000,438.000000
769.600000,-264.400000,409.749000
765.148000,-263.200000,388.033000
727.600000,-274.624000,366.228000
743.140000,-311.200000,344.512000
729.154000,-287.152000,415.000000
706.400000,-280.738000,324.456000
671.855000,-253.900000,336.552000
657.400000,-306.631000,332.648000
704.832000,-316.900000,328.728000
700.814000,-310.600000,339.000000
646.650000,-356.396000,333.310000
605.701200,-247.100000,374.835000
511.950000,-304.520000,361.415000
588.324900,-379.100000,347.995000
611.089200,-286.964000,375.000000
600.178500,-345.968000,375.000000
502.100000,-278.257000,327.032000
387.546000,-247.800000,315.808000
375.100000,-252.322000,350.584000
396.055000,-380.800000,339.314000
449.395000,-341.299000,355.000000
417.010000,-336.644000,355.000000
1095.100000,-211.066000,340.720000
1022.956000,-156.800000,330.920000
951.100000,-211.238000,321.160000
1061.116000,-242.800000,351.400000
1013.740000,-165.744000,359.000000
951.820000,-207.368000,359.000000
921.400000,-162.500000,498.943000
921.400000,-208.025000,436.444000
913.900000,-160.100000,437.699000
854.350000,-160.100000,491.413000
846.400000,-177.425000,376.204000
846.400000,-192.125000,546.382000
873.625000,-235.100000,565.960000
918.400000,-235.100000,350.351000
994.700000,-78.080600,326.596000
961.894000,-70.200000,324.391000
947.700000,-85.306000,322.195000
992.867000,-88.400000,319.990000
953.998000,-86.707400,328.000000
998.102012,-59.468011,346.838000
988.782685,-42.956609,340.250000
958.385993,-44.135848,333.635000
979.433810,-58.483379,327.047000
999.226838,-50.515503,347.000000
856.644304,-110.212588,326.045000
832.397887,-89.090213,341.900000
829.000884,-87.453195,336.776000
823.902623,-105.524510,331.631000
846.886905,-114.238115,344.000000
887.286793,-88.509011,322.770000
870.001897,-59.305361,321.306000
835.698672,-55.955387,325.836000
870.003339,-88.196133,324.372000
877.717156,-67.333166,327.000000
924.485308,-8.567252,327.120000
920.975407,-6.214836,323.216000
881.324366,1.336440,335.312000
889.139566,-23.628933,331.392000
900.811469,-13.798754,336.000000
876.320954,6.832636,322.748000
868.626037,28.668363,319.563000
851.297352,-1.003406,316.391000
867.783382,-14.502889,326.219000
857.624591,-7.187166,328.000000
783.200000,-230.974000,383.442000
771.600000,-191.400000,364.654000
743.200000,-211.234000,345.789000
765.320000,-238.400000,327.001000
752.440000,-206.205000,403.000000
712.800000,-199.650000,325.382000
672.795000,-187.500000,323.912000
667.800000,-188.500000,322.448000
674.640000,-237.500000,320.984000
671.445000,-223.350000,326.000000
638.700000,-208.680000,317.363000
602.662000,-195.800000,339.287000
564.700000,-208.180000,332.182000
620.200000,-215.800000,325.106000
633.520000,-198.160000,345.000000
423.000000,-191.340000,322.622000
420.162000,-189.500000,389.817000
390.000000,-198.180000,368.101000
401.517000,-229.500000,346.296000
415.740000,-210.260000,394.000000
776.400000,-92.720000,322.132000
738.725000,-65.900000,319.936000
721.400000,-114.860000,326.731000
773.540000,-125.900000,324.535000
756.050000,-121.160000,328.000000
769.250000,-32.620000,335.904000
738.827500,1.300000,324.192000
661.750000,-15.300000,312.480000
720.445000,-38.700000,348.720000
713.242500,-11.580000,360.000000
507.800000,-5.800000,317.927000
454.880000,6.200000,312.315000
447.800000,5.576000,306.680000
456.500000,-41.800000,324.068000
467.540000,-28.552000,326.000000
239.082386,-583.566857,322.799000
241.621606,-566.772364,322.555000
224.812264,-568.138494,322.311000
230.083745,-584.932987,322.066000
234.687010,-563.550078,323.000000
296.500000,-327.272000,312.950000
295.789000,-326.000000,312.705000
287.500000,-331.064000,312.461000
290.578000,-350.000000,312.217000
287.752000,-338.624000,313.000000
283.000000,-314.586000,312.100000
266.728000,-310.500000,312.856000
259.000000,-317.781000,312.611000
281.584000,-319.500000,312.367000
280.048000,-318.852000,313.000000
152.200522,-569.821292,324.008000
177.786191,-544.704023,322.048000
150.426089,-526.954688,328.096000
138.870389,-556.435031,326.144000
166.113663,-550.782786,330.000000
143.670042,-298.078695,313.802000
126.558058,-271.880389,313.314000
123.358400,-268.892863,314.824000
109.202122,-289.879792,314.336000
124.815040,-295.946768,315.000000
108.441235,-624.529328,371.024000
133.897079,-582.985391,349.709000
94.168991,-604.860446,328.481000
86.566179,-637.477867,394.166000
125.479680,-588.008677,410.000000
67.861208,-555.596899,327.020000
76.045113,-562.382311,324.580000
91.179415,-510.716337,322.130000
4.249791,-403.920252,329.690000
50.174566,-469.871744,330.000000
151.193711,-436.248230,338.744000
161.762485,-385.539070,333.376000
97.419965,-418.560261,328.008000
112.714873,-464.162561,322.618000
92.264409,-430.660007,342.000000
57.317227,-323.031913,314.102000
113.169309,-376.202162,339.806000
108.173949,-333.857432,331.476000
60.879148,-304.028108,323.180000
87.987711,-358.338993,348.000000
57.023150,-286.231684,317.049000
30.387852,-234.304591,341.997000
24.414214,-228.330952,333.945000
-17.740664,-282.342597,325.860000
26.266833,-301.058299,345.000000
364.000000,-196.005000,308.168000
310.762000,-131.500000,304.003000
250.000000,-189.506000,316.855000
333.220000,-228.500000,312.707000
326.836000,-144.983000,320.000000
350.434000,-187.566000,320.000000
312.750951,-44.751469,309.356000
313.955118,-41.026189,305.940000
287.325074,-25.645943,316.510000
263.230986,-60.106807,313.094000
284.845709,-49.352956,317.000000
209.000000,-44.460000,310.605000
183.768000,0.000000,310.360000
171.000000,-75.525000,310.116000
206.226000,-95.000000,310.871000
185.174000,-89.395000,311.000000
170.000000,-186.835000,323.305000
125.290000,0.000000,320.621000
0.000000,-84.710000,317.926000
89.420000,-215.000000,315.242000
37.740000,-73.745000,326.000000
154.020000,-72.455000,326.000000
102.680000,-130.290000,326.000000
68.510000,-17.845000,326.000000
