1522.700000,-1106.832000,305.566000
1518.552000,-1072.200000,305.076000
1505.700000,-1086.825000,304.588000
1514.319000,-1111.200000,304.098000
1509.015000,-1086.279000,306.000000
1493.900000,-1068.342000,306.856000
1477.844000,-1052.600000,306.368000
1469.900000,-1079.800000,307.880000
1492.268000,-1086.600000,307.390000
1483.076000,-1084.458000,308.000000
1570.100000,-964.160000,301.518000
1567.092000,-963.400000,306.810000
1538.100000,-967.900000,305.102000
1549.524000,-983.400000,303.387000
1566.996000,-973.640000,308.000000
1526.200000,-971.290000,315.400000
1518.430000,-952.900000,310.520000
1511.200000,-972.400000,305.620000
1522.930000,-982.900000,320.740000
1515.055000,-955.510000,321.000000
1508.400000,-961.564000,304.294000
1468.794000,-956.300000,302.098000
1466.400000,-958.400000,308.893000
1475.052000,-984.300000,306.697000
1492.062000,-974.836000,310.000000
1512.824482,-743.728460,300.324000
1477.696263,-725.586853,320.736000
1490.616766,-750.636857,314.121000
1518.145717,-756.648760,307.533000
1491.148725,-727.910332,327.000000
1427.300000,-588.266000,319.844000
1408.268000,-569.000000,315.452000
1403.300000,-621.725000,311.042000
1404.644000,-626.000000,324.650000
1410.980000,-615.284000,326.000000
1390.800000,-634.796000,310.432000
1377.720000,-622.000000,308.472000
1330.800000,-626.886000,314.520000
1359.660000,-636.000000,312.568000
1371.240000,-627.418000,316.000000
1366.100000,-597.094000,318.450000
1355.169000,-574.600000,315.755000
1349.100000,-610.204000,313.071000
1364.502000,-620.600000,310.387000
1349.576000,-618.898000,319.000000
1347.700000,-583.224000,309.192000
1346.000000,-580.600000,308.702000
1322.700000,-588.759000,308.214000
1330.975000,-621.600000,309.724000
1332.250000,-602.658000,310.000000
1448.900000,-1096.953000,307.210000
1430.659000,-1079.700000,310.985000
1411.900000,-1096.548000,309.765000
1439.872000,-1106.700000,308.540000
1439.132000,-1082.751000,311.000000
1344.200000,-1081.176000,308.000000
1325.860000,-1073.900000,308.000000
1324.200000,-1075.566000,308.000000
1327.800000,-1107.900000,308.000000
1326.000000,-1097.292000,308.000000
1442.100000,-1057.980000,311.528000
1430.472000,-1042.200000,307.624000
1408.100000,-1051.680000,303.720000
1428.670000,-1062.200000,315.800000
1423.196000,-1047.460000,319.000000
1434.000000,-1014.008000,306.580000
1365.737000,-1006.000000,321.700000
1345.000000,-1025.778000,316.800000
1347.670000,-1028.000000,311.920000
1416.022000,-1024.436000,323.000000
1344.900000,-1064.760000,320.025000
1332.996000,-1009.300000,315.877000
1282.900000,-1028.357000,311.712000
1311.110000,-1068.300000,307.564000
1292.324000,-1033.667000,323.000000
1446.100000,-959.810000,308.594000
1431.292000,-942.300000,305.178000
1422.100000,-967.732000,315.748000
1443.220000,-976.300000,312.332000
1434.268000,-975.926000,316.000000
1399.000000,-957.770000,303.351000
1397.110000,-954.800000,305.619000
1354.000000,-960.509000,304.884000
1367.725000,-987.800000,304.152000
1392.745000,-973.412000,306.000000
1337.700000,-973.245000,307.052000
1330.228000,-951.300000,306.072000
1321.700000,-971.034000,305.096000
1333.380000,-984.300000,304.120000
1325.140000,-955.887000,308.000000
1430.300000,-919.720000,318.769000
1388.423000,-915.400000,308.724000
1383.300000,-915.814000,339.720000
1390.538000,-933.400000,329.716000
1410.043000,-928.252000,343.000000
1308.000000,-895.180000,310.640000
1302.312000,-836.500000,346.880000
1290.000000,-868.756000,335.168000
1300.422000,-908.500000,323.408000
1306.614000,-857.308000,356.000000
1302.100000,-763.340000,327.300000
1290.985000,-753.200000,320.224000
1287.100000,-775.898000,313.148000
1287.160000,-779.200000,335.043000
1291.255000,-775.664000,336.000000
1356.800000,-794.290000,317.034000
1344.848000,-779.800000,309.958000
1284.800000,-784.270000,331.882000
1315.688000,-794.800000,324.777000
1330.232000,-786.385000,336.000000
1451.000000,-769.715000,335.712000
1388.945000,-761.600000,326.928000
1346.000000,-772.430000,318.108000
1435.670000,-776.600000,309.324000
1449.425000,-761.825000,336.000000
1446.700000,-727.492000,322.968000
1446.476000,-723.200000,314.184000
1432.700000,-728.639000,305.364000
1436.606000,-760.200000,332.580000
1437.446000,-745.030000,336.000000
1445.200000,-716.265000,313.632000
1408.156000,-705.900000,301.920000
1361.200000,-714.480000,338.160000
1420.336000,-720.900000,326.448000
1419.496000,-708.375000,348.000000
1359.800000,-711.342000,351.060000
1345.960000,-701.500000,340.812000
1343.800000,-738.389000,330.522000
1345.864000,-738.500000,320.274000
1344.568000,-728.880000,354.000000
1342.600000,-710.874000,336.192000
1331.870000,-699.100000,325.902000
1305.600000,-705.008000,315.654000
1326.061000,-713.100000,347.406000
1320.474000,-703.510000,354.000000
1302.800000,-716.512000,321.324000
1290.645000,-703.200000,353.034000
1285.800000,-730.304000,342.786000
1302.426000,-735.200000,332.538000
1298.652000,-731.680000,354.000000
1268.400000,-1097.460000,321.756000
1264.900000,-1042.900000,317.591000
1243.400000,-1057.860000,313.443000
1253.475000,-1097.900000,309.278000
1246.150000,-1068.475000,324.000000
1228.600000,-1091.077000,309.570000
1222.950000,-1073.500000,308.345000
1218.600000,-1095.076000,307.125000
1226.880000,-1104.500000,310.900000
1223.240000,-1074.771000,312.000000
1220.900000,-1095.920000,309.477000
1190.210000,-1094.500000,311.745000
1189.900000,-1095.710000,311.013000
1197.743000,-1104.500000,310.278000
1215.258000,-1100.660000,312.000000
1216.600000,-1067.455000,307.805000
1213.280000,-1056.700000,307.561000
1208.600000,-1064.890000,307.317000
1214.024000,-1071.700000,307.072000
1209.976000,-1059.565000,308.000000
1195.000000,-1061.512000,310.353000
1186.610000,-1051.000000,309.621000
1185.000000,-1085.956000,311.886000
1186.030000,-1087.000000,311.154000
1190.260000,-1078.576000,312.000000
1187.000000,-1100.242000,311.067000
1183.040000,-1077.700000,319.383000
1172.000000,-1087.996000,316.688000
1179.905000,-1103.700000,314.004000
1185.200000,-1086.566000,321.000000
1148.400000,-1088.650000,311.000000
1113.950000,-1077.600000,311.000000
1098.400000,-1098.125000,311.000000
1146.000000,-1102.600000,311.000000
1110.150000,-1100.500000,311.000000
1231.100000,-998.374000,309.778000
1228.592000,-998.000000,309.290000
1209.100000,-1003.412000,310.800000
1217.394000,-1020.000000,310.312000
1222.058000,-1008.802000,311.000000
1206.100000,-1029.013000,309.175000
1198.554000,-1004.700000,312.950000
1192.100000,-1032.170000,311.730000
1203.328000,-1045.700000,310.510000
1205.302000,-1007.406000,314.000000
1143.300000,-1007.796000,321.534000
1106.668000,-999.900000,318.104000
1105.300000,-1004.365000,314.688000
1113.926000,-1046.900000,325.272000
1116.586000,-1030.074000,326.000000
1268.000000,-932.630000,310.289000
1256.719000,-925.200000,308.574000
1239.000000,-930.400000,313.866000
1257.908000,-935.200000,312.151000
1257.879000,-927.370000,315.000000
1238.900000,-957.794000,313.892000
1228.331000,-947.300000,312.912000
1225.900000,-978.485000,311.936000
1226.901000,-980.300000,310.956000
1225.965000,-973.436000,314.000000
1224.200000,-974.404000,312.472000
1221.344000,-949.400000,311.496000
1212.200000,-959.760000,310.520000
1218.212000,-977.400000,313.540000
1216.508000,-959.676000,314.000000
1179.800000,-970.916000,311.056000
1164.551000,-965.300000,310.080000
1156.800000,-974.840000,313.104000
1178.098000,-977.300000,312.124000
1173.199000,-976.604000,314.000000
1190.200000,-936.090000,325.470000
1184.392000,-934.800000,321.322000
1124.200000,-941.400000,317.157000
1147.366000,-964.800000,313.009000
1128.622000,-950.310000,327.000000
1268.300000,-867.118000,311.780000
1261.118000,-853.500000,310.560000
1254.300000,-867.668000,309.335000
1265.164000,-875.500000,313.115000
1260.194000,-855.524000,314.000000
1257.000000,-834.174000,311.404000
1245.744000,-830.100000,312.916000
1245.000000,-831.549000,312.426000
1247.412000,-851.100000,311.938000
1254.312000,-844.128000,313.000000
1157.500000,-865.670000,316.000000
1152.781000,-842.600000,316.000000
1144.500000,-857.420000,316.000000
1152.638000,-872.600000,316.000000
1146.190000,-849.890000,316.000000
1145.100000,-862.860000,316.000000
1117.520000,-857.700000,316.000000
1110.100000,-871.485000,316.000000
1111.885000,-872.700000,316.000000
1127.040000,-869.970000,316.000000
1259.300000,-798.371000,310.860000
1255.060000,-790.100000,310.105000
1239.300000,-793.196000,310.349000
1248.800000,-799.100000,310.593000
1256.060000,-793.637000,310.000000
1213.100000,-779.234000,313.000000
1204.819000,-749.100000,313.000000
1200.100000,-796.009000,313.000000
1211.800000,-810.100000,313.000000
1202.596000,-808.148000,313.000000
1200.200000,-752.709000,320.327000
1199.394000,-748.500000,316.179000
1187.200000,-760.334000,329.031000
1191.425000,-809.500000,324.866000
1194.298000,-781.623000,330.000000
1142.500000,-797.770000,318.539000
1124.481000,-781.000000,323.831000
1105.500000,-797.094000,322.123000
1133.250000,-807.000000,320.408000
1138.800000,-784.068000,325.000000
1270.600000,-742.660000,314.892000
1225.000000,-739.800000,313.916000
1220.600000,-740.359000,312.936000
1229.350000,-752.800000,315.960000
1233.300000,-748.822000,316.000000
1238.100000,-723.880000,323.273000
1223.272000,-688.900000,319.125000
1194.100000,-709.492000,331.960000
1220.500000,-732.900000,327.812000
1220.852000,-700.736000,334.000000
1172.300000,-708.440000,317.030000
1152.488000,-696.600000,318.542000
1146.300000,-725.176000,318.052000
1146.950000,-728.600000,317.564000
1171.338000,-723.608000,319.000000
1138.700000,-699.675000,320.983000
1133.492000,-685.500000,320.251000
1110.700000,-690.270000,319.516000
1123.272000,-700.500000,321.784000
1119.576000,-691.785000,322.000000
1202.900000,-652.940000,325.061000
1152.798000,-641.500000,319.426000
1120.900000,-657.846000,336.814000
1192.568000,-663.500000,331.202000
1175.922000,-663.368000,341.000000
1148.800000,-603.980000,322.671000
1147.360000,-599.800000,320.956000
1108.800000,-607.192000,319.248000
1120.760000,-643.800000,317.540000
1109.800000,-624.836000,323.000000
1251.400000,-619.708000,316.589000
1206.222000,-587.500000,313.894000
1153.400000,-615.964000,311.210000
1224.352000,-635.500000,319.515000
1190.542000,-594.412000,321.000000
1253.000000,-569.166000,313.840000
1177.690000,-564.000000,306.000000
1168.000000,-564.357000,330.192000
1180.665000,-585.000000,322.352000
1230.305000,-579.120000,338.000000
994.600000,-1090.114000,375.630000
977.806000,-1062.200000,359.282000
940.600000,-1077.228000,342.934000
971.596000,-1096.200000,326.519000
945.298000,-1072.230000,383.000000
1076.100000,-1019.584000,321.648000
1051.076000,-998.200000,317.256000
1042.100000,-1045.018000,312.864000
1076.066000,-1052.200000,326.454000
1057.094000,-1045.180000,330.000000
1024.800000,-1047.734000,319.638000
1009.120000,-995.300000,326.442000
926.800000,-1011.068000,324.237000
968.352000,-1049.300000,322.041000
1004.710000,-1019.330000,327.000000
995.200000,-954.632000,377.788000
958.345000,-931.700000,360.464000
932.200000,-961.814000,343.069000
985.624000,-973.700000,325.745000
941.587000,-932.540000,390.000000
1073.100000,-890.666000,321.636000
1072.480000,-885.100000,318.220000
1011.100000,-891.632000,328.790000
1028.026000,-931.100000,325.374000
1042.348000,-912.470000,329.000000
1021.800000,-855.965000,320.720000
1007.445000,-824.600000,325.256000
988.800000,-850.115000,323.786000
1011.834000,-869.600000,322.322000
1017.114000,-832.250000,326.000000
1078.200000,-766.088000,354.002000
1052.400000,-751.400000,342.487000
1048.200000,-804.914000,331.019000
1051.890000,-805.400000,319.551000
1054.560000,-791.630000,365.000000
1028.200000,-798.756000,329.064000
1015.660000,-758.100000,323.674000
984.200000,-778.068000,340.306000
1008.312000,-806.100000,334.938000
1009.104000,-773.508000,342.000000
986.200000,-768.520000,325.218000
946.440000,-743.200000,341.073000
930.200000,-793.660000,335.949000
984.688000,-803.200000,330.804000
981.720000,-796.960000,345.000000
1023.800000,-741.214000,339.080000
1011.472000,-679.400000,334.180000
931.800000,-695.892000,329.300000
968.416000,-741.400000,344.400000
957.008000,-708.602000,345.000000
1083.800000,-638.920000,321.443000
1058.645000,-604.600000,319.735000
1038.800000,-646.060000,325.027000
1075.790000,-664.600000,323.312000
1067.060000,-607.360000,326.000000
987.100000,-615.073000,325.990000
969.388000,-606.400000,325.502000
969.100000,-613.244000,325.014000
973.546000,-665.400000,324.524000
986.776000,-643.039000,326.000000
965.000000,-652.914000,336.897000
958.456000,-626.200000,332.749000
949.000000,-646.217000,328.584000
959.752000,-663.200000,341.436000
954.376000,-633.452000,343.000000
1066.900000,-558.092000,327.166000
953.476000,-542.000000,322.774000
930.900000,-594.110000,336.364000
944.092000,-596.000000,331.972000
1024.740000,-583.634000,340.000000
813.700000,-1095.193000,329.263000
804.894000,-1059.400000,326.579000
779.700000,-1075.390000,323.884000
797.448000,-1100.400000,321.200000
781.230000,-1073.627000,330.000000
892.700000,-1034.844000,333.264000
842.768000,-988.700000,329.344000
819.700000,-1072.645000,325.440000
888.831000,-1091.700000,337.536000
848.827000,-1083.666000,340.000000
809.800000,-997.180000,326.925000
806.639000,-995.800000,336.740000
780.800000,-1010.200000,333.568000
791.588000,-1055.800000,330.396000
802.637000,-1025.620000,337.000000
773.400000,-1087.150000,335.936000
745.684000,-1072.200000,332.016000
721.400000,-1088.825000,328.112000
762.792000,-1097.200000,324.192000
726.964000,-1074.000000,338.000000
772.800000,-1009.888000,380.836000
748.850000,-1000.200000,354.376000
747.800000,-1005.240000,328.024000
753.325000,-1056.200000,409.564000
759.325000,-1036.432000,433.000000
840.300000,-960.544000,335.636000
818.852000,-920.900000,394.604000
784.300000,-948.195000,375.572000
820.476000,-973.900000,356.462000
829.940000,-932.666000,401.000000
844.200000,-845.584000,346.968000
794.104000,-824.200000,341.844000
782.200000,-886.174000,336.720000
786.602000,-890.200000,331.575000
792.678000,-876.802000,351.000000
769.300000,-868.751000,358.602000
765.106000,-824.700000,343.230000
751.300000,-842.536000,390.795000
760.228000,-873.700000,375.423000
760.714000,-842.977000,393.000000
750.021558,-851.184592,336.300000
749.416352,-827.829823,383.928000
729.633057,-856.877451,368.493000
738.988027,-871.568499,353.121000
739.329348,-869.199098,393.000000
869.700000,-743.778000,338.428000
865.550000,-742.700000,334.036000
819.700000,-747.408000,329.626000
837.000000,-764.700000,325.234000
831.300000,-754.206000,343.000000
907.900000,-773.540000,332.056000
890.155000,-736.100000,327.664000
872.900000,-774.440000,341.254000
899.850000,-796.100000,336.862000
893.410000,-741.980000,343.000000
837.216652,-781.865198,340.448000
803.644865,-755.497408,488.428000
799.750038,-756.362005,440.604000
790.310738,-793.640066,392.780000
826.094162,-797.455638,529.000000
909.000000,-656.042000,343.416000
886.509000,-630.500000,337.536000
846.000000,-646.637000,331.680000
885.060000,-663.500000,349.824000
864.522000,-638.684000,351.000000
840.600000,-649.850000,355.090000
799.936000,-641.800000,337.205000
788.600000,-662.822000,392.393000
790.940000,-664.800000,374.508000
822.296000,-660.729000,404.000000
897.700000,-625.900000,534.840000
880.726000,-592.600000,482.165000
825.786000,-592.600000,336.610000
815.700000,-604.768000,429.705000
854.240000,-628.600000,377.030000
892.944000,-628.600000,430.780000
906.700000,-562.500000,334.315000
829.596000,-541.000000,330.655000
784.700000,-573.809000,326.995000
893.890000,-584.000000,338.320000
828.132000,-582.882000,340.000000
559.350838,-1129.658624,333.010000
559.080910,-1126.491166,325.690000
528.249293,-1113.178353,348.370000
522.550380,-1141.656205,341.020000
542.189211,-1136.950622,355.000000
529.595111,-1170.455727,471.167000
513.852562,-1137.884077,432.371000
519.456856,-1141.664221,378.152000
476.286993,-1133.249306,393.416000
510.319835,-1169.275325,354.620000
494.099715,-1158.334716,447.794000
487.392258,-1124.224366,485.000000
505.447907,-1094.248547,360.099000
500.080970,-1077.610132,345.215000
498.189277,-1076.964798,330.270000
479.170466,-1096.280250,376.386000
488.540866,-1094.459506,387.000000
571.199200,-1083.976650,347.345000
597.458840,-1038.860637,429.749000
551.933047,-1027.519537,403.044000
547.409791,-1073.985168,376.448000
588.134784,-1053.905197,434.000000
622.038155,-1031.670430,353.232000
603.768039,-1000.744137,345.424000
586.889514,-999.655538,337.584000
586.232932,-1001.336304,329.776000
591.070249,-1003.950714,358.000000
624.411609,-1011.094966,331.467000
653.910640,-979.521307,328.772000
625.990868,-967.353041,326.088000
611.151232,-998.223543,334.404000
632.028284,-982.888773,337.000000
659.892494,-956.917639,332.577000
668.888008,-937.936571,362.022000
644.549488,-950.040767,352.506000
645.394661,-966.129270,342.990000
645.073708,-965.732925,366.000000
450.041762,-1084.493925,328.789000
452.382477,-1080.643863,328.544000
417.214014,-1048.026092,328.300000
398.927575,-1081.371217,328.055000
409.561777,-1066.139432,329.000000
449.704279,-1050.547230,356.210000
459.070640,-1027.740135,340.350000
435.555261,-1028.549130,389.490000
437.049015,-1051.394195,373.565000
455.307615,-1030.720461,393.000000
528.235974,-1020.179454,331.120000
521.545502,-999.553278,379.504000
519.519480,-997.642463,363.888000
497.786888,-1019.473321,348.208000
515.325731,-1027.585630,390.000000
496.469949,-1007.917724,363.574000
514.522556,-984.272393,351.618000
492.576422,-981.475170,339.662000
485.484203,-1004.028563,376.657000
499.935904,-982.944042,377.000000
550.795658,-1002.841106,340.648000
533.798165,-965.881342,332.352000
507.875178,-968.112409,358.022000
538.939443,-1011.955685,349.726000
528.182503,-993.706296,362.000000
572.385831,-982.822817,328.090000
615.384880,-941.221650,331.870000
583.746417,-929.873370,330.645000
558.842503,-968.327589,329.425000
596.491469,-961.508713,333.000000
570.084116,-937.901945,366.848000
590.047076,-909.048810,352.940000
551.848131,-930.794242,338.975000
547.166615,-953.025810,382.067000
587.680487,-908.646495,386.000000
663.612983,-903.010013,333.580000
668.801053,-898.519276,329.170000
634.915872,-868.344294,342.778000
606.246954,-907.078247,338.386000
634.319108,-907.507537,346.000000
685.863933,-862.456190,455.148000
703.692510,-828.698198,422.563000
669.316598,-830.819373,390.111000
667.522410,-863.482631,357.659000
684.761234,-819.303358,461.000000
734.328414,-807.783009,370.538000
725.199280,-785.505534,353.633000
703.561851,-797.954772,336.797000
705.277873,-800.630039,388.892000
714.516444,-802.147101,398.000000
763.900000,-691.688000,346.152000
758.041000,-675.500000,334.147000
742.900000,-683.309000,371.191000
754.282000,-694.500000,359.186000
758.230000,-681.694000,383.000000
741.137610,-709.112917,365.720000
727.505725,-679.387256,355.960000
706.778991,-679.031797,346.200000
731.742281,-714.810266,336.400000
708.198047,-682.746620,370.000000
766.000000,-578.434000,354.404000
756.583000,-578.200000,345.620000
693.000000,-598.480000,336.836000
721.616000,-656.200000,364.016000
724.974000,-615.328000,371.000000
765.700000,-560.720000,337.700000
732.460000,-537.600000,352.820000
705.700000,-565.000000,347.920000
754.720000,-577.600000,343.040000
753.220000,-539.680000,354.000000
708.600000,-542.826000,504.665000
667.482000,-536.400000,452.205000
666.600000,-541.020000,399.530000
676.764000,-578.400000,347.070000
422.002671,-1022.844628,348.080000
426.517513,-993.715889,338.320000
395.665647,-981.120710,368.520000
405.392539,-1015.299191,358.760000
418.878522,-993.911956,369.000000
478.934759,-969.381424,338.086000
456.768561,-926.601353,400.078000
426.724780,-938.314936,379.988000
428.994318,-943.151522,359.980000
461.945676,-972.503844,410.000000
490.520175,-955.565142,331.845000
503.029296,-929.157947,330.620000
470.548144,-907.400196,329.400000
472.446267,-939.061523,328.180000
477.893916,-914.898344,333.000000
550.671163,-909.339695,337.715000
546.193237,-860.620469,332.570000
496.265473,-876.190980,348.446000
522.937439,-927.242894,343.322000
512.068352,-906.860800,350.000000
627.901951,-849.272595,329.915000
627.309585,-845.776197,341.240000
599.463444,-833.698857,337.580000
570.655753,-871.155485,333.905000
604.279541,-865.197614,344.000000
569.515110,-853.320669,331.949000
573.628560,-829.607392,330.234000
549.353208,-831.044669,328.526000
556.336778,-855.924290,333.811000
568.015237,-826.393811,334.000000
593.173426,-811.787070,339.320000
589.828268,-798.554261,330.780000
587.354784,-799.771038,357.240000
566.342214,-820.399903,348.665000
578.317739,-817.544015,362.000000
621.668747,-797.807034,357.936000
633.904158,-778.171090,350.128000
614.603961,-777.792793,342.320000
611.606067,-796.716697,334.480000
633.259017,-787.880979,358.000000
677.504158,-800.216433,336.016000
655.645440,-758.062366,332.600000
627.368550,-766.183394,329.170000
628.253630,-770.317753,339.754000
642.475621,-778.802402,341.000000
694.494992,-778.283375,339.990000
729.504602,-735.328431,332.426000
688.441645,-718.847300,355.831000
673.970961,-762.091039,348.267000
709.172854,-746.259689,362.000000
428.647494,-923.555406,345.848000
415.492193,-882.192390,341.456000
381.807656,-881.706466,337.046000
411.969505,-930.279752,332.654000
379.112263,-887.239874,347.000000
466.934607,-890.284357,339.058000
466.036303,-886.553168,334.422000
435.024775,-858.220249,329.767000
426.211704,-885.044355,344.131000
438.801978,-878.091586,347.000000
499.422048,-865.931607,331.648000
518.372844,-829.269097,343.728000
478.514589,-840.399068,339.824000
477.289028,-873.875753,335.920000
518.756881,-839.658802,344.000000
483.709941,-826.542822,355.094000
476.559363,-803.705420,347.499000
473.518591,-803.913385,339.935000
444.909218,-832.948422,332.371000
454.337247,-822.657884,359.000000
537.788660,-830.551976,342.080000
550.167980,-812.374492,334.975000
532.692826,-811.516828,327.899000
528.811223,-828.904517,349.794000
542.686037,-814.032532,356.000000
533.779032,-801.373938,327.990000
525.451647,-774.167456,332.526000
499.489287,-785.391400,331.062000
498.200240,-788.185243,329.592000
518.705400,-805.355357,333.000000
560.254429,-809.932612,336.543000
574.347197,-783.002193,333.371000
536.413890,-752.032726,330.199000
538.383479,-786.261171,327.014000
541.026600,-761.113552,339.000000
584.696442,-748.428127,328.742000
590.169922,-732.718629,327.278000
570.380655,-742.006189,331.808000
572.947235,-755.942822,330.344000
570.153128,-751.558046,332.000000
630.037851,-732.223778,326.030000
630.899265,-729.426227,333.590000
607.521532,-709.280828,331.140000
594.797096,-732.514233,328.700000
616.472730,-738.020382,335.000000
581.324582,-730.617208,348.717000
607.929507,-699.885501,340.665000
574.207665,-717.078979,332.580000
562.553162,-740.780340,324.528000
598.981997,-701.437140,357.000000
683.937408,-704.045721,332.900000
660.120573,-652.610621,328.020000
654.827987,-649.125732,343.120000
615.987070,-693.451228,338.240000
645.827354,-702.175331,345.000000
317.877827,-1034.623094,325.492000
318.368520,-977.595450,334.552000
245.124651,-919.824913,331.624000
276.175500,-996.997118,328.696000
330.920501,-1013.117454,337.000000
371.232611,-972.597197,350.045000
380.455429,-941.001964,341.470000
327.855742,-975.554103,332.930000
321.565076,-981.098550,359.390000
333.923837,-980.001433,361.000000
327.990840,-972.027986,337.326000
355.885674,-924.443890,331.936000
285.372134,-863.709622,348.568000
286.886076,-925.043332,343.178000
325.266523,-923.529333,352.000000
376.667782,-870.977121,456.228000
366.400385,-823.703481,423.888000
324.952254,-820.208841,391.680000
355.516426,-875.412555,359.340000
393.382400,-857.349243,459.000000
410.665477,-834.275812,340.728000
412.192821,-831.108854,335.360000
371.717220,-788.609914,329.992000
362.937855,-817.954509,346.602000
375.184244,-813.055942,349.000000
455.646056,-794.718286,330.780000
453.247966,-762.496755,327.364000
420.635430,-747.150518,337.948000
438.317199,-786.962219,334.518000
455.825005,-772.329164,341.000000
499.526839,-758.802412,326.000000
473.380898,-714.671930,326.000000
468.683102,-709.147123,326.000000
451.318173,-733.508189,326.000000
454.570143,-725.128127,326.000000
566.713464,-696.450567,333.992000
580.366947,-674.971443,330.088000
558.759244,-668.149259,326.168000
555.501858,-690.347071,338.264000
568.627933,-674.575893,341.000000
554.082370,-709.345642,326.040000
545.029906,-679.411627,329.820000
518.790337,-686.454184,328.595000
540.415718,-719.795035,327.375000
537.609974,-710.846537,330.000000
515.898116,-687.083316,338.664000
547.401119,-658.888507,334.760000
530.513141,-657.233668,330.840000
510.116039,-681.172945,326.936000
525.757618,-663.318429,341.000000
586.219028,-644.422549,336.000000
588.336917,-621.324426,329.630000
564.645311,-624.566926,323.286000
573.252557,-648.811235,342.942000
588.584245,-623.062555,349.000000
291.342921,-834.478334,332.110000
276.672144,-809.383863,358.535000
274.723950,-810.712601,349.995000
266.268807,-825.908401,341.455000
281.559452,-835.381180,362.000000
255.446493,-863.764760,331.088000
250.872807,-815.933910,327.658000
200.737947,-785.892930,324.242000
228.480722,-847.219555,320.812000
222.567512,-791.107258,334.000000
329.113482,-796.420151,326.000000
306.985354,-754.315756,326.000000
277.318416,-767.441891,326.000000
280.670435,-772.649498,326.000000
301.457274,-786.158943,326.000000
281.317197,-718.115587,324.332000
300.418599,-695.781087,327.356000
283.890069,-698.125541,326.380000
273.691244,-716.939664,325.400000
293.571701,-705.017363,328.000000
350.216505,-708.926360,330.103000
351.559710,-698.214711,328.395000
337.899320,-706.649564,326.687000
342.017092,-715.924328,331.972000
338.496147,-709.466400,332.000000
344.656634,-689.865053,325.875000
344.187017,-689.127568,324.655000
336.467460,-687.874657,328.430000
327.856744,-699.429760,327.210000
336.134520,-693.895364,329.000000
365.358041,-691.334726,324.084000
365.414751,-670.541609,327.108000
345.008156,-670.553496,326.128000
354.487790,-693.301012,325.152000
373.805450,-682.580809,328.000000
407.365030,-665.680168,328.668000
391.243098,-653.459047,327.692000
389.405036,-656.686856,326.712000
382.423774,-687.586630,329.736000
388.499986,-676.131324,330.000000
425.166760,-657.972826,331.947000
432.479442,-628.686205,327.292000
406.465978,-634.491466,341.656000
411.251575,-660.250508,337.020000
429.269212,-636.096085,345.000000
402.059110,-604.382438,369.991000
371.724191,-639.092030,357.986000
367.545299,-648.524721,346.030000
370.746679,-644.924156,334.074000
367.836245,-647.379900,372.000000
545.500391,-606.123244,336.520000
579.198885,-572.019512,330.640000
554.820246,-574.805626,324.784000
535.044072,-603.406942,342.928000
560.004616,-579.219927,346.000000
562.900000,-542.939000,328.024000
535.980000,-533.300000,322.144000
522.900000,-550.184000,340.288000
560.340000,-554.300000,334.408000
551.980000,-552.893000,346.000000
518.671818,-641.657734,350.984000
517.899950,-638.886546,343.908000
496.088299,-625.361560,336.832000
481.664485,-650.153135,329.727000
490.013651,-633.313720,354.000000
483.383476,-609.826947,321.000000
488.289040,-581.484483,321.000000
459.362885,-581.640216,321.000000
467.701962,-611.983649,321.000000
485.020351,-582.019255,321.000000
470.500000,-564.488000,321.000000
461.030000,-563.200000,321.000000
460.500000,-563.753000,321.000000
462.600000,-570.200000,321.000000
468.390000,-567.806000,321.000000
449.928439,-584.737173,321.000000
451.726717,-570.674919,321.000000
442.453049,-576.653102,321.000000
444.903086,-587.331538,321.000000
445.640927,-572.693655,321.000000
432.375721,-580.965596,322.920000
427.639952,-568.498227,321.944000
415.886957,-593.834348,324.964000
415.756583,-596.089165,323.988000
422.263273,-592.386598,325.000000
479.100000,-555.600000,321.000000
469.776000,-546.500000,321.000000
437.100000,-550.030000,321.000000
457.470000,-556.500000,321.000000
472.884000,-550.340000,321.000000
410.389305,-567.906108,321.000000
411.194394,-547.471511,321.000000
396.892140,-575.334763,321.000000
402.265824,-586.858127,321.000000
396.259996,-582.835536,321.000000
401.078566,-545.080093,321.000000
400.931591,-543.317453,321.000000
390.367067,-545.493754,321.000000
386.566074,-566.937689,321.000000
392.770295,-555.762857,321.000000
1335.422965,-499.425073,307.584000
1357.031597,-475.538037,349.864000
1325.535836,-480.895163,336.200000
1317.646007,-503.492487,322.480000
1356.629798,-485.605037,360.000000
1269.500000,-500.900000,328.880000
1209.635000,-494.600000,322.020000
1204.500000,-496.190000,315.188000
1216.460000,-524.600000,336.328000
1221.920000,-515.120000,337.000000
1269.000000,-446.854000,314.455000
1259.658000,-416.200000,309.331000
1242.000000,-434.842000,325.207000
1258.443000,-455.200000,320.062000
1258.794000,-426.301000,328.000000
1188.300000,-507.952000,310.014000
1148.208000,-496.400000,320.598000
1136.300000,-525.264000,317.182000
1138.068000,-528.400000,313.752000
1187.052000,-523.088000,324.000000
1131.300000,-524.040000,314.941000
1126.400000,-486.600000,314.209000
1106.300000,-499.680000,313.474000
1117.775000,-526.600000,315.742000
1114.550000,-503.000000,316.000000
1190.100000,-458.898000,314.344000
1142.904000,-449.700000,312.392000
1114.100000,-463.236000,318.432000
1181.284000,-467.700000,316.480000
1166.084000,-467.430000,320.000000
1203.900000,-410.496000,339.926000
1199.670000,-407.400000,331.630000
1109.900000,-413.772000,323.300000
1138.946000,-443.400000,315.004000
1113.566000,-427.560000,342.000000
963.800000,-511.403000,325.755000
947.820000,-496.200000,325.023000
929.800000,-510.046000,324.288000
954.722000,-519.200000,326.556000
943.162000,-499.305000,327.000000
1005.000000,-440.680000,328.006000
942.350000,-433.600000,347.636000
935.000000,-434.410000,341.292000
946.060000,-463.600000,334.948000
987.290000,-454.900000,348.000000
912.300000,-519.230000,412.700000
896.300000,-494.900000,388.200000
862.300000,-508.460000,363.800000
891.450000,-524.900000,339.400000
867.350000,-503.450000,425.000000
911.700000,-459.780000,335.075000
892.330000,-444.300000,328.950000
885.700000,-479.340000,322.850000
885.908000,-484.300000,341.725000
897.530000,-478.700000,347.000000
914.100000,-431.060000,338.576000
905.600000,-402.200000,417.096000
864.100000,-411.230000,391.720000
885.750000,-432.200000,366.240000
904.550000,-415.280000,425.000000
864.200000,-483.303000,395.306000
827.310000,-473.100000,376.030000
802.200000,-486.894000,356.754000
855.396000,-492.100000,337.399000
812.306000,-473.309000,410.000000
863.600000,-435.328000,367.340000
862.360000,-433.200000,348.064000
801.600000,-436.069000,407.788000
819.146000,-452.200000,388.433000
833.654000,-444.334000,410.000000
772.000000,-483.814000,342.222000
772.000000,-478.324000,339.003000
721.384000,-400.000000,407.994000
658.000000,-470.272000,386.679000
658.000000,-451.728000,377.109000
738.598000,-522.000000,365.451000
757.294000,-419.642000,420.000000
664.270000,-462.342000,420.000000
634.400000,-430.488000,374.632000
583.129000,-398.000000,358.528000
575.400000,-398.124000,342.358000
583.188000,-522.000000,326.254000
588.675000,-489.264000,391.000000
574.200000,-502.251000,335.716000
557.442000,-399.300000,325.468000
517.200000,-451.698000,357.178000
548.949000,-522.300000,346.930000
550.260000,-437.553000,361.000000
480.900000,-485.807000,320.232000
459.330000,-469.700000,341.372000
450.900000,-502.850000,334.540000
480.360000,-508.700000,327.708000
478.920000,-504.254000,347.000000
405.300000,-517.196000,322.520000
401.556000,-475.700000,320.560000
379.300000,-487.250000,318.608000
389.882000,-517.700000,324.656000
386.788000,-495.104000,325.000000
499.500000,-432.843000,316.328000
473.326000,-398.500000,316.818000
453.500000,-441.200000,315.306000
491.772000,-459.500000,315.796000
483.032000,-400.757000,315.000000
1271.200000,-300.874000,390.470000
1236.410000,-290.800000,369.645000
1236.200000,-299.925000,348.905000
1245.195000,-363.800000,328.080000
1271.060000,-335.476000,392.000000
1217.300000,-332.299000,367.549000
1196.400000,-315.900000,346.321000
1167.300000,-328.550000,325.093000
1201.350000,-338.900000,390.778000
1184.800000,-320.201000,400.000000
1167.900000,-306.240000,336.751000
1134.180000,-276.000000,315.523000
1127.900000,-378.375000,381.295000
1132.140000,-381.000000,359.980000
1156.060000,-356.010000,400.000000
1100.100000,-338.835000,458.202000
1073.300000,-300.000000,419.650000
1060.900000,-300.000000,330.538000
1000.100000,-318.000000,380.940000
1053.200000,-345.000000,342.388000
1045.900000,-345.000000,399.742000
1005.900000,-315.165000,471.000000
997.200000,-365.065000,380.585000
955.620000,-349.700000,353.989000
937.200000,-378.575000,327.284000
994.560000,-384.700000,409.688000
961.920000,-381.620000,428.000000
998.100000,-259.490000,341.999000
991.020000,-259.000000,424.403000
938.100000,-267.715000,397.698000
960.960000,-294.000000,371.102000
984.120000,-276.080000,428.000000
879.400000,-372.447000,385.847000
866.911000,-358.900000,368.523000
856.400000,-374.402000,351.128000
874.938000,-381.900000,333.804000
859.183000,-360.349000,396.000000
830.200000,-355.348000,364.216000
799.224000,-350.100000,346.576000
798.200000,-353.268000,329.008000
805.592000,-382.100000,383.440000
813.400000,-370.516000,400.000000
889.700000,-335.967000,335.218000
865.004000,-296.800000,397.128000
826.700000,-324.572000,377.120000
868.028000,-349.800000,357.112000
878.927000,-308.089000,405.000000
918.300000,-271.748000,331.745000
839.868000,-261.700000,329.050000
822.300000,-292.068000,326.366000
829.980000,-293.700000,323.671000
839.868000,-286.916000,334.000000
775.600000,-346.715000,377.069000
765.194000,-315.600000,350.364000
732.600000,-328.690000,432.768000
754.315000,-350.600000,406.063000
755.691000,-328.305000,438.000000
769.600000,-285.520000,333.654000
741.586000,-263.200000,400.938000
727.600000,-301.552000,379.222000
766.660000,-311.200000,357.417000
765.022000,-308.224000,415.000000
706.400000,-256.420000,334.712000
701.892000,-253.900000,330.808000
657.400000,-267.949000,326.904000
674.795000,-316.900000,338.984000
669.405000,-286.282000,339.000000
646.650000,-328.280000,340.790000
577.010100,-247.100000,327.370000
511.950000,-332.636000,368.895000
617.016000,-379.100000,355.475000
592.635300,-258.848000,375.000000
599.505000,-292.112000,375.000000
502.100000,-273.070000,310.104000
382.466000,-247.800000,344.880000
375.100000,-257.509000,333.610000
401.135000,-380.800000,322.386000
496.131000,-336.112000,355.000000
488.384000,-270.942000,355.000000
1095.100000,-222.590000,345.800000
1042.396000,-156.800000,336.040000
951.100000,-199.628000,326.240000
1041.820000,-242.800000,356.480000
995.452000,-177.354000,359.000000
970.396000,-157.488000,359.000000
921.400000,-185.600000,404.316000
921.400000,-233.000000,512.748000
862.075000,-160.100000,343.072000
879.325000,-160.100000,567.717000
846.400000,-229.325000,532.577000
846.400000,-167.150000,371.686000
850.450000,-235.100000,471.333000
893.350000,-235.100000,426.655000
994.700000,-86.853000,327.658000
984.548000,-70.200000,325.453000
947.700000,-76.533600,323.257000
970.213000,-88.400000,321.061000
948.452000,-77.279800,328.000000
999.298356,-53.691086,336.416000
974.634874,-40.026739,329.801000
957.189649,-49.912773,323.213000
993.581621,-61.413250,343.625000
971.744448,-56.262327,347.000000
858.361648,-107.598183,328.334000
857.064568,-105.293194,323.189000
827.283541,-90.067601,339.065000
828.960929,-108.847196,333.920000
845.371083,-109.477903,344.000000
887.234861,-88.592120,326.394000
870.157089,-59.402336,324.930000
835.750604,-55.872278,323.466000
869.848146,-88.099158,321.996000
846.368009,-47.859605,327.000000
922.897910,-13.074914,328.720000
886.819428,5.813383,324.816000
882.911764,5.844101,320.912000
881.793748,-21.042062,332.992000
895.073891,-16.844906,336.000000
871.540823,-6.741281,317.483000
875.578531,26.220003,327.311000
856.077483,12.570511,324.126000
860.850695,-12.061504,320.954000
874.465368,15.092991,328.000000
783.200000,-208.602000,390.449000
752.600000,-191.400000,371.661000
743.200000,-233.559000,352.796000
744.320000,-238.400000,334.008000
748.800000,-230.880000,403.000000
712.800000,-234.550000,322.898000
704.250000,-187.500000,321.434000
667.800000,-203.600000,325.964000
688.185000,-237.500000,324.500000
690.075000,-208.250000,326.000000
638.700000,-206.120000,319.741000
593.190000,-195.800000,341.665000
564.700000,-210.740000,334.560000
629.672000,-215.800000,327.484000
627.526000,-215.600000,345.000000
423.000000,-193.180000,373.975000
421.680000,-189.500000,352.170000
390.000000,-196.340000,330.454000
399.999000,-229.500000,308.738000
396.699000,-212.100000,394.000000
776.400000,-105.920000,322.789000
750.825000,-65.900000,320.584000
721.400000,-101.660000,327.388000
761.440000,-125.900000,325.192000
752.035000,-74.360000,328.000000
769.250000,-8.380000,315.216000
673.575000,1.300000,351.456000
661.750000,0.460000,339.744000
678.197500,-38.700000,327.984000
759.682500,-27.340000,360.000000
507.800000,-33.016000,319.399000
488.900000,6.200000,313.764000
447.800000,-15.208000,308.152000
482.480000,-41.800000,325.517000
463.700000,-7.768000,326.000000
242.928339,-579.720903,322.358000
237.775652,-562.926410,322.114000
220.966310,-571.984448,322.870000
219.080456,-573.929698,322.625000
230.232237,-581.101883,323.000000
296.500000,-349.208000,312.004000
295.024000,-326.000000,312.760000
287.500000,-333.104000,312.516000
291.343000,-350.000000,312.271000
296.257000,-336.584000,313.000000
283.000000,-315.378000,312.650000
268.864000,-310.500000,312.406000
259.000000,-316.989000,312.161000
279.448000,-319.500000,312.917000
266.848000,-310.644000,313.000000
178.467394,-556.437652,324.368000
182.425066,-553.808328,322.416000
159.799478,-522.178708,328.456000
134.231514,-547.330726,326.504000
155.961455,-553.942140,330.000000
135.962578,-305.786159,314.884000
137.348508,-282.670838,314.396000
113.388194,-278.863068,313.906000
123.160410,-303.838080,313.418000
121.403250,-272.629922,315.000000
128.296793,-604.673770,374.156000
127.278559,-576.366871,352.928000
74.313433,-624.716004,331.613000
76.214136,-627.125824,397.385000
93.812610,-618.453867,410.000000
-5.582277,-442.503850,322.340000
84.052739,-557.182098,329.890000
70.944986,-479.558048,327.450000
-3.757835,-409.120465,325.010000
53.139091,-512.245239,330.000000
154.101741,-433.827070,339.360000
160.472565,-383.989760,333.970000
94.511934,-420.981421,328.602000
114.004794,-465.711871,323.234000
94.343204,-427.242862,342.000000
49.831386,-314.110636,331.884000
109.958050,-378.896727,323.554000
115.659789,-342.778709,315.258000
64.114920,-301.312973,340.928000
93.322390,-338.660023,348.000000
42.357755,-300.897079,317.676000
44.190576,-248.107315,342.591000
-9.003653,-261.748819,334.539000
13.711445,-313.794706,326.454000
58.870113,-266.825846,345.000000
364.000000,-145.468000,316.889000
251.368000,-131.500000,312.741000
250.000000,-143.140000,308.593000
278.614000,-228.500000,304.428000
268.240000,-191.349000,320.000000
270.520000,-212.689000,320.000000
287.715423,-66.514522,309.482000
306.854722,-32.858118,306.066000
274.021355,-37.210689,316.650000
270.331381,-68.274878,313.220000
297.965797,-37.576966,317.000000
209.000000,-27.930000,310.109000
177.156000,0.000000,310.865000
171.000000,-92.055000,310.620000
174.838000,-95.000000,310.376000
203.984000,-72.960000,311.000000
170.000000,-186.835000,323.305000
125.290000,0.000000,320.621000
0.000000,-84.710000,317.926000
89.420000,-215.000000,315.242000
37.740000,-73.745000,326.000000
154.020000,-72.455000,326.000000
102.680000,-130.290000,326.000000
68.510000,-17.845000,326.000000
