1522.700000,-1080.819000,305.930000
1507.213000,-1072.200000,305.440000
1505.700000,-1073.877000,304.952000
1508.658000,-1111.200000,304.464000
1505.921000,-1099.266000,306.000000
1493.900000,-1083.982000,307.432000
1488.884000,-1052.600000,306.944000
1469.900000,-1064.194000,306.454000
1481.228000,-1086.600000,307.966000
1476.164000,-1066.064000,308.000000
1570.100000,-975.880000,304.269000
1553.876000,-963.400000,302.561000
1538.100000,-976.180000,307.853000
1562.740000,-983.400000,306.138000
1554.420000,-965.360000,308.000000
1526.200000,-962.680000,305.380000
1514.125000,-952.900000,320.480000
1511.200000,-981.010000,315.600000
1512.220000,-982.900000,310.720000
1522.585000,-976.900000,321.000000
1508.400000,-957.084000,309.730000
1504.074000,-956.300000,307.534000
1466.400000,-962.880000,305.329000
1481.772000,-984.300000,303.133000
1466.736000,-970.356000,310.000000
1511.489268,-742.703915,319.467000
1477.314570,-726.084286,312.879000
1491.951980,-751.661402,306.291000
1518.527411,-756.151327,326.676000
1481.601320,-737.588124,327.000000
1427.300000,-593.624000,316.514000
1410.524000,-569.000000,312.104000
1403.300000,-616.367000,325.712000
1426.388000,-626.000000,321.302000
1415.420000,-620.642000,326.000000
1390.800000,-623.876000,309.792000
1330.980000,-622.000000,315.832000
1330.800000,-623.806000,313.880000
1346.400000,-636.000000,311.928000
1376.040000,-630.512000,316.000000
1366.100000,-613.056000,318.725000
1361.085000,-574.600000,316.041000
1349.100000,-594.242000,313.346000
1358.586000,-620.600000,310.662000
1349.134000,-588.860000,319.000000
1347.700000,-602.658000,309.452000
1332.875000,-580.600000,308.964000
1322.700000,-610.325000,308.476000
1344.100000,-621.600000,309.986000
1328.975000,-581.092000,310.000000
1448.900000,-1086.180000,308.390000
1415.933000,-1079.700000,307.165000
1411.900000,-1080.321000,310.945000
1417.598000,-1106.700000,309.725000
1430.400000,-1098.978000,311.000000
1344.200000,-1105.928000,308.000000
1340.420000,-1073.900000,308.000000
1324.200000,-1084.814000,308.000000
1333.240000,-1107.900000,308.000000
1339.180000,-1088.044000,308.000000
1442.100000,-1055.080000,318.680000
1425.542000,-1042.200000,314.776000
1408.100000,-1054.580000,310.872000
1433.600000,-1062.200000,306.952000
1441.998000,-1044.560000,319.000000
1434.000000,-1013.612000,317.640000
1364.135000,-1006.000000,312.740000
1345.000000,-1026.174000,307.860000
1349.272000,-1028.000000,322.960000
1366.894000,-1024.040000,323.000000
1344.900000,-1012.132000,314.211000
1339.754000,-1009.300000,310.046000
1282.900000,-1021.985000,322.898000
1304.352000,-1068.300000,318.750000
1313.590000,-1040.098000,323.000000
1446.100000,-967.800000,305.276000
1436.956000,-942.300000,315.860000
1422.100000,-959.742000,312.430000
1437.556000,-976.300000,309.014000
1439.932000,-949.916000,316.000000
1399.000000,-969.716000,305.955000
1368.445000,-954.800000,305.223000
1354.000000,-981.563000,304.491000
1396.390000,-987.800000,303.756000
1398.640000,-985.358000,306.000000
1337.700000,-956.382000,306.948000
1322.068000,-951.300000,305.968000
1321.700000,-954.897000,304.992000
1325.540000,-984.300000,304.016000
1325.556000,-972.024000,308.000000
1430.300000,-930.808000,322.008000
1417.375000,-915.400000,312.004000
1383.300000,-922.726000,342.959000
1408.586000,-933.400000,332.955000
1406.330000,-921.340000,343.000000
1308.000000,-876.676000,319.472000
1297.686000,-836.500000,355.760000
1290.000000,-887.260000,344.048000
1305.048000,-908.500000,332.288000
1303.284000,-838.804000,356.000000
1302.100000,-759.960000,335.739000
1289.035000,-753.200000,328.634000
1287.100000,-753.278000,321.558000
1289.110000,-779.200000,314.453000
1301.905000,-772.284000,336.000000
1356.800000,-794.230000,328.518000
1344.632000,-779.800000,321.413000
1284.800000,-784.315000,314.337000
1315.904000,-794.800000,307.261000
1301.792000,-786.340000,336.000000
1451.000000,-771.560000,317.748000
1401.965000,-761.600000,308.964000
1346.000000,-770.585000,300.144000
1422.650000,-776.600000,327.360000
1396.820000,-763.670000,336.000000
1446.700000,-736.742000,308.784000
1435.990000,-723.200000,300.000000
1432.700000,-756.389000,327.216000
1433.092000,-760.200000,318.396000
1442.962000,-754.280000,336.000000
1445.200000,-706.920000,347.808000
1439.908000,-705.900000,336.048000
1361.200000,-708.825000,324.336000
1388.584000,-720.900000,312.624000
1443.688000,-714.030000,348.000000
1359.800000,-729.990000,343.374000
1354.024000,-701.500000,333.126000
1343.800000,-719.741000,322.836000
1353.784000,-738.500000,312.588000
1347.496000,-710.528000,354.000000
1342.600000,-705.708000,332.916000
1318.217000,-699.100000,322.668000
1305.600000,-710.174000,312.378000
1339.714000,-713.100000,344.130000
1323.323000,-712.344000,354.000000
1302.800000,-708.768000,322.500000
1286.531000,-703.200000,312.210000
1285.800000,-706.048000,343.962000
1289.557000,-735.200000,333.672000
1298.176000,-723.936000,354.000000
1268.400000,-1091.080000,307.017000
1262.025000,-1042.900000,319.852000
1243.400000,-1064.185000,315.704000
1256.375000,-1097.900000,311.556000
1267.825000,-1062.150000,324.000000
1228.600000,-1091.418000,310.760000
1223.070000,-1073.500000,309.540000
1218.600000,-1094.735000,308.315000
1226.770000,-1104.500000,307.095000
1220.850000,-1075.112000,312.000000
1220.900000,-1097.300000,310.509000
1194.519000,-1094.500000,309.777000
1189.900000,-1104.330000,309.045000
1193.465000,-1104.500000,311.310000
1204.594000,-1102.040000,312.000000
1216.600000,-1071.430000,307.255000
1215.408000,-1056.700000,307.010000
1208.600000,-1060.915000,307.766000
1211.904000,-1071.700000,307.522000
1214.384000,-1063.540000,308.000000
1195.000000,-1075.624000,309.018000
1190.520000,-1051.000000,311.286000
1185.000000,-1071.844000,310.551000
1192.110000,-1087.000000,309.819000
1194.720000,-1056.688000,312.000000
1187.000000,-1087.736000,318.327000
1175.810000,-1077.700000,315.643000
1172.000000,-1100.502000,312.948000
1172.135000,-1103.700000,310.264000
1175.300000,-1100.060000,321.000000
1148.400000,-1079.800000,311.000000
1146.200000,-1077.600000,311.000000
1098.400000,-1081.975000,311.000000
1113.750000,-1102.600000,311.000000
1121.850000,-1091.650000,311.000000
1231.100000,-1015.380000,309.520000
1223.576000,-998.000000,309.030000
1209.100000,-1008.406000,310.542000
1222.410000,-1020.000000,310.054000
1224.896000,-1003.808000,311.000000
1206.100000,-1024.872000,309.055000
1197.140000,-1004.700000,312.835000
1192.100000,-1036.311000,311.610000
1204.742000,-1045.700000,310.390000
1205.624000,-1044.306000,314.000000
1143.300000,-1009.018000,322.668000
1107.656000,-999.900000,319.252000
1105.300000,-1003.143000,315.836000
1112.938000,-1046.900000,312.406000
1113.470000,-1031.296000,326.000000
1268.000000,-934.160000,311.598000
1261.156000,-925.200000,309.883000
1239.000000,-928.870000,308.175000
1253.471000,-935.200000,313.467000
1252.456000,-928.900000,315.000000
1238.900000,-967.034000,311.060000
1231.958000,-947.300000,310.084000
1225.900000,-969.245000,313.104000
1236.261000,-980.300000,312.128000
1235.169000,-949.676000,314.000000
1224.200000,-957.800000,310.064000
1214.216000,-949.400000,313.088000
1212.200000,-976.364000,312.108000
1213.340000,-977.400000,311.132000
1223.732000,-971.072000,314.000000
1179.800000,-965.324000,313.072000
1176.810000,-965.300000,312.092000
1156.800000,-968.432000,311.116000
1165.839000,-977.300000,310.136000
1161.630000,-971.012000,314.000000
1190.200000,-955.920000,318.823000
1161.952000,-934.800000,314.658000
1124.200000,-951.570000,310.510000
1169.806000,-964.800000,323.362000
1154.494000,-940.140000,327.000000
1268.300000,-862.432000,310.350000
1258.136000,-853.500000,309.130000
1254.300000,-872.354000,312.905000
1268.146000,-875.500000,311.685000
1264.198000,-872.860000,314.000000
1257.000000,-832.368000,311.042000
1256.712000,-830.100000,312.554000
1245.000000,-833.355000,312.066000
1248.444000,-851.100000,311.576000
1256.472000,-842.322000,313.000000
1157.500000,-866.900000,316.000000
1153.314000,-842.600000,316.000000
1144.500000,-856.190000,316.000000
1152.105000,-872.600000,316.000000
1147.165000,-851.120000,316.000000
1145.100000,-865.380000,316.000000
1123.400000,-857.700000,316.000000
1110.100000,-868.965000,316.000000
1141.005000,-872.700000,316.000000
1125.990000,-872.490000,316.000000
1259.300000,-792.026000,310.725000
1240.940000,-790.100000,310.969000
1239.300000,-790.541000,310.214000
1242.920000,-799.100000,310.458000
1253.340000,-796.292000,310.000000
1213.100000,-804.976000,313.000000
1210.292000,-749.100000,313.000000
1200.100000,-770.267000,313.000000
1206.327000,-810.100000,313.000000
1212.463000,-772.890000,313.000000
1200.200000,-786.198000,326.226000
1193.518000,-748.500000,322.061000
1187.200000,-787.845000,317.913000
1197.301000,-809.500000,313.765000
1189.800000,-754.112000,330.000000
1142.500000,-789.320000,321.703000
1112.456000,-781.000000,319.995000
1105.500000,-805.518000,318.280000
1108.275000,-807.000000,323.572000
1122.076000,-801.644000,325.000000
1270.600000,-740.086000,313.120000
1265.100000,-739.800000,312.144000
1220.600000,-742.933000,315.168000
1239.250000,-752.800000,314.188000
1255.450000,-746.248000,316.000000
1238.100000,-720.756000,317.544000
1220.148000,-688.900000,330.379000
1194.100000,-712.616000,326.231000
1223.624000,-732.900000,322.066000
1235.724000,-697.612000,334.000000
1172.300000,-710.232000,318.566000
1153.944000,-696.600000,318.078000
1146.300000,-723.384000,317.588000
1171.494000,-728.600000,317.100000
1151.370000,-725.400000,319.000000
1138.700000,-687.420000,320.602000
1138.588000,-685.500000,319.870000
1110.700000,-687.525000,319.135000
1118.176000,-700.500000,321.403000
1123.104000,-694.530000,322.000000
1202.900000,-659.760000,324.578000
1178.136000,-641.500000,318.943000
1120.900000,-651.026000,336.331000
1167.230000,-663.500000,330.696000
1177.644000,-648.188000,341.000000
1148.800000,-623.208000,316.259000
1124.800000,-599.800000,321.544000
1108.800000,-631.964000,319.836000
1143.320000,-643.800000,318.128000
1146.440000,-600.020000,323.000000
1251.400000,-598.732000,318.668000
1163.396000,-587.500000,315.984000
1153.400000,-588.892000,313.289000
1169.178000,-635.500000,310.605000
1171.922000,-621.436000,321.000000
1253.000000,-583.656000,323.248000
1236.340000,-564.000000,315.440000
1168.000000,-570.867000,307.632000
1207.015000,-585.000000,331.792000
1205.230000,-572.589000,338.000000
994.600000,-1083.892000,335.497000
967.924000,-1062.200000,319.082000
940.600000,-1083.450000,369.734000
981.478000,-1096.200000,353.319000
977.698000,-1065.974000,383.000000
1076.100000,-1016.560000,312.756000
1049.172000,-998.200000,326.364000
1042.100000,-1048.042000,321.954000
1043.970000,-1052.200000,317.562000
1073.924000,-1042.102000,330.000000
1024.800000,-997.568000,325.137000
1015.980000,-995.300000,322.941000
926.800000,-1007.288000,320.736000
961.394000,-1049.300000,318.540000
944.832000,-1023.110000,327.000000
995.200000,-962.948000,357.695000
970.756000,-931.700000,340.300000
932.200000,-953.540000,322.976000
973.213000,-973.700000,376.581000
959.479000,-940.814000,390.000000
1073.100000,-905.616000,319.144000
1030.568000,-885.100000,315.714000
1011.100000,-922.728000,326.298000
1069.938000,-931.100000,322.882000
1053.384000,-927.374000,329.000000
1021.800000,-831.260000,320.282000
989.328000,-824.600000,324.818000
988.800000,-829.820000,323.348000
996.951000,-869.600000,321.884000
1019.523000,-852.545000,326.000000
1078.200000,-797.300000,355.506000
1069.740000,-751.400000,344.038000
1048.200000,-773.756000,332.570000
1064.550000,-805.400000,321.055000
1053.570000,-768.842000,365.000000
1028.200000,-784.548000,332.100000
1002.680000,-758.100000,326.710000
984.200000,-792.276000,321.342000
1021.292000,-806.100000,337.952000
1003.032000,-759.300000,342.000000
986.200000,-758.380000,330.321000
937.032000,-743.200000,325.197000
930.200000,-743.800000,341.052000
938.096000,-803.200000,335.928000
968.112000,-786.820000,345.000000
1023.800000,-738.610000,326.040000
1007.608000,-679.400000,341.160000
931.800000,-698.496000,336.260000
972.188000,-741.400000,331.380000
1016.900000,-705.998000,345.000000
1083.800000,-644.020000,324.621000
1062.470000,-604.600000,322.913000
1038.800000,-640.960000,321.205000
1071.965000,-664.600000,319.490000
1046.630000,-612.460000,326.000000
987.100000,-627.581000,325.110000
973.204000,-606.400000,324.620000
969.100000,-659.736000,324.132000
969.730000,-665.400000,325.644000
976.714000,-655.547000,326.000000
965.000000,-628.457000,331.202000
963.880000,-626.200000,327.054000
949.000000,-633.674000,339.889000
954.328000,-663.200000,335.741000
959.752000,-645.995000,343.000000
1066.900000,-583.202000,323.026000
1016.852000,-542.000000,336.634000
930.900000,-569.000000,332.242000
1016.716000,-596.000000,327.832000
1056.020000,-554.798000,340.000000
813.700000,-1078.465000,327.899000
791.056000,-1059.400000,325.204000
779.700000,-1092.118000,322.520000
811.286000,-1100.400000,319.825000
785.446000,-1097.899000,330.000000
892.700000,-1005.901000,332.960000
822.328000,-988.700000,329.056000
819.700000,-998.588000,325.136000
836.271000,-1091.700000,337.232000
850.214000,-1054.723000,340.000000
809.800000,-1047.940000,328.043000
802.202000,-995.800000,324.871000
780.800000,-1019.440000,334.686000
796.025000,-1055.800000,331.514000
800.114000,-1016.380000,337.000000
773.400000,-1086.475000,322.992000
744.280000,-1072.200000,335.088000
721.400000,-1089.500000,331.184000
764.196000,-1097.200000,327.264000
768.980000,-1073.325000,338.000000
772.800000,-1015.488000,412.912000
751.350000,-1000.200000,386.452000
747.800000,-1055.640000,360.100000
750.825000,-1056.200000,333.748000
751.900000,-1042.032000,433.000000
840.300000,-972.575000,367.070000
831.564000,-920.900000,348.038000
784.300000,-936.164000,328.928000
807.764000,-973.900000,387.896000
807.428000,-944.697000,401.000000
844.200000,-868.882000,336.636000
816.052000,-824.200000,331.512000
782.200000,-862.876000,347.388000
826.654000,-890.200000,342.243000
823.182000,-834.166000,351.000000
769.300000,-843.271000,334.284000
755.764000,-824.700000,381.849000
751.300000,-868.016000,366.477000
751.570000,-873.700000,351.042000
767.680000,-866.497000,393.000000
757.411430,-835.551197,381.597000
758.211267,-831.987161,366.225000
741.046931,-832.731214,350.790000
730.193112,-867.411161,335.418000
736.333120,-848.656215,393.000000
869.700000,-759.926000,335.260000
852.300000,-742.700000,330.868000
819.700000,-753.260000,326.458000
850.250000,-764.700000,340.066000
840.050000,-748.354000,343.000000
907.900000,-765.200000,330.778000
885.290000,-736.100000,326.386000
872.900000,-782.780000,339.994000
904.715000,-796.100000,335.584000
895.860000,-793.640000,343.000000
837.437547,-781.439047,347.308000
803.165444,-755.248901,495.288000
799.529142,-756.788156,447.464000
790.790158,-793.888574,399.640000
824.916749,-796.304672,529.000000
909.000000,-659.837000,346.776000
893.754000,-630.500000,340.920000
846.000000,-642.842000,335.040000
877.815000,-663.500000,329.184000
855.702000,-642.479000,351.000000
840.600000,-655.393000,372.975000
812.520000,-641.800000,355.163000
788.600000,-657.256000,337.351000
830.356000,-664.800000,392.466000
809.504000,-643.295000,404.000000
897.700000,-603.148000,395.305000
828.984000,-592.600000,342.630000
884.498000,-592.600000,349.940000
815.700000,-627.520000,505.170000
823.982000,-628.600000,452.495000
834.314000,-628.600000,444.110000
906.700000,-583.785000,326.170000
890.108000,-541.000000,337.510000
784.700000,-552.524000,333.835000
833.378000,-584.000000,330.175000
894.500000,-561.167000,340.000000
547.872844,-1146.675449,349.870000
548.141760,-1119.112616,342.550000
521.273920,-1123.519768,335.200000
533.489531,-1149.034755,327.880000
532.857414,-1115.609883,355.000000
533.525119,-1164.629251,418.220000
500.326814,-1128.760845,379.424000
493.590884,-1124.217403,461.150000
472.356985,-1139.075782,340.628000
523.899471,-1178.434905,460.673000
519.965687,-1175.781535,371.792000
493.609383,-1153.714672,485.000000
508.146158,-1092.063546,346.252000
510.004094,-1089.864169,331.307000
495.491026,-1079.149798,377.423000
480.586437,-1098.028828,362.539000
493.821847,-1095.463912,387.000000
571.056982,-1084.091816,334.047000
597.564566,-1038.991198,416.451000
552.075265,-1027.404371,389.746000
547.339307,-1073.898128,363.150000
592.292084,-1059.329823,434.000000
620.634629,-1032.806983,352.688000
607.613186,-1005.492499,344.880000
588.303920,-998.510175,337.072000
611.995421,-1033.150328,329.232000
590.129092,-1005.680490,358.000000
650.430456,-990.025319,332.446000
638.480333,-960.466465,329.751000
634.943590,-960.103270,327.067000
605.834733,-991.658214,335.372000
621.227248,-987.856066,337.000000
649.177206,-965.594708,340.143000
672.503454,-942.401274,330.588000
655.264776,-941.363697,360.072000
641.779215,-961.664566,350.556000
660.504351,-949.492966,366.000000
433.395295,-1097.973968,328.088000
437.272495,-1061.984589,328.844000
401.220351,-1060.977505,328.599000
414.037557,-1100.030491,328.355000
447.141130,-1079.844125,329.000000
458.731607,-1043.237044,382.535000
453.114752,-1020.385225,366.675000
426.527933,-1035.859316,350.815000
426.626211,-1038.523104,334.890000
432.839528,-1035.365181,393.000000
533.921574,-1015.575346,363.824000
532.589446,-1013.191413,348.144000
513.833880,-1002.246571,332.528000
501.217313,-1023.709543,380.912000
513.629403,-1013.865599,390.000000
499.434761,-1005.516867,344.758000
512.930376,-982.306214,332.802000
489.611611,-983.876027,369.797000
487.076383,-1005.994742,357.841000
508.473348,-987.424813,377.000000
550.465371,-1003.108567,331.162000
534.375881,-966.594762,356.866000
508.224894,-967.829214,348.570000
538.361727,-1011.242265,340.240000
537.314129,-1005.697971,362.000000
612.965284,-949.962223,332.225000
618.466033,-945.026557,331.000000
590.572867,-924.345420,329.780000
555.761350,-964.522682,328.555000
571.943779,-945.249684,333.000000
557.237116,-948.305240,362.972000
592.946355,-912.629121,349.007000
564.695131,-920.390947,335.099000
544.267336,-949.445499,378.191000
575.560982,-919.948171,386.000000
646.910562,-916.535367,334.246000
651.752763,-877.466392,329.854000
609.652411,-888.802242,343.444000
623.295244,-928.131131,339.052000
616.540549,-919.703971,346.000000
704.321149,-847.509831,341.034000
693.208032,-815.750946,441.582000
689.716679,-814.299713,409.130000
655.958648,-849.202574,376.545000
683.237618,-859.133511,461.000000
721.660935,-818.040932,387.650000
736.260845,-799.165429,370.745000
716.229330,-787.696850,353.909000
711.207959,-807.953085,337.073000
717.063685,-791.468244,398.000000
763.900000,-687.489000,363.449000
753.379000,-675.500000,351.493000
742.900000,-687.508000,339.488000
758.944000,-694.500000,376.532000
750.817000,-677.495000,383.000000
742.525593,-707.988951,344.080000
724.815381,-676.064957,334.320000
705.391009,-680.155763,364.560000
706.113208,-683.160997,354.760000
724.906835,-700.542272,370.000000
766.000000,-580.930000,338.744000
758.919000,-578.200000,365.924000
693.000000,-595.984000,357.140000
719.280000,-656.200000,348.320000
756.802000,-617.902000,371.000000
765.700000,-567.080000,351.100000
742.000000,-537.600000,346.200000
705.700000,-558.640000,341.320000
745.180000,-577.600000,336.440000
713.080000,-546.040000,354.000000
708.600000,-554.838000,456.290000
679.494000,-536.400000,403.830000
666.600000,-571.008000,351.155000
706.752000,-578.400000,513.695000
435.688212,-1011.762295,343.280000
408.416370,-971.362839,333.520000
405.294486,-973.323431,363.760000
392.656983,-999.572088,353.960000
412.919250,-1006.240774,369.000000
465.505677,-980.256081,336.938000
476.103172,-950.477608,398.848000
440.153863,-927.440280,378.840000
445.530970,-963.572587,358.832000
473.887463,-963.860411,410.000000
498.283863,-949.278232,332.300000
492.519646,-916.179609,331.080000
462.784456,-913.687106,329.855000
482.955917,-952.039860,328.635000
482.794197,-905.075419,333.000000
560.276687,-901.561295,341.831000
538.377078,-850.968317,336.707000
533.288707,-846.210157,331.562000
492.994374,-890.266289,347.438000
514.235309,-889.896535,350.000000
585.003494,-884.011081,334.445000
625.799216,-843.911046,330.770000
595.733143,-836.719595,342.110000
572.166122,-873.020635,338.435000
602.261570,-855.173693,344.000000
568.419335,-854.208011,327.798000
574.515902,-830.703167,333.083000
550.448984,-830.157327,331.375000
555.449436,-854.828514,329.667000
578.115071,-841.106579,334.000000
588.846277,-815.291126,357.275000
591.251790,-800.312165,348.735000
566.813262,-816.405235,340.160000
564.918691,-818.641999,331.620000
569.793653,-815.865284,362.000000
637.422273,-785.050080,345.712000
637.692667,-782.849509,337.904000
621.387668,-772.299455,330.096000
607.817558,-792.038279,354.256000
618.696910,-783.768793,358.000000
667.858222,-808.027558,332.152000
671.231189,-777.309163,328.722000
637.014485,-758.372269,339.306000
649.168464,-796.145422,335.890000
665.500117,-780.830613,341.000000
715.244789,-761.480521,334.689000
715.470757,-717.998076,358.125000
667.691848,-735.650155,350.530000
688.004806,-779.421394,342.966000
688.752678,-773.861755,362.000000
436.802864,-916.951318,344.660000
403.045494,-866.821997,340.268000
399.298103,-867.542981,335.858000
385.398340,-897.467095,331.466000
389.829440,-883.746916,347.000000
448.096589,-905.539083,339.818000
460.598975,-879.838626,335.163000
430.571729,-861.826255,330.527000
431.649032,-891.758896,344.872000
442.145562,-873.067838,347.000000
502.452917,-863.477258,333.968000
517.022951,-827.602119,330.048000
475.483720,-842.853418,342.144000
478.638920,-875.542731,338.240000
518.823081,-833.448050,344.000000
481.638070,-828.220591,331.844000
477.495792,-804.861813,355.280000
442.139769,-829.323455,347.685000
443.972789,-831.792029,340.121000
463.611456,-838.278567,359.000000
533.822884,-833.763398,352.375000
552.308928,-815.018342,345.299000
536.637619,-808.322398,338.223000
526.670275,-826.260667,331.118000
534.708559,-812.247011,356.000000
526.411688,-807.339895,330.762000
532.191668,-782.490690,329.292000
506.833316,-779.444323,327.828000
512.835715,-806.258550,332.364000
524.811782,-780.241837,333.000000
573.240538,-799.416668,330.914000
553.277551,-756.983346,327.742000
523.404466,-762.567549,337.557000
521.693902,-765.651260,334.385000
547.109147,-789.695221,339.000000
594.053280,-740.851109,326.774000
595.183089,-738.909374,331.310000
582.762144,-731.979856,329.840000
567.934069,-749.752078,328.376000
582.421565,-747.532062,332.000000
613.834358,-745.345108,333.810000
624.777236,-721.866151,331.360000
600.433961,-715.020230,328.920000
600.919124,-740.074309,326.470000
607.912879,-712.958023,335.000000
589.762833,-723.784047,344.856000
606.258662,-697.822178,336.771000
565.769415,-723.912140,328.719000
564.224007,-742.843663,353.667000
561.118801,-734.356415,357.000000
686.315474,-702.120000,332.660000
658.201146,-650.240326,327.780000
652.449920,-651.051452,342.880000
617.906498,-695.821523,338.000000
648.627694,-700.771075,345.000000
315.219987,-1036.775370,326.608000
324.910306,-985.673882,335.680000
247.782490,-917.672637,332.752000
269.633715,-988.918685,329.812000
320.276587,-1005.407748,337.000000
360.031606,-981.667591,357.010000
383.649230,-944.945980,348.435000
339.056747,-966.483708,339.895000
334.088551,-996.563755,331.320000
374.769327,-940.523779,361.000000
356.107980,-949.259174,344.014000
309.083117,-866.647545,338.646000
257.254993,-886.478434,333.256000
263.834070,-896.576475,349.888000
290.181995,-908.519809,352.000000
362.106398,-882.768697,378.216000
387.107544,-849.274692,346.008000
339.513637,-808.417265,445.668000
334.809267,-849.841344,413.460000
360.243478,-846.199470,459.000000
397.049880,-845.301505,330.080000
396.484984,-811.711291,346.690000
362.018439,-796.463833,341.322000
378.645692,-837.352072,335.932000
403.196249,-827.816971,349.000000
461.731109,-789.790708,339.474000
442.517424,-749.245640,336.044000
414.550377,-752.078096,332.628000
411.917838,-754.361723,329.212000
417.885594,-755.982228,341.000000
503.200408,-755.827615,326.000000
503.968386,-752.444332,326.000000
465.009533,-712.121921,326.000000
457.231267,-740.810253,326.000000
468.244872,-734.503733,326.000000
567.524804,-695.793557,331.288000
579.772239,-674.237040,327.384000
557.947903,-668.806270,339.480000
556.096565,-691.081474,335.560000
572.310862,-677.465000,341.000000
552.031482,-711.006419,325.725000
547.320632,-682.240438,329.500000
520.841225,-684.793408,328.280000
538.099819,-716.935138,327.055000
537.144974,-714.465722,330.000000
542.030426,-665.921789,339.336000
540.511319,-650.380313,335.432000
537.798107,-651.334419,331.512000
508.195353,-678.801095,327.608000
518.102611,-668.760717,341.000000
578.432706,-650.705319,339.822000
594.619687,-629.110749,333.478000
572.431634,-618.284155,327.108000
566.969787,-641.024912,346.764000
578.102704,-626.005106,349.000000
284.383406,-839.351440,340.965000
284.523258,-820.596416,332.390000
266.938729,-816.163871,358.850000
275.051409,-838.451257,350.275000
285.136343,-823.919791,362.000000
267.087007,-854.505477,322.100000
227.158111,-786.120452,332.670000
189.097433,-795.152213,329.254000
193.056526,-802.685238,325.838000
243.189736,-852.635322,334.000000
335.981269,-790.918016,326.000000
331.951293,-785.478342,326.000000
295.424401,-752.936261,326.000000
290.092842,-784.410584,326.000000
292.368869,-760.740223,326.000000
285.027176,-714.716017,326.608000
299.127546,-694.372150,325.632000
280.180090,-701.525111,324.656000
274.982297,-718.348601,327.676000
292.284340,-696.164153,328.000000
350.510679,-708.656800,327.828000
351.424592,-698.067256,326.113000
337.605146,-706.919124,331.405000
342.152210,-716.071784,329.690000
340.992745,-711.600364,332.000000
343.171758,-691.225692,324.775000
344.688305,-689.674628,328.555000
337.952337,-686.514018,327.330000
327.355456,-698.882700,326.110000
335.694782,-696.396571,329.000000
361.252809,-694.779425,327.624000
369.758067,-675.717771,326.648000
349.113388,-667.108797,325.668000
350.144474,-688.124850,324.692000
353.203074,-666.364977,328.000000
402.788064,-677.419478,328.632000
397.951274,-656.074456,327.652000
381.268208,-677.556740,326.676000
394.349421,-692.236246,329.696000
384.090725,-687.936019,330.000000
436.784839,-642.271893,333.771000
420.520463,-619.837027,329.116000
417.473768,-619.615291,343.480000
399.898704,-651.849826,338.844000
416.023484,-649.316273,345.000000
403.467865,-605.564525,330.840000
393.825800,-612.752358,367.884000
366.136544,-647.342635,355.879000
384.641176,-628.365339,343.923000
395.671760,-612.400629,372.000000
556.255655,-597.098506,343.864000
576.202209,-568.448213,338.008000
544.064982,-583.830364,332.152000
538.040748,-606.978241,326.272000
567.207836,-565.962027,346.000000
562.900000,-540.146000,337.912000
530.700000,-533.300000,332.032000
522.900000,-552.977000,326.176000
525.660000,-554.300000,344.296000
535.500000,-550.100000,346.000000
518.832687,-641.522749,337.006000
517.795818,-638.762447,329.930000
495.927429,-625.496545,351.825000
481.785972,-650.297918,344.749000
498.557114,-643.168720,354.000000
480.046251,-612.434274,321.000000
491.045356,-585.012408,321.000000
462.700110,-579.032890,321.000000
464.968425,-608.484881,321.000000
490.270987,-595.618543,321.000000
470.500000,-566.224000,321.000000
463.510000,-563.200000,321.000000
460.500000,-569.017000,321.000000
470.130000,-570.200000,321.000000
461.110000,-569.542000,321.000000
454.240516,-574.326899,321.000000
445.943231,-568.279321,321.000000
445.036162,-570.416915,321.000000
441.447777,-585.900302,321.000000
444.600692,-579.568923,321.000000
427.161278,-595.062067,322.676000
432.808658,-570.410190,321.700000
421.101400,-579.737877,324.720000
420.904655,-597.993495,323.744000
428.086223,-578.579194,325.000000
479.100000,-551.880000,321.000000
454.152000,-546.500000,321.000000
437.100000,-553.750000,321.000000
473.094000,-556.500000,321.000000
470.994000,-546.620000,321.000000
413.853359,-558.738756,321.000000
408.902556,-546.605498,321.000000
407.567080,-547.084354,321.000000
395.203221,-584.189392,321.000000
398.320884,-573.137973,321.000000
393.364796,-567.610170,321.000000
399.805750,-542.931992,321.000000
389.335066,-548.507982,321.000000
387.682455,-567.319911,321.000000
391.389778,-551.922639,321.000000
1335.045130,-499.634511,327.744000
1357.113045,-475.684973,314.080000
1325.913671,-480.685726,356.360000
1317.564559,-503.345551,342.696000
1352.576620,-479.183983,360.000000
1269.500000,-504.980000,313.900000
1218.410000,-494.600000,335.068000
1204.500000,-522.110000,328.236000
1207.685000,-524.600000,321.376000
1256.630000,-519.200000,337.000000
1269.000000,-418.072000,326.467000
1266.732000,-416.200000,321.322000
1242.000000,-424.585000,316.198000
1251.369000,-455.200000,311.074000
1243.377000,-436.558000,328.000000
1188.300000,-520.400000,319.492000
1168.436000,-496.400000,316.076000
1136.300000,-512.816000,312.646000
1169.840000,-528.400000,323.230000
1151.900000,-503.568000,324.000000
1131.300000,-504.680000,314.287000
1114.300000,-486.600000,313.555000
1106.300000,-519.040000,315.823000
1129.875000,-526.600000,315.088000
1120.000000,-523.640000,316.000000
1190.100000,-452.472000,313.448000
1115.772000,-449.700000,319.488000
1114.100000,-451.662000,317.536000
1132.416000,-467.700000,315.576000
1174.672000,-461.004000,320.000000
1203.900000,-438.216000,339.688000
1177.956000,-407.400000,331.392000
1109.900000,-422.052000,323.062000
1160.566000,-443.400000,314.766000
1114.224000,-419.280000,342.000000
963.800000,-509.034000,326.049000
944.284000,-496.200000,325.317000
929.800000,-512.415000,324.582000
958.258000,-519.200000,326.850000
939.796000,-496.936000,327.000000
1005.000000,-441.400000,333.284000
943.960000,-433.600000,326.940000
935.000000,-433.690000,346.596000
944.450000,-463.600000,340.226000
973.010000,-455.620000,348.000000
912.300000,-523.760000,343.600000
903.800000,-494.900000,419.100000
862.300000,-503.930000,394.700000
883.950000,-524.900000,370.300000
901.900000,-507.980000,425.000000
911.700000,-470.860000,345.425000
899.532000,-444.300000,339.325000
885.700000,-468.260000,333.200000
904.706000,-484.300000,327.100000
886.766000,-449.820000,347.000000
914.100000,-413.180000,392.552000
875.800000,-402.200000,367.176000
864.100000,-429.110000,341.800000
865.550000,-432.200000,420.320000
878.550000,-427.400000,425.000000
864.200000,-474.392000,365.760000
860.232000,-473.100000,346.405000
802.200000,-476.805000,406.129000
822.474000,-492.100000,386.774000
835.556000,-483.398000,410.000000
863.600000,-447.830000,346.089000
841.156000,-433.200000,405.813000
801.600000,-442.567000,386.458000
840.350000,-452.200000,367.182000
850.394000,-437.836000,410.000000
772.000000,-457.584000,414.954000
772.000000,-460.878000,411.648000
696.760000,-400.000000,393.726000
658.000000,-496.502000,372.411000
658.000000,-469.174000,362.754000
763.222000,-522.000000,351.183000
661.990000,-515.412000,420.000000
683.080000,-444.896000,420.000000
634.400000,-419.576000,370.738000
577.878000,-398.000000,354.634000
575.400000,-409.036000,338.530000
588.439000,-522.000000,388.360000
592.156000,-478.352000,391.000000
574.200000,-507.048000,337.690000
559.608000,-399.300000,327.400000
517.200000,-446.901000,359.152000
546.783000,-522.300000,348.904000
547.581000,-442.350000,361.000000
480.900000,-492.242000,324.488000
464.280000,-469.700000,345.656000
450.900000,-496.415000,338.796000
475.410000,-508.700000,331.964000
474.360000,-471.728000,347.000000
405.300000,-487.460000,324.576000
383.148000,-475.700000,322.624000
379.300000,-516.986000,320.672000
382.290000,-517.700000,318.712000
380.080000,-507.368000,325.000000
499.500000,-458.402000,315.602000
492.600000,-398.500000,316.092000
453.500000,-415.641000,316.580000
472.498000,-459.500000,315.070000
466.334000,-426.316000,315.000000
1271.200000,-340.732000,345.250000
1255.520000,-290.800000,324.425000
1236.200000,-333.067000,388.685000
1261.085000,-363.800000,367.945000
1254.680000,-302.261000,392.000000
1217.300000,-324.778000,330.487000
1180.000000,-315.900000,396.259000
1167.300000,-336.071000,374.944000
1167.750000,-338.900000,353.716000
1206.100000,-335.657000,400.000000
1167.900000,-285.240000,395.824000
1166.140000,-276.000000,374.596000
1127.900000,-294.375000,353.368000
1140.180000,-381.000000,332.053000
1128.900000,-334.905000,400.000000
1100.100000,-335.550000,424.232000
1065.900000,-300.000000,385.522000
1088.000000,-300.000000,364.034000
1000.100000,-321.285000,346.970000
1060.600000,-345.000000,466.418000
1018.800000,-345.000000,433.238000
1027.500000,-311.835000,471.000000
997.200000,-366.920000,368.595000
958.800000,-349.700000,341.999000
937.200000,-376.685000,424.294000
991.380000,-384.700000,397.698000
968.580000,-383.475000,428.000000
998.100000,-265.790000,341.454000
941.820000,-259.000000,423.858000
938.100000,-261.450000,397.262000
950.160000,-294.000000,370.557000
984.360000,-282.345000,428.000000
879.400000,-379.508000,393.018000
873.972000,-358.900000,375.623000
856.400000,-367.364000,358.299000
867.877000,-381.900000,340.904000
856.860000,-367.387000,396.000000
830.200000,-369.236000,379.048000
813.112000,-350.100000,361.408000
798.200000,-371.412000,343.840000
823.704000,-382.100000,398.272000
806.808000,-352.372000,400.000000
889.700000,-312.700000,360.720000
837.284000,-296.800000,340.712000
826.700000,-347.892000,402.622000
832.685000,-349.800000,382.614000
859.271000,-337.769000,405.000000
918.300000,-261.732000,325.321000
905.820000,-261.700000,333.637000
822.300000,-270.084000,330.953000
860.028000,-293.700000,328.258000
895.836000,-276.900000,334.000000
775.600000,-340.205000,433.967000
757.196000,-315.600000,407.262000
732.600000,-335.200000,380.666000
762.313000,-350.600000,354.070000
733.245000,-321.795000,438.000000
769.600000,-282.640000,389.546000
739.108000,-263.200000,367.830000
727.600000,-304.384000,346.025000
769.138000,-311.200000,413.309000
738.688000,-305.392000,415.000000
706.400000,-260.641000,330.440000
705.224000,-253.900000,326.536000
657.400000,-263.728000,338.632000
671.463000,-316.900000,334.712000
682.488000,-290.503000,339.000000
646.650000,-353.888000,331.935000
603.276600,-247.100000,373.460000
511.950000,-307.028000,360.040000
590.749500,-379.100000,346.565000
614.456700,-284.456000,375.000000
544.412700,-285.908000,375.000000
502.100000,-315.763000,353.528000
423.360000,-247.800000,342.258000
375.100000,-347.816000,331.034000
487.241000,-380.800000,319.810000
376.370000,-378.805000,355.000000
459.301000,-300.468000,355.000000
1095.100000,-175.118000,347.760000
962.908000,-156.800000,338.000000
951.100000,-161.100000,328.200000
977.164000,-242.800000,358.440000
988.252000,-215.882000,359.000000
963.340000,-199.542000,359.000000
921.400000,-228.725000,442.970000
921.400000,-214.850000,479.867000
905.200000,-160.100000,381.726000
861.175000,-160.100000,534.585000
846.400000,-186.200000,571.482000
846.400000,-185.300000,338.554000
882.325000,-235.100000,509.987000
911.575000,-235.100000,393.523000
994.700000,-81.429400,320.998000
970.542000,-70.200000,327.793000
947.700000,-81.957200,325.597000
984.219000,-88.400000,323.401000
983.232000,-71.856200,328.000000
999.891326,-50.827741,346.271000
967.602096,-38.570320,339.683000
956.596679,-52.776118,333.068000
959.487041,-54.352602,326.480000
957.325933,-50.290252,347.000000
858.816239,-106.906134,338.204000
855.755359,-104.433205,333.080000
826.828950,-90.759649,327.935000
830.270138,-109.707186,343.811000
831.801089,-99.595438,344.000000
886.170253,-90.295848,323.856000
874.450757,-62.085318,322.386000
836.815212,-54.168550,326.922000
865.554479,-85.416177,325.452000
867.237318,-63.269165,327.000000
921.023525,-18.397519,323.632000
895.534805,2.744214,335.712000
875.817799,-14.300305,331.808000
914.580167,-32.587983,327.904000
906.438579,-26.829725,336.000000
880.583578,18.937012,327.714000
882.233910,23.876274,324.542000
860.653335,25.564347,321.357000
854.175508,-9.710800,318.185000
874.108551,0.613398,328.000000
783.200000,-230.363000,382.133000
771.120000,-191.400000,363.345000
743.200000,-211.798000,344.557000
765.800000,-238.400000,402.692000
753.120000,-205.641000,403.000000
712.800000,-214.050000,322.886000
685.800000,-187.500000,321.416000
667.800000,-224.100000,325.952000
706.635000,-237.500000,324.488000
690.165000,-187.750000,326.000000
638.700000,-200.460000,322.728000
572.248000,-195.800000,344.652000
564.700000,-196.400000,337.547000
576.614000,-215.800000,330.471000
619.904000,-209.940000,345.000000
423.000000,-226.900000,392.487000
416.532000,-189.500000,370.771000
390.000000,-202.620000,348.966000
405.147000,-229.500000,327.250000
422.802000,-205.860000,394.000000
776.400000,-104.120000,325.615000
749.230000,-65.900000,323.410000
721.400000,-103.460000,321.214000
763.035000,-125.900000,319.009000
734.765000,-72.560000,328.000000
769.250000,-12.260000,335.328000
684.110000,1.300000,323.568000
661.750000,-35.660000,359.856000
667.662500,-38.700000,348.144000
714.640000,-31.220000,360.000000
507.800000,4.232000,308.451000
502.400000,6.200000,325.839000
447.800000,-4.456000,320.204000
468.980000,-41.800000,314.592000
492.200000,-18.520000,326.000000
237.716255,-584.932987,322.988000
242.987736,-568.138494,322.744000
226.178394,-566.772364,322.500000
228.717614,-583.566857,322.255000
245.363615,-576.958944,323.000000
296.500000,-336.680000,312.740000
290.326000,-326.000000,312.495000
287.500000,-345.632000,312.251000
296.041000,-350.000000,312.007000
289.642000,-348.056000,313.000000
283.000000,-311.823000,312.491000
259.384000,-310.500000,312.247000
259.000000,-311.544000,312.002000
264.928000,-319.500000,312.758000
270.688000,-316.089000,313.000000
152.414364,-569.712335,323.936000
177.679958,-544.495527,329.984000
150.212248,-527.063645,328.024000
138.976623,-556.643526,326.072000
166.469149,-550.951822,330.000000
138.472808,-303.275930,314.988000
133.858936,-279.181266,314.498000
110.877965,-281.373297,314.010000
126.674731,-307.352400,313.520000
147.375282,-293.581496,315.000000
129.060468,-603.910094,387.815000
127.040971,-576.129283,366.500000
124.461446,-574.567991,345.272000
76.468694,-627.380383,324.044000
91.911907,-615.025813,410.000000
-16.074203,-426.347700,324.960000
79.882869,-559.890043,322.520000
81.436912,-495.714198,320.070000
0.375133,-406.436484,327.630000
52.352260,-489.786527,330.000000
137.938504,-447.284216,325.434000
167.812827,-392.806072,320.066000
110.675172,-407.524275,336.698000
106.695245,-456.932448,331.308000
165.218807,-407.707384,342.000000
86.060567,-357.286892,347.966000
125.499560,-365.855852,339.636000
79.430608,-299.602452,331.340000
73.062319,-293.805214,323.044000
59.489179,-324.574899,348.000000
66.735969,-276.518865,336.750000
66.455954,-270.372693,328.698000
14.701395,-238.043771,320.613000
-8.553933,-291.529328,312.561000
9.007771,-264.373599,345.000000
364.000000,-205.511000,311.517000
321.934000,-131.500000,307.369000
250.000000,-180.000000,303.204000
322.048000,-228.500000,316.056000
304.264000,-154.489000,320.000000
322.846000,-134.604000,320.000000
297.453592,-58.049261,306.542000
301.672250,-26.896366,303.112000
264.283187,-45.675950,313.696000
275.513854,-74.236631,310.266000
273.669844,-67.391984,317.000000
209.000000,-15.865000,310.004000
172.330000,0.000000,310.759000
171.000000,-9.120000,310.515000
179.664000,-95.000000,310.271000
208.012000,-60.895000,311.000000
170.000000,-186.835000,323.305000
125.290000,0.000000,320.621000
0.000000,-84.710000,317.926000
89.420000,-215.000000,315.242000
37.740000,-73.745000,326.000000
154.020000,-72.455000,326.000000
102.680000,-130.290000,326.000000
68.510000,-17.845000,326.000000
