1522.700000,-1099.929000,305.744000
1515.560000,-1072.200000,305.256000
1505.700000,-1093.728000,304.768000
1517.311000,-1111.200000,304.278000
1507.485000,-1079.415000,306.000000
1493.900000,-1056.034000,307.638000
1493.180000,-1052.600000,307.148000
1469.900000,-1058.108000,306.660000
1476.932000,-1086.600000,306.172000
1473.716000,-1072.150000,308.000000
1570.100000,-973.220000,306.355000
1549.620000,-963.400000,304.647000
1538.100000,-978.840000,302.932000
1566.996000,-983.400000,301.224000
1544.884000,-982.700000,308.000000
1526.200000,-979.330000,315.240000
1522.450000,-952.900000,310.340000
1511.200000,-964.360000,305.460000
1518.895000,-982.900000,320.560000
1515.190000,-963.550000,321.000000
1508.400000,-963.888000,306.922000
1472.280000,-956.300000,304.726000
1466.400000,-984.076000,302.521000
1471.566000,-984.300000,309.325000
1479.840000,-977.160000,310.000000
1508.737919,-740.592730,316.308000
1476.516484,-727.124372,309.720000
1494.743791,-753.803634,303.132000
1519.325497,-755.111241,323.517000
1480.162786,-733.682268,327.000000
1427.300000,-571.964000,317.918000
1425.380000,-569.000000,313.508000
1403.300000,-581.027000,309.116000
1411.532000,-626.000000,322.724000
1413.548000,-598.925000,326.000000
1390.800000,-628.188000,311.976000
1349.400000,-622.000000,310.024000
1330.800000,-633.494000,308.064000
1387.980000,-636.000000,314.112000
1359.600000,-634.824000,316.000000
1366.100000,-612.872000,312.873000
1361.000000,-574.600000,310.189000
1349.100000,-594.426000,318.505000
1358.671000,-620.600000,315.810000
1358.178000,-588.676000,319.000000
1347.700000,-589.702000,308.780000
1324.950000,-580.600000,308.290000
1322.700000,-582.281000,309.802000
1327.025000,-621.600000,309.314000
1337.400000,-609.136000,310.000000
1448.900000,-1096.224000,307.680000
1429.660000,-1079.700000,306.460000
1411.900000,-1097.277000,310.235000
1440.871000,-1106.700000,309.015000
1435.617000,-1082.022000,311.000000
1344.200000,-1073.968000,308.000000
1341.600000,-1073.900000,308.000000
1324.200000,-1082.774000,308.000000
1332.060000,-1107.900000,308.000000
1338.100000,-1090.084000,308.000000
1442.100000,-1050.040000,306.664000
1416.974000,-1042.200000,318.760000
1408.100000,-1059.620000,314.840000
1408.202000,-1062.200000,310.936000
1433.566000,-1059.520000,319.000000
1434.000000,-1023.204000,306.500000
1402.939000,-1006.000000,321.620000
1345.000000,-1016.582000,316.740000
1399.468000,-1028.000000,311.840000
1416.378000,-1011.632000,323.000000
1344.900000,-1019.448000,308.074000
1285.442000,-1009.300000,320.909000
1282.900000,-1014.669000,316.761000
1296.664000,-1068.300000,312.613000
1335.972000,-1047.414000,323.000000
1446.100000,-961.408000,302.952000
1432.444000,-942.300000,313.536000
1422.100000,-966.134000,310.106000
1442.068000,-976.300000,306.690000
1443.916000,-943.524000,316.000000
1399.000000,-986.216000,303.045000
1390.945000,-954.800000,305.310000
1354.000000,-965.063000,304.578000
1373.890000,-987.800000,303.843000
1397.335000,-968.858000,306.000000
1337.700000,-962.619000,307.844000
1325.076000,-951.300000,306.868000
1321.700000,-981.693000,305.888000
1322.532000,-984.300000,304.912000
1321.972000,-978.228000,308.000000
1430.300000,-928.594000,339.187000
1411.547000,-915.400000,329.183000
1383.300000,-924.940000,319.179000
1414.414000,-933.400000,309.134000
1386.590000,-919.108000,343.000000
1308.000000,-845.356000,348.992000
1307.838000,-836.500000,337.232000
1290.000000,-846.580000,325.520000
1294.896000,-908.500000,313.808000
1292.232000,-879.484000,356.000000
1302.100000,-766.538000,330.200000
1292.815000,-753.200000,323.124000
1287.100000,-772.700000,316.019000
1300.330000,-779.200000,308.943000
1289.755000,-778.862000,336.000000
1356.800000,-793.345000,328.634000
1340.312000,-779.800000,321.558000
1284.800000,-785.200000,314.482000
1320.224000,-794.800000,307.377000
1301.432000,-785.455000,336.000000
1451.000000,-765.995000,324.948000
1362.905000,-761.600000,316.128000
1346.000000,-776.150000,307.344000
1356.710000,-776.600000,334.560000
1375.925000,-773.105000,336.000000
1446.700000,-748.471000,323.004000
1440.414000,-723.200000,314.220000
1432.700000,-744.660000,305.400000
1442.668000,-760.200000,332.616000
1437.432000,-729.009000,336.000000
1445.200000,-706.995000,328.128000
1440.328000,-705.900000,316.368000
1361.200000,-708.750000,304.656000
1388.248000,-720.900000,340.896000
1394.128000,-714.105000,348.000000
1359.800000,-718.631000,334.344000
1349.112000,-701.500000,324.096000
1343.800000,-731.100000,313.806000
1358.696000,-738.500000,345.558000
1350.936000,-736.169000,354.000000
1342.600000,-711.042000,332.076000
1332.314000,-699.100000,321.828000
1305.600000,-704.840000,353.580000
1325.617000,-713.100000,343.290000
1324.063000,-703.678000,354.000000
1302.800000,-710.976000,329.850000
1287.704000,-703.200000,319.560000
1285.800000,-703.840000,351.312000
1288.367000,-735.200000,341.064000
1295.201000,-726.144000,354.000000
1268.400000,-1077.715000,313.307000
1255.950000,-1042.900000,309.159000
1243.400000,-1077.550000,321.994000
1262.425000,-1097.900000,317.846000
1258.550000,-1048.785000,324.000000
1228.600000,-1074.213000,308.590000
1227.520000,-1073.500000,307.365000
1218.600000,-1080.940000,311.145000
1222.310000,-1104.500000,309.920000
1225.200000,-1088.907000,312.000000
1220.900000,-1098.640000,309.792000
1198.642000,-1094.500000,309.060000
1189.900000,-1103.000000,311.325000
1220.311000,-1104.500000,310.593000
1212.034000,-1103.370000,312.000000
1216.600000,-1068.760000,307.210000
1213.976000,-1056.700000,307.966000
1208.600000,-1063.585000,307.722000
1213.328000,-1071.700000,307.477000
1214.736000,-1060.855000,308.000000
1195.000000,-1057.984000,309.471000
1185.620000,-1051.000000,311.736000
1185.000000,-1053.484000,311.004000
1187.010000,-1087.000000,310.272000
1193.210000,-1075.048000,312.000000
1187.000000,-1092.884000,311.133000
1178.780000,-1077.700000,319.449000
1172.000000,-1095.354000,316.754000
1184.165000,-1103.700000,314.070000
1185.110000,-1079.208000,321.000000
1148.400000,-1101.950000,311.000000
1140.500000,-1077.600000,311.000000
1098.400000,-1084.825000,311.000000
1119.450000,-1102.600000,311.000000
1144.800000,-1088.800000,311.000000
1231.100000,-1006.008000,310.992000
1214.204000,-998.000000,310.502000
1209.100000,-1017.778000,310.014000
1209.782000,-1020.000000,309.526000
1230.704000,-1016.436000,311.000000
1206.100000,-1035.614000,313.710000
1200.808000,-1004.700000,312.490000
1192.100000,-1025.569000,311.265000
1201.074000,-1045.700000,310.045000
1192.590000,-1014.048000,314.000000
1143.300000,-1006.668000,324.446000
1105.794000,-999.900000,321.016000
1105.300000,-1005.493000,317.600000
1114.838000,-1046.900000,314.170000
1108.682000,-1028.946000,326.000000
1268.000000,-930.540000,313.845000
1250.687000,-925.200000,312.137000
1239.000000,-932.490000,310.422000
1263.940000,-935.200000,308.714000
1243.147000,-925.280000,315.000000
1238.900000,-977.792000,313.124000
1236.209000,-947.300000,312.148000
1225.900000,-958.487000,311.172000
1232.010000,-980.300000,310.192000
1228.448000,-960.434000,314.000000
1224.200000,-958.192000,312.912000
1214.396000,-949.400000,311.932000
1212.200000,-975.972000,310.956000
1213.160000,-977.400000,313.980000
1215.200000,-971.464000,314.000000
1179.800000,-973.748000,312.696000
1169.979000,-965.300000,311.720000
1156.800000,-972.008000,310.740000
1172.670000,-977.300000,313.764000
1163.769000,-967.436000,314.000000
1190.200000,-937.620000,320.557000
1187.758000,-934.800000,316.392000
1124.200000,-939.870000,312.244000
1144.000000,-964.800000,325.079000
1147.762000,-951.840000,327.000000
1268.300000,-864.170000,311.835000
1259.242000,-853.500000,310.615000
1254.300000,-870.638000,309.390000
1267.040000,-875.500000,313.170000
1260.054000,-874.576000,314.000000
1257.000000,-848.475000,312.026000
1253.916000,-830.100000,311.538000
1245.000000,-838.248000,311.050000
1251.240000,-851.100000,312.560000
1250.568000,-837.408000,313.000000
1157.500000,-850.550000,316.000000
1146.229000,-842.600000,316.000000
1144.500000,-872.540000,316.000000
1146.190000,-872.600000,316.000000
1151.234000,-864.770000,316.000000
1145.100000,-867.525000,316.000000
1128.405000,-857.700000,316.000000
1110.100000,-866.820000,316.000000
1136.000000,-872.700000,316.000000
1130.120000,-859.635000,316.000000
1259.300000,-790.505000,310.648000
1257.560000,-790.100000,310.892000
1239.300000,-792.062000,310.136000
1246.300000,-799.100000,310.381000
1251.800000,-794.771000,310.000000
1213.100000,-775.635000,313.000000
1204.039000,-749.100000,313.000000
1200.100000,-799.608000,313.000000
1212.580000,-810.100000,313.000000
1208.927000,-804.549000,313.000000
1200.200000,-798.825000,317.165000
1196.209000,-748.500000,313.017000
1187.200000,-775.218000,325.852000
1194.610000,-809.500000,321.704000
1196.716000,-766.739000,330.000000
1142.500000,-786.590000,319.344000
1108.608000,-781.000000,324.629000
1105.500000,-782.248000,322.921000
1112.160000,-807.000000,321.206000
1134.582000,-798.914000,325.000000
1270.600000,-747.665000,312.552000
1244.300000,-739.800000,315.576000
1220.600000,-748.354000,314.596000
1260.050000,-752.800000,313.620000
1262.600000,-740.827000,316.000000
1238.100000,-732.680000,318.428000
1232.116000,-688.900000,331.280000
1194.100000,-700.692000,327.132000
1211.656000,-732.900000,322.967000
1233.392000,-709.536000,334.000000
1172.300000,-708.920000,317.062000
1152.904000,-696.600000,318.572000
1146.300000,-724.696000,318.084000
1146.534000,-728.600000,317.596000
1170.922000,-724.088000,319.000000
1138.700000,-697.125000,321.931000
1128.732000,-685.500000,321.199000
1110.700000,-692.820000,320.464000
1128.032000,-700.500000,319.732000
1138.700000,-689.235000,322.000000
1202.900000,-645.130000,339.252000
1123.688000,-641.500000,333.617000
1120.900000,-643.656000,328.005000
1139.678000,-663.500000,322.370000
1125.328000,-655.558000,341.000000
1148.800000,-624.264000,322.090000
1125.760000,-599.800000,320.382000
1108.800000,-630.952000,318.667000
1142.360000,-643.800000,316.959000
1113.120000,-601.076000,323.000000
1251.400000,-632.908000,318.976000
1233.172000,-587.500000,316.292000
1153.400000,-602.716000,313.597000
1197.402000,-635.500000,310.913000
1169.178000,-607.660000,321.000000
1253.000000,-571.056000,330.416000
1185.340000,-564.000000,322.576000
1168.000000,-583.467000,314.768000
1173.015000,-585.000000,306.928000
1186.275000,-581.010000,338.000000
994.600000,-1086.884000,363.503000
972.676000,-1062.200000,347.155000
940.600000,-1080.458000,330.740000
976.726000,-1096.200000,381.392000
955.126000,-1069.000000,383.000000
1076.100000,-1004.464000,323.790000
1075.556000,-998.200000,319.398000
1042.100000,-1006.138000,315.006000
1051.586000,-1052.200000,328.596000
1053.048000,-1030.060000,330.000000
1024.800000,-1022.624000,323.418000
963.452000,-995.300000,321.213000
926.800000,-1036.178000,319.017000
1013.922000,-1049.300000,325.821000
963.648000,-1048.220000,327.000000
995.200000,-969.332000,357.908000
980.395000,-931.700000,340.584000
932.200000,-947.114000,323.189000
963.637000,-973.700000,376.865000
959.227000,-947.240000,390.000000
1073.100000,-898.256000,321.930000
1020.710000,-885.100000,318.500000
1011.100000,-930.042000,315.084000
1017.796000,-931.100000,325.654000
1041.046000,-920.060000,329.000000
1021.800000,-855.020000,322.646000
1006.785000,-824.600000,321.182000
988.800000,-851.015000,325.712000
1012.494000,-869.600000,324.248000
1006.521000,-831.350000,326.000000
1078.200000,-754.964000,336.189000
1076.250000,-751.400000,324.721000
1048.200000,-762.038000,360.253000
1058.040000,-805.400000,348.738000
1065.900000,-780.560000,365.000000
1028.200000,-779.988000,327.348000
998.500000,-758.100000,321.958000
984.200000,-796.836000,338.590000
1025.472000,-806.100000,333.222000
1012.536000,-802.740000,342.000000
986.200000,-793.960000,329.880000
970.240000,-743.200000,324.756000
930.200000,-768.220000,340.611000
960.888000,-803.200000,335.487000
969.232000,-762.400000,345.000000
1023.800000,-694.094000,329.540000
941.460000,-679.400000,344.640000
931.800000,-681.074000,339.760000
946.336000,-741.400000,334.860000
1000.892000,-723.420000,345.000000
1083.800000,-642.220000,320.211000
1061.075000,-604.600000,325.496000
1038.800000,-642.760000,323.788000
1073.360000,-664.600000,322.080000
1075.025000,-610.600000,326.000000
987.100000,-607.403000,324.238000
985.030000,-606.400000,325.750000
969.100000,-620.914000,325.260000
975.904000,-665.400000,324.772000
984.544000,-635.369000,326.000000
965.000000,-641.259000,327.122000
953.400000,-626.200000,339.957000
949.000000,-657.872000,335.809000
964.808000,-663.200000,331.644000
963.592000,-658.797000,343.000000
1066.900000,-585.038000,322.216000
1021.340000,-542.000000,335.824000
930.900000,-567.164000,331.414000
1012.228000,-596.000000,327.022000
1062.276000,-556.634000,340.000000
813.700000,-1067.067000,329.538000
781.570000,-1059.400000,326.854000
779.700000,-1062.516000,324.170000
786.772000,-1100.400000,321.475000
780.346000,-1086.501000,330.000000
892.700000,-1048.131000,338.480000
852.185000,-988.700000,334.560000
819.700000,-1059.358000,330.656000
879.414000,-1091.700000,326.752000
825.029000,-993.953000,340.000000
809.800000,-1053.820000,335.063000
805.044000,-995.800000,331.891000
780.800000,-1013.560000,328.706000
793.212000,-1055.800000,325.534000
784.454000,-1022.260000,337.000000
773.400000,-1081.125000,334.768000
733.152000,-1072.200000,330.848000
721.400000,-1094.850000,326.944000
723.324000,-1097.200000,323.024000
730.760000,-1092.975000,338.000000
772.800000,-1042.032000,405.352000
763.200000,-1000.200000,379.000000
747.800000,-1029.096000,352.540000
763.975000,-1056.200000,326.188000
753.650000,-1012.576000,433.000000
840.300000,-928.161000,376.820000
784.636000,-920.900000,357.788000
784.300000,-927.578000,338.756000
798.692000,-973.900000,397.646000
800.372000,-953.283000,401.000000
844.200000,-858.982000,343.377000
806.752000,-824.200000,338.232000
782.200000,-872.776000,333.108000
835.954000,-890.200000,348.984000
803.342000,-824.266000,351.000000
769.300000,-869.633000,366.729000
765.448000,-824.700000,351.357000
751.300000,-841.654000,335.922000
759.886000,-873.700000,383.550000
758.392000,-843.859000,393.000000
753.142980,-844.581174,363.327000
747.015109,-826.694761,347.955000
726.492831,-863.520649,332.583000
726.923950,-865.865835,380.148000
736.263951,-859.622515,393.000000
869.700000,-758.056000,333.568000
848.000000,-742.700000,329.158000
819.700000,-755.130000,342.766000
854.550000,-764.700000,338.374000
844.800000,-746.462000,343.000000
907.900000,-741.380000,332.596000
906.360000,-736.100000,328.204000
872.900000,-746.600000,341.794000
883.645000,-796.100000,337.402000
892.325000,-769.820000,343.000000
832.080822,-791.773218,405.324000
814.751435,-761.254508,357.304000
786.477876,-781.966600,505.480000
819.155860,-808.591957,457.460000
807.734322,-800.508982,529.000000
909.000000,-659.144000,334.560000
892.368000,-630.500000,328.704000
846.000000,-643.535000,346.824000
879.201000,-663.500000,340.968000
887.769000,-641.786000,351.000000
840.600000,-647.734000,350.053000
795.152000,-641.800000,332.241000
788.600000,-641.915000,387.429000
795.724000,-664.800000,369.544000
825.832000,-658.636000,404.000000
897.700000,-615.928000,369.720000
858.012000,-592.600000,532.045000
820.374000,-592.600000,404.335000
815.700000,-614.740000,479.585000
876.954000,-628.600000,427.125000
816.438000,-628.600000,498.505000
906.700000,-542.634000,327.310000
895.354000,-541.000000,338.650000
784.700000,-550.675000,334.975000
828.254000,-584.000000,331.315000
885.106000,-563.016000,340.000000
552.836800,-1139.316083,328.030000
540.336371,-1113.847814,350.680000
516.309965,-1130.879135,343.360000
541.294920,-1154.299556,336.010000
540.520898,-1149.876563,355.000000
526.964667,-1174.355520,333.473000
522.905652,-1143.990464,453.677000
509.326017,-1134.830884,342.695000
478.917436,-1129.349513,414.722000
501.266745,-1163.168939,375.926000
504.176667,-1165.131706,412.337000
531.482227,-1159.637474,485.000000
505.817829,-1093.948990,386.573000
499.888398,-1077.372325,371.689000
497.819355,-1077.264354,356.805000
479.363038,-1096.518057,341.860000
495.322303,-1102.077512,387.000000
580.775192,-1076.222164,427.460000
590.339968,-1030.069562,400.755000
542.357055,-1035.274023,374.159000
554.528663,-1082.776243,347.563000
571.807950,-1014.163383,434.000000
615.379568,-1037.062447,354.352000
621.899389,-1023.134489,346.544000
593.558981,-994.254711,338.704000
597.679641,-1015.471812,330.896000
594.216016,-999.226125,358.000000
644.415346,-994.896259,335.152000
642.031588,-964.851900,332.468000
605.952160,-983.580067,329.784000
602.262711,-987.247134,327.089000
610.117520,-986.364170,337.000000
653.094021,-962.422933,357.381000
671.181881,-940.769268,347.826000
651.347961,-944.535472,338.310000
643.100788,-963.296573,328.794000
660.276750,-941.146058,366.000000
448.148634,-1086.026949,328.725000
423.334306,-1044.772360,328.481000
419.107142,-1046.493067,328.236000
397.139046,-1079.162568,328.992000
409.611361,-1070.071506,329.000000
452.862600,-1047.989672,371.680000
456.976262,-1025.153793,355.755000
432.396939,-1031.106689,339.895000
439.127031,-1053.960331,388.970000
454.588064,-1023.374129,393.000000
511.661005,-1033.601600,365.552000
531.489394,-1011.832962,349.936000
512.002924,-1003.729249,334.256000
502.317365,-1025.067994,382.640000
515.069551,-1011.900313,390.000000
509.988403,-996.970696,355.636000
507.314321,-975.370963,343.680000
479.057968,-992.422198,331.724000
478.218070,-995.055636,368.719000
488.599097,-996.918874,377.000000
544.636776,-1007.828470,345.374000
544.604855,-979.226493,337.044000
514.053489,-963.109311,328.748000
528.166736,-998.652500,354.452000
536.743146,-977.185092,362.000000
613.534155,-949.501561,330.285000
618.230667,-944.735904,329.065000
590.003996,-924.806082,332.840000
555.996716,-964.813335,331.620000
580.793248,-955.014708,333.000000
572.596629,-935.867352,352.028000
589.490757,-908.361813,338.063000
549.335618,-932.828835,381.155000
547.722935,-953.712807,367.190000
545.568693,-948.435431,386.000000
631.634981,-928.905288,334.300000
662.089351,-890.231014,329.908000
624.927992,-876.432320,343.498000
612.958656,-915.366508,339.106000
643.174211,-898.020648,346.000000
702.300570,-849.146064,367.368000
694.375422,-817.192552,334.916000
652.879961,-844.129499,435.464000
654.791259,-847.760968,402.879000
676.855848,-855.384123,461.000000
726.712384,-813.950349,345.767000
731.860007,-793.730847,397.862000
711.177882,-791.787432,381.026000
715.608797,-813.387667,364.190000
732.429066,-800.114307,398.000000
763.900000,-676.640000,343.261000
762.388000,-675.500000,380.305000
742.900000,-679.376000,368.300000
749.935000,-694.500000,356.344000
759.448000,-685.627000,383.000000
740.797997,-709.387930,335.400000
728.128753,-680.156631,365.640000
707.118604,-678.756784,355.880000
731.119254,-714.040892,346.080000
729.339319,-709.518124,370.000000
766.000000,-643.720000,337.952000
744.684000,-578.200000,365.132000
693.000000,-611.194000,356.348000
733.515000,-656.200000,347.564000
758.408000,-602.692000,371.000000
765.700000,-546.800000,334.560000
711.580000,-537.600000,349.680000
705.700000,-538.920000,344.780000
715.600000,-577.600000,339.900000
762.640000,-565.760000,354.000000
708.600000,-562.440000,535.625000
687.096000,-536.400000,482.950000
666.600000,-563.406000,430.490000
699.150000,-578.400000,377.815000
438.742395,-1009.289066,365.840000
435.213462,-1004.454492,356.080000
402.240302,-975.796660,346.280000
396.696590,-1004.560588,336.520000
398.612372,-982.328419,369.000000
476.522498,-971.334835,399.094000
460.212203,-930.853896,379.086000
429.137041,-936.361526,359.078000
461.421939,-983.196300,338.988000
432.809325,-941.455752,410.000000
492.571840,-953.903736,332.070000
500.260287,-925.738505,330.845000
468.496478,-909.061601,329.625000
475.246743,-942.519822,328.405000
478.529611,-911.488359,333.000000
563.400814,-899.031427,344.960000
535.884969,-847.890819,339.836000
530.164580,-848.740025,334.691000
495.486483,-893.343787,329.567000
511.733311,-880.418982,350.000000
602.675793,-869.700335,339.605000
618.662723,-835.098211,335.930000
578.060844,-851.030341,332.270000
579.302615,-881.833470,343.595000
613.439282,-832.842801,344.000000
561.215192,-860.041811,331.571000
580.368582,-837.930625,329.863000
557.653127,-824.323527,328.148000
549.596756,-847.601057,333.440000
560.734817,-834.373929,334.000000
588.920883,-815.230711,347.965000
591.235428,-800.291960,339.425000
566.738656,-816.465650,330.885000
564.935053,-818.662205,357.310000
572.044449,-818.492240,362.000000
621.984268,-797.551530,343.472000
633.740535,-777.969033,335.632000
614.288440,-778.048297,327.824000
611.769690,-796.918755,351.984000
626.689773,-779.123498,358.000000
681.966530,-796.602875,333.888000
684.882407,-794.167013,330.472000
645.420873,-751.564910,327.042000
635.517246,-779.287572,337.626000
652.545120,-782.066988,341.000000
712.353806,-763.821593,344.578000
717.421651,-720.407228,337.014000
670.582831,-733.309083,360.450000
686.053912,-777.012241,352.855000
675.792568,-763.768491,362.000000
417.568501,-932.526997,335.930000
432.308892,-902.959284,331.520000
392.886649,-872.734874,345.128000
395.152806,-909.512858,340.736000
415.177930,-901.992753,347.000000
461.199270,-894.928741,334.289000
444.683462,-860.184605,329.653000
417.469048,-872.436596,343.998000
419.245127,-876.441349,339.362000
440.123181,-891.497742,347.000000
496.577694,-868.234920,332.448000
519.639666,-830.833491,328.528000
481.358943,-838.095756,340.624000
476.022206,-872.311358,336.704000
514.874148,-840.679823,344.000000
487.853683,-823.187286,334.944000
489.790195,-820.044136,358.380000
469.374849,-807.268921,350.785000
446.782076,-835.261209,343.221000
468.298387,-831.425825,359.000000
544.272389,-825.301556,331.930000
546.667700,-808.052006,353.854000
526.209098,-816.767248,346.778000
532.311503,-833.227003,339.673000
532.140216,-830.655793,356.000000
521.981956,-810.927021,327.702000
536.278475,-787.537476,332.232000
511.286362,-775.838317,330.768000
508.770305,-801.238187,329.304000
531.271151,-797.323554,333.000000
576.084892,-797.113356,326.819000
548.708685,-751.341266,336.647000
543.897805,-745.972371,333.462000
526.262768,-771.293339,330.290000
561.786583,-802.052218,339.000000
581.737070,-750.824579,326.060000
591.368148,-734.198315,330.590000
573.340027,-739.609737,329.126000
571.749009,-754.463136,327.656000
592.900941,-741.207787,332.000000
631.203570,-731.279797,334.560000
629.912490,-728.207662,332.120000
606.379127,-710.205929,329.670000
595.783870,-733.732798,327.230000
600.457343,-715.907173,335.000000
592.464969,-721.595900,353.766000
605.720593,-697.157718,345.714000
563.067278,-726.100287,337.629000
564.762076,-743.508123,329.577000
561.262751,-729.009169,357.000000
656.892728,-725.946070,341.980000
682.424317,-680.153451,337.080000
635.243908,-664.984605,332.200000
632.071870,-713.314302,327.300000
647.983033,-664.794177,345.000000
339.000654,-1017.518166,334.540000
267.053735,-914.226968,331.612000
258.938421,-908.638743,328.672000
242.532032,-955.450894,325.744000
253.048209,-945.197937,337.000000
359.590187,-982.025045,351.935000
383.759361,-945.081980,343.395000
339.498166,-966.126254,334.855000
333.978420,-996.427755,326.280000
376.648638,-943.634276,361.000000
326.899727,-972.911552,345.136000
357.632038,-926.600470,339.746000
286.463246,-862.826056,334.378000
285.139712,-922.886752,351.010000
299.377040,-893.789462,352.000000
381.733996,-866.874581,410.688000
359.150614,-814.750760,378.480000
319.886039,-824.311381,346.140000
317.455128,-828.410767,445.932000
336.861570,-842.342681,459.000000
395.371244,-846.660837,339.782000
399.165888,-815.021933,334.392000
363.697074,-795.104501,329.024000
375.964787,-834.041431,345.634000
384.865796,-808.613020,349.000000
466.767015,-785.712711,334.378000
433.569117,-738.195401,330.962000
430.497412,-739.164442,327.532000
420.866144,-765.411961,338.116000
436.436784,-768.594219,341.000000
493.103728,-764.003745,326.000000
483.783564,-727.518152,326.000000
452.568980,-722.196082,326.000000
477.416089,-765.736432,326.000000
486.854023,-732.047157,326.000000
564.459741,-698.275596,331.720000
582.083103,-677.090720,327.800000
561.012967,-666.324230,339.896000
553.802692,-688.248777,335.992000
568.804016,-679.401483,341.000000
555.998035,-707.794367,326.830000
542.890216,-676.769330,325.610000
516.874672,-688.005459,329.385000
517.357418,-691.320407,328.165000
535.523162,-704.352614,330.000000
524.920780,-679.776906,330.008000
545.022287,-655.950895,326.088000
521.490476,-664.540078,338.184000
512.494870,-684.110556,334.264000
539.546755,-661.898123,341.000000
596.487947,-636.136576,329.734000
598.261873,-633.624559,323.364000
576.945444,-614.641970,343.020000
563.327601,-636.511102,336.676000
580.672945,-638.426653,349.000000
286.034816,-838.195110,334.175000
282.660282,-817.935810,360.635000
265.287318,-817.320201,352.060000
276.914386,-841.111862,343.520000
275.253324,-837.672630,362.000000
250.379105,-867.795542,322.128000
261.222112,-828.944771,332.698000
205.776378,-781.885181,329.282000
218.131416,-834.208694,325.852000
255.349015,-842.720617,334.000000
329.363220,-796.220074,326.000000
306.641470,-753.886519,326.000000
277.068678,-767.641969,326.000000
281.014319,-773.078734,326.000000
313.424023,-800.532906,326.000000
286.205345,-713.636424,324.176000
298.705978,-693.912089,327.200000
279.001921,-702.604704,326.224000
275.403865,-718.808662,325.244000
298.802374,-700.912000,328.000000
355.539647,-704.048599,331.937000
355.748369,-702.785831,330.222000
346.584447,-698.691111,328.514000
337.828433,-711.353209,326.806000
348.811901,-710.037118,332.000000
338.563037,-695.448806,328.685000
341.510329,-686.206475,327.465000
328.552788,-695.127118,326.240000
330.533433,-702.350852,325.020000
327.383151,-696.578668,329.000000
360.953286,-695.030755,327.536000
370.056320,-676.073216,326.556000
349.412911,-666.857468,325.580000
349.846221,-687.769405,324.600000
353.332290,-667.127259,328.000000
406.538633,-667.799766,329.320000
392.435662,-653.924008,328.344000
390.231433,-654.567259,327.364000
381.231209,-687.121668,326.388000
384.636277,-677.066722,330.000000
427.901755,-654.276692,340.744000
429.682020,-626.616222,336.108000
403.753586,-638.157054,331.472000
414.072308,-662.337741,326.817000
421.164906,-624.426562,345.000000
401.355881,-603.792359,358.427000
396.741485,-609.277581,346.422000
365.950395,-647.186437,334.466000
381.725491,-631.840117,371.510000
375.628097,-636.665777,372.000000
565.811293,-589.080373,338.056000
573.529498,-565.263000,332.200000
534.509344,-591.848496,326.320000
529.143282,-596.374654,344.464000
538.197057,-595.991315,346.000000
562.900000,-549.743000,336.760000
548.980000,-533.300000,330.904000
522.900000,-543.380000,325.048000
547.340000,-554.300000,343.168000
537.380000,-538.697000,346.000000
514.945011,-644.784896,341.298000
502.957066,-621.078311,334.193000
499.815105,-622.234398,327.117000
479.252103,-647.278170,349.041000
492.100859,-643.369753,354.000000
484.652174,-608.835732,321.000000
487.241184,-580.143289,321.000000
458.094187,-582.631431,321.000000
468.749818,-613.324844,321.000000
487.063551,-582.019357,321.000000
470.500000,-569.878000,321.000000
468.720000,-563.200000,321.000000
460.500000,-565.370000,321.000000
464.910000,-570.200000,321.000000
465.730000,-566.189000,321.000000
452.793973,-577.819163,321.000000
447.883378,-569.082956,321.000000
439.594404,-583.554482,321.000000
439.507630,-585.096667,321.000000
445.627796,-584.066323,321.000000
428.222901,-592.192126,322.388000
431.756346,-570.020928,321.412000
420.039777,-582.607817,324.436000
421.956967,-598.382757,323.456000
429.880337,-575.980211,325.000000
479.100000,-547.740000,321.000000
478.764000,-546.500000,321.000000
437.100000,-547.890000,321.000000
448.482000,-556.500000,321.000000
465.828000,-552.480000,321.000000
409.979274,-568.991223,321.000000
411.465673,-547.574019,321.000000
397.302170,-574.249648,321.000000
401.994545,-586.755620,321.000000
400.817173,-585.797603,321.000000
393.697136,-566.639486,321.000000
399.446237,-542.808903,321.000000
389.002727,-549.478666,321.000000
388.041967,-567.443000,321.000000
396.320092,-552.526195,321.000000
1349.738741,-491.489709,311.448000
1353.549694,-469.256518,353.784000
1311.220060,-488.830527,340.064000
1310.946907,-491.406992,326.400000
1328.261338,-499.673211,360.000000
1269.500000,-515.120000,311.212000
1240.445000,-494.600000,332.380000
1204.500000,-511.970000,325.548000
1250.715000,-524.600000,318.688000
1262.870000,-499.340000,337.000000
1269.000000,-419.086000,307.546000
1267.461000,-416.200000,323.401000
1242.000000,-423.571000,318.277000
1250.640000,-455.200000,313.153000
1267.704000,-437.572000,328.000000
1188.300000,-511.248000,323.608000
1153.616000,-496.400000,320.192000
1136.300000,-521.968000,316.762000
1184.660000,-528.400000,313.346000
1136.560000,-526.416000,324.000000
1131.300000,-520.760000,315.754000
1124.375000,-486.600000,315.022000
1106.300000,-502.960000,314.290000
1119.800000,-526.600000,313.555000
1107.775000,-499.720000,316.000000
1190.100000,-454.092000,318.920000
1122.688000,-449.700000,316.960000
1114.100000,-450.042000,315.008000
1125.500000,-467.700000,313.056000
1122.688000,-462.624000,320.000000
1203.900000,-430.224000,335.574000
1157.182000,-407.400000,327.278000
1109.900000,-430.044000,318.948000
1181.340000,-443.400000,310.652000
1125.504000,-411.288000,342.000000
963.800000,-496.775000,326.274000
960.162000,-496.200000,325.539000
929.800000,-501.697000,324.807000
942.380000,-519.200000,324.072000
937.280000,-507.654000,327.000000
1005.000000,-446.050000,340.304000
954.810000,-433.600000,333.960000
935.000000,-459.040000,327.590000
1003.600000,-463.600000,347.246000
954.180000,-460.240000,348.000000
912.300000,-519.050000,390.000000
895.950000,-494.900000,365.600000
862.300000,-508.640000,341.200000
891.800000,-524.900000,416.700000
878.650000,-503.270000,425.000000
911.700000,-452.100000,336.925000
887.338000,-444.300000,330.800000
885.700000,-447.020000,324.700000
890.900000,-484.300000,343.600000
895.606000,-471.060000,347.000000
914.100000,-419.750000,377.472000
886.750000,-402.200000,352.096000
864.100000,-422.540000,326.616000
904.600000,-432.200000,405.240000
885.800000,-403.970000,425.000000
864.200000,-491.625000,369.710000
854.466000,-473.100000,350.355000
802.200000,-478.572000,331.079000
828.240000,-492.100000,390.724000
832.456000,-481.631000,410.000000
863.600000,-440.135000,365.444000
816.046000,-433.200000,346.168000
801.600000,-450.262000,405.813000
803.460000,-452.200000,386.537000
835.204000,-449.141000,410.000000
772.000000,-492.110000,366.234000
772.000000,-515.778000,351.183000
729.136000,-400.000000,345.006000
658.000000,-461.976000,410.778000
658.000000,-414.152000,389.289000
730.960000,-522.000000,389.463000
725.830000,-427.938000,420.000000
762.310000,-499.796000,420.000000
634.400000,-415.980000,346.714000
576.226000,-398.000000,330.544000
575.400000,-412.632000,380.440000
590.091000,-522.000000,364.336000
613.691000,-474.756000,391.000000
574.200000,-465.105000,330.550000
540.228000,-399.300000,320.302000
517.200000,-488.844000,352.012000
566.163000,-522.300000,341.764000
557.214000,-400.407000,361.000000
480.900000,-505.775000,325.188000
474.720000,-469.700000,346.356000
450.900000,-482.882000,339.524000
464.970000,-508.700000,332.664000
473.580000,-485.261000,347.000000
405.300000,-488.930000,318.344000
384.084000,-475.700000,324.384000
379.300000,-515.516000,322.432000
381.354000,-517.700000,320.480000
400.360000,-508.838000,325.000000
499.500000,-441.505000,316.772000
479.904000,-398.500000,315.260000
453.500000,-432.538000,315.750000
485.194000,-459.500000,316.238000
493.198000,-409.419000,315.000000
1271.200000,-297.808000,312.185000
1269.940000,-290.800000,376.360000
1236.200000,-302.991000,355.620000
1246.665000,-363.800000,334.795000
1268.295000,-332.337000,392.000000
1217.300000,-327.078000,313.609000
1185.000000,-315.900000,379.381000
1167.300000,-333.771000,358.066000
1212.750000,-338.900000,336.838000
1215.850000,-337.980000,400.000000
1167.900000,-367.980000,395.911000
1157.660000,-276.000000,374.683000
1127.900000,-316.635000,353.455000
1148.660000,-381.000000,332.140000
1128.860000,-312.750000,400.000000
1100.100000,-311.970000,455.200000
1013.500000,-300.000000,416.490000
1055.400000,-300.000000,413.172000
1000.100000,-344.865000,377.938000
1013.000000,-345.000000,339.386000
1051.400000,-345.000000,324.376000
1007.900000,-333.300000,471.000000
997.200000,-372.660000,411.214000
968.640000,-349.700000,384.618000
937.200000,-370.945000,357.913000
981.540000,-384.700000,331.317000
945.060000,-354.250000,428.000000
998.100000,-260.610000,405.437000
992.940000,-259.000000,378.732000
938.100000,-266.595000,352.136000
959.040000,-294.000000,325.431000
949.200000,-277.200000,428.000000
879.400000,-368.928000,377.469000
863.415000,-358.900000,360.145000
856.400000,-377.921000,342.750000
878.457000,-381.900000,325.426000
861.897000,-379.830000,396.000000
830.200000,-376.532000,377.320000
820.440000,-350.100000,359.752000
798.200000,-364.084000,342.184000
816.376000,-382.100000,396.544000
807.544000,-359.700000,400.000000
889.700000,-308.248000,374.824000
832.055000,-296.800000,354.734000
826.700000,-299.291000,334.726000
837.914000,-349.800000,396.636000
848.498000,-333.370000,405.000000
918.300000,-281.092000,329.358000
867.900000,-261.700000,326.674000
822.300000,-282.724000,323.979000
897.948000,-293.700000,332.295000
860.700000,-264.260000,334.000000
775.600000,-350.460000,386.116000
769.795000,-315.600000,359.520000
732.600000,-324.945000,332.924000
749.714000,-350.600000,415.219000
752.079000,-332.050000,438.000000
769.600000,-281.728000,367.919000
738.310000,-263.200000,346.114000
727.600000,-305.296000,413.398000
727.936000,-311.200000,391.682000
748.894000,-304.480000,415.000000
706.400000,-302.851000,329.672000
689.005000,-253.900000,325.768000
657.400000,-284.581000,337.848000
687.682000,-316.900000,333.944000
684.840000,-269.650000,339.000000
646.650000,-269.144000,340.020000
516.664500,-247.100000,326.545000
511.950000,-259.772000,368.125000
542.661600,-379.100000,354.650000
594.655800,-331.580000,375.000000
546.837300,-319.700000,375.000000
502.100000,-321.881000,323.260000
429.075000,-247.800000,312.036000
375.100000,-341.698000,346.766000
481.526000,-380.800000,335.542000
459.936000,-251.923000,355.000000
376.751000,-249.130000,355.000000
1095.100000,-238.242000,329.240000
1068.460000,-156.800000,319.480000
951.100000,-183.976000,349.720000
1015.612000,-242.800000,339.920000
1054.924000,-193.006000,359.000000
1061.692000,-197.134000,359.000000
921.400000,-185.375000,375.953000
921.400000,-164.600000,475.851000
861.775000,-160.100000,565.458000
885.925000,-160.100000,530.820000
846.400000,-229.550000,504.214000
846.400000,-160.550000,334.789000
850.750000,-235.100000,442.970000
886.825000,-235.100000,389.758000
994.700000,-83.431400,320.341000
975.665000,-70.200000,327.145000
947.700000,-79.955200,324.940000
979.096000,-88.400000,322.744000
986.616000,-73.858200,328.000000
1000.591794,-47.445309,322.592000
1000.380600,-45.358422,342.977000
959.363874,-39.413839,336.389000
967.835895,-56.081566,329.774000
994.095093,-54.377288,347.000000
853.906657,-114.380258,323.882000
840.461422,-94.386966,339.758000
821.636512,-98.664381,334.613000
845.593830,-119.772970,329.489000
847.213996,-120.418942,344.000000
883.911207,-93.911077,326.928000
883.451939,-67.709881,325.464000
839.074258,-50.553321,323.994000
856.553296,-79.791614,322.530000
890.171236,-82.626706,327.000000
922.261157,-14.883071,334.960000
889.807557,4.761097,331.040000
874.580167,-17.814753,327.136000
878.805619,-19.989776,323.216000
878.292939,-12.967794,336.000000
873.093345,-2.332659,326.453000
873.320456,27.015197,323.281000
854.524962,8.161889,320.096000
863.088962,-12.849723,316.924000
862.370400,24.307653,328.000000
783.200000,-194.549000,389.679000
780.640000,-191.400000,370.891000
743.200000,-200.612000,352.103000
756.280000,-238.400000,333.238000
749.200000,-216.827000,403.000000
712.800000,-210.350000,324.644000
682.470000,-187.500000,323.174000
667.800000,-227.800000,321.710000
709.965000,-237.500000,320.246000
676.980000,-234.050000,326.000000
638.700000,-212.760000,336.880000
617.684000,-195.800000,329.804000
564.700000,-204.120000,322.699000
605.178000,-215.800000,344.623000
583.718000,-202.220000,345.000000
423.000000,-199.020000,364.363000
393.498000,-189.500000,342.558000
390.000000,-190.500000,320.842000
395.181000,-229.500000,388.037000
400.263000,-217.940000,394.000000
776.400000,-103.580000,324.517000
748.680000,-65.900000,322.321000
721.400000,-104.000000,320.116000
763.585000,-125.900000,326.920000
741.475000,-72.020000,328.000000
769.250000,0.580000,338.832000
756.995000,1.300000,327.120000
661.750000,-8.500000,315.408000
702.277500,-38.700000,351.648000
706.685000,-18.380000,360.000000
507.800000,-13.384000,314.638000
464.360000,6.200000,309.003000
447.800000,-34.840000,303.391000
507.020000,-41.800000,320.779000
476.120000,-36.136000,326.000000
236.899547,-585.749695,322.452000
243.789595,-568.940353,322.208000
226.995102,-565.955655,322.963000
227.915755,-582.764998,322.719000
237.656858,-570.885604,323.000000
296.500000,-330.512000,312.399000
288.004000,-326.000000,312.154000
287.500000,-327.800000,312.910000
289.363000,-350.000000,312.665000
292.711000,-341.888000,313.000000
283.000000,-315.702000,312.345000
269.728000,-310.500000,312.100000
259.000000,-316.665000,312.856000
278.608000,-319.500000,312.612000
274.192000,-310.968000,313.000000
148.173173,-571.873329,324.328000
179.786928,-548.630689,322.376000
154.453439,-524.902651,328.416000
136.869653,-552.508365,326.464000
161.360382,-551.410103,330.000000
141.884598,-299.864140,313.476000
129.082429,-274.404760,314.986000
107.466175,-284.785087,314.498000
106.677751,-287.355421,314.008000
127.070711,-301.808683,315.000000
103.859183,-629.111380,339.008000
135.441400,-584.529712,404.780000
98.751043,-600.278394,383.465000
85.021858,-635.933546,362.237000
127.142795,-598.835896,410.000000
60.460652,-544.201043,321.300000
110.031399,-540.311359,328.860000
98.579970,-522.112193,326.420000
7.165010,-402.027086,323.970000
21.703251,-472.159399,330.000000
146.662594,-440.020735,321.694000
163.850928,-388.047477,338.304000
101.951081,-414.787756,332.936000
110.626431,-461.654155,327.568000
179.194716,-406.751808,342.000000
54.060029,-319.150136,314.782000
111.796557,-377.354037,340.486000
111.374003,-337.671108,332.156000
62.276413,-302.855664,323.860000
85.302439,-354.093364,348.000000
54.811320,-288.443514,344.010000
32.424319,-236.341058,335.925000
-21.457218,-274.202384,327.873000
-19.777132,-280.306129,319.788000
-12.824858,-266.294101,345.000000
364.000000,-199.303000,318.572000
314.638000,-131.500000,314.424000
250.000000,-186.208000,310.259000
329.344000,-228.500000,306.111000
257.068000,-148.281000,320.000000
323.074000,-224.426000,320.000000
311.869148,-45.518009,315.068000
314.403993,-41.542562,311.652000
288.206877,-24.879404,308.236000
262.782110,-59.590435,304.806000
275.639305,-40.543136,317.000000
209.000000,-45.505000,310.809000
184.186000,0.000000,310.564000
171.000000,-74.480000,310.320000
205.808000,-95.000000,310.076000
177.422000,-90.535000,311.000000
170.000000,-186.835000,323.305000
125.290000,0.000000,320.621000
0.000000,-84.710000,317.926000
89.420000,-215.000000,315.242000
37.740000,-73.745000,326.000000
154.020000,-72.455000,326.000000
102.680000,-130.290000,326.000000
68.510000,-17.845000,326.000000
