1522.700000,-1104.531000,304.958000
1517.549000,-1072.200000,304.470000
1505.700000,-1089.126000,305.980000
1515.322000,-1111.200000,305.492000
1514.166000,-1084.017000,306.000000
1493.900000,-1064.228000,307.784000
1474.964000,-1052.600000,307.296000
1469.900000,-1083.914000,306.806000
1471.148000,-1086.600000,306.318000
1471.964000,-1080.344000,308.000000
1570.100000,-980.520000,303.135000
1561.268000,-963.400000,301.420000
1538.100000,-971.540000,306.712000
1555.348000,-983.400000,304.997000
1559.636000,-970.000000,308.000000
1526.200000,-963.970000,315.340000
1514.770000,-952.900000,310.460000
1511.200000,-979.720000,305.580000
1511.575000,-982.900000,320.680000
1515.100000,-978.190000,321.000000
1508.400000,-981.024000,302.170000
1497.942000,-956.300000,308.974000
1466.400000,-966.940000,306.769000
1487.904000,-984.300000,304.573000
1501.974000,-966.268000,310.000000
1497.975287,-732.334273,314.661000
1473.451370,-731.118906,308.046000
1505.465961,-762.031044,301.458000
1522.402177,-751.101633,321.870000
1510.618757,-755.567120,327.000000
1427.300000,-620.870000,325.208000
1421.972000,-569.000000,320.798000
1403.300000,-589.178000,316.406000
1414.940000,-626.000000,311.996000
1403.828000,-590.831000,326.000000
1390.800000,-627.922000,310.944000
1348.260000,-622.000000,308.992000
1330.800000,-633.760000,315.032000
1389.120000,-636.000000,313.080000
1367.340000,-634.558000,316.000000
1366.100000,-617.656000,316.591000
1362.785000,-574.600000,313.907000
1349.100000,-589.642000,311.212000
1356.886000,-620.600000,308.528000
1352.449000,-593.460000,319.000000
1347.700000,-599.050000,308.388000
1330.650000,-580.600000,309.898000
1322.700000,-613.933000,309.410000
1346.325000,-621.600000,308.922000
1342.300000,-618.484000,310.000000
1448.900000,-1105.701000,309.030000
1442.684000,-1079.700000,307.810000
1411.900000,-1087.800000,306.590000
1427.847000,-1106.700000,310.365000
1425.627000,-1091.499000,311.000000
1344.200000,-1090.118000,308.000000
1331.100000,-1073.900000,308.000000
1324.200000,-1100.624000,308.000000
1342.560000,-1107.900000,308.000000
1343.360000,-1106.234000,308.000000
1442.100000,-1062.000000,309.912000
1437.306000,-1042.200000,305.992000
1408.100000,-1047.660000,318.088000
1421.836000,-1062.200000,314.184000
1426.664000,-1051.480000,319.000000
1434.000000,-1017.088000,319.900000
1378.108000,-1006.000000,315.000000
1345.000000,-1022.698000,310.120000
1424.299000,-1028.000000,305.220000
1356.837000,-1027.516000,323.000000
1344.900000,-1010.303000,310.369000
1337.832000,-1009.300000,306.221000
1282.900000,-1023.814000,319.073000
1306.274000,-1068.300000,314.908000
1327.540000,-1038.269000,323.000000
1446.100000,-960.354000,311.380000
1431.676000,-942.300000,307.964000
1422.100000,-967.188000,304.534000
1442.836000,-976.300000,315.118000
1429.492000,-942.436000,316.000000
1399.000000,-956.252000,303.249000
1395.085000,-954.800000,305.514000
1354.000000,-962.027000,304.782000
1369.795000,-987.800000,304.050000
1394.275000,-971.894000,306.000000
1337.700000,-969.714000,305.984000
1328.516000,-951.300000,305.004000
1321.700000,-974.598000,304.028000
1335.092000,-984.300000,307.048000
1329.412000,-952.323000,308.000000
1430.300000,-916.678000,339.228000
1427.433000,-915.400000,329.224000
1383.300000,-918.856000,319.179000
1398.528000,-933.400000,309.175000
1386.543000,-925.210000,343.000000
1308.000000,-878.548000,323.408000
1298.154000,-836.500000,311.696000
1290.000000,-885.388000,347.936000
1304.580000,-908.500000,336.224000
1301.826000,-840.676000,356.000000
1302.100000,-755.748000,328.286000
1301.590000,-753.200000,321.181000
1287.100000,-757.490000,314.105000
1291.555000,-779.200000,307.029000
1290.760000,-768.072000,336.000000
1356.800000,-788.965000,311.234000
1319.360000,-779.800000,333.158000
1284.800000,-789.580000,326.082000
1341.176000,-794.800000,318.977000
1344.632000,-781.075000,336.000000
1451.000000,-763.475000,320.124000
1450.265000,-761.600000,311.340000
1346.000000,-763.670000,302.520000
1374.350000,-776.600000,329.736000
1389.890000,-770.585000,336.000000
1446.700000,-746.806000,334.992000
1439.798000,-723.200000,326.172000
1432.700000,-746.325000,317.388000
1443.284000,-760.200000,308.604000
1432.784000,-727.344000,336.000000
1445.200000,-708.180000,318.480000
1362.880000,-705.900000,306.720000
1361.200000,-707.565000,343.008000
1381.612000,-720.900000,331.248000
1411.012000,-715.290000,348.000000
1359.800000,-726.105000,345.474000
1352.344000,-701.500000,335.226000
1343.800000,-723.626000,324.978000
1355.464000,-738.500000,314.688000
1346.680000,-706.643000,354.000000
1342.600000,-701.606000,320.820000
1307.339000,-699.100000,352.572000
1305.600000,-700.290000,342.282000
1313.592000,-713.100000,332.034000
1334.016000,-708.228000,354.000000
1302.800000,-725.344000,338.166000
1295.320000,-703.200000,327.876000
1285.800000,-721.472000,317.628000
1297.751000,-735.200000,349.380000
1291.835000,-708.512000,354.000000
1268.400000,-1054.175000,307.595000
1245.250000,-1042.900000,320.447000
1243.400000,-1046.090000,316.299000
1248.125000,-1097.900000,312.134000
1266.950000,-1080.245000,324.000000
1228.600000,-1095.789000,309.240000
1224.470000,-1073.500000,308.020000
1218.600000,-1090.364000,311.795000
1225.360000,-1104.500000,310.575000
1223.890000,-1079.483000,312.000000
1220.900000,-1096.820000,311.583000
1193.031000,-1094.500000,310.851000
1189.900000,-1094.810000,310.116000
1194.922000,-1104.500000,309.384000
1193.527000,-1101.560000,312.000000
1216.600000,-1067.890000,307.274000
1213.512000,-1056.700000,307.029000
1208.600000,-1064.455000,307.785000
1213.792000,-1071.700000,307.540000
1214.232000,-1060.000000,308.000000
1195.000000,-1060.324000,311.058000
1186.280000,-1051.000000,310.326000
1185.000000,-1051.144000,309.594000
1186.350000,-1087.000000,311.859000
1187.910000,-1077.388000,312.000000
1187.000000,-1097.798000,311.089000
1181.615000,-1077.700000,319.405000
1172.000000,-1090.440000,316.710000
1181.330000,-1103.700000,314.026000
1185.170000,-1084.122000,321.000000
1148.400000,-1084.750000,311.000000
1106.150000,-1077.600000,311.000000
1098.400000,-1102.025000,311.000000
1103.800000,-1102.600000,311.000000
1121.700000,-1096.600000,311.000000
1231.100000,-1015.600000,310.850000
1223.796000,-998.000000,310.360000
1209.100000,-1008.186000,309.872000
1222.190000,-1020.000000,309.382000
1210.266000,-1004.006000,311.000000
1206.100000,-1017.533000,310.685000
1194.648000,-1004.700000,309.465000
1192.100000,-1043.650000,313.245000
1193.248000,-1045.700000,312.020000
1201.060000,-1036.967000,314.000000
1143.300000,-1038.769000,322.500000
1131.710000,-999.900000,319.084000
1105.300000,-1020.439000,315.654000
1126.884000,-1046.900000,312.238000
1113.964000,-1014.000000,326.000000
1268.000000,-928.600000,309.141000
1245.032000,-925.200000,314.426000
1239.000000,-934.430000,312.718000
1240.595000,-935.200000,311.010000
1262.635000,-933.340000,315.000000
1238.900000,-975.449000,312.300000
1235.286000,-947.300000,311.324000
1225.900000,-960.830000,310.348000
1232.933000,-980.300000,313.368000
1231.126000,-958.091000,314.000000
1224.200000,-959.676000,313.952000
1215.020000,-949.400000,312.976000
1212.200000,-974.488000,311.996000
1212.536000,-977.400000,311.020000
1224.068000,-972.948000,314.000000
1179.800000,-975.860000,311.604000
1174.027000,-965.300000,310.628000
1156.800000,-969.896000,313.648000
1168.622000,-977.300000,312.672000
1170.071000,-969.548000,314.000000
1190.200000,-946.620000,323.838000
1141.492000,-934.800000,319.673000
1124.200000,-960.870000,315.525000
1124.266000,-964.800000,311.360000
1135.024000,-960.840000,327.000000
1268.300000,-873.454000,310.130000
1265.164000,-853.500000,313.910000
1254.300000,-861.332000,312.690000
1261.118000,-875.500000,311.465000
1264.814000,-861.882000,314.000000
1257.000000,-838.941000,312.278000
1248.468000,-830.100000,311.790000
1245.000000,-847.782000,311.300000
1256.688000,-851.100000,312.812000
1249.056000,-848.895000,313.000000
1157.500000,-870.620000,316.000000
1154.939000,-842.600000,316.000000
1144.500000,-852.470000,316.000000
1150.480000,-872.600000,316.000000
1156.538000,-854.840000,316.000000
1145.100000,-864.420000,316.000000
1121.160000,-857.700000,316.000000
1110.100000,-869.925000,316.000000
1143.245000,-872.700000,316.000000
1128.055000,-871.515000,316.000000
1259.300000,-798.749000,310.123000
1255.900000,-790.100000,310.367000
1239.300000,-792.818000,310.612000
1247.980000,-799.100000,310.856000
1241.300000,-794.015000,310.000000
1213.100000,-778.075000,313.000000
1204.559000,-749.100000,313.000000
1200.100000,-797.229000,313.000000
1212.060000,-810.100000,313.000000
1209.044000,-806.928000,313.000000
1200.200000,-808.768000,324.951000
1198.328000,-748.500000,320.786000
1187.200000,-765.275000,316.638000
1192.491000,-809.500000,329.490000
1190.775000,-776.682000,330.000000
1142.500000,-794.026000,318.805000
1119.190000,-781.000000,324.097000
1105.500000,-800.812000,322.389000
1138.541000,-807.000000,320.674000
1137.394000,-806.350000,325.000000
1270.600000,-739.995000,314.112000
1264.750000,-739.800000,313.136000
1220.600000,-743.024000,312.156000
1239.600000,-752.800000,315.180000
1243.050000,-746.157000,316.000000
1238.100000,-712.132000,332.997000
1211.568000,-688.900000,328.849000
1194.100000,-721.240000,324.684000
1232.204000,-732.900000,320.536000
1195.728000,-688.988000,334.000000
1172.300000,-697.944000,317.708000
1169.960000,-696.600000,317.218000
1146.300000,-703.672000,318.730000
1155.478000,-728.600000,318.240000
1162.524000,-713.112000,319.000000
1138.700000,-693.825000,321.298000
1122.572000,-685.500000,320.566000
1110.700000,-696.120000,319.834000
1134.192000,-700.500000,319.099000
1116.608000,-685.935000,322.000000
1202.900000,-643.018000,322.117000
1197.734000,-641.500000,339.505000
1120.900000,-645.768000,333.870000
1147.632000,-663.500000,328.258000
1186.336000,-653.446000,341.000000
1148.800000,-625.408000,320.144000
1126.840000,-599.800000,318.429000
1108.800000,-629.764000,316.721000
1141.280000,-643.800000,322.013000
1124.240000,-602.264000,323.000000
1251.400000,-592.108000,310.055000
1247.872000,-587.500000,318.360000
1153.400000,-595.516000,315.676000
1182.702000,-635.500000,312.981000
1248.754000,-614.812000,321.000000
1253.000000,-576.789000,319.344000
1208.545000,-564.000000,311.536000
1168.000000,-577.734000,335.696000
1234.810000,-585.000000,327.888000
1215.600000,-565.743000,338.000000
994.600000,-1066.348000,371.610000
994.114000,-1062.200000,355.262000
940.600000,-1066.994000,338.847000
955.288000,-1096.200000,322.499000
948.592000,-1082.464000,383.000000
1076.100000,-1032.544000,316.374000
1059.236000,-998.200000,329.964000
1042.100000,-1032.058000,325.572000
1067.906000,-1052.200000,321.180000
1067.090000,-1004.140000,330.000000
1024.800000,-1003.346000,323.895000
928.564000,-995.300000,321.699000
926.800000,-1001.456000,319.503000
950.810000,-1049.300000,326.298000
958.356000,-1028.942000,327.000000
995.200000,-959.546000,323.828000
965.653000,-931.700000,377.504000
932.200000,-956.900000,360.109000
978.316000,-973.700000,342.785000
989.467000,-937.454000,390.000000
1073.100000,-893.196000,321.734000
1013.890000,-885.100000,318.304000
1011.100000,-889.102000,328.888000
1024.616000,-931.100000,325.472000
1041.914000,-915.000000,329.000000
1021.800000,-855.650000,325.364000
1007.214000,-824.600000,323.894000
988.800000,-850.385000,322.430000
1012.065000,-869.600000,320.960000
991.572000,-831.980000,326.000000
1078.200000,-762.362000,332.382000
1050.360000,-751.400000,320.914000
1048.200000,-754.640000,356.446000
1053.930000,-805.400000,344.931000
1068.330000,-787.958000,365.000000
1028.200000,-792.516000,335.818000
1009.940000,-758.100000,330.450000
984.200000,-784.308000,325.060000
1014.032000,-806.100000,341.692000
995.596000,-767.220000,342.000000
986.200000,-757.000000,326.772000
935.744000,-743.200000,342.627000
930.200000,-745.180000,337.503000
939.440000,-803.200000,332.379000
977.576000,-785.440000,345.000000
1023.800000,-725.528000,335.900000
988.104000,-679.400000,331.000000
931.800000,-711.640000,326.120000
991.692000,-741.400000,341.220000
971.636000,-692.854000,345.000000
1083.800000,-620.020000,325.699000
1044.425000,-604.600000,323.991000
1038.800000,-604.960000,322.276000
1045.010000,-664.600000,320.568000
1039.700000,-648.460000,326.000000
987.100000,-651.830000,324.740000
980.602000,-606.400000,324.252000
969.100000,-635.487000,325.762000
980.332000,-665.400000,325.274000
980.044000,-620.796000,326.000000
965.000000,-636.708000,339.311000
951.432000,-626.200000,335.146000
949.000000,-662.423000,330.998000
950.776000,-663.200000,326.833000
952.120000,-654.246000,343.000000
1066.900000,-585.038000,325.510000
1021.476000,-542.000000,339.118000
930.900000,-567.164000,334.726000
1012.092000,-596.000000,330.316000
1037.252000,-556.634000,340.000000
813.700000,-1072.151000,325.688000
785.786000,-1059.400000,323.004000
779.700000,-1098.432000,320.309000
782.556000,-1100.400000,328.625000
792.246000,-1091.585000,330.000000
892.700000,-1073.572000,324.336000
870.289000,-988.700000,336.416000
819.700000,-1033.917000,332.512000
861.310000,-1091.700000,328.608000
889.561000,-1019.394000,340.000000
809.800000,-1016.080000,329.642000
786.774000,-995.800000,326.457000
780.800000,-1051.300000,336.285000
782.453000,-1055.800000,333.100000
796.576000,-1044.520000,337.000000
773.400000,-1093.475000,335.536000
758.840000,-1072.200000,331.632000
721.400000,-1082.500000,327.728000
749.636000,-1097.200000,323.808000
728.212000,-1080.325000,338.000000
772.800000,-1020.640000,352.972000
753.625000,-1000.200000,326.620000
747.800000,-1050.488000,408.160000
748.550000,-1056.200000,381.808000
765.775000,-1047.128000,433.000000
840.300000,-967.434000,375.416000
826.132000,-920.900000,356.306000
784.300000,-941.305000,337.274000
813.252000,-973.900000,396.242000
801.436000,-939.556000,401.000000
844.200000,-850.072000,331.764000
798.320000,-824.200000,347.640000
782.200000,-881.752000,342.516000
782.386000,-890.200000,337.371000
837.566000,-881.290000,351.000000
769.300000,-869.045000,361.311000
765.214000,-824.700000,345.939000
751.300000,-842.242000,330.504000
760.120000,-873.700000,378.132000
759.940000,-843.271000,393.000000
751.074568,-848.956933,387.330000
748.620760,-827.453748,371.958000
728.580047,-859.105110,356.523000
739.783620,-871.944574,341.151000
728.679913,-861.439718,393.000000
869.700000,-763.204000,330.814000
859.700000,-742.700000,326.404000
819.700000,-749.982000,340.012000
842.850000,-764.700000,335.602000
852.450000,-751.632000,343.000000
907.900000,-762.800000,338.230000
883.890000,-736.100000,333.838000
872.900000,-785.180000,329.446000
906.115000,-796.100000,325.036000
881.370000,-791.240000,343.000000
823.226578,-808.854786,362.008000
833.968199,-771.215532,510.184000
795.332120,-764.885032,462.164000
799.939096,-798.630932,414.340000
826.077442,-786.633913,529.000000
909.000000,-646.076000,340.464000
867.483000,-630.500000,334.584000
846.000000,-656.603000,328.728000
904.086000,-663.500000,346.872000
872.271000,-661.718000,351.000000
840.600000,-664.478000,402.102000
833.008000,-641.800000,384.217000
788.600000,-648.171000,366.405000
809.868000,-664.800000,348.520000
788.808000,-652.380000,404.000000
897.700000,-610.564000,407.990000
845.876000,-592.600000,355.530000
823.982000,-592.600000,502.590000
815.700000,-620.104000,517.855000
889.090000,-628.600000,465.395000
894.830000,-628.600000,381.760000
906.700000,-541.559000,336.985000
892.182000,-541.000000,333.325000
784.700000,-551.750000,329.650000
831.304000,-584.000000,325.990000
806.538000,-561.898000,340.000000
551.028370,-1141.997190,331.360000
543.179970,-1115.765846,354.010000
518.118395,-1128.198027,346.690000
538.480337,-1152.401096,339.370000
535.491657,-1150.385206,355.000000
539.161783,-1156.272552,425.216000
534.814777,-1152.023270,386.420000
498.117429,-1127.270596,419.333000
482.377722,-1124.219428,347.624000
489.357620,-1155.136133,467.669000
515.439142,-1172.728342,329.975000
496.875000,-1143.758681,485.000000
498.310599,-1100.028225,328.257000
503.785150,-1082.184413,374.373000
483.566498,-1088.806090,359.428000
486.794053,-1105.694596,344.544000
509.076739,-1089.920277,387.000000
605.995133,-1055.799459,374.050000
606.833197,-1050.437004,347.454000
564.543018,-1017.308184,429.749000
538.035434,-1062.408802,403.153000
566.890538,-1053.454107,434.000000
619.818626,-1033.467769,353.616000
609.801963,-1008.195413,345.776000
589.119923,-997.849389,337.968000
609.777067,-1030.410889,330.128000
599.364947,-996.508067,358.000000
654.417215,-986.796905,329.025000
656.880403,-983.188659,326.341000
630.956831,-963.331684,334.657000
608.181469,-994.556191,331.962000
631.651955,-992.577856,337.000000
657.626337,-958.752737,353.832000
669.652632,-938.880803,344.316000
646.815645,-948.205669,334.761000
644.630037,-965.185038,364.245000
665.630671,-938.547664,366.000000
449.421599,-1084.996123,328.101000
452.999211,-1081.405466,328.856000
417.834177,-1047.523894,328.612000
398.310841,-1080.609614,328.368000
430.157263,-1092.840774,329.000000
450.748763,-1049.701423,361.410000
458.367060,-1026.871285,345.485000
434.510776,-1029.394937,329.625000
437.736233,-1052.242839,378.700000
455.059475,-1028.278396,393.000000
530.741493,-1018.150526,385.264000
520.040168,-997.694345,369.648000
517.013961,-999.671392,353.968000
499.306697,-1021.350128,338.352000
505.585934,-1010.434994,390.000000
500.957967,-1004.283399,344.611000
512.119811,-981.305250,332.655000
488.061204,-985.131521,369.650000
487.886948,-1006.995706,357.694000
510.067177,-986.222941,377.000000
555.225390,-999.253980,353.568000
526.049973,-956.313121,345.238000
522.893524,-955.950792,336.942000
512.704334,-979.558024,328.646000
519.713135,-974.229834,362.000000
586.133543,-971.690139,328.820000
609.201178,-933.585414,332.600000
569.998705,-941.006048,331.380000
565.026205,-975.963825,330.155000
607.067829,-946.556671,333.000000
586.723589,-924.427566,361.889000
586.291921,-904.411580,347.981000
582.614562,-905.880077,334.016000
540.223324,-944.451559,377.108000
557.834122,-934.696847,386.000000
638.979010,-922.958211,345.820000
657.133453,-884.110990,341.410000
617.583963,-882.379398,337.018000
617.914554,-921.486533,332.626000
660.713231,-904.663335,346.000000
704.282292,-847.541297,381.599000
693.230059,-815.778146,349.014000
689.755537,-814.268247,449.562000
655.936622,-849.175374,416.977000
676.502792,-850.896144,461.000000
725.313521,-815.083126,385.235000
733.083406,-795.241619,368.399000
712.576744,-790.654656,351.563000
714.385398,-811.876895,334.658000
721.293987,-789.223858,398.000000
763.900000,-680.345000,345.172000
745.483000,-675.500000,382.216000
742.900000,-675.652000,370.211000
745.840000,-694.500000,358.255000
758.650000,-689.351000,383.000000
736.102482,-713.190284,355.640000
737.162647,-691.312561,345.840000
711.814120,-674.954430,336.080000
722.085360,-702.884961,366.320000
725.093504,-683.714706,370.000000
766.000000,-600.196000,336.944000
703.950000,-578.200000,364.124000
693.000000,-654.718000,355.340000
701.249000,-656.200000,346.520000
760.452000,-637.090000,371.000000
765.700000,-569.400000,343.320000
745.540000,-537.600000,338.440000
705.700000,-556.320000,353.540000
741.700000,-577.600000,348.660000
736.360000,-548.360000,354.000000
708.600000,-549.378000,514.985000
674.034000,-536.400000,462.525000
666.600000,-576.510000,409.850000
670.212000,-578.400000,357.390000
419.811120,-1024.619311,340.680000
429.416162,-997.295423,330.880000
397.857199,-979.346027,361.120000
402.493890,-1011.719657,351.360000
422.391759,-1002.731467,369.000000
478.138962,-970.025848,385.728000
457.916442,-928.018867,365.720000
427.520578,-937.670512,345.712000
427.846438,-941.734008,407.622000
440.272804,-947.367228,410.000000
491.196292,-955.017634,328.585000
502.085316,-927.992228,332.365000
469.872027,-907.947704,331.140000
473.390247,-940.227242,329.920000
499.054412,-939.646936,333.000000
554.914380,-905.903606,340.130000
542.757148,-856.377252,334.985000
492.022256,-879.627070,329.861000
488.614305,-884.857353,345.737000
511.969258,-898.062404,350.000000
588.407393,-881.254657,343.145000
624.421004,-842.209097,339.470000
592.329244,-839.476018,335.810000
573.544334,-874.722585,332.135000
594.715294,-838.894930,344.000000
574.527702,-849.261553,329.485000
569.588323,-824.618114,327.777000
544.340616,-835.103785,333.069000
541.497403,-837.599188,331.354000
556.340193,-849.397653,334.000000
575.168508,-826.367165,353.880000
595.751431,-805.868759,345.340000
580.491031,-805.329196,336.765000
568.600215,-823.188303,328.225000
581.786309,-807.793155,362.000000
629.286331,-791.638435,331.792000
629.662539,-772.933127,355.952000
606.986376,-783.961391,348.144000
615.847686,-801.954661,340.336000
616.048642,-797.133861,358.000000
663.959281,-811.184858,335.302000
677.545790,-785.107045,331.886000
640.913427,-755.214968,328.470000
642.853863,-788.347539,339.040000
653.352044,-773.801084,341.000000
715.990849,-760.876373,331.186000
714.998767,-717.415216,354.622000
666.945788,-736.254302,347.027000
688.508262,-780.043110,339.463000
692.976303,-777.647384,362.000000
416.388794,-933.482306,336.542000
434.103714,-905.175705,332.150000
394.040711,-871.800334,345.740000
393.357984,-907.296437,341.348000
412.697261,-901.289070,347.000000
457.259140,-898.119396,343.808000
449.469444,-866.094800,339.153000
421.409178,-869.245942,334.517000
442.778563,-905.502722,329.862000
422.023342,-877.202612,347.000000
482.962096,-879.260613,331.904000
525.724565,-838.347716,328.000000
494.974540,-827.070062,340.096000
469.937307,-864.797134,336.176000
501.943881,-852.551829,344.000000
473.952097,-834.444569,348.367000
480.969640,-809.151659,340.803000
449.859160,-823.072415,333.208000
455.602630,-846.153687,356.644000
447.841799,-834.588355,359.000000
553.945525,-817.468405,329.030000
552.784694,-815.605864,350.925000
537.518903,-807.608749,343.849000
526.194509,-825.673145,336.773000
542.957456,-824.235494,356.000000
529.838902,-804.564592,329.898000
529.046325,-778.606514,328.428000
503.429417,-782.200746,332.964000
515.981058,-810.142725,331.494000
507.982455,-800.169932,333.000000
581.074169,-793.073119,337.635000
578.387434,-787.991470,334.463000
538.908528,-750.012608,331.291000
534.343242,-781.271894,328.106000
535.360186,-759.216855,339.000000
583.695478,-749.238691,327.848000
590.566394,-733.208231,326.384000
571.381619,-741.195624,330.914000
572.550764,-755.453220,329.450000
592.233824,-736.379646,332.000000
630.434195,-731.902825,332.210000
630.577053,-729.028329,329.760000
607.148502,-709.582901,327.320000
595.119308,-732.912132,334.880000
604.420458,-722.374338,335.000000
585.022242,-727.622901,328.389000
607.193202,-698.976240,353.337000
570.462599,-720.111674,345.285000
563.289467,-741.689601,337.200000
608.532544,-705.573617,357.000000
690.465434,-698.759429,335.920000
693.134720,-693.379698,331.040000
648.299961,-654.412023,326.140000
621.361467,-700.088055,341.260000
646.520321,-689.683342,345.000000
324.942083,-1028.902572,336.508000
301.291911,-956.507594,333.580000
238.060394,-925.545435,330.640000
293.252109,-1018.084973,327.712000
259.993082,-911.085233,337.000000
385.744258,-960.845897,339.020000
392.034924,-955.301450,330.445000
368.521459,-942.623655,356.905000
325.702857,-986.208285,348.330000
353.391382,-974.370158,361.000000
341.629751,-960.983413,347.248000
333.182941,-896.408349,341.880000
271.733222,-874.754195,336.512000
309.588809,-953.078873,331.122000
307.331172,-873.493793,352.000000
388.966894,-861.017496,353.004000
348.865002,-802.049086,452.796000
344.516126,-804.366329,420.456000
327.740741,-841.112441,388.248000
363.895404,-860.937717,459.000000
397.795940,-844.697357,340.420000
395.276688,-810.219171,335.030000
361.272378,-797.067980,329.662000
379.853987,-838.844193,346.294000
386.195474,-805.297307,349.000000
466.347356,-786.052544,327.322000
434.311715,-739.112433,337.892000
430.917071,-738.824609,334.476000
420.123546,-764.494929,331.046000
454.730597,-792.043264,341.000000
489.880903,-766.613537,326.000000
489.039648,-734.008875,326.000000
455.791804,-719.586290,326.000000
472.160005,-759.245709,326.000000
485.018221,-736.369778,326.000000
580.979532,-684.898133,338.568000
569.611232,-661.689241,334.664000
567.030408,-661.451402,330.744000
549.265922,-682.646332,326.840000
555.536685,-675.275362,341.000000
547.208514,-714.911981,326.305000
552.707615,-688.892807,325.080000
525.664193,-680.887846,328.860000
532.738009,-710.313854,327.640000
551.939192,-696.515035,330.000000
541.161576,-666.625369,335.768000
540.731581,-650.652314,331.864000
538.633539,-650.657899,327.960000
507.975091,-678.529094,340.040000
519.223107,-671.852606,341.000000
582.111461,-647.736938,325.236000
591.633095,-625.409424,344.892000
568.752878,-621.252537,338.522000
569.956379,-644.726236,332.178000
591.997791,-635.697963,349.000000
289.573553,-835.717259,344.465000
278.668190,-812.234512,335.925000
276.493318,-809.473676,327.350000
264.272761,-823.057751,353.810000
273.918381,-828.234445,362.000000
253.767016,-865.100677,332.768000
254.302862,-820.246081,329.338000
202.417424,-784.557013,325.922000
225.050666,-842.907384,322.492000
213.762412,-783.544475,334.000000
329.213377,-796.340120,326.000000
306.882189,-754.186985,326.000000
277.218521,-767.521922,326.000000
280.773600,-772.778269,326.000000
305.443052,-790.929286,326.000000
282.946580,-716.622532,326.948000
299.847725,-695.158088,325.972000
282.260687,-699.618595,324.992000
274.262118,-717.562663,324.016000
289.457216,-697.255977,328.000000
351.995555,-707.296161,326.050000
350.708467,-697.285742,331.335000
336.120270,-708.279763,329.627000
336.112434,-709.480524,327.919000
344.193620,-712.112410,332.000000
333.281920,-700.288059,326.815000
343.293211,-688.152150,325.590000
333.833906,-690.287865,324.370000
328.750550,-700.405178,328.145000
337.883727,-690.517060,329.000000
369.762797,-687.638697,327.900000
360.754541,-664.987786,326.924000
340.603400,-674.249525,325.944000
340.507160,-676.639546,324.968000
342.807822,-672.475509,328.000000
398.605226,-688.147902,327.552000
404.063169,-658.457384,326.576000
385.451046,-666.828315,329.596000
388.237527,-689.853318,328.620000
397.665527,-667.984197,330.000000
433.620382,-646.548412,341.219000
423.784122,-622.252007,336.564000
398.034959,-645.885334,331.928000
396.658357,-649.452095,327.292000
403.720782,-646.830846,345.000000
403.357555,-605.471963,333.437000
392.061991,-614.854384,370.481000
366.249152,-647.437124,358.525000
386.404985,-626.263313,346.520000
393.651358,-614.579759,372.000000
566.059492,-588.872110,337.024000
573.448507,-565.166479,331.168000
534.261145,-592.056760,325.288000
529.224273,-596.471176,343.432000
538.942773,-596.375970,346.000000
562.900000,-552.200000,322.936000
553.660000,-533.300000,341.056000
522.900000,-540.923000,335.200000
542.660000,-554.300000,329.344000
560.460000,-541.154000,346.000000
508.483427,-650.206809,338.108000
507.122330,-626.042279,331.003000
479.465134,-639.310051,352.927000
492.442105,-662.997402,345.822000
487.548353,-651.066819,354.000000
474.612917,-616.679260,321.000000
495.532913,-590.756218,321.000000
468.133444,-574.787904,321.000000
460.458089,-602.711915,321.000000
468.914801,-579.483207,321.000000
470.500000,-566.287000,321.000000
463.590000,-563.200000,321.000000
460.500000,-568.954000,321.000000
470.040000,-570.200000,321.000000
467.510000,-569.605000,321.000000
448.592109,-587.963361,321.000000
453.528282,-571.421152,321.000000
443.796268,-573.410285,321.000000
443.101521,-586.585306,321.000000
445.637333,-576.491363,321.000000
430.991447,-584.707773,321.412000
429.012083,-569.005794,324.432000
417.271230,-590.092171,323.456000
424.701230,-599.397891,322.476000
424.768425,-597.567517,325.000000
479.100000,-556.310000,321.000000
472.800000,-546.500000,321.000000
437.100000,-549.320000,321.000000
454.446000,-556.500000,321.000000
456.504000,-551.050000,321.000000
410.247915,-568.280285,321.000000
411.287939,-547.506859,321.000000
397.033530,-574.960586,321.000000
402.172279,-586.822780,321.000000
394.673453,-582.620875,321.000000
401.533346,-543.751789,321.000000
400.430166,-543.145777,321.000000
389.912287,-546.822058,321.000000
387.058038,-567.106126,321.000000
393.953561,-554.683969,321.000000
1340.208884,-496.772195,346.168000
1355.870963,-473.444198,332.504000
1320.749916,-483.548042,318.840000
1318.806641,-505.586327,305.120000
1312.409079,-493.549781,360.000000
1269.500000,-495.650000,313.648000
1263.195000,-494.600000,334.816000
1204.500000,-501.440000,327.956000
1227.900000,-524.600000,321.124000
1257.215000,-509.870000,337.000000
1269.000000,-437.572000,319.159000
1253.259000,-416.200000,314.014000
1242.000000,-444.085000,308.890000
1264.842000,-455.200000,324.766000
1252.773000,-417.058000,328.000000
1188.300000,-498.384000,323.888000
1184.660000,-496.400000,320.458000
1136.300000,-502.832000,317.042000
1153.616000,-528.400000,313.612000
1187.572000,-513.552000,324.000000
1131.300000,-509.600000,314.212000
1117.400000,-486.600000,313.480000
1106.300000,-514.120000,315.748000
1126.775000,-526.600000,315.013000
1120.625000,-488.560000,316.000000
1190.100000,-451.302000,318.536000
1186.832000,-449.700000,316.584000
1114.100000,-452.832000,314.624000
1137.356000,-467.700000,312.672000
1126.336000,-459.834000,320.000000
1203.900000,-429.072000,315.820000
1154.174000,-407.400000,341.490000
1109.900000,-431.196000,333.194000
1184.348000,-443.400000,324.898000
1180.212000,-410.136000,342.000000
963.800000,-498.868000,325.926000
963.256000,-496.200000,325.194000
929.800000,-499.581000,324.462000
939.286000,-519.200000,326.727000
941.190000,-509.770000,327.000000
1005.000000,-452.470000,323.430000
969.860000,-433.600000,343.086000
935.000000,-452.620000,336.716000
988.620000,-463.600000,330.372000
999.540000,-436.690000,348.000000
912.300000,-499.190000,371.800000
862.850000,-494.900000,347.400000
862.300000,-498.530000,422.900000
874.900000,-524.900000,398.500000
887.800000,-513.380000,425.000000
911.700000,-470.540000,344.025000
899.324000,-444.300000,337.900000
885.700000,-468.580000,331.800000
904.914000,-484.300000,325.675000
888.222000,-449.500000,347.000000
914.100000,-407.270000,351.472000
866.000000,-402.200000,326.096000
864.100000,-405.020000,404.720000
875.350000,-432.200000,379.240000
898.300000,-421.490000,425.000000
864.200000,-486.077000,386.774000
836.362000,-473.100000,367.498000
802.200000,-484.120000,348.143000
846.344000,-492.100000,407.867000
819.002000,-476.083000,410.000000
863.600000,-436.924000,340.401000
805.630000,-433.200000,400.046000
801.600000,-434.473000,380.770000
813.876000,-452.200000,361.494000
854.858000,-445.930000,410.000000
772.000000,-486.620000,379.284000
772.000000,-450.142000,372.063000
723.892000,-400.000000,357.969000
658.000000,-467.466000,336.741000
658.000000,-479.788000,410.169000
736.090000,-522.000000,402.426000
708.844000,-422.448000,420.000000
734.950000,-434.160000,420.000000
634.400000,-425.652000,387.304000
580.828000,-398.000000,371.200000
575.400000,-402.960000,355.096000
585.489000,-522.000000,338.926000
577.347000,-484.428000,391.000000
574.200000,-489.951000,333.994000
551.685000,-399.300000,323.746000
517.200000,-463.998000,355.456000
554.706000,-522.300000,345.208000
552.597000,-425.253000,361.000000
480.900000,-479.450000,340.560000
454.470000,-469.700000,333.700000
450.900000,-470.207000,326.868000
455.220000,-508.700000,320.036000
457.140000,-497.936000,347.000000
405.300000,-507.788000,318.456000
395.732000,-475.700000,324.504000
379.300000,-496.658000,322.552000
395.706000,-517.700000,320.592000
399.970000,-485.654000,325.000000
499.500000,-415.397000,315.810000
460.216000,-398.500000,316.298000
453.500000,-458.646000,316.788000
458.928000,-459.500000,315.276000
471.072000,-444.311000,315.000000
1271.200000,-348.543000,307.680000
1259.265000,-290.800000,371.940000
1236.200000,-325.329000,351.115000
1257.340000,-363.800000,330.375000
1270.150000,-310.072000,392.000000
1217.300000,-322.892000,349.627000
1175.900000,-315.900000,328.312000
1167.300000,-337.957000,394.084000
1171.850000,-338.900000,372.769000
1195.150000,-333.794000,400.000000
1167.900000,-361.785000,385.471000
1155.340000,-276.000000,364.243000
1127.900000,-322.830000,343.015000
1150.980000,-381.000000,321.700000
1133.660000,-306.555000,400.000000
1100.100000,-314.895000,351.868000
1020.000000,-300.000000,313.316000
1025.700000,-300.000000,463.416000
1000.100000,-341.940000,432.606000
1006.500000,-345.000000,394.054000
1081.000000,-345.000000,374.620000
1073.200000,-336.225000,471.000000
997.200000,-379.240000,390.831000
979.980000,-349.700000,364.126000
937.200000,-364.365000,337.530000
970.200000,-384.700000,419.934000
956.340000,-360.830000,428.000000
998.100000,-271.530000,326.848000
951.660000,-259.000000,409.143000
938.100000,-290.675000,382.547000
940.320000,-294.000000,355.842000
992.460000,-288.120000,428.000000
879.400000,-378.933000,359.364000
873.420000,-358.900000,342.040000
856.400000,-367.916000,395.645000
868.429000,-381.900000,378.321000
867.739000,-366.835000,396.000000
830.200000,-362.420000,392.584000
806.296000,-350.100000,375.016000
798.200000,-378.196000,357.376000
798.520000,-382.100000,339.808000
800.792000,-377.588000,400.000000
889.700000,-344.394000,348.420000
875.021000,-296.800000,328.330000
826.700000,-316.145000,390.322000
857.948000,-349.800000,370.314000
868.784000,-316.516000,405.000000
918.300000,-274.884000,330.942000
849.180000,-261.700000,328.258000
822.300000,-288.932000,325.574000
916.668000,-293.700000,333.879000
846.780000,-290.020000,334.000000
775.600000,-347.975000,343.715000
766.742000,-315.600000,426.119000
732.600000,-327.430000,399.414000
752.810000,-350.600000,372.818000
768.806000,-329.565000,438.000000
769.600000,-284.224000,374.772000
740.494000,-263.200000,353.056000
727.600000,-302.800000,331.251000
767.752000,-311.200000,398.535000
745.660000,-306.976000,415.000000
706.400000,-313.876000,338.376000
697.580000,-253.900000,334.456000
657.400000,-273.493000,330.552000
679.107000,-316.900000,326.632000
658.233000,-280.738000,339.000000
646.650000,-308.480000,340.515000
556.939800,-247.100000,327.095000
511.950000,-352.436000,368.675000
637.086300,-379.100000,355.200000
593.308800,-371.048000,375.000000
581.994000,-257.396000,375.000000
502.100000,-378.007000,345.156000
482.669000,-247.800000,333.932000
375.100000,-285.572000,322.662000
427.932000,-380.800000,311.438000
399.484000,-308.049000,355.000000
493.591000,-263.627000,355.000000
1095.100000,-199.112000,326.960000
1003.084000,-156.800000,357.160000
951.100000,-223.106000,347.400000
1080.988000,-242.800000,337.640000
1063.276000,-239.876000,359.000000
1000.780000,-170.646000,359.000000
921.400000,-160.550000,478.612000
921.400000,-185.225000,416.866000
911.950000,-160.100000,417.117000
906.550000,-160.100000,471.835000
846.400000,-179.375000,355.873000
846.400000,-214.925000,526.804000
875.575000,-235.100000,545.378000
866.200000,-235.100000,330.773000
994.700000,-79.645800,319.216000
965.936000,-70.200000,326.020000
947.700000,-83.740800,323.815000
988.825000,-88.400000,321.619000
992.491000,-88.272600,328.000000
1000.883078,-46.038754,331.799000
996.925902,-44.642989,325.211000
959.072590,-40.820395,345.596000
971.290593,-56.797000,339.008000
980.361948,-50.066413,347.000000
853.512678,-114.980034,340.850000
841.621857,-95.149229,335.705000
822.030491,-98.064605,330.581000
844.403640,-118.991162,325.457000
832.880205,-89.847330,344.000000
894.777997,-76.520579,322.572000
891.832351,-72.946543,321.108000
841.177508,-47.187418,325.644000
848.172885,-74.554952,324.174000
873.893711,-77.135538,327.000000
919.696209,-22.166637,330.800000
901.635569,0.595796,326.896000
877.145115,-10.531187,322.976000
908.479403,-30.439565,335.072000
895.445307,1.430344,336.000000
881.141941,20.522570,316.144000
881.421796,24.162265,325.959000
860.094972,23.978790,322.787000
854.987623,-9.996791,319.615000
872.507877,2.959273,328.000000
783.200000,-219.600000,364.577000
761.920000,-191.400000,345.712000
743.200000,-222.561000,326.924000
775.000000,-238.400000,385.059000
762.280000,-194.878000,403.000000
712.800000,-193.150000,325.478000
711.990000,-187.500000,324.014000
667.800000,-195.000000,322.550000
680.445000,-237.500000,321.080000
670.680000,-216.850000,326.000000
638.700000,-208.340000,325.454000
601.330000,-195.800000,318.378000
564.700000,-208.520000,340.273000
621.532000,-215.800000,333.197000
612.948000,-197.820000,345.000000
423.000000,-195.100000,370.771000
390.297000,-189.500000,348.966000
390.000000,-194.420000,327.250000
398.382000,-229.500000,305.534000
397.887000,-214.060000,394.000000
776.400000,-105.140000,320.368000
750.110000,-65.900000,327.163000
721.400000,-102.440000,324.967000
762.155000,-125.900000,322.762000
766.830000,-73.580000,328.000000
769.250000,-5.380000,339.072000
665.620000,1.300000,327.360000
661.750000,-2.540000,315.600000
686.152500,-38.700000,351.888000
706.147500,-24.340000,360.000000
507.800000,-26.488000,325.471000
480.740000,6.200000,319.859000
447.800000,-21.736000,314.224000
490.640000,-41.800000,308.612000
447.860000,-1.192000,326.000000
245.868489,-576.780753,322.390000
234.835502,-559.986260,322.145000
232.875402,-560.075355,322.901000
222.035455,-576.884698,322.656000
232.712061,-577.701406,323.000000
296.500000,-342.992000,312.802000
292.684000,-326.000000,312.558000
287.500000,-339.344000,312.314000
293.683000,-350.000000,312.069000
289.075000,-330.344000,313.000000
283.000000,-312.489000,312.215000
261.136000,-310.500000,312.971000
259.000000,-310.878000,312.726000
263.176000,-319.500000,312.482000
277.288000,-316.755000,313.000000
156.512994,-567.623978,327.024000
175.643810,-540.499363,325.064000
146.113618,-529.152002,323.112000
141.012770,-560.639691,329.160000
163.751112,-535.485003,330.000000
143.829141,-297.919596,313.082000
126.335320,-271.657650,314.592000
123.199301,-269.051962,314.104000
109.424861,-290.102530,313.614000
133.890756,-304.739641,315.000000
103.197331,-629.773232,362.411000
135.662017,-584.750329,341.183000
99.412895,-599.616542,406.955000
84.801241,-635.712929,385.640000
121.898891,-594.915696,410.000000
47.626778,-524.438610,328.660000
105.012794,-543.570479,326.220000
17.735930,-397.623288,323.770000
12.183615,-398.767966,321.330000
35.991983,-434.783339,330.000000
129.079156,-454.660308,326.138000
171.836150,-397.638443,320.748000
119.534520,-400.148183,337.380000
102.641209,-452.063188,332.012000
155.407375,-413.939938,342.000000
89.317765,-361.168669,337.494000
126.921339,-364.662838,329.198000
76.173411,-295.720675,320.902000
71.665054,-294.977659,346.572000
79.734178,-314.202218,348.000000
30.481190,-312.773644,315.432000
55.368520,-259.285259,340.380000
2.872913,-249.872253,332.295000
2.533501,-302.616762,324.243000
50.025621,-281.734485,345.000000
364.000000,-163.413000,311.789000
272.458000,-131.500000,307.641000
250.000000,-222.098000,303.476000
257.524000,-228.500000,316.328000
302.554000,-209.294000,320.000000
326.038000,-151.967000,320.000000
282.999696,-70.613841,316.020000
309.384748,-35.768580,312.590000
278.737083,-33.111370,309.174000
267.821759,-65.387887,305.744000
283.742068,-30.738582,317.000000
209.000000,-33.820000,310.342000
179.512000,0.000000,310.098000
171.000000,-86.260000,310.854000
172.482000,-95.000000,310.609000
195.130000,-78.755000,311.000000
170.000000,-186.835000,323.305000
125.290000,0.000000,320.621000
0.000000,-84.710000,317.926000
89.420000,-215.000000,315.242000
37.740000,-73.745000,326.000000
154.020000,-72.455000,326.000000
102.680000,-130.290000,326.000000
68.510000,-17.845000,326.000000
