1522.700000,-1075.749000,304.876000
1522.700000,-1095.639000,304.186000
1522.003000,-1072.200000,304.388000
1506.856000,-1072.200000,304.624000
1505.700000,-1078.908000,305.900000
1505.700000,-1090.335000,305.062000
1510.868000,-1111.200000,305.410000
1522.649000,-1111.200000,305.500000
1514.863000,-1094.235000,306.000000
1506.227000,-1090.530000,306.000000
1493.900000,-1057.462000,307.066000
1493.900000,-1080.242000,306.736000
1470.164000,-1052.600000,306.576000
1476.620000,-1052.600000,307.174000
1469.900000,-1056.680000,306.088000
1469.900000,-1061.202000,307.612000
1475.948000,-1086.600000,307.598000
1488.764000,-1086.600000,306.050000
1480.580000,-1073.578000,308.000000
1488.044000,-1075.788000,308.000000
1570.100000,-967.300000,305.389000
1570.100000,-963.880000,305.501000
1540.148000,-963.400000,303.681000
1553.844000,-963.400000,307.034000
1538.100000,-964.760000,301.966000
1538.100000,-964.220000,301.567000
1544.500000,-983.400000,307.258000
1556.468000,-983.400000,303.100000
1549.332000,-976.780000,308.000000
1553.492000,-981.260000,308.000000
1526.200000,-960.310000,315.420000
1526.200000,-959.980000,319.360000
1512.940000,-952.900000,310.540000
1521.760000,-952.900000,303.740000
1511.200000,-953.380000,305.660000
1511.200000,-977.770000,308.120000
1513.405000,-982.900000,320.760000
1516.630000,-982.900000,312.500000
1515.040000,-974.530000,321.000000
1514.290000,-956.050000,321.000000
1508.400000,-964.672000,308.344000
1508.400000,-968.844000,302.737000
1473.456000,-956.300000,306.139000
1504.830000,-956.300000,304.708000
1466.400000,-983.292000,303.943000
1466.400000,-973.576000,306.679000
1470.390000,-984.300000,301.738000
1472.700000,-984.300000,308.650000
1473.204000,-977.944000,310.000000
1505.544000,-965.176000,310.000000
1496.154542,-730.937165,324.570000
1508.656997,-740.530637,312.636000
1472.930879,-731.797223,317.982000
1471.855198,-733.199079,318.522000
1507.286707,-763.428152,311.367000
1486.813431,-747.718454,324.435000
1511.344635,-765.512103,304.779000
1521.696623,-752.021130,303.348000
1504.553118,-759.702065,327.000000
1499.389305,-741.633785,327.000000
1427.300000,-592.028000,308.072000
1427.300000,-618.704000,321.356000
1409.828000,-569.000000,321.680000
1411.436000,-569.000000,325.298000
1403.300000,-618.020000,317.270000
1403.300000,-580.058000,311.240000
1427.084000,-626.000000,312.878000
1420.748000,-626.000000,315.182000
1426.652000,-618.989000,326.000000
1412.468000,-611.237000,326.000000
1390.800000,-628.384000,308.792000
1390.800000,-623.162000,308.136000
1350.240000,-622.000000,314.832000
1363.860000,-622.000000,309.888000
1330.800000,-633.298000,312.880000
1330.800000,-635.748000,311.640000
1387.140000,-636.000000,310.920000
1361.700000,-636.000000,313.392000
1383.540000,-635.020000,316.000000
1337.220000,-635.328000,316.000000
1366.100000,-597.968000,310.123000
1366.100000,-588.170000,311.212000
1355.492000,-574.600000,318.439000
1362.071000,-574.600000,313.621000
1349.100000,-609.330000,315.744000
1349.100000,-610.020000,316.030000
1364.179000,-620.600000,313.060000
1354.251000,-620.600000,318.439000
1362.445000,-619.772000,319.000000
1363.244000,-582.144000,319.000000
1347.700000,-603.560000,308.574000
1347.700000,-601.387000,309.134000
1333.400000,-580.600000,308.086000
1347.050000,-580.600000,309.572000
1322.700000,-609.423000,309.596000
1322.700000,-603.478000,308.010000
1343.575000,-621.600000,309.108000
1324.975000,-621.600000,308.448000
1339.950000,-581.994000,310.000000
1336.625000,-596.016000,310.000000
1448.900000,-1096.224000,307.910000
1448.900000,-1099.113000,310.210000
1429.660000,-1079.700000,306.685000
1418.782000,-1079.700000,306.305000
1411.900000,-1097.277000,310.465000
1411.900000,-1089.069000,307.400000
1440.871000,-1106.700000,309.240000
1444.423000,-1106.700000,308.495000
1433.952000,-1082.022000,311.000000
1422.334000,-1095.576000,311.000000
1344.200000,-1096.476000,308.000000
1344.200000,-1105.554000,308.000000
1334.860000,-1073.900000,308.000000
1332.160000,-1073.900000,308.000000
1324.200000,-1094.266000,308.000000
1324.200000,-1078.490000,308.000000
1338.800000,-1107.900000,308.000000
1337.560000,-1107.900000,308.000000
1334.240000,-1078.592000,308.000000
1324.340000,-1101.100000,308.000000
1442.100000,-1056.520000,312.120000
1442.100000,-1045.060000,309.272000
1427.990000,-1042.200000,308.216000
1428.840000,-1042.200000,312.776000
1408.100000,-1053.140000,304.296000
1408.100000,-1060.660000,316.280000
1431.152000,-1062.200000,316.392000
1423.604000,-1062.200000,303.784000
1421.938000,-1046.000000,319.000000
1432.988000,-1042.420000,319.000000
1434.000000,-1022.896000,316.300000
1434.000000,-1013.788000,316.340000
1401.693000,-1006.000000,311.400000
1418.158000,-1006.000000,320.720000
1345.000000,-1016.890000,306.520000
1345.000000,-1021.642000,305.100000
1400.714000,-1028.000000,321.620000
1366.716000,-1028.000000,309.480000
1372.857000,-1011.324000,323.000000
1385.762000,-1010.906000,323.000000
1344.900000,-1057.680000,318.903000
1344.900000,-1042.694000,322.014000
1325.618000,-1009.300000,314.738000
1284.946000,-1009.300000,308.720000
1282.900000,-1035.437000,310.590000
1282.900000,-1038.741000,312.443000
1318.488000,-1068.300000,306.442000
1284.884000,-1068.300000,316.166000
1296.478000,-1026.646000,323.000000
1294.246000,-1034.965000,323.000000
1446.100000,-971.982000,313.942000
1446.100000,-968.752000,305.024000
1439.884000,-942.300000,310.526000
1427.980000,-942.300000,308.090000
1422.100000,-955.560000,307.096000
1422.100000,-952.092000,311.156000
1434.628000,-976.300000,303.680000
1441.780000,-976.300000,314.222000
1425.076000,-954.064000,316.000000
1443.892000,-964.298000,316.000000
1399.000000,-985.325000,305.841000
1399.000000,-987.470000,304.473000
1389.685000,-954.800000,305.109000
1374.565000,-954.800000,305.130000
1354.000000,-965.954000,304.377000
1354.000000,-957.308000,305.787000
1375.150000,-987.800000,303.642000
1381.405000,-987.800000,303.444000
1355.350000,-967.967000,306.000000
1382.485000,-983.147000,306.000000
1337.700000,-983.541000,304.168000
1337.700000,-957.966000,307.064000
1335.220000,-951.300000,307.188000
1332.404000,-951.300000,307.940000
1321.700000,-960.738000,306.212000
1321.700000,-979.812000,304.816000
1328.388000,-984.300000,305.236000
1328.052000,-984.300000,305.692000
1336.676000,-966.183000,308.000000
1327.428000,-953.610000,308.000000
1430.300000,-915.922000,307.576000
1430.300000,-922.834000,303.681000
1425.459000,-915.400000,338.572000
1424.707000,-915.400000,312.660000
1383.300000,-919.612000,328.527000
1383.300000,-927.136000,321.639000
1400.502000,-933.400000,318.523000
1391.995000,-933.400000,330.618000
1422.827000,-924.454000,343.000000
1387.201000,-920.476000,343.000000
1308.000000,-842.332000,319.040000
1308.000000,-881.500000,323.168000
1307.100000,-836.500000,355.328000
1291.656000,-836.500000,333.680000
1290.000000,-849.604000,343.616000
1290.000000,-868.180000,344.192000
1295.652000,-908.500000,331.856000
1307.514000,-908.500000,354.704000
1303.446000,-876.460000,356.000000
1304.544000,-872.068000,356.000000
1302.100000,-756.658000,316.425000
1302.100000,-774.962000,324.139000
1287.130000,-753.200000,309.320000
1291.660000,-753.200000,330.490000
1287.100000,-756.580000,331.244000
1287.100000,-759.154000,307.841000
1291.015000,-779.200000,324.168000
1298.515000,-779.200000,314.192000
1296.895000,-768.982000,336.000000
1295.095000,-771.556000,336.000000
1356.800000,-782.575000,319.151000
1356.800000,-780.535000,332.114000
1288.688000,-779.800000,312.075000
1321.952000,-779.800000,309.465000
1284.800000,-780.970000,333.970000
1284.800000,-780.055000,315.816000
1299.848000,-794.800000,326.894000
1324.400000,-794.800000,322.167000
1324.976000,-789.685000,336.000000
1303.376000,-793.570000,336.000000
1451.000000,-765.155000,318.468000
1451.000000,-765.515000,305.076000
1357.130000,-761.600000,309.684000
1422.440000,-761.600000,312.960000
1346.000000,-761.990000,300.900000
1346.000000,-773.675000,320.844000
1362.485000,-776.600000,328.080000
1381.490000,-776.600000,328.728000
1394.720000,-772.265000,336.000000
1449.215000,-763.535000,336.000000
1446.700000,-733.930000,321.888000
1446.700000,-740.664000,314.976000
1434.912000,-723.200000,313.068000
1445.860000,-723.200000,322.860000
1432.700000,-759.238000,304.284000
1432.700000,-745.141000,330.708000
1434.170000,-760.200000,331.500000
1434.464000,-760.200000,302.592000
1437.880000,-751.431000,336.000000
1442.626000,-735.817000,336.000000
1445.200000,-711.030000,333.696000
1445.200000,-716.160000,333.120000
1378.840000,-705.900000,321.984000
1373.884000,-705.900000,343.632000
1361.200000,-719.715000,310.224000
1361.200000,-711.615000,306.144000
1365.652000,-720.900000,346.512000
1437.976000,-720.900000,316.656000
1384.384000,-718.125000,348.000000
1397.656000,-714.195000,348.000000
1359.800000,-716.078000,345.432000
1359.800000,-734.652000,352.530000
1347.992000,-701.500000,335.184000
1349.608000,-701.500000,319.728000
1343.800000,-733.653000,324.936000
1343.800000,-707.790000,328.926000
1343.816000,-738.500000,314.646000
1355.032000,-738.500000,338.124000
1346.696000,-733.616000,354.000000
1346.344000,-729.805000,354.000000
1342.600000,-705.344000,349.422000
1342.600000,-700.612000,322.080000
1317.218000,-699.100000,339.132000
1326.875000,-699.100000,331.278000
1305.600000,-710.538000,328.884000
1305.600000,-712.512000,340.476000
1340.713000,-713.100000,318.636000
1323.767000,-713.100000,349.674000
1308.819000,-711.980000,354.000000
1338.308000,-712.778000,354.000000
1302.800000,-719.136000,353.370000
1302.800000,-713.440000,333.630000
1292.022000,-703.200000,343.122000
1299.179000,-703.200000,342.828000
1285.800000,-727.680000,332.832000
1285.800000,-727.072000,352.026000
1301.049000,-735.200000,322.584000
1290.543000,-735.200000,319.224000
1302.681000,-734.304000,354.000000
1296.153000,-709.216000,354.000000
1268.400000,-1073.150000,308.343000
1268.400000,-1072.105000,320.430000
1253.875000,-1042.900000,321.195000
1268.375000,-1042.900000,307.153000
1243.400000,-1082.115000,317.047000
1243.400000,-1072.270000,310.876000
1264.525000,-1097.900000,312.882000
1245.075000,-1097.900000,314.599000
1265.850000,-1044.220000,324.000000
1251.750000,-1064.900000,324.000000
1228.600000,-1092.162000,307.870000
1228.600000,-1096.533000,307.325000
1223.310000,-1073.500000,311.645000
1220.700000,-1073.500000,308.420000
1218.600000,-1093.991000,310.425000
1218.600000,-1083.482000,309.515000
1226.520000,-1104.500000,309.200000
1227.150000,-1104.500000,310.610000
1226.640000,-1075.856000,312.000000
1219.190000,-1092.472000,312.000000
1220.900000,-1101.040000,309.804000
1220.900000,-1104.050000,310.020000
1206.113000,-1094.500000,309.072000
1202.982000,-1094.500000,310.677000
1189.900000,-1100.590000,311.337000
1189.900000,-1095.610000,311.334000
1212.840000,-1104.500000,310.605000
1209.833000,-1104.500000,311.991000
1211.910000,-1095.780000,312.000000
1214.204000,-1102.740000,312.000000
1216.600000,-1067.290000,307.362000
1216.600000,-1059.205000,307.615000
1213.200000,-1056.700000,307.118000
1213.672000,-1056.700000,307.834000
1208.600000,-1065.055000,307.874000
1208.600000,-1070.185000,307.053000
1214.104000,-1071.700000,307.629000
1212.056000,-1071.700000,307.272000
1213.520000,-1059.400000,308.000000
1212.672000,-1057.240000,308.000000
1195.000000,-1078.324000,310.371000
1195.000000,-1064.644000,311.670000
1191.270000,-1051.000000,309.636000
1193.460000,-1051.000000,309.327000
1185.000000,-1069.180000,311.904000
1185.000000,-1075.732000,309.981000
1191.360000,-1087.000000,311.169000
1187.200000,-1087.000000,310.638000
1190.210000,-1059.352000,312.000000
1187.350000,-1059.892000,312.000000
1187.000000,-1098.786000,316.061000
1187.000000,-1093.040000,311.804000
1182.185000,-1077.700000,313.377000
1172.870000,-1077.700000,314.213000
1172.000000,-1089.452000,310.682000
1172.000000,-1090.050000,316.622000
1180.760000,-1103.700000,318.998000
1172.120000,-1103.700000,319.031000
1178.405000,-1085.110000,321.000000
1186.400000,-1089.634000,321.000000
1148.400000,-1099.175000,311.000000
1148.400000,-1097.650000,311.000000
1134.950000,-1077.600000,311.000000
1111.850000,-1077.600000,311.000000
1098.400000,-1087.600000,311.000000
1098.400000,-1084.175000,311.000000
1125.000000,-1102.600000,311.000000
1138.200000,-1102.600000,311.000000
1115.000000,-1086.025000,311.000000
1132.650000,-1094.375000,311.000000
1231.100000,-1018.130000,310.480000
1231.100000,-998.308000,310.428000
1226.326000,-998.000000,309.990000
1219.682000,-998.000000,310.866000
1209.100000,-1005.656000,309.502000
1209.100000,-999.144000,309.304000
1219.660000,-1020.000000,309.012000
1221.948000,-1020.000000,309.742000
1214.336000,-1006.558000,311.000000
1218.120000,-1017.426000,311.000000
1206.100000,-1044.347000,313.170000
1206.100000,-1013.966000,313.945000
1203.790000,-1004.700000,311.950000
1201.802000,-1004.700000,310.040000
1192.100000,-1016.836000,310.725000
1192.100000,-1039.140000,311.135000
1198.092000,-1045.700000,309.505000
1197.322000,-1045.700000,312.230000
1194.116000,-1022.781000,314.000000
1193.990000,-1008.595000,314.000000
1143.300000,-1000.793000,324.992000
1143.300000,-1020.486000,315.696000
1139.044000,-999.900000,321.576000
1139.690000,-999.900000,318.762000
1105.300000,-1011.368000,318.146000
1105.300000,-1029.416000,321.828000
1119.550000,-1046.900000,314.730000
1111.418000,-1046.900000,324.894000
1107.162000,-1023.071000,326.000000
1137.980000,-1014.282000,326.000000
1268.000000,-925.910000,308.161000
1268.000000,-931.690000,311.773000
1266.260000,-925.200000,313.446000
1242.393000,-925.200000,313.306000
1239.000000,-927.120000,311.738000
1239.000000,-929.360000,314.839000
1248.367000,-935.200000,310.023000
1266.521000,-935.200000,309.372000
1266.695000,-930.650000,315.000000
1255.965000,-930.380000,315.000000
1238.900000,-951.359000,310.468000
1238.900000,-975.713000,313.256000
1238.796000,-947.300000,313.492000
1230.164000,-947.300000,310.132000
1225.900000,-951.920000,312.512000
1225.900000,-954.032000,311.008000
1229.423000,-980.300000,311.536000
1235.481000,-980.300000,311.884000
1237.093000,-967.001000,314.000000
1229.930000,-971.390000,314.000000
1224.200000,-954.300000,310.844000
1224.200000,-951.444000,310.356000
1212.728000,-949.400000,313.868000
1218.680000,-949.400000,311.232000
1212.200000,-951.864000,312.888000
1212.200000,-977.204000,312.108000
1214.828000,-977.400000,311.912000
1218.500000,-977.400000,312.984000
1221.392000,-967.572000,314.000000
1212.620000,-975.776000,314.000000
1179.800000,-968.036000,311.224000
1179.800000,-968.720000,311.456000
1159.008000,-965.300000,310.244000
1174.096000,-965.300000,312.332000
1156.800000,-965.720000,313.268000
1156.800000,-974.672000,313.208000
1160.641000,-977.300000,312.288000
1164.022000,-977.300000,310.080000
1172.256000,-973.712000,314.000000
1174.303000,-967.148000,314.000000
1190.200000,-943.200000,316.800000
1190.200000,-949.710000,320.846000
1133.968000,-934.800000,312.635000
1187.824000,-934.800000,324.569000
1124.200000,-964.290000,325.487000
1124.200000,-951.870000,311.292000
1131.790000,-964.800000,321.339000
1130.932000,-964.800000,315.015000
1162.348000,-957.420000,327.000000
1156.276000,-945.750000,327.000000
1268.300000,-860.804000,311.470000
1268.300000,-869.076000,313.565000
1257.100000,-853.500000,310.250000
1256.764000,-853.500000,309.660000
1254.300000,-873.982000,309.025000
1254.300000,-861.354000,310.755000
1255.182000,-875.500000,312.805000
1266.760000,-875.500000,311.850000
1261.062000,-871.232000,314.000000
1257.254000,-866.194000,314.000000
1257.000000,-838.164000,312.178000
1257.000000,-849.420000,311.376000
1248.024000,-830.100000,311.688000
1249.644000,-830.100000,311.814000
1245.000000,-848.559000,311.200000
1245.000000,-833.145000,312.252000
1245.132000,-851.100000,312.710000
1253.136000,-851.100000,312.690000
1249.668000,-848.118000,313.000000
1256.232000,-846.669000,313.000000
1157.500000,-855.680000,316.000000
1157.500000,-846.560000,316.000000
1148.465000,-842.600000,316.000000
1152.287000,-842.600000,316.000000
1144.500000,-867.410000,316.000000
1144.500000,-870.620000,316.000000
1156.967000,-872.600000,316.000000
1150.558000,-872.600000,316.000000
1148.335000,-869.900000,316.000000
1153.093000,-842.630000,316.000000
1145.100000,-865.020000,316.000000
1145.100000,-862.860000,316.000000
1122.595000,-857.700000,316.000000
1138.485000,-857.700000,316.000000
1110.100000,-869.325000,316.000000
1110.100000,-868.530000,316.000000
1141.810000,-872.700000,316.000000
1119.025000,-872.700000,316.000000
1117.100000,-872.130000,316.000000
1123.610000,-860.895000,316.000000
1259.300000,-794.960000,310.129000
1259.300000,-795.104000,310.987000
1247.480000,-790.100000,310.373000
1239.760000,-790.100000,310.768000
1239.300000,-796.607000,310.617000
1239.300000,-794.690000,310.549000
1256.380000,-799.100000,310.862000
1240.160000,-799.100000,310.330000
1241.420000,-790.226000,310.000000
1241.520000,-793.916000,310.000000
1213.100000,-785.212000,313.000000
1213.100000,-795.887000,313.000000
1206.093000,-749.100000,313.000000
1203.155000,-749.100000,313.000000
1200.100000,-790.031000,313.000000
1200.100000,-767.278000,313.000000
1210.526000,-810.100000,313.000000
1210.903000,-810.100000,313.000000
1200.256000,-753.126000,313.000000
1210.968000,-787.896000,313.000000
1200.200000,-787.845000,314.020000
1200.200000,-808.219000,322.571000
1193.869000,-748.500000,326.872000
1192.998000,-748.500000,326.294000
1187.200000,-786.259000,322.707000
1187.200000,-753.746000,313.017000
1196.950000,-809.500000,318.559000
1195.247000,-809.500000,316.740000
1199.121000,-755.698000,330.000000
1194.493000,-800.228000,330.000000
1142.500000,-799.122000,319.078000
1142.500000,-785.966000,323.866000
1126.405000,-781.000000,324.370000
1129.846000,-781.000000,318.399000
1105.500000,-795.716000,322.662000
1105.500000,-803.750000,319.932000
1131.326000,-807.000000,320.947000
1120.559000,-807.000000,321.458000
1135.951000,-785.420000,325.000000
1116.119000,-782.560000,325.000000
1270.600000,-749.537000,312.996000
1270.600000,-745.039000,312.452000
1251.450000,-739.800000,312.016000
1264.100000,-739.800000,313.324000
1220.600000,-746.482000,315.040000
1220.600000,-748.419000,314.200000
1252.900000,-752.800000,314.064000
1230.400000,-752.800000,315.076000
1257.050000,-742.699000,316.000000
1221.200000,-743.336000,316.000000
1238.100000,-724.144000,322.831000
1238.100000,-715.960000,323.579000
1223.536000,-688.900000,318.683000
1197.708000,-688.900000,327.302000
1194.100000,-709.228000,331.518000
1194.100000,-708.744000,331.025000
1220.236000,-732.900000,327.370000
1237.396000,-732.900000,317.748000
1221.996000,-701.000000,334.000000
1226.528000,-710.152000,334.000000
1172.300000,-723.896000,317.874000
1172.300000,-723.032000,318.324000
1165.046000,-696.600000,317.386000
1153.944000,-696.600000,318.762000
1146.300000,-709.720000,318.898000
1146.300000,-704.248000,317.200000
1160.392000,-728.600000,318.408000
1166.372000,-728.600000,317.638000
1160.340000,-707.064000,319.000000
1158.312000,-718.840000,319.000000
1138.700000,-699.075000,320.596000
1138.700000,-686.070000,321.811000
1132.372000,-685.500000,319.861000
1124.840000,-685.500000,319.468000
1110.700000,-690.870000,319.129000
1110.700000,-685.905000,320.125000
1124.420000,-700.500000,321.397000
1126.380000,-700.500000,320.782000
1123.188000,-691.185000,322.000000
1115.936000,-699.105000,322.000000
1202.900000,-662.554000,332.398000
1202.900000,-647.000000,322.876000
1188.632000,-641.500000,326.786000
1179.694000,-641.500000,327.913000
1120.900000,-648.232000,321.151000
1120.900000,-659.452000,332.950000
1156.734000,-663.500000,338.539000
1149.436000,-663.500000,337.987000
1149.764000,-650.982000,341.000000
1195.684000,-644.118000,341.000000
1148.800000,-600.196000,321.040000
1148.800000,-620.128000,319.409000
1143.920000,-599.800000,319.332000
1145.960000,-599.800000,320.942000
1108.800000,-610.976000,317.624000
1108.800000,-626.376000,322.475000
1124.200000,-643.800000,322.909000
1114.280000,-643.800000,317.008000
1119.080000,-621.052000,323.000000
1134.280000,-614.364000,323.000000
1251.400000,-590.428000,318.965000
1251.400000,-619.852000,318.382000
1244.540000,-587.500000,316.270000
1167.218000,-587.500000,320.791000
1153.400000,-597.196000,313.586000
1153.400000,-606.316000,312.200000
1186.034000,-635.500000,310.902000
1244.050000,-635.500000,314.609000
1169.374000,-613.180000,321.000000
1188.876000,-613.516000,321.000000
1253.000000,-566.394000,335.088000
1253.000000,-582.585000,307.184000
1251.470000,-564.000000,327.280000
1198.005000,-564.000000,314.192000
1168.000000,-567.150000,319.440000
1168.000000,-567.780000,321.200000
1191.885000,-585.000000,311.632000
1228.605000,-585.000000,328.208000
1173.865000,-576.327000,338.000000
1175.395000,-579.834000,338.000000
994.600000,-1067.844000,316.201000
994.600000,-1065.498000,336.904000
942.436000,-1062.200000,366.853000
971.056000,-1062.200000,351.577000
940.600000,-1065.498000,350.505000
940.600000,-1095.112000,366.250000
952.966000,-1096.200000,334.090000
967.654000,-1096.200000,380.923000
993.196000,-1083.960000,383.000000
984.502000,-1095.044000,383.000000
1076.100000,-1009.972000,313.764000
1076.100000,-1014.886000,322.566000
1045.024000,-998.200000,327.354000
1068.484000,-998.200000,326.490000
1042.100000,-1000.630000,322.962000
1042.100000,-1039.078000,312.432000
1048.118000,-1052.200000,318.552000
1051.926000,-1052.200000,316.374000
1072.020000,-1035.568000,330.000000
1060.392000,-1007.812000,330.000000
1024.800000,-1009.880000,319.728000
1024.800000,-1023.434000,325.749000
940.324000,-995.300000,326.532000
1023.624000,-995.300000,318.720000
926.800000,-1048.922000,324.327000
926.800000,-1024.730000,320.691000
939.050000,-1049.300000,322.131000
934.444000,-1049.300000,322.662000
1003.828000,-1035.476000,327.000000
952.574000,-1016.360000,327.000000
995.200000,-945.224000,339.306000
995.200000,-962.486000,328.656000
944.170000,-931.700000,321.982000
944.800000,-931.700000,344.205000
932.200000,-971.222000,375.658000
932.200000,-945.686000,359.754000
936.799000,-973.700000,358.263000
986.758000,-973.700000,375.303000
975.733000,-965.132000,390.000000
994.444000,-956.942000,390.000000
1073.100000,-902.304000,320.334000
1073.100000,-928.524000,320.754000
1026.166000,-885.100000,316.904000
1036.644000,-885.100000,323.820000
1011.100000,-925.994000,327.488000
1011.100000,-890.666000,326.886000
1012.340000,-931.100000,324.058000
1051.648000,-931.100000,315.952000
1048.114000,-924.108000,329.000000
1055.306000,-922.498000,329.000000
1021.800000,-843.770000,322.850000
1021.800000,-831.620000,324.116000
998.535000,-824.600000,321.386000
1009.359000,-824.600000,325.430000
988.800000,-862.265000,325.916000
988.800000,-865.505000,320.744000
1020.744000,-869.600000,324.452000
1003.386000,-869.600000,322.058000
1005.399000,-865.100000,326.000000
1003.254000,-825.725000,326.000000
1078.200000,-777.212000,344.743000
1078.200000,-771.272000,363.167000
1058.610000,-751.400000,333.275000
1073.250000,-751.400000,326.460000
1048.200000,-793.790000,321.760000
1048.200000,-789.092000,336.753000
1075.680000,-805.400000,357.292000
1055.100000,-805.400000,347.046000
1060.440000,-802.808000,365.000000
1053.090000,-764.198000,365.000000
1028.200000,-783.540000,334.608000
1028.200000,-785.940000,325.192000
1001.756000,-758.100000,329.218000
986.268000,-758.100000,330.010000
984.200000,-793.284000,323.850000
984.200000,-781.428000,334.828000
1022.216000,-806.100000,340.460000
985.036000,-806.100000,339.646000
998.016000,-758.292000,342.000000
1023.272000,-779.652000,342.000000
986.200000,-778.180000,339.918000
986.200000,-790.720000,334.731000
955.456000,-743.200000,334.794000
944.704000,-743.200000,339.330000
930.200000,-784.000000,329.649000
930.200000,-759.640000,343.929000
975.672000,-803.200000,324.525000
975.392000,-803.200000,327.528000
942.520000,-746.560000,345.000000
964.528000,-782.800000,345.000000
1023.800000,-718.770000,342.040000
1023.800000,-679.586000,340.720000
978.076000,-679.400000,337.160000
975.132000,-679.400000,325.100000
931.800000,-718.336000,332.260000
931.800000,-683.244000,329.480000
1001.720000,-741.400000,327.380000
986.540000,-741.400000,333.860000
943.300000,-686.158000,345.000000
962.988000,-733.464000,345.000000
1083.800000,-645.820000,325.629000
1083.800000,-617.500000,319.427000
1063.775000,-604.600000,323.914000
1069.490000,-604.600000,320.960000
1038.800000,-639.160000,322.206000
1038.800000,-655.600000,322.486000
1070.660000,-664.600000,320.491000
1056.035000,-664.600000,324.019000
1040.195000,-614.260000,326.000000
1041.680000,-609.640000,326.000000
987.100000,-650.001000,324.082000
987.100000,-631.593000,324.670000
980.026000,-606.400000,325.592000
985.192000,-606.400000,325.108000
969.100000,-637.316000,325.104000
969.100000,-644.101000,325.546000
980.908000,-665.400000,324.616000
972.178000,-665.400000,325.984000
985.966000,-618.967000,326.000000
983.302000,-623.864000,326.000000
965.000000,-655.467000,328.295000
965.000000,-649.843000,336.370000
959.560000,-626.200000,341.147000
950.696000,-626.200000,340.093000
949.000000,-643.664000,336.982000
949.000000,-641.999000,326.816000
958.664000,-663.200000,332.834000
964.360000,-663.200000,330.539000
962.472000,-636.005000,343.000000
957.224000,-644.996000,343.000000
1066.900000,-587.522000,326.140000
1066.900000,-587.954000,337.930000
1027.732000,-542.000000,339.730000
974.148000,-542.000000,323.872000
930.900000,-564.680000,335.338000
930.900000,-553.610000,327.814000
1005.836000,-596.000000,330.928000
1032.628000,-596.000000,331.756000
1032.628000,-559.118000,340.000000
963.404000,-580.826000,340.000000
813.700000,-1096.095000,322.564000
813.700000,-1061.942000,320.760000
805.676000,-1059.400000,319.869000
797.720000,-1059.400000,323.169000
779.700000,-1074.488000,328.185000
779.700000,-1059.523000,325.578000
796.666000,-1100.400000,325.501000
797.924000,-1100.400000,327.987000
801.936000,-1074.529000,330.000000
812.476000,-1097.571000,330.000000
892.700000,-1086.241000,330.688000
892.700000,-1016.922000,330.960000
879.268000,-988.700000,326.784000
873.793000,-988.700000,334.464000
819.700000,-1021.248000,338.864000
819.700000,-1070.173000,337.968000
852.331000,-1091.700000,334.960000
843.352000,-1091.700000,325.472000
860.507000,-1032.063000,340.000000
869.997000,-1003.429000,340.000000
809.800000,-1055.800000,330.656000
809.800000,-1024.960000,333.230000
805.972000,-995.800000,327.484000
808.437000,-995.800000,336.077000
780.800000,-1011.640000,324.312000
780.800000,-1030.600000,325.924000
792.255000,-1055.800000,334.127000
784.048000,-1055.800000,328.771000
794.285000,-1024.180000,337.000000
792.806000,-1017.100000,337.000000
773.400000,-1073.500000,331.712000
773.400000,-1089.650000,337.760000
769.240000,-1072.200000,327.792000
729.980000,-1072.200000,325.264000
721.400000,-1077.475000,323.888000
721.400000,-1081.400000,328.768000
739.236000,-1097.200000,335.984000
768.252000,-1097.200000,332.272000
740.692000,-1085.325000,338.000000
728.628000,-1086.375000,338.000000
772.800000,-1006.024000,400.708000
772.800000,-1051.160000,353.080000
772.100000,-1000.200000,374.356000
757.225000,-1000.200000,376.732000
747.800000,-1009.104000,347.896000
747.800000,-1008.936000,400.384000
755.075000,-1056.200000,429.544000
765.025000,-1056.200000,424.036000
754.700000,-1032.568000,433.000000
769.400000,-1043.768000,433.000000
840.300000,-929.168000,385.010000
840.300000,-927.313000,364.730000
785.644000,-920.900000,365.978000
817.284000,-920.900000,381.812000
784.300000,-926.571000,346.946000
784.300000,-970.932000,398.816000
797.684000,-973.900000,327.836000
811.012000,-973.900000,337.898000
794.492000,-954.290000,401.000000
817.340000,-973.370000,401.000000
844.200000,-837.928000,348.690000
844.200000,-846.178000,346.989000
786.912000,-824.200000,343.545000
831.800000,-824.200000,330.588000
782.200000,-827.830000,338.421000
782.200000,-872.512000,335.187000
793.794000,-890.200000,333.297000
798.630000,-890.200000,339.786000
787.656000,-869.212000,351.000000
801.730000,-837.532000,351.000000
769.300000,-837.440000,391.992000
769.300000,-851.405000,335.292000
753.622000,-824.700000,376.620000
751.516000,-824.700000,349.089000
751.300000,-824.847000,361.185000
751.300000,-850.229000,362.886000
753.730000,-873.700000,345.813000
752.254000,-873.700000,376.683000
769.174000,-860.666000,393.000000
752.020000,-844.986000,393.000000
753.067765,-844.740292,334.914000
744.700098,-862.442228,352.617000
747.087436,-826.728949,382.542000
747.709444,-827.022972,366.414000
726.586850,-863.321751,367.170000
738.658855,-837.783227,380.211000
726.851623,-865.831647,351.735000
737.845267,-871.028318,331.008000
742.693792,-862.905227,393.000000
743.764038,-855.624231,393.000000
869.700000,-750.708000,328.114000
869.700000,-764.018000,336.412000
831.350000,-742.700000,341.704000
841.500000,-742.700000,340.354000
819.700000,-762.478000,337.312000
819.700000,-744.834000,326.296000
821.200000,-764.700000,332.920000
851.200000,-764.700000,330.238000
859.950000,-761.136000,343.000000
844.200000,-761.114000,343.000000
907.900000,-761.060000,329.806000
907.900000,-746.900000,341.362000
882.875000,-736.100000,325.414000
895.580000,-736.100000,327.304000
872.900000,-786.920000,339.004000
872.900000,-789.200000,331.246000
907.130000,-796.100000,334.612000
887.530000,-796.100000,335.188000
897.785000,-789.500000,343.000000
880.425000,-739.040000,343.000000
832.246494,-791.453604,403.756000
833.663909,-788.719133,369.064000
814.391870,-761.068127,355.932000
835.246653,-771.878220,411.988000
786.293796,-782.321726,504.108000
788.539571,-777.989187,454.912000
819.515425,-808.778338,456.088000
790.750207,-793.867865,497.836000
808.198064,-800.298819,529.000000
833.678255,-782.824441,529.000000
909.000000,-647.693000,337.944000
909.000000,-650.432000,338.016000
870.507000,-630.500000,332.064000
850.473000,-630.500000,343.272000
846.000000,-654.986000,350.208000
846.000000,-645.746000,348.528000
901.062000,-663.500000,344.352000
908.622000,-663.500000,329.784000
878.886000,-663.335000,351.000000
887.895000,-646.109000,351.000000
840.600000,-654.979000,371.150000
840.600000,-660.568000,384.582000
811.532000,-641.800000,353.338000
803.316000,-641.800000,400.569000
788.600000,-657.670000,335.453000
788.600000,-647.550000,343.556000
831.344000,-664.800000,390.641000
829.316000,-664.800000,359.543000
810.856000,-642.881000,404.000000
808.880000,-657.555000,404.000000
897.700000,-615.100000,463.460000
897.700000,-593.608000,326.935000
856.126000,-592.600000,411.000000
856.290000,-592.600000,374.020000
881.300000,-592.600000,413.795000
815.700000,-615.568000,358.540000
815.700000,-593.968000,421.105000
878.840000,-628.600000,520.865000
862.522000,-628.600000,467.975000
861.456000,-628.600000,490.980000
906.700000,-570.111000,336.085000
906.700000,-551.277000,329.245000
851.190000,-541.000000,332.410000
870.954000,-541.000000,332.530000
784.700000,-566.198000,328.750000
784.700000,-576.518000,335.815000
872.296000,-584.000000,325.075000
828.498000,-584.000000,339.100000
813.858000,-547.493000,340.000000
887.302000,-545.644000,340.000000
547.282337,-1147.550913,349.990000
552.412372,-1139.945322,341.740000
549.070282,-1119.738912,342.670000
558.355503,-1126.001872,348.310000
521.864428,-1122.644304,335.320000
520.388159,-1124.832964,354.880000
532.561009,-1148.408459,328.000000
517.530558,-1138.270292,331.450000
532.179858,-1116.426631,355.000000
542.236683,-1127.867252,355.000000
527.543991,-1173.496637,473.393000
529.391565,-1170.757497,458.447000
520.911817,-1142.645605,434.597000
492.890347,-1123.744885,334.268000
531.527643,-1149.806070,332.042000
478.338112,-1130.208396,395.801000
479.575047,-1128.374565,369.089000
503.260580,-1164.513798,356.846000
520.612337,-1176.217705,403.910000
497.764061,-1160.806349,388.964000
484.586714,-1126.756410,485.000000
493.236488,-1141.946182,485.000000
492.217775,-1104.962097,327.342000
491.303851,-1105.702178,332.588000
506.968252,-1086.115217,373.397000
502.890256,-1081.079311,345.947000
489.659323,-1083.872218,358.513000
494.859983,-1079.660806,359.306000
483.610950,-1101.763792,343.568000
485.457376,-1104.043938,372.665000
503.165159,-1095.077967,387.000000
483.007900,-1089.629021,387.000000
567.169698,-1087.239676,337.644000
604.999609,-1056.605618,366.747000
600.454405,-1042.559852,420.048000
593.406017,-1033.855817,390.618000
555.962549,-1024.256511,393.343000
527.471601,-1047.328026,414.489000
544.414226,-1070.285953,366.747000
544.519951,-1070.416514,329.360000
587.241815,-1061.041518,434.000000
554.723622,-1078.655149,434.000000
615.923570,-1036.621923,332.720000
622.886798,-1030.983212,347.056000
620.390908,-1021.271670,356.912000
619.207785,-1019.810636,354.064000
593.014978,-994.695235,349.072000
588.205999,-998.589470,329.072000
599.188122,-1017.334631,341.264000
594.544367,-1011.600071,336.080000
614.765665,-1023.468271,358.000000
608.517400,-1010.324229,358.000000
623.047718,-1012.199423,329.355000
639.834071,-998.606103,336.263000
654.720575,-980.521494,326.660000
657.191916,-983.573346,327.672000
627.354760,-966.248584,334.976000
617.492777,-974.234660,330.081000
610.341296,-997.223356,332.281000
603.757976,-989.093632,332.490000
634.651767,-988.917227,337.000000
627.614380,-974.148793,337.000000
673.433486,-945.952360,342.561000
654.408952,-961.358123,335.112000
673.758948,-943.951681,333.045000
666.952848,-935.546847,343.653000
658.985751,-938.350511,362.490000
655.544549,-941.137142,352.194000
640.523721,-960.114160,352.974000
645.460740,-966.210870,360.735000
656.198109,-951.783407,366.000000
657.281029,-957.411044,366.000000
450.270243,-1084.308905,328.493000
422.852533,-1106.511328,328.483000
452.166620,-1080.377302,328.249000
434.867232,-1059.014337,328.702000
416.985534,-1048.211112,328.004000
418.193218,-1047.233148,328.921000
399.143432,-1081.637778,328.760000
410.367990,-1095.498953,328.139000
418.887084,-1077.188057,329.000000
416.088852,-1089.416113,329.000000
462.884675,-1039.873956,366.220000
462.884675,-1039.873956,377.270000
450.398605,-1017.031063,350.295000
460.183279,-1029.114129,391.440000
447.243536,-1019.084152,334.435000
427.273993,-1035.255169,340.675000
429.358720,-1041.897472,383.510000
432.696635,-1046.019454,354.910000
441.115903,-1037.093953,393.000000
455.809984,-1024.425439,393.000000
529.512825,-1019.145481,369.648000
525.682273,-1022.247401,328.048000
520.778361,-998.605937,354.032000
531.749932,-1012.154700,342.064000
518.242629,-998.676436,338.352000
502.751778,-1011.220679,356.080000
498.554029,-1020.420661,386.736000
499.205376,-1021.225008,370.096000
507.903486,-1015.809167,390.000000
515.695535,-1003.461815,390.000000
512.137212,-995.230625,366.024000
503.460377,-1002.256987,343.043000
506.185320,-973.976763,354.068000
504.983947,-972.493191,353.774000
504.109268,-972.136055,342.063000
490.971616,-982.774717,364.505000
479.347070,-996.449836,330.107000
477.682518,-994.394285,375.236000
487.679339,-991.389439,377.000000
504.374782,-996.100546,377.000000
552.738523,-1001.267805,357.614000
543.432200,-1008.803917,347.788000
530.433818,-961.726720,349.284000
533.050533,-964.958093,355.234000
505.951742,-969.669977,340.988000
519.085509,-959.034462,328.680000
508.320489,-974.144425,332.658000
532.958382,-1004.569689,336.126000
513.182256,-971.249719,362.000000
530.413001,-987.522519,362.000000
601.872303,-958.945142,332.825000
571.627336,-983.437033,332.285000
602.076012,-924.786567,331.600000
607.147076,-931.048810,328.380000
554.212539,-953.789433,330.380000
593.843874,-921.696610,329.475000
550.754477,-958.339709,329.160000
562.865119,-973.295106,330.570000
558.330577,-951.023460,333.000000
562.153587,-959.040103,333.000000
576.957972,-932.335606,332.363000
586.533965,-924.581120,336.524000
588.495801,-907.133145,375.455000
592.743085,-912.378103,349.007000
544.974275,-936.360581,361.490000
544.737245,-936.552524,361.490000
548.717890,-954.941475,347.582000
542.363013,-947.093855,373.973000
553.657707,-949.410046,386.000000
592.705957,-919.408141,386.000000
649.680310,-914.292469,330.772000
651.484843,-912.831187,335.326000
649.883682,-875.158268,344.362000
665.657597,-894.637432,339.268000
606.882663,-891.045139,339.970000
613.387375,-885.777728,343.210000
625.164325,-930.439254,335.560000
603.811484,-904.070692,329.152000
624.804264,-924.245558,346.000000
648.967978,-898.482421,346.000000
693.285677,-856.446181,360.984000
688.739373,-860.127705,418.706000
699.463477,-823.475777,328.399000
693.208032,-815.750946,447.833000
661.894854,-836.829383,428.947000
674.134903,-826.917586,343.960000
671.729417,-868.677851,396.495000
673.623671,-871.017061,373.087000
668.920240,-864.017044,461.000000
681.539052,-840.827996,461.000000
728.771820,-812.282650,352.598000
723.390085,-816.640694,395.033000
730.041901,-791.485672,335.762000
727.934936,-788.883788,341.144000
709.118445,-793.455131,387.857000
718.327625,-785.997685,356.255000
717.426903,-815.632841,371.021000
716.169521,-814.080104,371.366000
732.789337,-796.348314,398.000000
711.798184,-797.121863,398.000000
763.900000,-687.185000,355.364000
763.900000,-676.488000,345.368000
753.064000,-675.500000,343.408000
753.799000,-675.500000,356.050000
742.900000,-687.812000,380.452000
742.900000,-675.766000,366.781000
759.280000,-694.500000,368.447000
754.387000,-694.500000,377.512000
754.261000,-677.191000,383.000000
761.653000,-692.999000,383.000000
737.593825,-711.982618,351.240000
743.544431,-707.163911,350.240000
734.302386,-687.780433,341.440000
739.824672,-694.599889,359.000000
710.322777,-676.162096,331.680000
707.281028,-678.625256,367.760000
724.945621,-706.417090,361.920000
713.844409,-692.708235,336.520000
729.699983,-686.353912,370.000000
734.675496,-692.226437,370.000000
766.000000,-634.282000,357.500000
766.000000,-615.250000,363.116000
735.924000,-578.200000,348.716000
761.839000,-578.200000,335.000000
693.000000,-620.632000,339.896000
693.000000,-624.220000,342.884000
742.275000,-656.200000,367.112000
701.979000,-656.200000,350.768000
718.696000,-593.254000,371.000000
718.039000,-605.032000,371.000000
765.700000,-568.440000,348.380000
765.700000,-565.080000,335.120000
744.100000,-537.600000,343.500000
714.940000,-537.600000,339.500000
705.700000,-557.280000,338.620000
705.700000,-552.720000,343.880000
743.080000,-577.600000,353.720000
760.360000,-577.600000,348.260000
721.180000,-547.400000,354.000000
709.780000,-559.840000,354.000000
708.600000,-571.008000,501.010000
708.600000,-574.158000,397.165000
695.664000,-536.400000,448.335000
681.972000,-536.400000,444.250000
666.600000,-554.880000,395.875000
666.600000,-543.414000,491.335000
690.582000,-578.400000,343.415000
695.958000,-578.400000,538.420000
418.552143,-1025.638810,365.320000
436.387643,-1011.195907,353.240000
431.081344,-999.351751,355.560000
425.962452,-993.030446,362.000000
399.116175,-978.326528,345.760000
385.873608,-989.050147,330.760000
400.828708,-1009.663329,336.000000
399.872770,-1008.482844,339.520000
402.106539,-980.255513,369.000000
401.264159,-1009.247656,369.000000
463.391840,-981.967832,328.164000
478.437386,-969.784189,400.242000
479.152229,-954.242880,390.156000
478.937001,-953.977096,336.200000
442.267700,-925.728528,370.148000
432.121282,-933.944935,354.158000
442.481913,-959.807315,350.058000
435.630502,-951.346527,372.116000
475.575979,-970.267678,410.000000
454.565505,-933.592869,410.000000
488.142108,-957.490863,328.485000
498.540321,-949.070556,328.780000
506.207364,-933.082534,332.260000
479.587112,-900.209260,329.875000
472.926210,-905.474475,331.040000
467.144244,-910.156619,330.970000
469.268199,-935.136936,329.820000
458.223626,-921.498024,332.065000
496.661015,-942.936168,333.000000
500.587592,-945.353893,333.000000
570.301870,-893.443062,333.011000
537.008937,-920.403148,338.051000
568.018068,-887.571891,348.887000
542.077482,-855.537935,342.650000
523.263524,-854.328390,343.742000
519.160193,-857.651202,347.249000
501.112608,-900.291472,338.618000
519.576868,-923.092934,330.848000
540.157125,-901.409009,350.000000
531.562982,-901.188290,350.000000
625.337369,-851.349352,333.275000
584.583835,-884.350914,339.590000
628.366843,-847.081802,329.615000
618.398408,-834.771810,342.875000
602.028025,-831.622100,340.955000
605.338667,-828.941195,331.145000
569.598495,-869.849880,337.280000
575.828767,-877.543625,334.430000
597.420418,-862.066396,344.000000
579.723148,-865.858801,344.000000
580.426240,-844.485011,329.660000
579.633551,-845.126918,333.860000
564.811782,-818.719577,327.945000
576.743696,-833.454264,328.393000
561.756457,-821.000715,333.237000
543.827700,-835.519137,329.926000
546.273945,-843.497726,331.529000
549.502358,-847.484485,331.459000
561.785620,-844.061566,334.000000
566.526787,-822.696580,334.000000
592.949608,-811.968314,343.590000
588.125086,-815.875135,335.925000
589.910079,-798.655290,335.050000
596.389562,-806.656785,343.590000
587.578603,-799.589794,361.475000
572.433582,-811.853990,351.255000
566.260402,-820.298874,352.935000
566.350395,-820.410006,358.920000
577.104000,-816.502808,362.000000
590.336018,-811.893406,362.000000
633.252884,-788.426384,344.176000
625.297241,-794.868737,342.960000
627.447331,-770.197573,336.368000
626.843183,-769.451513,349.968000
625.557056,-768.923151,328.560000
615.437839,-777.117532,356.976000
605.476486,-789.147296,352.720000
603.601112,-786.831401,331.984000
615.131669,-787.891157,358.000000
623.139537,-786.167523,358.000000
678.315499,-799.559423,336.282000
666.776435,-808.903572,338.270000
654.294919,-756.394610,332.852000
658.346484,-761.397876,327.336000
626.557209,-766.840404,329.436000
642.558645,-753.882697,330.402000
629.604152,-771.985508,340.006000
654.826054,-803.131964,333.468000
642.652488,-777.315801,341.000000
644.871916,-775.817072,341.000000
720.560467,-757.175969,354.467000
735.854700,-744.790944,333.480000
711.883631,-713.568344,346.903000
720.410923,-724.098671,340.269000
662.376170,-739.954706,339.308000
702.896560,-707.141941,347.058000
660.125912,-744.993828,331.744000
676.834369,-765.627053,353.847000
673.946407,-744.804006,362.000000
665.252795,-740.456132,362.000000
430.750451,-921.852465,344.318000
435.058948,-918.363513,335.390000
412.253710,-878.193197,339.926000
429.070410,-898.960091,339.332000
379.704699,-883.409407,335.534000
380.448428,-882.807147,343.274000
415.207988,-934.278945,331.124000
390.704769,-904.019990,329.216000
384.492721,-889.584309,347.000000
429.405424,-904.512676,347.000000
457.748742,-897.722924,345.974000
457.935257,-897.571887,339.970000
448.874736,-865.360397,341.319000
465.611512,-886.028594,344.131000
420.919576,-869.642414,336.683000
425.325994,-866.074167,329.292000
443.373271,-906.237125,332.028000
421.057570,-878.679530,333.453000
419.284530,-872.819382,347.000000
446.683130,-877.384165,347.000000
505.437158,-861.060668,328.640000
498.396215,-866.762310,342.480000
515.714594,-825.986432,340.736000
510.522701,-819.574978,329.984000
472.499479,-845.270008,336.816000
488.772915,-832.092039,333.488000
479.968045,-877.184064,332.912000
481.047959,-878.517646,336.992000
482.047537,-877.368499,344.000000
488.285108,-841.786469,344.000000
472.080729,-835.959973,332.154000
461.687956,-844.375874,333.580000
481.830550,-810.214794,355.590000
480.456115,-808.517508,340.369000
451.730527,-821.557012,347.995000
468.739921,-807.783076,347.127000
454.741720,-845.090551,340.431000
453.125625,-843.094840,353.916000
487.286937,-818.797718,359.000000
465.234916,-839.805080,359.000000
541.460675,-827.578437,333.641000
552.560650,-818.589854,340.166000
548.196949,-809.940470,355.536000
548.978564,-810.905686,346.517000
529.020812,-814.490367,348.460000
522.054475,-820.131595,352.868000
530.782254,-831.338539,341.355000
527.757740,-827.603575,330.219000
549.654432,-815.129683,356.000000
530.588312,-828.739351,356.000000
526.738089,-807.075580,328.938000
535.341095,-800.109004,331.374000
531.913509,-782.147191,327.474000
536.813397,-788.198050,332.688000
506.530229,-779.689757,332.004000
502.520156,-782.937051,328.002000
513.113874,-806.602048,330.540000
503.998798,-795.345866,329.316000
531.619524,-788.028982,333.000000
525.450158,-781.649882,333.000000
565.383592,-805.779097,331.421000
570.279612,-801.814379,326.052000
566.002409,-772.697237,328.249000
580.690747,-790.835824,328.899000
531.261412,-756.205120,338.064000
530.981639,-756.431676,331.746000
546.728267,-796.566126,334.892000
524.601362,-769.241674,334.593000
561.056212,-775.312889,339.000000
540.128993,-758.288963,339.000000
579.104100,-752.956716,329.072000
580.213864,-752.058047,327.674000
592.425407,-735.503920,327.602000
588.451878,-730.597021,328.988000
575.972997,-737.477599,326.138000
579.171730,-734.887317,330.302000
570.691751,-753.157531,330.668000
572.929614,-755.921062,331.616000
585.866867,-737.860521,332.000000
581.698811,-748.063293,332.000000
612.948411,-746.062533,331.060000
610.407144,-748.120411,330.540000
625.522351,-722.786292,328.610000
619.641982,-715.524640,332.730000
601.319907,-714.302804,326.170000
608.477421,-708.506764,334.920000
600.174009,-739.154168,333.730000
602.067005,-741.491823,327.110000
612.564952,-720.514332,335.000000
604.801879,-734.953654,335.000000
571.369342,-738.678802,347.100000
606.023058,-710.616776,351.357000
609.911866,-702.333510,339.048000
608.665812,-700.794761,325.584000
584.162905,-709.017385,330.963000
558.848153,-729.516868,332.811000
560.570803,-738.332330,355.911000
559.947775,-737.562956,340.038000
589.479868,-710.058280,357.000000
605.578168,-697.369558,357.000000
651.903451,-729.986307,340.900000
678.528472,-708.425791,327.080000
686.493502,-685.178477,336.000000
687.568382,-686.505842,331.460000
640.233186,-660.944369,331.120000
622.794030,-675.066318,335.840000
628.002685,-708.289276,326.220000
619.365262,-697.622948,340.220000
645.066737,-671.394332,345.000000
647.016066,-657.021547,345.000000
312.142489,-1039.267479,335.668000
326.515804,-1027.628198,329.548000
332.386632,-994.906376,332.728000
263.315572,-909.610721,332.176000
250.859988,-915.180528,329.800000
243.376073,-921.240884,334.804000
262.242347,-979.791106,326.872000
229.533420,-939.398945,325.432000
253.140566,-928.794169,337.000000
309.467696,-997.136785,337.000000
391.041285,-956.556449,360.405000
349.768617,-989.978396,348.890000
390.540288,-953.455728,351.865000
380.266633,-940.768820,356.555000
363.224432,-946.913103,343.290000
360.244855,-949.325917,329.220000
327.197493,-988.054007,334.750000
334.371746,-996.913471,336.850000
364.792816,-977.619026,361.000000
348.674089,-973.847332,361.000000
365.004747,-942.054715,331.694000
326.899727,-972.911552,350.416000
364.128513,-934.622948,348.326000
329.620358,-892.008926,333.234000
290.324108,-859.699592,342.958000
294.772491,-856.097363,338.052000
278.643238,-914.864274,337.568000
299.320188,-940.398182,342.870000
338.127463,-949.536479,352.000000
276.234188,-899.104125,352.000000
389.572290,-860.527256,349.704000
387.405607,-862.281801,353.796000
393.360471,-856.996414,449.364000
378.226574,-838.307608,382.704000
343.910729,-804.856570,417.156000
320.491436,-823.821140,411.612000
328.556340,-842.119622,384.948000
334.718645,-849.729435,440.520000
365.678888,-861.902293,459.000000
388.000084,-854.481315,459.000000
408.963527,-835.654023,332.852000
403.671163,-839.939695,337.516000
377.152261,-787.837367,327.484000
408.341380,-826.352721,342.334000
373.395855,-787.250582,344.094000
359.990088,-798.106359,347.152000
360.219191,-814.597239,338.726000
359.350729,-813.524777,329.970000
387.023411,-831.108369,349.000000
393.358582,-820.959886,349.000000
465.109363,-787.055052,332.040000
456.988965,-793.630821,337.542000
436.502379,-741.817678,328.624000
435.982561,-741.175756,340.608000
432.155065,-737.822102,339.208000
423.426161,-744.890628,329.674000
417.932882,-761.789684,335.778000
448.268013,-799.250451,332.740000
440.942696,-777.547927,341.000000
436.404004,-762.547259,341.000000
498.940871,-759.276920,326.000000
486.635542,-769.241579,326.000000
474.329913,-715.843866,326.000000
479.658998,-722.424738,326.000000
446.731837,-726.922907,326.000000
463.499538,-713.344690,326.000000
450.369157,-732.336253,326.000000
474.350040,-761.950177,326.000000
470.847445,-746.427038,326.000000
456.591392,-726.103474,326.000000
577.914469,-687.380172,333.784000
584.540415,-682.014587,329.848000
571.922096,-664.542921,329.880000
577.104550,-670.942718,333.352000
547.558239,-677.219654,325.960000
567.931898,-660.721391,336.856000
546.955057,-679.792652,338.056000
555.399908,-690.221173,340.360000
557.512596,-684.028568,341.000000
561.914054,-694.118143,341.000000
554.533115,-708.980636,328.215000
557.553104,-706.535097,327.890000
544.501277,-678.758824,326.995000
556.206636,-693.213739,328.985000
518.339593,-686.819190,325.775000
519.759438,-685.669422,325.080000
515.746358,-689.330913,329.550000
524.229597,-699.806841,326.175000
527.085372,-696.928106,330.000000
549.077024,-690.031338,330.000000
534.043697,-672.389314,336.808000
533.174847,-673.092895,338.648000
542.617025,-652.980643,332.888000
548.114768,-659.769790,326.152000
512.367560,-671.927670,328.984000
519.819612,-665.893117,329.656000
514.900133,-687.080808,325.080000
507.666724,-678.148293,333.160000
511.507939,-676.947290,341.000000
531.129667,-661.616381,341.000000
587.708586,-643.220627,344.632000
583.510742,-646.607860,326.328000
587.134996,-619.834868,338.288000
583.201435,-614.959953,332.022000
563.155754,-625.768847,331.918000
571.799700,-618.794061,337.716000
574.454479,-650.300792,325.574000
574.800486,-650.729604,343.384000
561.458722,-632.578638,349.000000
586.435224,-644.136310,349.000000
285.282835,-838.721653,359.410000
280.195900,-842.283562,341.070000
283.508601,-819.147336,350.870000
282.577113,-817.817033,348.735000
266.039300,-816.793658,342.330000
274.045692,-811.187522,356.400000
276.066066,-839.900337,333.755000
273.720712,-836.550824,329.065000
277.253169,-810.747148,362.000000
277.503288,-834.327065,362.000000
258.718578,-861.162026,320.294000
273.052046,-849.760671,329.478000
244.249251,-807.606959,330.864000
250.340557,-815.264780,332.544000
197.465862,-788.495664,327.448000
188.865781,-795.336477,321.610000
235.104277,-855.546505,324.032000
217.303471,-833.167825,324.676000
271.406725,-845.849692,334.000000
215.185039,-828.662064,334.000000
319.998055,-803.722985,326.000000
328.389242,-797.000376,326.000000
319.537100,-769.982896,326.000000
328.581235,-781.271822,326.000000
286.433843,-760.139057,326.000000
282.962489,-762.920136,326.000000
302.507035,-799.906030,326.000000
286.654007,-780.118217,326.000000
328.448030,-787.298350,326.000000
303.187256,-758.838558,326.000000
285.277850,-714.486316,324.836000
289.689718,-710.443584,324.908000
299.030936,-694.266720,327.860000
302.746007,-698.321008,325.784000
279.929416,-701.754812,326.884000
280.455832,-701.272440,326.660000
275.078906,-718.454032,325.904000
269.633649,-712.511576,327.536000
296.425738,-700.180432,328.000000
292.068936,-706.447291,328.000000
345.747867,-713.021113,327.128000
345.971999,-712.815733,328.514000
353.714843,-700.566626,325.413000
350.897632,-697.492179,330.047000
342.367958,-702.554812,330.705000
344.903455,-700.231457,331.580000
339.861959,-713.572414,328.990000
341.348258,-715.194424,326.113000
350.913793,-703.865740,332.000000
345.267360,-708.334445,332.000000
333.506052,-700.082680,325.990000
331.502869,-701.918258,327.885000
343.217545,-688.069575,324.770000
342.002159,-686.743213,328.980000
333.609773,-690.493245,328.545000
338.386593,-686.116096,325.075000
328.826216,-700.487753,327.325000
329.109964,-700.797409,326.170000
338.888166,-691.163236,329.000000
330.249830,-696.866620,329.000000
360.548048,-695.370789,325.968000
372.828507,-685.066261,324.208000
370.503700,-676.606382,324.992000
368.658257,-674.407069,325.084000
349.818149,-666.517433,324.016000
341.026257,-673.894706,325.960000
349.417482,-687.258454,327.036000
347.553398,-685.036925,326.836000
360.215621,-676.153471,328.000000
357.837899,-662.513754,328.000000
397.829685,-690.137063,328.348000
404.656992,-672.625926,327.308000
405.218466,-658.907815,327.368000
406.355129,-659.350982,328.184000
386.226588,-664.839155,326.392000
381.903898,-675.926280,329.060000
387.082230,-689.402886,329.412000
382.256069,-687.521245,329.936000
393.169141,-668.560228,330.000000
402.539832,-666.879322,330.000000
420.058422,-664.876348,338.939000
428.579853,-653.360295,337.438000
437.771231,-632.601924,334.303000
419.611301,-619.164282,341.599000
411.596919,-627.557397,329.648000
407.528331,-633.055778,326.760000
405.959785,-656.334790,344.012000
396.215432,-649.124348,330.921000
415.559510,-636.682205,345.000000
420.421129,-641.130512,345.000000
401.376564,-603.809715,360.975000
403.176002,-605.319623,365.973000
397.065450,-608.891494,349.019000
374.783860,-635.445659,327.655000
365.929712,-647.169082,337.014000
365.975674,-647.207649,338.386000
381.401526,-632.226203,325.058000
396.591883,-614.123041,349.117000
373.740987,-638.956753,372.000000
375.803577,-637.324742,372.000000
579.379472,-577.695319,342.880000
581.820090,-575.647398,325.624000
581.293087,-574.515285,337.000000
575.982375,-568.186226,330.880000
562.266198,-568.557730,331.144000
568.057494,-563.698256,336.136000
532.949870,-600.911169,325.264000
535.981256,-604.523835,341.392000
549.492567,-581.813791,346.000000
545.560294,-605.438551,346.000000
562.900000,-535.757000,345.136000
562.900000,-537.878000,332.224000
562.300000,-533.300000,339.280000
550.300000,-533.300000,337.480000
522.900000,-536.366000,333.400000
522.900000,-551.087000,342.736000
534.020000,-554.300000,327.544000
538.100000,-554.300000,323.992000
523.460000,-545.690000,346.000000
550.820000,-535.127000,346.000000
515.052258,-644.694906,326.682000
508.054442,-650.566770,345.329000
502.870290,-620.974895,348.606000
517.795818,-638.762447,351.680000
499.707859,-622.324388,341.501000
485.175996,-634.518069,329.031000
479.338880,-647.381586,334.425000
478.332274,-646.181961,335.382000
500.937804,-653.683413,354.000000
501.552767,-635.685383,354.000000
494.084662,-601.466265,321.000000
482.473324,-610.538036,321.000000
479.427824,-570.142645,321.000000
479.883414,-570.725773,321.000000
476.242075,-568.452748,321.000000
465.706371,-576.684142,321.000000
453.783703,-594.169090,321.000000
471.620032,-616.998550,321.000000
477.025156,-606.577719,321.000000
466.678241,-582.873978,321.000000
470.500000,-565.111000,321.000000
470.500000,-569.178000,321.000000
461.910000,-563.200000,321.000000
463.710000,-563.200000,321.000000
460.500000,-570.130000,321.000000
460.500000,-564.684000,321.000000
461.720000,-570.200000,321.000000
467.950000,-570.200000,321.000000
467.810000,-568.429000,321.000000
469.230000,-568.254000,321.000000
452.924850,-577.503197,321.000000
454.715809,-573.179440,321.000000
447.717080,-569.014073,321.000000
450.849031,-570.311370,321.000000
439.463526,-583.870449,321.000000
445.924753,-568.271667,321.000000
439.683167,-585.169377,321.000000
443.960729,-586.941201,321.000000
446.296874,-583.992769,321.000000
445.015879,-586.092377,321.000000
431.938582,-582.147336,322.744000
432.979389,-579.333669,324.204000
428.083573,-568.662328,321.764000
433.221329,-570.562841,321.080000
416.324096,-592.652608,324.788000
417.344087,-589.895214,321.956000
415.312961,-595.925065,323.808000
418.449262,-597.085218,322.832000
422.280072,-593.736255,325.000000
427.358387,-573.064136,325.000000
479.100000,-550.790000,321.000000
479.100000,-551.390000,321.000000
449.616000,-546.500000,321.000000
477.252000,-546.500000,321.000000
437.100000,-554.840000,321.000000
437.100000,-552.270000,321.000000
477.630000,-556.500000,321.000000
441.678000,-556.500000,321.000000
455.916000,-555.530000,321.000000
439.158000,-550.080000,321.000000
410.445861,-567.756437,321.000000
407.335282,-575.988344,321.000000
411.166331,-547.460907,321.000000
409.463823,-546.817583,321.000000
396.835584,-575.484434,321.000000
402.731544,-559.881228,321.000000
402.293887,-586.868732,321.000000
402.153570,-586.815710,321.000000
397.691655,-583.205473,321.000000
407.073387,-570.287764,321.000000
396.933071,-557.188093,321.000000
393.618424,-566.869385,321.000000
395.945721,-541.610409,321.000000
395.737583,-541.539147,321.000000
385.758046,-558.955603,321.000000
390.804355,-544.216539,321.000000
391.542483,-568.641494,321.000000
389.886834,-568.074639,321.000000
394.531599,-541.326017,321.000000
390.032978,-561.874710,321.000000
1337.480071,-498.284801,349.528000
1356.875637,-487.533663,354.400000
1356.522547,-474.619686,335.808000
1357.927525,-477.154334,310.664000
1323.478730,-482.035436,322.144000
1312.395549,-488.178943,322.928000
1318.155057,-504.410838,308.480000
1314.744421,-498.257889,335.192000
1351.061333,-470.707871,360.000000
1312.493043,-493.503239,360.000000
1269.500000,-513.740000,334.396000
1269.500000,-504.680000,313.900000
1237.390000,-494.600000,327.564000
1256.695000,-494.600000,320.032000
1204.500000,-513.350000,320.704000
1204.500000,-516.470000,326.164000
1253.705000,-524.600000,313.872000
1221.530000,-524.600000,332.296000
1209.050000,-497.960000,337.000000
1266.185000,-500.750000,337.000000
1269.000000,-443.110000,307.021000
1269.000000,-437.572000,316.450000
1257.066000,-416.200000,322.897000
1242.405000,-416.200000,321.049000
1242.000000,-438.547000,317.773000
1242.000000,-436.402000,325.648000
1261.035000,-455.200000,312.628000
1243.350000,-455.200000,309.247000
1268.352000,-422.596000,328.000000
1260.198000,-432.463000,328.000000
1188.300000,-520.144000,311.344000
1188.300000,-520.720000,320.150000
1168.020000,-496.400000,321.914000
1148.104000,-496.400000,323.216000
1136.300000,-513.072000,318.498000
1136.300000,-506.192000,312.282000
1170.256000,-528.400000,315.082000
1179.928000,-528.400000,315.348000
1182.164000,-503.312000,324.000000
1157.048000,-516.528000,324.000000
1131.300000,-518.360000,313.570000
1131.300000,-525.480000,313.000000
1122.875000,-486.600000,315.838000
1117.275000,-486.600000,313.657000
1106.300000,-505.360000,315.103000
1106.300000,-490.360000,314.314000
1121.300000,-526.600000,314.371000
1121.975000,-526.600000,314.971000
1125.975000,-497.320000,316.000000
1109.400000,-520.200000,316.000000
1190.100000,-464.928000,314.272000
1190.100000,-452.994000,314.200000
1168.440000,-449.700000,312.320000
1163.576000,-449.700000,315.952000
1114.100000,-457.206000,318.368000
1114.100000,-465.576000,317.704000
1155.748000,-467.700000,316.408000
1145.640000,-467.700000,319.456000
1166.768000,-455.460000,320.000000
1178.624000,-450.636000,320.000000
1203.900000,-439.728000,320.886000
1203.900000,-421.620000,326.700000
1181.998000,-407.400000,312.556000
1190.928000,-407.400000,334.146000
1109.900000,-420.540000,338.260000
1109.900000,-431.520000,341.592000
1156.524000,-443.400000,329.964000
1128.982000,-443.400000,315.038000
1166.206000,-420.792000,342.000000
1163.856000,-416.904000,342.000000
963.800000,-518.050000,325.419000
963.800000,-510.161000,326.475000
957.646000,-496.200000,324.687000
932.316000,-496.200000,324.132000
929.800000,-503.399000,326.952000
929.800000,-506.757000,324.786000
944.896000,-519.200000,326.220000
963.494000,-519.200000,325.443000
946.970000,-505.952000,327.000000
940.000000,-507.148000,327.000000
1005.000000,-433.690000,336.742000
1005.000000,-458.170000,324.574000
995.970000,-433.600000,330.398000
955.020000,-433.600000,330.268000
935.000000,-441.400000,324.054000
935.000000,-441.010000,335.962000
962.440000,-463.600000,343.684000
989.600000,-463.600000,341.656000
963.700000,-447.880000,348.000000
936.750000,-454.240000,348.000000
912.300000,-496.550000,391.200000
912.300000,-495.830000,362.400000
908.450000,-494.900000,366.700000
887.200000,-494.900000,384.300000
862.300000,-501.140000,342.300000
862.300000,-495.950000,406.200000
879.300000,-524.900000,417.900000
890.700000,-524.900000,328.100000
878.100000,-510.770000,425.000000
899.800000,-521.870000,425.000000
911.700000,-448.580000,340.900000
911.700000,-453.980000,338.225000
911.050000,-444.300000,334.800000
904.160000,-444.300000,343.700000
885.700000,-450.540000,328.675000
885.700000,-477.220000,324.175000
893.188000,-484.300000,322.575000
894.956000,-484.300000,329.650000
891.472000,-467.540000,347.000000
898.050000,-448.740000,347.000000
914.100000,-406.970000,409.400000
914.100000,-415.820000,417.096000
865.450000,-402.200000,384.024000
910.150000,-402.200000,335.872000
864.100000,-405.320000,358.648000
864.100000,-420.530000,358.648000
875.900000,-432.200000,333.168000
871.300000,-432.200000,381.424000
870.450000,-421.190000,425.000000
874.100000,-411.890000,425.000000
864.200000,-477.109000,405.655000
864.200000,-485.754000,346.721000
807.160000,-473.100000,386.300000
810.446000,-473.100000,364.022000
802.200000,-474.088000,367.024000
802.200000,-480.700000,381.323000
813.608000,-492.100000,347.748000
859.984000,-492.100000,398.624000
804.246000,-486.115000,410.000000
859.550000,-483.265000,410.000000
863.600000,-438.197000,334.081000
863.600000,-449.882000,368.446000
809.784000,-433.200000,393.805000
822.990000,-433.200000,385.747000
801.600000,-433.200000,374.450000
801.600000,-436.772000,403.048000
809.722000,-452.200000,355.174000
846.302000,-452.200000,341.349000
859.818000,-447.203000,410.000000
841.900000,-447.393000,410.000000
772.000000,-438.430000,344.571000
772.000000,-410.980000,398.163000
772.000000,-508.336000,374.325000
678.976000,-400.000000,410.343000
721.498000,-400.000000,417.216000
658.000000,-515.656000,389.115000
658.000000,-519.072000,349.269000
658.000000,-457.340000,405.558000
667.006000,-522.000000,367.800000
716.026000,-522.000000,368.322000
754.216000,-496.258000,420.000000
700.750000,-516.876000,420.000000
750.112000,-420.984000,420.000000
634.400000,-443.508000,340.048000
634.400000,-435.324000,326.584000
589.324000,-398.000000,389.878000
620.771000,-398.000000,341.038000
575.400000,-509.104000,373.774000
575.400000,-492.736000,355.492000
576.993000,-522.000000,357.604000
592.923000,-522.000000,369.946000
619.650000,-502.284000,391.000000
581.300000,-419.080000,391.000000
574.200000,-450.960000,332.524000
574.200000,-462.399000,331.558000
533.616000,-399.300000,322.276000
573.060000,-399.300000,340.756000
517.200000,-503.112000,353.986000
517.200000,-467.196000,349.912000
572.775000,-522.300000,343.738000
522.045000,-522.300000,359.110000
554.592000,-509.139000,361.000000
564.282000,-446.286000,361.000000
480.900000,-488.108000,330.648000
480.900000,-497.975000,335.044000
461.100000,-469.700000,323.816000
456.660000,-469.700000,341.176000
450.900000,-500.549000,344.984000
450.900000,-482.999000,319.308000
478.590000,-508.700000,338.124000
477.090000,-508.700000,325.440000
467.730000,-506.555000,347.000000
467.430000,-492.866000,347.000000
405.300000,-497.708000,321.088000
405.300000,-515.054000,323.784000
389.492000,-475.700000,319.128000
389.804000,-475.700000,317.536000
379.300000,-506.738000,317.176000
379.300000,-481.118000,319.288000
401.946000,-517.700000,323.216000
396.512000,-517.700000,321.040000
391.442000,-517.616000,325.000000
386.476000,-509.552000,325.000000
499.500000,-433.636000,315.790000
499.500000,-407.589000,316.754000
473.924000,-398.500000,316.278000
481.836000,-398.500000,316.316000
453.500000,-440.407000,316.768000
453.500000,-454.437000,315.878000
491.174000,-459.500000,315.256000
474.200000,-459.500000,315.440000
470.658000,-401.550000,315.000000
453.546000,-399.537000,315.000000
1271.200000,-336.644000,366.415000
1271.200000,-317.080000,340.830000
1253.560000,-290.800000,345.675000
1265.180000,-290.800000,359.445000
1236.200000,-337.155000,324.850000
1236.200000,-342.265000,378.060000
1263.045000,-363.800000,389.110000
1244.530000,-363.800000,311.675000
1245.930000,-298.246000,392.000000
1261.610000,-307.517000,392.000000
1217.300000,-331.540000,382.078000
1217.300000,-329.056000,371.551000
1194.750000,-315.900000,360.763000
1169.250000,-315.900000,390.604000
1167.300000,-329.309000,339.535000
1167.300000,-327.239000,322.657000
1203.050000,-338.900000,318.220000
1168.600000,-338.900000,341.710000
1176.500000,-319.442000,400.000000
1189.850000,-326.043000,400.000000
1167.900000,-352.860000,390.256000
1167.900000,-358.320000,395.476000
1151.940000,-276.000000,369.028000
1137.940000,-276.000000,327.529000
1127.900000,-331.755000,347.713000
1127.900000,-305.610000,346.582000
1154.380000,-381.000000,326.485000
1160.460000,-381.000000,365.635000
1131.500000,-297.630000,400.000000
1134.940000,-344.565000,400.000000
1100.100000,-335.280000,468.156000
1100.100000,-344.820000,348.234000
1065.400000,-300.000000,429.604000
1046.400000,-300.000000,382.836000
1035.100000,-300.000000,317.582000
1000.100000,-321.555000,390.894000
1000.100000,-303.150000,417.438000
1061.100000,-345.000000,352.342000
1060.400000,-345.000000,452.040000
1000.900000,-345.000000,374.146000
1099.600000,-311.610000,471.000000
1090.200000,-338.925000,471.000000
997.200000,-378.960000,327.393000
997.200000,-356.980000,373.282000
979.500000,-349.700000,409.688000
977.700000,-349.700000,397.153000
937.200000,-364.645000,383.092000
937.200000,-379.730000,421.024000
970.680000,-384.700000,356.387000
960.660000,-384.700000,335.895000
991.260000,-360.550000,428.000000
974.760000,-352.360000,428.000000
998.100000,-290.115000,337.639000
998.100000,-273.665000,403.257000
983.520000,-259.000000,419.934000
991.320000,-259.000000,427.128000
938.100000,-272.125000,393.338000
938.100000,-281.610000,341.999000
968.460000,-294.000000,366.742000
948.840000,-294.000000,365.761000
986.520000,-271.670000,428.000000
959.220000,-269.080000,428.000000
879.400000,-380.543000,343.815000
879.400000,-373.413000,328.337000
875.007000,-358.900000,326.491000
858.654000,-358.900000,343.886000
856.400000,-366.306000,380.096000
856.400000,-368.882000,359.435000
866.842000,-381.900000,362.772000
878.641000,-381.900000,374.984000
872.776000,-368.445000,396.000000
858.171000,-370.400000,396.000000
830.200000,-381.876000,353.920000
830.200000,-377.076000,351.184000
825.752000,-350.100000,336.280000
808.120000,-350.100000,366.952000
798.200000,-358.740000,390.712000
798.200000,-357.236000,382.720000
811.064000,-382.100000,373.072000
822.360000,-382.100000,398.488000
817.976000,-365.044000,400.000000
823.864000,-372.884000,400.000000
889.700000,-299.185000,360.228000
889.700000,-299.715000,371.954000
884.219000,-296.800000,340.138000
859.586000,-296.800000,389.912000
826.700000,-308.354000,402.130000
826.700000,-297.383000,325.870000
848.750000,-349.800000,382.122000
860.972000,-349.800000,343.828000
859.712000,-324.307000,405.000000
859.901000,-345.772000,405.000000
918.300000,-264.804000,329.028000
918.300000,-270.244000,332.592000
914.940000,-261.700000,326.344000
892.764000,-261.700000,324.001000
822.300000,-267.012000,323.649000
822.300000,-287.268000,326.410000
850.908000,-293.700000,331.965000
854.172000,-293.700000,328.819000
863.484000,-279.972000,334.000000
846.492000,-266.020000,334.000000
775.600000,-320.815000,398.978000
775.600000,-332.330000,345.023000
733.374000,-315.600000,372.382000
773.278000,-315.600000,368.894000
732.600000,-319.590000,345.786000
732.600000,-336.145000,392.765000
743.135000,-350.600000,428.081000
737.760000,-350.600000,416.636000
747.005000,-337.405000,438.000000
774.611000,-327.745000,438.000000
769.600000,-272.848000,391.593000
769.600000,-296.320000,363.558000
730.540000,-263.200000,369.788000
734.194000,-263.200000,383.049000
727.600000,-266.176000,348.072000
727.600000,-281.200000,402.540000
735.706000,-311.200000,326.356000
765.736000,-311.200000,333.031000
737.722000,-295.600000,415.000000
757.084000,-290.032000,415.000000
706.400000,-269.839000,336.296000
706.400000,-310.726000,334.152000
663.378000,-253.900000,332.392000
675.481000,-253.900000,337.656000
657.400000,-254.530000,328.472000
657.400000,-264.232000,325.160000
664.309000,-316.900000,324.568000
691.504000,-316.900000,328.664000
664.554000,-299.701000,339.000000
678.323000,-302.473000,339.000000
646.650000,-287.360000,370.875000
646.650000,-262.148000,373.460000
535.387800,-247.100000,357.455000
590.210700,-247.100000,330.505000
511.950000,-373.556000,344.035000
511.950000,-372.764000,342.550000
523.938300,-379.100000,330.560000
577.279500,-379.100000,354.595000
518.954400,-349.928000,375.000000
532.424400,-376.856000,375.000000
626.579700,-265.184000,375.000000
502.100000,-295.414000,309.920000
502.100000,-291.158000,320.362000
403.802000,-247.800000,344.650000
475.811000,-247.800000,330.436000
375.100000,-368.165000,333.426000
375.100000,-346.220000,340.510000
379.799000,-380.800000,322.202000
409.771000,-380.800000,350.538000
496.766000,-358.323000,355.000000
486.606000,-273.602000,355.000000
456.761000,-356.727000,355.000000
1095.100000,-192.060000,323.560000
1095.100000,-202.982000,339.880000
991.132000,-156.800000,353.800000
951.820000,-156.800000,348.600000
951.100000,-230.158000,344.000000
951.100000,-202.208000,357.360000
1092.940000,-242.800000,334.240000
959.884000,-242.800000,326.120000
1075.372000,-232.824000,359.000000
1037.932000,-191.716000,359.000000
1013.740000,-199.886000,359.000000
921.400000,-194.750000,377.208000
921.400000,-216.275000,524.796000
921.400000,-227.525000,339.056000
871.150000,-160.100000,566.964000
862.600000,-160.100000,328.765000
862.900000,-160.100000,509.736000
846.400000,-220.175000,505.720000
846.400000,-183.800000,383.734000
846.400000,-194.525000,429.165000
916.375000,-235.100000,444.225000
910.075000,-235.100000,438.703000
856.750000,-235.100000,348.594000
994.700000,-79.554800,321.727000
994.700000,-87.690200,319.639000
965.654000,-70.200000,319.522000
967.816000,-70.200000,321.610000
947.700000,-83.831800,326.326000
947.700000,-72.111000,323.581000
989.107000,-88.400000,324.130000
977.639000,-88.400000,325.552000
979.425000,-88.181600,328.000000
950.191000,-85.306000,328.000000
999.034813,-54.963684,330.719000
1000.397605,-48.383013,329.342000
977.760553,-40.674036,324.131000
986.191662,-42.420034,335.255000
957.453191,-48.640175,344.516000
956.773530,-51.922138,341.168000
990.497069,-60.774470,337.928000
973.922744,-57.342092,320.081000
983.626441,-42.587316,347.000000
991.721595,-44.298667,347.000000
852.785333,-116.087311,333.311000
855.139103,-112.504038,336.041000
843.764198,-96.556485,328.187000
854.624679,-103.690487,340.640000
822.757836,-96.957328,323.063000
822.394163,-97.510967,324.239000
842.261299,-117.583906,338.918000
825.539134,-106.599497,328.838000
842.805058,-97.951794,344.000000
841.684463,-100.760058,344.000000
886.858353,-89.194658,324.516000
887.819097,-87.657147,326.376000
871.709017,-60.372089,323.046000
847.136824,-45.017678,321.690000
836.127112,-55.269740,321.582000
837.737007,-52.693370,323.004000
868.296218,-87.129406,326.118000
830.946484,-63.790702,324.318000
862.235015,-58.612216,327.000000
849.583592,-59.980378,327.000000
918.359925,-25.961222,330.880000
917.588647,-28.151385,322.736000
907.860839,-1.596467,326.976000
894.746271,3.021901,326.240000
878.481399,-6.736603,323.056000
881.028411,0.496029,329.744000
902.254134,-28.247301,335.152000
907.151346,-29.971882,333.248000
893.943016,-2.305780,336.000000
916.812916,-24.128297,336.000000
871.758721,-6.122527,325.062000
882.040769,23.074930,320.798000
875.241801,26.338585,321.890000
872.151803,27.426744,323.645000
855.845967,11.913085,318.718000
861.879009,29.044838,326.492000
861.167618,-12.173111,315.533000
860.335696,-11.880144,316.339000
863.149009,19.817065,328.000000
863.828128,-8.285076,328.000000
783.200000,-230.269000,392.913000
783.200000,-202.304000,381.517000
771.000000,-191.400000,374.048000
771.160000,-191.400000,398.380000
743.200000,-211.892000,355.260000
743.200000,-230.598000,338.243000
765.920000,-238.400000,336.395000
757.880000,-238.400000,355.106000
747.560000,-205.547000,403.000000
759.360000,-196.147000,403.000000
712.800000,-231.450000,325.778000
712.800000,-209.700000,325.976000
701.415000,-187.500000,324.314000
708.795000,-187.500000,321.284000
667.800000,-206.700000,322.844000
667.800000,-218.600000,322.598000
691.020000,-237.500000,321.380000
674.775000,-237.500000,323.912000
668.475000,-205.150000,326.000000
673.605000,-203.100000,326.000000
638.700000,-214.420000,317.653000
638.700000,-208.900000,323.830000
623.826000,-195.800000,339.577000
573.802000,-195.800000,330.181000
564.700000,-202.440000,332.501000
564.700000,-204.000000,336.532000
599.036000,-215.800000,325.396000
634.482000,-215.800000,342.883000
632.780000,-203.900000,345.000000
627.896000,-206.280000,345.000000
423.000000,-228.820000,318.528000
423.000000,-224.180000,353.505000
418.083000,-189.500000,385.723000
401.022000,-189.500000,372.996000
390.000000,-200.700000,364.007000
390.000000,-197.420000,392.487000
403.596000,-229.500000,342.202000
414.123000,-229.500000,322.978000
417.258000,-207.780000,394.000000
409.107000,-218.940000,394.000000
776.400000,-68.000000,321.214000
776.400000,-70.640000,326.380000
771.120000,-65.900000,319.018000
751.430000,-65.900000,319.351000
721.400000,-79.580000,325.813000
721.400000,-125.120000,321.322000
741.145000,-125.900000,323.617000
749.945000,-125.900000,323.293000
761.660000,-96.440000,328.000000
738.120000,-122.780000,328.000000
769.250000,-2.180000,328.320000
769.250000,-10.340000,316.560000
764.520000,1.300000,316.608000
743.235000,1.300000,327.072000
661.750000,-5.740000,352.848000
661.750000,-29.700000,337.584000
694.752500,-38.700000,341.136000
694.860000,-38.700000,348.096000
730.227500,-21.140000,360.000000
664.867500,-5.100000,360.000000
507.800000,-0.472000,313.005000
507.800000,-17.944000,311.510000
448.280000,6.200000,307.370000
506.000000,6.200000,316.547000
447.800000,0.248000,324.758000
447.800000,-20.824000,321.584000
463.100000,-41.800000,319.123000
453.560000,-41.800000,303.621000
480.380000,-23.224000,326.000000
493.040000,-11.608000,326.000000
245.913037,-576.736205,322.529000
238.146883,-584.502359,322.645000
234.790955,-559.941712,322.285000
236.602562,-561.753320,322.864000
232.830855,-560.119903,322.040000
228.687916,-564.262842,322.083000
222.065154,-576.914396,322.796000
232.177488,-587.026730,322.302000
230.692564,-575.592814,323.000000
232.355679,-574.820653,323.000000
296.500000,-331.856000,312.623000
296.500000,-348.224000,312.920000
288.508000,-326.000000,312.379000
291.037000,-326.000000,312.139000
287.500000,-326.456000,312.134000
287.500000,-329.336000,312.358000
288.859000,-350.000000,312.890000
293.548000,-350.000000,312.577000
290.686000,-343.208000,313.000000
289.336000,-345.080000,313.000000
283.000000,-313.164000,312.718000
283.000000,-311.742000,312.195000
262.936000,-310.500000,312.473000
273.520000,-310.500000,312.414000
259.000000,-319.203000,312.229000
259.000000,-318.852000,312.633000
261.376000,-319.500000,312.984000
270.040000,-319.500000,312.852000
265.240000,-317.430000,313.000000
281.320000,-310.563000,313.000000
170.270134,-560.614365,328.496000
170.198854,-560.650684,325.760000
168.791732,-527.051402,326.536000
179.432815,-547.935704,327.512000
132.356477,-536.161615,324.584000
139.448889,-532.547851,329.256000
130.159219,-539.338398,322.632000
133.735757,-546.357747,323.008000
138.610156,-540.241147,330.000000
168.759286,-546.283281,330.000000
141.142136,-300.606602,314.812000
138.278353,-303.470384,314.488000
130.097128,-275.419458,314.324000
124.182179,-269.504510,314.926000
108.208637,-284.042625,313.834000
114.554921,-277.696342,313.364000
130.411790,-311.089460,313.346000
106.702500,-287.380169,313.802000
109.771343,-285.994240,315.000000
125.267588,-285.792715,315.000000
118.929042,-614.041520,323.087000
102.586390,-630.384172,324.653000
130.401143,-579.489455,388.772000
129.060468,-578.148780,343.706000
83.681184,-615.348254,367.544000
110.104350,-588.925087,362.759000
90.062115,-640.973803,346.229000
88.059589,-638.971277,381.812000
94.406579,-637.783338,410.000000
94.067168,-608.526087,410.000000
26.174536,-491.405053,320.950000
-18.884541,-422.020160,322.940000
96.525448,-549.082226,328.500000
93.610229,-550.975391,325.130000
39.188173,-430.656845,326.060000
102.795476,-528.603503,327.320000
-16.230544,-417.220337,323.620000
-6.008827,-410.582276,329.510000
-13.911319,-420.226118,330.000000
-0.339478,-436.843185,330.000000
144.768993,-441.597305,324.158000
169.047664,-421.383433,332.518000
164.710875,-389.080350,340.790000
172.051136,-397.896661,337.336000
103.844683,-413.211186,335.400000
92.888848,-422.332766,320.154000
109.766484,-460.621281,330.032000
96.345169,-444.501080,324.972000
173.830615,-404.159996,342.000000
164.239998,-397.592032,342.000000
71.831757,-340.329656,323.622000
83.203376,-353.881825,342.696000
119.395718,-370.977584,315.326000
109.614863,-379.184696,316.142000
93.659419,-316.559689,341.030000
93.545132,-316.423486,323.588000
54.677252,-309.232117,332.700000
69.287252,-296.972871,331.034000
109.390512,-369.856790,348.000000
108.338881,-347.993275,348.000000
37.934095,-305.320739,324.474000
39.809342,-303.445492,315.927000
48.354021,-252.270760,316.389000
28.396639,-232.313378,323.154000
-4.579993,-257.325159,341.337000
3.017162,-249.728004,330.381000
9.548001,-309.631262,333.285000
20.590180,-320.673441,337.608000
45.123957,-261.927010,345.000000
1.127773,-252.069941,345.000000
364.000000,-200.661000,311.024000
364.000000,-212.204000,309.698000
316.234000,-131.500000,306.876000
284.200000,-131.500000,313.421000
250.000000,-184.850000,319.711000
250.000000,-154.101000,317.144000
327.748000,-228.500000,315.563000
337.324000,-228.500000,303.867000
307.570000,-149.542000,320.000000
333.220000,-199.497000,320.000000
276.106000,-185.723000,320.000000
285.951818,-68.047601,310.924000
313.594414,-44.018258,312.366000
307.793280,-33.937806,307.508000
305.304061,-31.074287,315.432000
275.784961,-35.677610,304.092000
294.072781,-19.780250,304.498000
269.392823,-67.195190,314.662000
267.842162,-65.411359,307.564000
294.100638,-36.692484,317.000000
269.157737,-60.188165,317.000000
209.000000,-77.615000,310.661000
209.000000,-24.320000,310.944000
197.030000,0.000000,310.416000
198.474000,0.000000,310.163000
171.000000,-42.370000,310.172000
171.000000,-76.950000,310.381000
192.964000,-95.000000,310.928000
183.996000,-95.000000,310.600000
183.046000,-27.645000,311.000000
177.878000,-11.875000,311.000000
170.000000,-186.835000,323.305000
170.000000,-100.620000,317.398000
125.290000,0.000000,320.621000
158.950000,0.000000,319.807000
0.000000,-84.710000,317.926000
0.000000,-128.570000,322.216000
89.420000,-215.000000,315.242000
22.270000,-215.000000,324.625000
37.740000,-73.745000,326.000000
154.020000,-72.455000,326.000000
102.680000,-130.290000,326.000000
68.510000,-17.845000,326.000000
124.610000,-178.020000,326.000000
