1522.700000,-1106.130000,304.102000
1518.263000,-1072.200000,305.612000
1505.700000,-1087.527000,305.124000
1514.608000,-1111.200000,304.634000
1521.459000,-1085.616000,306.000000
1493.900000,-1067.594000,307.542000
1477.340000,-1052.600000,307.052000
1469.900000,-1080.548000,306.564000
1492.796000,-1086.600000,306.074000
1474.868000,-1083.710000,308.000000
1570.100000,-963.640000,304.437000
1566.260000,-963.400000,302.722000
1538.100000,-968.420000,301.014000
1550.356000,-983.400000,306.299000
1553.684000,-973.120000,308.000000
1526.200000,-970.390000,305.200000
1517.965000,-952.900000,320.320000
1511.200000,-973.300000,315.440000
1523.380000,-982.900000,310.540000
1522.705000,-954.580000,321.000000
1508.400000,-960.584000,309.370000
1467.324000,-956.300000,307.174000
1466.400000,-959.380000,304.978000
1476.522000,-984.300000,302.773000
1468.374000,-973.856000,310.000000
1511.246502,-742.517634,317.550000
1477.245171,-726.174728,310.962000
1492.194746,-751.847683,304.374000
1518.596810,-756.060885,324.759000
1482.179773,-736.331609,327.000000
1427.300000,-585.815000,314.660000
1407.212000,-569.000000,310.268000
1403.300000,-624.176000,323.858000
1405.700000,-626.000000,319.466000
1417.868000,-612.833000,326.000000
1390.800000,-634.124000,308.720000
1374.840000,-622.000000,314.768000
1330.800000,-627.558000,312.808000
1362.540000,-636.000000,310.856000
1384.020000,-626.760000,316.000000
1366.100000,-594.702000,316.910000
1354.285000,-574.600000,314.226000
1349.100000,-612.596000,311.531000
1365.386000,-620.600000,308.847000
1351.939000,-616.460000,319.000000
1347.700000,-580.887000,309.060000
1344.600000,-580.600000,308.572000
1322.700000,-591.096000,308.082000
1332.375000,-621.600000,309.594000
1333.900000,-600.321000,310.000000
1448.900000,-1095.306000,307.250000
1428.439000,-1079.700000,306.030000
1411.900000,-1098.195000,309.805000
1442.092000,-1106.700000,308.585000
1438.836000,-1081.104000,311.000000
1344.200000,-1078.966000,308.000000
1324.540000,-1073.900000,308.000000
1324.200000,-1077.776000,308.000000
1329.120000,-1107.900000,308.000000
1324.360000,-1095.082000,308.000000
1442.100000,-1056.600000,314.040000
1428.092000,-1042.200000,310.120000
1408.100000,-1053.060000,306.216000
1431.050000,-1062.200000,318.312000
1417.892000,-1046.080000,319.000000
1434.000000,-1012.402000,311.200000
1359.151000,-1006.000000,306.300000
1345.000000,-1027.406000,321.420000
1354.256000,-1028.000000,316.540000
1395.552000,-1022.808000,323.000000
1344.900000,-1060.099000,308.210000
1328.160000,-1009.300000,321.045000
1282.900000,-1033.018000,316.897000
1315.946000,-1068.300000,312.749000
1335.476000,-1029.065000,323.000000
1446.100000,-956.988000,313.900000
1429.324000,-942.300000,310.470000
1422.100000,-970.554000,307.054000
1445.188000,-976.300000,303.624000
1425.172000,-973.104000,316.000000
1399.000000,-954.899000,304.710000
1393.195000,-954.800000,303.975000
1354.000000,-963.380000,303.243000
1371.640000,-987.800000,305.508000
1372.360000,-970.541000,306.000000
1337.700000,-970.242000,305.156000
1328.772000,-951.300000,304.180000
1321.700000,-974.037000,307.204000
1334.836000,-984.300000,306.224000
1332.708000,-952.884000,308.000000
1430.300000,-917.992000,302.369000
1383.911000,-915.400000,333.365000
1383.300000,-917.542000,323.361000
1395.050000,-933.400000,313.316000
1428.796000,-926.524000,343.000000
1308.000000,-887.980000,342.992000
1300.512000,-836.500000,331.280000
1290.000000,-875.956000,319.568000
1302.222000,-908.500000,355.808000
1294.464000,-850.108000,356.000000
1302.100000,-760.636000,320.021000
1289.425000,-753.200000,312.945000
1287.100000,-778.602000,334.840000
1288.735000,-779.200000,327.764000
1295.020000,-772.960000,336.000000
1356.800000,-792.655000,311.901000
1337.000000,-779.800000,333.825000
1284.800000,-785.890000,326.720000
1323.536000,-794.800000,319.644000
1342.976000,-784.765000,336.000000
1451.000000,-768.020000,332.004000
1377.080000,-761.600000,323.220000
1346.000000,-774.125000,314.400000
1447.535000,-776.600000,305.616000
1355.240000,-775.115000,336.000000
1446.700000,-760.126000,321.924000
1444.838000,-723.200000,313.140000
1432.700000,-733.005000,304.320000
1438.244000,-760.200000,331.536000
1437.852000,-740.664000,336.000000
1445.200000,-714.435000,315.792000
1397.992000,-705.900000,304.080000
1361.200000,-716.310000,340.320000
1430.500000,-720.900000,328.608000
1415.716000,-706.545000,348.000000
1359.800000,-706.680000,314.058000
1343.928000,-701.500000,345.810000
1343.800000,-706.051000,335.520000
1347.880000,-738.500000,325.272000
1358.664000,-724.218000,354.000000
1342.600000,-709.054000,344.298000
1327.023000,-699.100000,334.008000
1305.600000,-706.828000,323.760000
1330.908000,-713.100000,313.512000
1313.333000,-701.690000,354.000000
1302.800000,-712.224000,332.538000
1288.350000,-703.200000,322.248000
1285.800000,-734.592000,312.000000
1287.721000,-735.200000,343.752000
1294.113000,-727.360000,354.000000
1268.400000,-1089.760000,310.553000
1261.425000,-1042.900000,323.388000
1243.400000,-1065.505000,319.240000
1256.950000,-1097.900000,315.092000
1262.625000,-1060.830000,324.000000
1228.600000,-1086.613000,311.645000
1221.520000,-1073.500000,310.420000
1218.600000,-1099.540000,309.200000
1228.310000,-1104.500000,307.975000
1219.090000,-1101.307000,312.000000
1220.900000,-1104.440000,310.947000
1216.622000,-1094.500000,310.212000
1189.900000,-1097.190000,309.480000
1202.331000,-1104.500000,311.745000
1200.099000,-1099.180000,312.000000
1216.600000,-1065.175000,307.369000
1212.064000,-1056.700000,307.124000
1208.600000,-1067.170000,307.880000
1215.240000,-1071.700000,307.635000
1213.472000,-1057.285000,308.000000
1195.000000,-1055.896000,309.264000
1185.040000,-1051.000000,311.532000
1185.000000,-1055.608000,310.800000
1187.590000,-1087.000000,310.065000
1193.890000,-1072.924000,312.000000
1187.000000,-1096.056000,318.888000
1180.625000,-1077.700000,316.204000
1172.000000,-1092.182000,313.520000
1182.320000,-1103.700000,310.825000
1174.535000,-1082.380000,321.000000
1148.400000,-1084.525000,311.000000
1105.700000,-1077.600000,311.000000
1098.400000,-1102.250000,311.000000
1104.250000,-1102.600000,311.000000
1120.850000,-1096.375000,311.000000
1231.100000,-1016.656000,309.496000
1224.852000,-998.000000,309.008000
1209.100000,-1007.130000,310.518000
1221.134000,-1020.000000,310.030000
1225.138000,-1005.084000,311.000000
1206.100000,-1021.879000,313.840000
1196.118000,-1004.700000,312.620000
1192.100000,-1039.304000,311.395000
1205.764000,-1045.700000,310.175000
1192.226000,-1041.313000,314.000000
1143.300000,-1046.430000,321.632000
1137.904000,-999.900000,318.216000
1105.300000,-1012.778000,314.786000
1120.690000,-1046.900000,325.370000
1116.282000,-1021.661000,326.000000
1268.000000,-930.800000,310.856000
1251.441000,-925.200000,309.148000
1239.000000,-932.230000,314.433000
1263.186000,-935.200000,312.725000
1255.530000,-925.540000,315.000000
1238.900000,-951.623000,310.512000
1238.900000,-947.300000,313.536000
1225.900000,-951.656000,312.556000
1229.332000,-980.300000,311.580000
1236.950000,-967.265000,314.000000
1224.200000,-969.056000,313.392000
1219.040000,-949.400000,312.416000
1212.200000,-965.108000,311.436000
1220.516000,-977.400000,310.460000
1213.760000,-954.328000,314.000000
1179.800000,-968.576000,312.272000
1160.043000,-965.300000,311.292000
1156.800000,-977.180000,310.316000
1159.606000,-977.300000,313.340000
1166.230000,-974.264000,314.000000
1190.200000,-960.090000,314.896000
1171.192000,-934.800000,310.731000
1124.200000,-947.400000,323.583000
1160.566000,-964.800000,319.435000
1169.740000,-944.310000,327.000000
1268.300000,-862.608000,309.040000
1258.262000,-853.500000,312.815000
1254.300000,-872.178000,311.595000
1268.020000,-875.500000,310.375000
1267.880000,-873.036000,314.000000
1257.000000,-850.785000,312.456000
1255.248000,-830.100000,311.966000
1245.000000,-835.938000,311.478000
1249.920000,-851.100000,312.988000
1248.000000,-839.739000,313.000000
1157.500000,-859.280000,316.000000
1150.012000,-842.600000,316.000000
1144.500000,-863.810000,316.000000
1155.407000,-872.600000,316.000000
1151.390000,-843.500000,316.000000
1145.100000,-859.605000,316.000000
1144.925000,-857.700000,316.000000
1110.100000,-859.740000,316.000000
1119.480000,-872.700000,316.000000
1138.450000,-866.700000,316.000000
1259.300000,-796.373000,310.113000
1250.620000,-790.100000,310.357000
1239.300000,-795.194000,310.601000
1253.240000,-799.100000,310.846000
1241.100000,-791.639000,310.000000
1213.100000,-765.448000,313.000000
1201.881000,-749.100000,313.000000
1200.100000,-809.795000,313.000000
1201.738000,-810.100000,313.000000
1204.910000,-794.362000,313.000000
1200.200000,-799.679000,318.559000
1196.391000,-748.500000,314.411000
1187.200000,-774.364000,327.263000
1194.428000,-809.500000,323.098000
1195.650000,-767.593000,330.000000
1142.500000,-791.660000,318.329000
1115.786000,-781.000000,323.621000
1105.500000,-803.178000,321.906000
1141.945000,-807.000000,320.198000
1139.910000,-803.984000,325.000000
1270.600000,-752.553000,315.068000
1263.050000,-739.800000,314.092000
1220.600000,-743.466000,313.112000
1241.300000,-752.800000,312.136000
1231.100000,-745.702000,316.000000
1238.100000,-713.144000,325.279000
1212.580000,-688.900000,321.131000
1194.100000,-720.228000,333.966000
1231.192000,-732.900000,329.818000
1215.660000,-690.000000,334.000000
1172.300000,-700.504000,317.414000
1172.066000,-696.600000,318.926000
1146.300000,-701.112000,318.436000
1153.372000,-728.600000,317.948000
1166.346000,-715.672000,319.000000
1138.700000,-695.895000,321.781000
1126.408000,-685.500000,321.049000
1110.700000,-694.050000,320.314000
1130.356000,-700.500000,319.582000
1112.128000,-688.005000,322.000000
1202.900000,-647.308000,332.881000
1131.724000,-641.500000,327.246000
1120.900000,-663.478000,321.634000
1131.642000,-663.500000,339.022000
1148.042000,-657.736000,341.000000
1148.800000,-636.540000,318.569000
1136.920000,-599.800000,316.854000
1108.800000,-618.676000,322.146000
1131.200000,-643.800000,320.438000
1133.240000,-613.352000,323.000000
1251.400000,-606.940000,310.957000
1180.252000,-587.500000,319.262000
1153.400000,-628.684000,316.578000
1250.322000,-635.500000,313.894000
1240.718000,-629.692000,321.000000
1253.000000,-584.496000,331.824000
1239.825000,-564.000000,323.984000
1168.000000,-570.027000,316.176000
1203.530000,-585.000000,308.336000
1182.535000,-573.450000,338.000000
994.600000,-1080.798000,351.309000
963.010000,-1062.200000,334.894000
940.600000,-1086.544000,318.546000
986.392000,-1096.200000,369.131000
964.954000,-1062.914000,383.000000
1076.100000,-1004.572000,316.446000
1075.624000,-998.200000,312.036000
1042.100000,-1006.030000,325.644000
1051.518000,-1052.200000,321.234000
1066.954000,-1030.168000,330.000000
1024.800000,-1032.452000,326.694000
981.386000,-995.300000,324.498000
926.800000,-1026.350000,322.302000
995.988000,-1049.300000,320.097000
927.878000,-1004.048000,327.000000
995.200000,-942.578000,367.706000
940.264000,-931.700000,350.382000
932.200000,-931.868000,333.058000
940.705000,-973.700000,386.663000
950.533000,-962.486000,390.000000
1073.100000,-923.280000,320.684000
1054.438000,-885.100000,317.268000
1011.100000,-905.018000,327.852000
1046.130000,-931.100000,324.422000
1046.502000,-899.084000,329.000000
1021.800000,-842.645000,320.756000
997.677000,-824.600000,325.292000
988.800000,-863.390000,323.822000
1021.602000,-869.600000,322.358000
1016.883000,-863.975000,326.000000
1078.200000,-803.888000,357.762000
1073.400000,-751.400000,346.294000
1048.200000,-767.114000,334.779000
1060.890000,-805.400000,323.311000
1052.130000,-775.484000,365.000000
1028.200000,-784.116000,332.452000
1002.284000,-758.100000,327.084000
984.200000,-792.708000,321.694000
1021.688000,-806.100000,338.326000
1002.284000,-758.868000,342.000000
986.200000,-749.980000,330.006000
985.192000,-743.200000,324.882000
930.200000,-752.200000,340.737000
945.936000,-803.200000,335.613000
968.952000,-778.420000,345.000000
1023.800000,-721.808000,325.120000
982.584000,-679.400000,340.240000
931.800000,-715.298000,335.340000
997.212000,-741.400000,330.460000
1021.224000,-689.196000,345.000000
1083.800000,-619.900000,324.082000
1044.335000,-604.600000,322.374000
1038.800000,-605.080000,320.659000
1045.100000,-664.600000,325.951000
1050.140000,-648.340000,326.000000
987.100000,-655.134000,324.892000
981.592000,-606.400000,324.402000
969.100000,-632.183000,325.914000
979.342000,-665.400000,325.426000
978.676000,-624.041000,326.000000
965.000000,-640.852000,328.822000
953.240000,-626.200000,341.657000
949.000000,-658.279000,337.509000
964.968000,-663.200000,333.361000
961.992000,-658.390000,343.000000
1066.900000,-594.218000,337.948000
1044.596000,-542.000000,333.538000
930.900000,-557.984000,329.146000
988.972000,-596.000000,324.754000
943.412000,-565.814000,340.000000
813.700000,-1081.458000,325.666000
793.504000,-1059.400000,322.971000
779.700000,-1089.125000,320.287000
808.838000,-1100.400000,328.592000
792.348000,-1059.892000,330.000000
892.700000,-999.927000,329.216000
891.021000,-988.700000,325.296000
819.700000,-1004.562000,337.392000
840.578000,-1091.700000,333.472000
867.296000,-1048.749000,340.000000
809.800000,-1036.600000,324.598000
796.692000,-995.800000,334.413000
780.800000,-1030.840000,331.241000
801.535000,-1055.800000,328.056000
807.828000,-1004.980000,337.000000
773.400000,-1078.450000,334.240000
727.588000,-1072.200000,330.336000
721.400000,-1072.525000,326.432000
728.888000,-1097.200000,322.512000
732.424000,-1090.300000,338.000000
772.800000,-1046.176000,377.380000
765.050000,-1000.200000,351.028000
747.800000,-1024.952000,432.676000
762.125000,-1056.200000,406.216000
760.100000,-1016.720000,433.000000
840.300000,-941.676000,338.990000
798.860000,-920.900000,397.958000
784.300000,-967.063000,378.926000
784.468000,-973.900000,359.816000
827.532000,-966.798000,401.000000
844.200000,-887.758000,349.425000
833.722000,-824.200000,344.301000
782.200000,-844.000000,339.156000
808.984000,-890.200000,334.032000
785.424000,-853.042000,351.000000
769.300000,-850.866000,370.635000
758.536000,-824.700000,355.263000
751.300000,-860.470000,339.828000
766.798000,-873.700000,387.456000
757.276000,-825.043000,393.000000
756.978944,-836.466129,352.995000
758.543970,-832.144428,337.623000
741.479417,-831.816283,385.188000
729.860410,-867.253894,369.816000
742.453424,-852.668637,393.000000
869.700000,-757.550000,326.530000
846.900000,-742.700000,340.138000
819.700000,-755.636000,335.728000
855.700000,-764.700000,331.336000
864.350000,-745.978000,343.000000
907.900000,-750.860000,339.490000
876.890000,-736.100000,335.098000
872.900000,-737.120000,330.688000
878.115000,-796.100000,326.296000
878.955000,-779.300000,343.000000
825.840513,-803.811994,435.900000
828.295059,-768.274856,387.880000
792.718185,-769.927824,340.056000
805.612236,-801.571609,488.232000
813.669541,-773.804541,529.000000
909.000000,-643.271000,332.880000
862.128000,-630.500000,327.000000
846.000000,-659.408000,345.144000
846.441000,-663.500000,339.288000
892.179000,-658.913000,351.000000
840.600000,-663.834000,401.445000
831.604000,-641.800000,383.560000
788.600000,-648.815000,365.748000
811.272000,-664.800000,347.936000
789.276000,-651.736000,404.000000
897.700000,-611.644000,472.275000
848.336000,-592.600000,419.600000
849.484000,-592.600000,404.980000
815.700000,-619.024000,367.140000
886.712000,-628.600000,529.465000
869.328000,-628.600000,499.150000
906.700000,-545.300000,331.075000
902.796000,-541.000000,327.400000
784.700000,-548.009000,338.740000
820.690000,-584.000000,335.065000
854.606000,-565.682000,340.000000
548.352632,-1145.964135,328.750000
547.358319,-1118.584178,351.400000
520.794133,-1124.231082,344.080000
534.272972,-1149.563192,336.730000
553.812157,-1128.669295,355.000000
535.998988,-1160.961589,460.196000
491.812598,-1123.017934,421.400000
520.696267,-1142.500215,369.407000
485.540517,-1119.530392,382.604000
478.472357,-1147.793930,343.649000
492.806417,-1157.462375,439.049000
481.856967,-1140.451259,485.000000
492.674736,-1104.592057,360.404000
506.730369,-1085.821456,345.520000
489.202361,-1084.242259,330.636000
483.848833,-1102.057553,376.691000
497.471143,-1087.112102,387.000000
590.967462,-1067.968627,355.956000
582.727708,-1020.669205,329.360000
532.164786,-1043.527560,411.764000
526.898981,-1048.656427,385.059000
557.677787,-1072.804104,434.000000
615.749489,-1036.762890,326.128000
620.864157,-1021.856084,350.320000
593.189059,-994.554267,342.480000
598.714873,-1016.750217,334.672000
620.673785,-1031.142377,358.000000
639.309497,-999.030894,333.964000
645.063654,-968.596189,331.280000
611.092980,-979.417113,328.585000
619.998218,-1009.148661,336.901000
607.254568,-993.268553,337.000000
671.950691,-947.153103,344.316000
674.268697,-944.581169,334.800000
660.468546,-937.149768,364.245000
640.013972,-959.484672,354.729000
654.281083,-952.447919,366.000000
431.600088,-1099.427698,328.164000
438.999350,-1064.117077,328.920000
403.015558,-1059.523775,328.675000
412.310702,-1097.898003,328.431000
443.033170,-1078.441843,329.000000
460.621625,-1041.706537,385.460000
451.871215,-1018.849585,369.600000
449.506585,-1017.251571,353.675000
427.869748,-1040.058744,337.815000
434.009604,-1032.945619,393.000000
514.816995,-1031.045930,364.656000
529.593251,-1009.491421,349.040000
508.846934,-1006.284919,333.360000
504.213508,-1027.409535,381.744000
518.428182,-1009.594884,390.000000
508.628398,-998.072007,343.876000
508.038039,-976.264681,331.871000
480.390774,-991.342914,368.915000
477.494351,-994.161918,356.959000
490.754615,-1002.305878,377.000000
540.168187,-1011.447062,329.496000
552.421014,-988.878646,355.166000
518.522078,-959.490719,346.870000
520.316594,-988.958381,338.574000
548.144759,-1000.401751,362.000000
594.050329,-965.279252,331.820000
605.627897,-929.172779,330.595000
562.081919,-947.416935,329.375000
568.599486,-980.376460,328.155000
554.761972,-962.706973,333.000000
591.938238,-920.204826,356.588000
595.813539,-916.169798,342.623000
577.399913,-910.102817,385.715000
541.400153,-945.904822,371.750000
564.054426,-931.715986,386.000000
641.161236,-921.191079,331.672000
655.632523,-882.257496,345.262000
615.401737,-884.146529,340.870000
619.415483,-923.340026,336.460000
656.835101,-895.412288,346.000000
704.126863,-847.667161,450.892000
693.340190,-815.914147,418.307000
689.910966,-814.142383,385.855000
655.826491,-849.039373,353.270000
664.871705,-836.850752,461.000000
724.108945,-816.058572,373.367000
734.136888,-796.542561,356.531000
713.781321,-789.679209,339.695000
713.331916,-810.575953,391.790000
723.011975,-793.808371,398.000000
763.900000,-682.606000,351.787000
748.003000,-675.500000,339.831000
742.900000,-692.391000,376.875000
743.341000,-694.500000,364.870000
755.794000,-691.612000,383.000000
733.488940,-715.306688,333.320000
742.146864,-697.467557,363.560000
714.427662,-672.838026,353.800000
717.101142,-696.729965,344.000000
738.253878,-705.310274,370.000000
766.000000,-618.448000,363.908000
721.032000,-578.200000,355.124000
693.000000,-636.466000,346.304000
757.167000,-656.200000,337.520000
705.702000,-655.420000,371.000000
765.700000,-541.040000,344.460000
763.000000,-537.600000,339.580000
705.700000,-544.680000,334.680000
724.180000,-577.600000,349.800000
732.940000,-560.000000,354.000000
708.600000,-563.994000,378.245000
688.692000,-536.400000,540.785000
666.600000,-561.852000,488.110000
697.554000,-578.400000,435.650000
433.659861,-1013.404822,367.520000
411.099163,-974.675813,357.760000
407.322837,-971.680904,347.960000
389.974190,-996.259115,338.200000
392.234696,-984.844808,369.000000
466.599899,-979.369997,384.006000
474.524836,-948.528526,363.998000
439.059641,-928.326363,343.908000
447.109306,-965.521669,405.900000
454.391579,-937.547666,410.000000
502.363879,-945.974300,330.015000
487.013092,-909.379582,328.790000
458.704439,-916.991038,332.570000
456.996451,-919.982589,331.350000
477.963120,-938.390004,333.000000
527.962958,-927.728437,331.583000
564.581979,-883.328674,347.438000
518.973678,-857.802239,342.314000
504.548697,-904.534689,337.190000
547.014597,-901.105916,350.000000
605.426890,-867.472541,341.645000
617.548825,-833.722663,337.970000
575.309747,-853.258135,334.310000
580.416512,-883.209019,330.650000
566.993994,-865.203475,344.000000
581.685216,-843.465512,330.941000
582.653015,-840.751665,329.226000
560.497481,-822.020214,327.518000
547.312323,-844.780017,332.803000
559.589628,-838.775536,334.000000
581.385676,-821.332601,336.905000
593.706140,-803.343035,328.330000
574.273864,-810.363759,354.790000
570.645507,-825.714027,346.215000
591.971341,-807.658497,362.000000
633.613480,-788.134379,326.096000
627.233362,-769.933343,350.256000
625.173923,-769.233406,342.448000
605.690455,-789.411525,334.608000
622.638709,-796.378194,358.000000
667.024345,-808.702819,337.108000
672.618211,-779.021992,333.692000
637.848363,-757.697008,330.276000
647.781442,-794.432592,340.846000
651.685995,-765.522688,341.000000
719.627892,-757.931154,344.702000
712.544418,-714.384347,337.138000
663.308745,-739.199522,360.574000
659.465126,-744.177824,352.979000
682.894162,-757.760382,362.000000
416.927356,-933.046187,331.916000
433.284339,-904.163861,345.524000
393.527794,-872.215685,341.132000
394.177359,-908.308281,336.722000
423.198751,-913.208579,347.000000
456.396508,-898.817941,344.758000
450.517262,-867.388748,340.122000
422.271810,-868.547396,335.467000
441.730745,-904.208774,330.831000
419.716420,-876.117608,347.000000
525.161122,-845.088516,337.632000
527.676716,-840.758423,333.728000
499.357643,-823.520695,329.808000
467.985155,-862.386427,341.904000
490.125987,-846.919993,344.000000
468.906088,-838.530747,337.982000
483.265401,-811.986687,330.418000
454.905169,-818.986238,353.823000
453.306869,-843.318658,346.259000
481.272802,-817.862009,359.000000
549.560090,-821.019660,328.218000
543.824430,-804.540860,350.142000
541.904338,-804.057494,343.037000
523.838333,-822.763510,335.961000
538.889199,-828.178430,356.000000
523.637277,-809.586569,331.572000
534.737899,-785.635022,330.108000
509.631042,-777.178769,328.638000
510.289484,-803.114217,327.174000
519.125476,-778.940290,333.000000
573.520310,-799.190113,332.266000
552.824440,-756.423801,329.094000
523.148008,-762.775225,338.909000
522.147012,-766.210805,335.737000
543.438646,-784.638155,339.000000
575.426645,-755.934660,327.212000
593.923189,-737.353528,331.742000
579.650452,-734.499655,330.278000
569.193969,-751.307924,328.814000
584.898902,-744.228900,332.000000
620.222497,-740.172095,334.220000
619.259355,-715.052136,331.770000
594.045821,-720.193243,329.330000
606.437006,-746.888325,326.890000
590.160972,-725.645005,335.000000
608.962224,-708.236686,345.186000
611.875346,-704.758206,337.101000
593.975927,-701.070957,329.049000
558.616763,-735.919292,353.997000
580.223794,-718.692482,357.000000
664.679731,-719.640280,332.240000
675.975041,-672.189259,327.340000
627.456906,-671.290396,342.460000
638.521146,-721.278494,337.560000
674.465257,-681.575061,345.000000
338.546023,-1017.886318,325.984000
268.158193,-915.590859,335.044000
259.428022,-908.242271,332.116000
241.427575,-954.087003,329.176000
313.168813,-1020.370274,337.000000
348.940956,-990.648623,354.070000
386.811565,-948.851138,345.495000
350.147397,-957.502677,336.955000
330.926216,-992.658597,328.380000
365.000249,-951.136817,361.000000
353.170369,-951.638006,341.462000
313.972936,-872.685969,336.094000
260.192604,-884.099603,330.726000
258.944251,-890.538051,347.336000
295.277658,-920.818908,352.000000
364.050040,-881.194767,358.812000
384.298257,-845.805512,458.604000
337.569995,-809.991195,426.396000
337.618554,-853.310524,394.056000
368.847848,-852.850853,459.000000
401.526240,-841.676620,348.142000
389.197453,-802.711941,342.774000
357.542078,-800.088718,337.406000
385.933222,-846.351423,332.016000
353.320149,-804.742858,349.000000
468.508599,-784.302404,336.534000
467.617238,-780.241329,333.118000
428.755828,-740.574749,329.688000
423.947926,-769.217645,340.272000
432.444216,-760.059921,341.000000
490.917616,-765.774023,326.000000
487.360621,-731.935450,326.000000
454.755092,-720.425803,326.000000
473.839032,-761.319134,326.000000
487.295953,-737.062797,326.000000
580.731623,-685.098886,326.936000
569.815132,-661.941036,339.032000
567.278318,-661.250649,335.112000
549.062022,-682.394536,331.208000
567.602177,-690.727981,341.000000
545.653445,-716.171251,329.205000
554.419366,-691.006644,327.985000
527.219262,-679.628576,326.760000
531.001085,-708.168931,325.540000
535.783890,-679.744519,330.000000
536.951000,-670.035027,333.976000
541.841702,-652.023199,330.072000
509.460257,-674.281958,326.152000
506.864970,-677.158209,338.248000
515.974698,-676.518770,341.000000
577.958756,-651.087748,330.306000
594.983906,-629.562130,323.936000
572.883015,-617.919937,343.592000
566.605568,-640.573531,337.248000
584.334734,-634.652167,349.000000
286.020071,-838.205434,327.035000
282.676916,-817.959566,353.460000
265.302063,-817.309877,344.920000
276.897752,-841.088107,336.380000
278.648491,-842.552814,362.000000
274.094480,-848.931481,330.094000
271.985390,-842.476066,326.664000
211.046462,-777.693167,323.248000
207.368138,-820.677399,333.832000
216.428903,-804.608746,334.000000
320.322714,-803.462884,326.000000
319.090052,-769.424889,326.000000
286.109184,-760.399158,326.000000
302.954083,-800.464037,326.000000
317.537114,-773.065140,326.000000
297.661161,-703.139103,324.644000
294.692296,-689.531925,327.664000
292.613535,-690.131958,326.688000
270.634874,-713.604221,325.708000
284.171970,-712.272932,328.000000
345.411669,-713.329182,331.167000
353.883741,-700.750945,329.452000
342.704156,-702.246743,327.744000
339.693062,-713.388094,326.029000
346.679439,-699.919719,332.000000
339.907831,-694.216530,327.000000
341.061061,-685.716186,325.780000
327.207994,-696.359394,324.560000
326.253569,-697.680201,328.335000
330.321662,-697.085629,329.000000
359.455669,-696.287405,325.280000
371.659432,-677.983730,324.304000
350.910528,-665.600818,327.328000
348.261750,-685.881106,326.348000
362.329466,-680.891116,328.000000
403.156764,-676.473811,326.160000
397.392260,-655.856505,329.184000
380.899508,-678.502407,328.208000
394.908436,-692.454196,327.228000
395.956495,-691.472872,330.000000
440.401361,-637.384444,340.440000
440.079104,-634.309660,335.804000
413.857245,-624.502741,331.149000
403.651912,-654.627053,326.513000
411.434236,-638.356872,345.000000
402.796810,-605.001443,346.520000
383.314937,-625.278717,334.564000
366.807599,-647.905717,371.559000
395.152039,-615.838980,359.603000
383.481951,-625.565064,372.000000
573.753642,-582.415951,326.800000
571.308024,-562.615551,344.944000
567.933395,-563.802387,339.064000
531.364756,-599.022104,333.208000
551.565819,-595.793841,346.000000
562.900000,-549.512000,344.080000
548.500000,-533.300000,338.224000
522.900000,-543.611000,332.344000
547.820000,-554.300000,326.488000
525.220000,-538.466000,346.000000
510.387047,-648.609482,343.560000
505.890106,-624.573772,336.484000
477.561514,-640.907378,329.379000
476.319063,-643.782710,351.303000
486.189184,-645.581050,354.000000
474.971461,-616.399134,321.000000
495.214000,-590.348028,321.000000
467.774900,-575.068030,321.000000
460.777002,-603.120104,321.000000
480.804561,-593.905514,321.000000
470.500000,-566.588000,321.000000
464.030000,-563.200000,321.000000
460.500000,-568.653000,321.000000
469.600000,-570.200000,321.000000
469.480000,-569.906000,321.000000
454.784692,-573.013142,321.000000
454.461400,-571.807662,321.000000
444.491986,-571.730672,321.000000
442.168403,-586.198795,321.000000
443.925347,-577.750024,321.000000
429.346972,-589.153366,323.080000
430.642134,-569.608768,322.100000
418.915705,-585.646577,321.124000
423.071179,-598.794917,324.148000
429.229923,-572.285049,325.000000
479.100000,-548.470000,321.000000
439.830000,-546.500000,321.000000
437.100000,-547.160000,321.000000
445.416000,-556.500000,321.000000
468.096000,-553.210000,321.000000
406.387970,-578.495334,321.000000
413.841701,-548.471845,321.000000
400.879336,-564.782955,321.000000
399.618517,-585.857794,321.000000
404.653159,-555.305051,321.000000
398.647242,-552.181410,321.000000
394.100855,-540.978770,321.000000
384.052621,-563.936742,321.000000
383.926496,-566.033959,321.000000
387.860227,-562.015510,321.000000
1323.919967,-505.801289,326.344000
1359.821192,-480.570599,312.680000
1337.038834,-474.518947,355.016000
1314.856412,-498.459926,341.296000
1341.705982,-485.809936,360.000000
1269.500000,-509.000000,312.332000
1227.120000,-494.600000,333.500000
1204.500000,-518.090000,326.668000
1263.975000,-524.600000,319.808000
1260.270000,-523.220000,337.000000
1269.000000,-418.189000,324.619000
1266.813000,-416.200000,319.495000
1242.000000,-424.468000,314.371000
1251.288000,-455.200000,309.226000
1245.726000,-436.675000,328.000000
1188.300000,-516.304000,317.826000
1161.780000,-496.400000,314.410000
1136.300000,-516.944000,310.980000
1176.496000,-528.400000,321.564000
1158.036000,-499.440000,324.000000
1131.300000,-494.280000,313.837000
1107.825000,-486.600000,313.105000
1106.300000,-489.440000,315.370000
1111.350000,-526.600000,314.638000
1123.750000,-513.240000,316.000000
1190.100000,-463.434000,319.992000
1162.132000,-449.700000,318.040000
1114.100000,-458.700000,316.080000
1162.132000,-467.700000,314.128000
1188.428000,-453.966000,320.000000
1203.900000,-419.424000,332.446000
1128.888000,-407.400000,324.150000
1109.900000,-440.844000,315.820000
1115.634000,-443.400000,341.524000
1134.246000,-436.488000,342.000000
963.800000,-517.015000,325.317000
956.082000,-496.200000,324.585000
929.800000,-504.434000,326.850000
946.460000,-519.200000,326.118000
948.126000,-504.917000,327.000000
1005.000000,-447.850000,326.134000
959.080000,-433.600000,345.764000
935.000000,-457.240000,339.420000
999.330000,-463.600000,333.076000
992.330000,-462.070000,348.000000
912.300000,-496.280000,412.900000
908.050000,-494.900000,388.400000
862.300000,-501.410000,364.000000
879.700000,-524.900000,339.600000
867.250000,-510.500000,425.000000
911.700000,-468.980000,336.975000
898.336000,-444.300000,330.850000
885.700000,-470.140000,324.750000
905.928000,-484.300000,343.650000
895.554000,-447.940000,347.000000
914.100000,-407.840000,354.176000
866.900000,-402.200000,328.696000
864.100000,-404.450000,407.320000
874.450000,-432.200000,381.944000
897.050000,-422.060000,425.000000
864.200000,-487.521000,334.081000
841.074000,-473.100000,393.726000
802.200000,-482.676000,374.450000
841.632000,-492.100000,355.095000
860.418000,-477.508000,410.000000
863.600000,-439.451000,390.961000
813.876000,-433.200000,371.606000
801.600000,-450.946000,352.330000
805.630000,-452.200000,332.975000
815.178000,-448.457000,410.000000
772.000000,-509.800000,374.586000
772.000000,-518.828000,348.138000
745.666000,-400.000000,353.358000
658.000000,-444.286000,419.130000
658.000000,-411.224000,386.244000
714.316000,-522.000000,397.815000
714.886000,-445.628000,420.000000
766.300000,-502.846000,420.000000
634.400000,-456.404000,338.068000
595.401000,-398.000000,387.964000
575.400000,-496.208000,371.860000
629.916000,-522.000000,355.690000
621.361000,-515.180000,391.000000
574.200000,-404.466000,357.556000
569.070000,-399.300000,347.308000
517.200000,-426.483000,337.060000
537.321000,-522.300000,326.770000
520.563000,-462.768000,361.000000
480.900000,-493.607000,336.864000
465.330000,-469.700000,330.032000
450.900000,-495.050000,323.172000
474.360000,-508.700000,344.340000
461.070000,-473.054000,347.000000
405.300000,-483.386000,319.864000
380.652000,-475.700000,317.912000
379.300000,-479.060000,323.952000
384.786000,-517.700000,322.000000
395.394000,-503.294000,325.000000
499.500000,-444.494000,316.844000
482.158000,-398.500000,315.332000
453.500000,-429.549000,315.822000
482.940000,-459.500000,316.310000
494.854000,-412.408000,315.000000
1271.200000,-314.525000,374.830000
1242.955000,-290.800000,354.090000
1236.200000,-359.274000,333.265000
1238.650000,-363.800000,312.525000
1242.500000,-349.127000,392.000000
1217.300000,-336.508000,358.066000
1205.500000,-315.900000,336.838000
1167.300000,-324.341000,315.523000
1192.250000,-338.900000,381.295000
1190.300000,-324.410000,400.000000
1167.900000,-325.035000,333.706000
1141.300000,-276.000000,399.478000
1127.900000,-359.685000,378.163000
1165.020000,-381.000000,356.935000
1157.500000,-374.700000,400.000000
1100.100000,-301.665000,464.364000
1090.700000,-300.000000,425.654000
1014.500000,-300.000000,328.010000
1000.100000,-310.170000,387.102000
1035.800000,-345.000000,348.550000
1092.200000,-345.000000,397.214000
1002.100000,-322.995000,471.000000
997.200000,-370.980000,392.902000
965.820000,-349.700000,366.197000
937.200000,-372.625000,339.601000
984.360000,-384.700000,422.005000
955.200000,-352.570000,428.000000
998.100000,-265.265000,362.382000
940.920000,-259.000000,335.677000
938.100000,-261.940000,418.081000
951.060000,-294.000000,391.485000
972.900000,-281.855000,428.000000
879.400000,-376.150000,333.378000
870.614000,-358.900000,386.983000
856.400000,-370.699000,369.659000
871.235000,-381.900000,352.264000
876.180000,-364.052000,396.000000
830.200000,-360.340000,388.336000
804.248000,-350.100000,370.696000
798.200000,-380.276000,353.128000
800.568000,-382.100000,335.488000
802.680000,-375.508000,400.000000
889.700000,-344.023000,368.756000
874.580000,-296.800000,348.666000
826.700000,-316.516000,328.658000
858.389000,-349.800000,390.568000
853.160000,-316.145000,405.000000
918.300000,-276.484000,326.047000
854.076000,-261.700000,323.363000
822.300000,-287.332000,331.679000
911.868000,-293.700000,328.984000
889.500000,-291.652000,334.000000
775.600000,-316.755000,437.673000
771.343000,-315.600000,411.077000
732.600000,-323.650000,384.481000
748.166000,-350.600000,357.776000
774.740000,-333.345000,438.000000
769.600000,-292.192000,389.813000
747.424000,-263.200000,368.097000
727.600000,-294.832000,346.381000
760.822000,-311.200000,413.576000
738.520000,-266.944000,415.000000
706.400000,-264.862000,329.992000
659.507000,-253.900000,326.088000
657.400000,-259.507000,338.168000
668.180000,-316.900000,334.264000
683.860000,-294.724000,339.000000
646.650000,-345.440000,328.635000
594.655800,-247.100000,370.215000
511.950000,-315.476000,356.740000
599.370300,-379.100000,343.320000
622.404000,-276.008000,375.000000
634.931100,-378.308000,375.000000
502.100000,-289.828000,349.342000
398.468000,-247.800000,338.118000
375.100000,-373.751000,326.848000
385.133000,-380.800000,315.624000
387.800000,-352.870000,355.000000
410.533000,-345.954000,355.000000
1095.100000,-233.082000,342.880000
1059.820000,-156.800000,333.120000
951.100000,-189.136000,323.320000
1024.252000,-242.800000,353.560000
1005.964000,-187.846000,359.000000
1043.980000,-198.338000,359.000000
921.400000,-194.450000,404.567000
921.400000,-187.025000,353.112000
870.850000,-160.100000,343.323000
908.350000,-160.100000,408.081000
846.400000,-220.475000,532.828000
846.400000,-213.125000,463.050000
916.675000,-235.100000,471.584000
864.325000,-235.100000,518.019000
994.700000,-70.709600,319.333000
989.859000,-70.200000,326.137000
947.700000,-74.477000,323.932000
964.902000,-88.400000,321.736000
991.927000,-79.336400,328.000000
998.920380,-55.516259,340.439000
979.117756,-40.955099,333.824000
957.567624,-48.087599,327.236000
989.098739,-60.484890,320.648000
968.706159,-40.073747,347.000000
857.311038,-109.197584,333.017000
830.404319,-87.780684,327.872000
828.334151,-88.468200,343.748000
825.866436,-106.814494,338.624000
837.675064,-106.734100,344.000000
885.936559,-90.669838,322.182000
875.330183,-62.634844,326.712000
837.048907,-53.794560,325.248000
864.675053,-84.866651,323.784000
881.436554,-72.661850,327.000000
922.036948,-15.519747,334.672000
890.803600,4.410335,330.752000
874.795407,-17.203544,326.848000
877.809575,-19.639013,322.928000
878.824731,-13.842074,336.000000
870.301530,-10.260445,323.281000
877.381030,25.585243,320.096000
857.316776,16.089675,316.924000
859.028389,-11.419769,326.739000
864.411659,14.677873,328.000000
783.200000,-212.691000,353.412000
756.080000,-191.400000,334.624000
743.200000,-229.470000,392.836000
780.840000,-238.400000,373.971000
768.040000,-234.969000,403.000000
712.800000,-188.700000,320.456000
707.940000,-187.500000,324.992000
667.800000,-199.450000,323.528000
684.495000,-237.500000,322.058000
708.345000,-212.400000,326.000000
638.700000,-207.700000,339.084000
598.962000,-195.800000,332.008000
564.700000,-209.160000,324.932000
623.900000,-215.800000,317.827000
578.094000,-197.180000,345.000000
423.000000,-196.140000,350.924000
391.122000,-189.500000,329.208000
390.000000,-193.420000,307.403000
397.557000,-229.500000,374.687000
405.213000,-215.060000,394.000000
776.400000,-110.060000,321.124000
754.675000,-65.900000,327.928000
721.400000,-97.520000,325.723000
757.590000,-125.900000,323.527000
762.155000,-78.500000,328.000000
769.250000,-10.980000,357.888000
680.670000,1.300000,346.176000
661.750000,-36.940000,334.416000
671.210000,-38.700000,322.704000
664.007500,-29.940000,360.000000
507.800000,-35.944000,318.548000
492.560000,6.200000,312.936000
447.800000,-12.280000,307.301000
478.820000,-41.800000,324.689000
465.920000,-10.696000,326.000000
242.081933,-580.567310,322.396000
238.607210,-563.757967,322.152000
221.812717,-571.138041,322.907000
233.098141,-587.947383,322.663000
228.836408,-581.398867,323.000000
296.500000,-326.456000,312.116000
295.492000,-326.000000,312.872000
287.500000,-331.856000,312.627000
290.875000,-350.000000,312.383000
295.258000,-337.832000,313.000000
283.000000,-315.810000,312.836000
270.016000,-310.500000,312.591000
259.000000,-316.557000,312.347000
278.296000,-319.500000,312.103000
262.408000,-311.076000,313.000000
176.934863,-557.218516,326.448000
165.498485,-520.588040,324.488000
161.332009,-521.397844,322.536000
133.470172,-545.836508,328.584000
149.807526,-545.741107,330.000000
135.273149,-306.475588,313.552000
138.313708,-283.636039,313.062000
114.077624,-278.173639,314.574000
122.195209,-302.872879,314.086000
137.196480,-289.802010,315.000000
126.514884,-606.455679,409.652000
127.872529,-576.960841,388.337000
76.095342,-622.934095,367.109000
75.620166,-626.531855,345.794000
102.128185,-630.231437,410.000000
-8.392614,-438.176310,327.160000
82.908793,-557.924985,324.710000
73.755323,-483.885588,322.270000
-2.613889,-408.377578,329.820000
68.115279,-496.366995,330.000000
152.343398,-435.291027,329.592000
161.271087,-384.948857,324.202000
96.270278,-419.517464,340.834000
113.206272,-464.752774,335.444000
106.221162,-445.085239,342.000000
105.718041,-380.713757,319.270000
109.443269,-379.328680,344.974000
116.916953,-344.276939,336.678000
64.629701,-300.881020,328.348000
82.995260,-344.772398,348.000000
41.492257,-301.762577,340.875000
44.959908,-248.876647,332.823000
-8.138154,-260.883320,324.771000
12.942113,-313.025374,316.686000
26.145211,-235.831941,345.000000
364.000000,-146.729000,313.115000
252.850000,-131.500000,308.967000
250.000000,-141.782000,304.819000
277.132000,-228.500000,317.654000
293.548000,-192.610000,320.000000
341.884000,-141.394000,320.000000
287.408709,-66.781144,307.410000
307.038353,-33.069362,303.994000
274.328069,-36.944067,314.564000
270.147750,-68.063634,311.148000
300.678791,-41.317366,317.000000
209.000000,-28.310000,310.035000
177.346000,0.000000,310.791000
171.000000,-91.675000,310.546000
174.648000,-95.000000,310.302000
206.796000,-73.340000,311.000000
170.000000,-186.835000,323.305000
125.290000,0.000000,320.621000
0.000000,-84.710000,317.926000
89.420000,-215.000000,315.242000
37.740000,-73.745000,326.000000
154.020000,-72.455000,326.000000
102.680000,-130.290000,326.000000
68.510000,-17.845000,326.000000
