1522.700000,-1084.173000,304.934000
1508.692000,-1072.200000,304.446000
1505.700000,-1109.484000,305.956000
1507.179000,-1111.200000,305.468000
1514.387000,-1102.659000,306.000000
1493.900000,-1085.988000,307.768000
1490.324000,-1052.600000,307.280000
1469.900000,-1062.154000,306.790000
1479.788000,-1086.600000,306.302000
1472.132000,-1068.104000,308.000000
1570.100000,-976.560000,303.107000
1554.932000,-963.400000,301.399000
1538.100000,-975.520000,306.691000
1561.684000,-983.400000,304.976000
1559.732000,-966.020000,308.000000
1526.200000,-962.890000,315.380000
1514.215000,-952.900000,310.480000
1511.200000,-980.800000,305.600000
1512.130000,-982.900000,320.700000
1515.085000,-977.080000,321.000000
1508.400000,-956.524000,302.224000
1503.192000,-956.300000,309.019000
1466.400000,-963.440000,306.823000
1482.654000,-984.300000,304.627000
1501.764000,-969.768000,310.000000
1509.587600,-741.244714,314.931000
1476.759380,-726.807824,308.343000
1493.853648,-753.120603,301.728000
1519.082601,-755.427789,322.140000
1481.654385,-733.581465,327.000000
1427.300000,-589.406000,325.460000
1408.724000,-569.000000,321.068000
1403.300000,-620.585000,316.658000
1404.188000,-626.000000,312.266000
1403.468000,-616.424000,326.000000
1390.800000,-622.462000,311.096000
1384.860000,-622.000000,309.144000
1330.800000,-625.220000,315.192000
1352.520000,-636.000000,313.232000
1366.200000,-629.098000,316.000000
1366.100000,-607.168000,316.855000
1358.892000,-574.600000,314.160000
1349.100000,-600.130000,311.476000
1360.779000,-620.600000,308.781000
1352.041000,-582.972000,319.000000
1347.700000,-596.303000,308.444000
1328.975000,-580.600000,309.954000
1322.700000,-616.680000,309.466000
1323.000000,-621.600000,308.978000
1341.600000,-615.737000,310.000000
1448.900000,-1081.266000,309.195000
1446.162000,-1079.700000,307.975000
1411.900000,-1085.235000,306.750000
1424.369000,-1106.700000,310.530000
1424.443000,-1094.064000,311.000000
1344.200000,-1098.822000,308.000000
1336.220000,-1073.900000,308.000000
1324.200000,-1091.920000,308.000000
1337.440000,-1107.900000,308.000000
1342.620000,-1080.938000,308.000000
1442.100000,-1050.360000,310.568000
1417.518000,-1042.200000,306.664000
1408.100000,-1059.300000,318.760000
1441.658000,-1062.200000,314.840000
1425.236000,-1059.840000,319.000000
1434.000000,-1007.826000,320.820000
1429.728000,-1006.000000,315.920000
1345.000000,-1009.960000,311.040000
1372.768000,-1028.000000,306.140000
1352.743000,-1018.254000,323.000000
1344.900000,-1054.022000,311.236000
1321.774000,-1009.300000,307.071000
1282.900000,-1039.095000,319.923000
1322.332000,-1068.300000,315.775000
1324.440000,-1022.988000,323.000000
1446.100000,-957.022000,312.150000
1429.348000,-942.300000,308.734000
1422.100000,-970.520000,305.304000
1445.164000,-976.300000,315.888000
1428.172000,-973.138000,316.000000
1399.000000,-958.364000,303.426000
1397.965000,-954.800000,305.694000
1354.000000,-959.915000,304.959000
1366.870000,-987.800000,304.227000
1391.575000,-974.006000,306.000000
1337.700000,-977.139000,306.236000
1332.132000,-951.300000,305.260000
1321.700000,-967.140000,304.284000
1331.476000,-984.300000,307.304000
1328.388000,-959.781000,308.000000
1430.300000,-923.644000,342.057000
1398.669000,-915.400000,332.012000
1383.300000,-929.890000,322.008000
1427.292000,-933.400000,311.963000
1383.347000,-932.176000,343.000000
1308.000000,-846.076000,326.912000
1290.036000,-836.500000,315.152000
1290.000000,-845.860000,351.440000
1294.698000,-908.500000,339.728000
1300.512000,-880.204000,356.000000
1302.100000,-774.208000,330.519000
1297.255000,-753.200000,323.443000
1287.100000,-765.030000,316.338000
1295.890000,-779.200000,309.262000
1289.605000,-760.532000,336.000000
1356.800000,-787.045000,313.612000
1310.144000,-779.800000,335.536000
1284.800000,-791.500000,328.431000
1350.392000,-794.800000,321.355000
1338.728000,-794.155000,336.000000
1451.000000,-763.985000,323.220000
1348.835000,-761.600000,314.436000
1346.000000,-763.175000,305.652000
1370.780000,-776.600000,332.832000
1380.860000,-771.080000,336.000000
1446.700000,-754.058000,302.268000
1442.528000,-723.200000,329.448000
1432.700000,-739.073000,320.664000
1440.554000,-760.200000,311.844000
1445.510000,-734.559000,336.000000
1445.200000,-713.535000,323.040000
1392.868000,-705.900000,311.280000
1361.200000,-717.210000,347.568000
1435.624000,-720.900000,335.856000
1403.032000,-720.645000,348.000000
1359.800000,-708.308000,349.674000
1344.632000,-701.500000,339.426000
1343.800000,-704.423000,329.136000
1347.176000,-738.500000,318.888000
1345.096000,-725.846000,354.000000
1342.600000,-711.126000,325.188000
1332.499000,-699.100000,314.940000
1305.600000,-704.756000,346.650000
1325.432000,-713.100000,336.402000
1330.131000,-703.762000,354.000000
1302.800000,-720.288000,342.702000
1292.634000,-703.200000,332.454000
1285.800000,-726.528000,322.206000
1300.437000,-735.200000,353.916000
1289.982000,-703.456000,354.000000
1268.400000,-1054.395000,309.533000
1245.325000,-1042.900000,322.368000
1243.400000,-1045.870000,318.220000
1248.050000,-1097.900000,314.055000
1264.125000,-1080.465000,324.000000
1228.600000,-1100.904000,309.830000
1226.120000,-1073.500000,308.605000
1218.600000,-1085.249000,307.385000
1223.710000,-1104.500000,311.165000
1222.720000,-1084.598000,312.000000
1220.900000,-1100.090000,311.949000
1203.137000,-1094.500000,311.217000
1189.900000,-1101.540000,310.482000
1215.816000,-1104.500000,309.750000
1220.745000,-1094.830000,312.000000
1216.600000,-1060.210000,307.400000
1209.416000,-1056.700000,307.156000
1208.600000,-1057.135000,307.911000
1209.888000,-1071.700000,307.667000
1213.216000,-1067.320000,308.000000
1195.000000,-1083.724000,311.451000
1192.780000,-1051.000000,310.719000
1185.000000,-1063.744000,309.987000
1189.860000,-1087.000000,309.252000
1186.600000,-1064.788000,312.000000
1187.000000,-1092.884000,312.585000
1178.795000,-1077.700000,320.890000
1172.000000,-1095.354000,318.206000
1184.165000,-1103.700000,315.511000
1183.145000,-1079.208000,321.000000
1148.400000,-1084.075000,311.000000
1104.800000,-1077.600000,311.000000
1098.400000,-1077.700000,311.000000
1105.150000,-1102.600000,311.000000
1114.700000,-1095.925000,311.000000
1231.100000,-1018.548000,309.138000
1226.766000,-998.000000,310.650000
1209.100000,-1005.238000,310.160000
1219.220000,-1020.000000,309.672000
1229.076000,-1006.976000,311.000000
1206.100000,-1029.669000,311.430000
1198.792000,-1004.700000,310.210000
1192.100000,-1031.514000,313.985000
1203.090000,-1045.700000,312.765000
1198.974000,-1008.103000,314.000000
1143.300000,-1013.248000,324.642000
1111.114000,-999.900000,321.226000
1105.300000,-1045.913000,317.810000
1109.480000,-1046.900000,314.380000
1108.112000,-1035.526000,326.000000
1268.000000,-934.790000,310.247000
1263.012000,-925.200000,308.532000
1239.000000,-928.240000,313.824000
1251.615000,-935.200000,312.116000
1258.053000,-929.530000,315.000000
1238.900000,-968.222000,312.952000
1232.439000,-947.300000,311.976000
1225.900000,-968.057000,310.996000
1235.780000,-980.300000,310.020000
1229.020000,-950.864000,314.000000
1224.200000,-958.052000,310.620000
1214.336000,-949.400000,313.644000
1212.200000,-976.112000,312.664000
1213.220000,-977.400000,311.688000
1222.064000,-971.324000,314.000000
1179.800000,-977.120000,312.288000
1176.419000,-965.300000,311.312000
1156.800000,-968.648000,310.336000
1166.230000,-977.300000,313.356000
1166.115000,-970.796000,314.000000
1190.200000,-954.600000,326.830000
1159.048000,-934.800000,322.665000
1124.200000,-952.920000,318.517000
1172.710000,-964.800000,314.352000
1189.408000,-938.790000,327.000000
1268.300000,-860.870000,311.035000
1257.142000,-853.500000,309.810000
1254.300000,-873.916000,313.590000
1255.140000,-875.500000,312.370000
1262.294000,-871.276000,314.000000
1257.000000,-830.310000,312.648000
1255.536000,-830.100000,312.160000
1245.000000,-835.413000,311.670000
1249.620000,-851.100000,311.182000
1246.848000,-840.264000,313.000000
1157.500000,-863.150000,316.000000
1151.689000,-842.600000,316.000000
1144.500000,-859.940000,316.000000
1153.730000,-872.600000,316.000000
1154.068000,-847.370000,316.000000
1145.100000,-863.100000,316.000000
1118.080000,-857.700000,316.000000
1110.100000,-871.245000,316.000000
1111.325000,-872.700000,316.000000
1121.265000,-870.210000,316.000000
1259.300000,-790.415000,310.924000
1257.360000,-790.100000,310.169000
1239.300000,-792.152000,310.413000
1246.500000,-799.100000,310.658000
1257.340000,-794.681000,310.000000
1213.100000,-792.410000,313.000000
1207.614000,-749.100000,313.000000
1200.100000,-782.833000,313.000000
1209.005000,-810.100000,313.000000
1206.405000,-760.324000,313.000000
1200.200000,-771.985000,328.470000
1190.489000,-748.500000,324.322000
1187.200000,-802.058000,320.157000
1187.330000,-809.500000,316.009000
1188.084000,-800.899000,330.000000
1142.500000,-782.560000,320.289000
1139.836000,-781.000000,318.581000
1105.500000,-786.278000,323.866000
1117.895000,-807.000000,322.158000
1129.550000,-794.884000,325.000000
1270.600000,-749.355000,314.976000
1250.750000,-739.800000,314.000000
1220.600000,-746.664000,313.024000
1253.600000,-752.800000,312.044000
1232.250000,-742.517000,316.000000
1238.100000,-706.940000,319.754000
1206.376000,-688.900000,332.589000
1194.100000,-726.432000,328.441000
1237.440000,-732.900000,324.276000
1230.004000,-727.796000,334.000000
1172.300000,-699.320000,318.158000
1171.104000,-696.600000,317.668000
1146.300000,-702.296000,317.180000
1154.334000,-728.600000,318.692000
1156.674000,-714.488000,319.000000
1138.700000,-696.900000,321.988000
1128.312000,-685.500000,321.256000
1110.700000,-693.045000,320.521000
1128.452000,-700.500000,319.789000
1138.196000,-689.010000,322.000000
1202.900000,-651.070000,327.499000
1145.828000,-641.500000,321.887000
1120.900000,-659.716000,339.252000
1199.538000,-663.500000,333.640000
1167.148000,-661.498000,341.000000
1148.800000,-604.640000,321.810000
1147.960000,-599.800000,320.102000
1108.800000,-606.532000,318.394000
1120.160000,-643.800000,316.679000
1114.680000,-625.496000,323.000000
1251.400000,-625.180000,312.728000
1217.492000,-587.500000,310.033000
1153.400000,-610.444000,318.349000
1213.082000,-635.500000,315.654000
1224.940000,-599.932000,321.000000
1253.000000,-573.660000,327.280000
1195.965000,-564.000000,319.440000
1168.000000,-580.863000,311.632000
1247.390000,-585.000000,335.824000
1194.605000,-583.614000,338.000000
994.600000,-1066.790000,321.494000
940.816000,-1062.200000,372.146000
940.600000,-1066.552000,355.731000
954.586000,-1096.200000,339.383000
988.984000,-1082.906000,383.000000
1076.100000,-1041.940000,320.982000
1065.186000,-998.200000,316.590000
1042.100000,-1022.662000,312.180000
1061.956000,-1052.200000,325.788000
1058.352000,-1013.536000,330.000000
1024.800000,-1021.544000,326.244000
961.492000,-995.300000,324.048000
926.800000,-1037.312000,321.852000
1015.882000,-1049.300000,319.647000
932.778000,-1047.086000,327.000000
995.200000,-938.462000,342.714000
934.027000,-931.700000,325.319000
932.200000,-935.984000,378.995000
946.942000,-973.700000,361.600000
972.772000,-958.328000,390.000000
1073.100000,-923.556000,325.514000
1054.748000,-885.100000,322.084000
1011.100000,-904.742000,318.668000
1045.758000,-931.100000,315.252000
1025.174000,-899.314000,329.000000
1021.800000,-847.595000,321.008000
1001.307000,-824.600000,325.544000
988.800000,-858.440000,324.074000
1017.972000,-869.600000,322.610000
1015.530000,-868.925000,326.000000
1078.200000,-761.444000,345.495000
1049.820000,-751.400000,334.027000
1048.200000,-755.558000,322.512000
1054.470000,-805.400000,358.044000
1059.960000,-787.040000,365.000000
1028.200000,-799.428000,320.044000
1016.276000,-758.100000,336.676000
984.200000,-777.396000,331.308000
1007.696000,-806.100000,325.918000
1027.100000,-774.180000,342.000000
986.200000,-775.360000,332.820000
952.824000,-743.200000,327.675000
930.200000,-786.820000,343.551000
978.304000,-803.200000,338.406000
961.448000,-743.800000,345.000000
1023.800000,-692.482000,341.740000
939.068000,-679.400000,336.840000
931.800000,-682.624000,331.960000
948.728000,-741.400000,327.080000
944.772000,-721.870000,345.000000
1083.800000,-657.760000,320.778000
1072.730000,-604.600000,319.070000
1038.800000,-627.220000,324.355000
1061.705000,-664.600000,322.647000
1071.380000,-626.200000,326.000000
987.100000,-639.499000,325.342000
976.822000,-606.400000,324.854000
969.100000,-647.818000,324.364000
984.112000,-665.400000,325.876000
974.608000,-608.465000,326.000000
965.000000,-634.932000,327.496000
950.680000,-626.200000,340.348000
949.000000,-627.199000,336.200000
951.544000,-663.200000,332.035000
963.224000,-652.470000,343.000000
1066.900000,-591.194000,331.108000
1036.980000,-542.000000,326.698000
930.900000,-561.008000,322.306000
996.724000,-596.000000,335.896000
995.092000,-562.790000,340.000000
813.700000,-1083.426000,329.153000
795.170000,-1059.400000,326.458000
779.700000,-1087.157000,323.774000
807.172000,-1100.400000,321.090000
781.570000,-1061.860000,330.000000
892.700000,-1015.583000,329.440000
829.190000,-988.700000,325.536000
819.700000,-988.906000,337.616000
829.409000,-1091.700000,333.712000
866.274000,-1064.405000,340.000000
809.800000,-1051.960000,333.841000
804.145000,-995.800000,330.669000
780.800000,-1015.420000,327.484000
794.082000,-1055.800000,324.312000
787.180000,-1020.400000,337.000000
773.400000,-1087.475000,324.784000
746.360000,-1072.200000,336.880000
721.400000,-1088.500000,332.976000
762.116000,-1097.200000,329.056000
763.156000,-1074.325000,338.000000
772.800000,-1016.216000,388.936000
751.675000,-1000.200000,362.476000
747.800000,-1054.912000,336.124000
750.500000,-1056.200000,417.664000
757.450000,-1042.760000,433.000000
840.300000,-971.833000,323.702000
830.780000,-920.900000,382.592000
784.300000,-936.906000,363.560000
808.548000,-973.900000,344.528000
838.564000,-943.955000,401.000000
844.200000,-866.176000,338.946000
813.510000,-824.200000,333.822000
782.200000,-865.582000,349.677000
829.196000,-890.200000,344.553000
816.424000,-831.460000,351.000000
769.300000,-839.988000,383.109000
754.540000,-824.700000,367.737000
751.300000,-871.348000,352.302000
752.794000,-873.700000,336.930000
753.712000,-863.165000,393.000000
740.375236,-871.591544,346.380000
756.837062,-831.337577,331.008000
739.260575,-836.510279,378.636000
731.567317,-868.060745,363.201000
746.191124,-848.692601,393.000000
869.700000,-757.264000,337.204000
846.200000,-742.700000,332.794000
819.700000,-755.922000,328.402000
856.350000,-764.700000,342.010000
834.700000,-745.670000,343.000000
907.900000,-756.320000,326.710000
880.075000,-736.100000,340.300000
872.900000,-791.660000,335.908000
874.930000,-796.100000,331.516000
903.805000,-784.760000,343.000000
840.658946,-775.224339,433.352000
836.085639,-772.313109,385.528000
796.307744,-763.002864,337.508000
797.821656,-797.533356,485.684000
810.559403,-780.978009,529.000000
909.000000,-653.171000,349.296000
880.965000,-630.500000,343.440000
846.000000,-649.508000,337.584000
890.604000,-663.500000,331.704000
849.024000,-635.813000,351.000000
840.600000,-650.126000,356.331000
800.560000,-641.800000,338.446000
788.600000,-662.523000,393.634000
790.316000,-664.800000,375.749000
821.412000,-661.028000,404.000000
897.700000,-593.932000,489.260000
889.910000,-592.600000,436.585000
817.258000,-592.600000,463.890000
815.700000,-600.736000,384.125000
845.056000,-628.600000,331.665000
819.472000,-628.600000,343.060000
906.700000,-571.616000,327.715000
855.460000,-541.000000,339.055000
784.700000,-564.693000,335.380000
868.026000,-584.000000,331.720000
881.934000,-548.998000,340.000000
553.593388,-1138.194395,342.940000
539.117686,-1113.025801,335.620000
515.553377,-1132.000822,328.270000
513.497290,-1135.549818,350.950000
526.827361,-1139.008143,355.000000
538.801663,-1156.806453,328.385000
536.000301,-1152.822916,448.589000
501.943437,-1129.851271,409.793000
482.737842,-1123.685528,409.793000
488.172097,-1154.336487,370.838000
511.613134,-1170.147666,479.435000
529.332332,-1166.428233,485.000000
494.306743,-1103.270484,352.413000
505.880787,-1084.772309,337.468000
487.570354,-1085.563832,383.584000
484.709744,-1103.120689,368.639000
500.598415,-1087.637028,387.000000
589.592690,-1069.081895,417.650000
583.784967,-1021.974810,390.945000
533.539557,-1042.414292,364.349000
561.083664,-1090.870996,337.753000
536.391319,-1049.328473,434.000000
625.182487,-1029.124200,334.544000
624.827616,-1026.750550,326.736000
594.636105,-993.382473,350.896000
594.751413,-1011.855752,343.088000
611.477288,-1022.744396,358.000000
631.021236,-1005.742596,333.524000
650.006336,-974.699893,330.840000
619.381242,-972.705411,328.145000
615.055535,-1003.044957,336.461000
634.733606,-972.714990,337.000000
662.382470,-954.901296,330.939000
668.057305,-936.910738,360.423000
642.059512,-952.057109,350.907000
646.225364,-967.155103,341.352000
647.950715,-964.194528,366.000000
449.682720,-1084.784671,328.519000
452.752517,-1081.100825,328.274000
417.573056,-1047.735346,328.030000
398.557534,-1080.914255,328.785000
417.528644,-1076.711819,329.000000
446.943857,-1052.782576,388.840000
460.886859,-1029.982978,372.915000
438.315683,-1026.313784,357.055000
435.216434,-1049.131146,341.195000
444.349665,-1022.832704,393.000000
523.152662,-1024.295839,348.592000
524.599594,-1003.324768,332.976000
500.511267,-1013.035010,381.296000
509.207165,-1033.576188,365.680000
506.305391,-1026.840189,390.000000
515.210824,-992.741663,365.730000
504.549716,-971.956961,353.774000
501.035656,-974.625018,341.769000
480.982674,-998.469638,329.813000
490.839798,-989.007723,377.000000
542.810483,-1009.307373,334.358000
547.765302,-983.129320,360.062000
515.860353,-961.646142,351.766000
524.972306,-994.707707,343.436000
545.912888,-992.203242,362.000000
595.567317,-964.050819,331.025000
604.921799,-928.300821,329.800000
560.564930,-948.645368,328.580000
569.305584,-981.248418,332.355000
559.728473,-965.641402,333.000000
588.525013,-922.968801,330.254000
585.885380,-903.909543,373.289000
580.813138,-907.338842,359.381000
540.629864,-944.953595,345.473000
565.631289,-940.545277,386.000000
633.775241,-927.172140,335.902000
660.616741,-888.412493,331.510000
622.787732,-878.165468,345.100000
614.431266,-917.185030,340.708000
642.794043,-893.175031,346.000000
693.207962,-856.509113,441.848000
699.507530,-823.530177,409.396000
661.972569,-836.766451,376.811000
671.685365,-868.623451,344.359000
655.428561,-847.515110,461.000000
736.057564,-806.382771,347.837000
723.670032,-783.617069,331.001000
721.261351,-783.622000,383.165000
706.807122,-802.518503,366.260000
721.818856,-807.629268,398.000000
763.900000,-691.897000,367.859000
758.251000,-675.500000,355.854000
742.900000,-683.100000,343.898000
754.072000,-694.500000,380.893000
748.927000,-681.903000,383.000000
739.498609,-710.440153,334.320000
730.620861,-683.234129,364.520000
708.417992,-677.704561,354.760000
728.627145,-710.963394,345.000000
743.583882,-699.604422,370.000000
766.000000,-594.814000,353.900000
698.913000,-578.200000,345.116000
693.000000,-582.100000,336.296000
706.286000,-656.200000,363.512000
726.069000,-631.786000,371.000000
765.700000,-573.120000,352.840000
751.060000,-537.600000,347.960000
705.700000,-552.600000,343.060000
736.120000,-577.600000,338.180000
707.800000,-552.080000,354.000000
708.600000,-560.046000,403.185000
684.744000,-536.400000,350.725000
666.600000,-565.800000,513.265000
701.544000,-578.400000,460.590000
433.426717,-1013.593618,360.080000
411.438367,-975.094694,350.280000
407.555980,-971.492108,340.520000
389.665823,-995.878314,330.720000
397.737179,-992.116512,369.000000
463.764870,-981.665758,343.908000
478.650031,-953.622718,405.818000
441.894669,-926.030602,385.810000
442.984111,-960.427477,365.802000
469.097598,-961.504816,410.000000
497.281344,-950.090055,331.055000
493.904151,-917.889330,329.835000
463.786974,-912.875283,328.610000
481.571413,-950.330139,332.390000
489.626717,-915.562709,333.000000
559.530627,-902.165443,329.588000
539.018985,-851.761005,345.464000
534.034767,-845.606009,340.319000
492.352468,-889.473600,335.195000
535.502876,-917.685248,350.000000
585.516410,-883.595729,335.675000
625.610420,-843.677903,332.015000
595.220227,-837.134946,343.355000
572.354918,-873.253779,339.680000
601.207478,-852.823248,344.000000
569.305281,-853.490586,333.041000
573.817356,-829.840535,331.326000
549.563037,-830.874752,329.618000
556.147981,-855.691146,327.903000
564.860188,-822.926685,334.000000
590.462741,-813.982139,336.800000
590.728196,-799.665580,328.225000
565.196799,-817.714221,354.685000
565.442286,-819.288585,346.145000
576.204279,-820.476596,362.000000
616.958465,-801.621345,348.304000
636.547304,-781.435104,340.496000
619.314243,-773.978482,332.656000
608.962921,-793.452684,356.848000
619.763422,-780.846332,358.000000
670.517616,-805.874023,328.596000
666.924121,-771.990376,339.180000
634.332555,-760.544054,335.750000
653.475533,-801.464209,332.334000
677.394158,-790.080918,341.000000
722.005959,-756.005433,347.461000
710.908185,-712.363767,339.897000
660.884049,-741.163002,332.333000
661.101359,-746.198404,355.738000
682.518381,-752.338603,362.000000
415.568128,-934.146868,346.082000
435.352286,-906.717562,341.672000
394.887022,-871.115004,337.280000
392.109412,-905.754580,332.870000
391.197127,-876.416616,347.000000
452.736151,-901.782040,334.954000
454.963411,-872.879284,330.299000
425.932168,-865.583297,344.663000
437.284596,-898.718238,340.027000
454.011580,-878.282396,347.000000
512.991016,-854.943673,340.528000
512.329480,-821.806164,336.624000
464.945620,-851.387002,332.704000
462.564819,-855.692869,328.800000
474.171089,-852.196663,344.000000
490.092641,-821.374214,334.200000
488.778248,-818.794486,357.636000
467.135892,-809.081993,350.041000
447.794023,-836.510860,342.477000
470.884729,-830.041737,359.000000
539.698108,-829.005736,344.893000
549.137153,-811.101526,337.817000
530.783379,-813.063068,330.741000
529.842050,-830.177483,352.636000
543.485364,-811.115406,356.000000
533.569202,-801.543854,327.210000
525.622822,-774.378840,331.740000
499.699116,-785.221484,330.276000
498.007668,-787.947436,328.806000
521.298564,-808.986681,333.000000
581.027540,-793.110878,331.876000
578.425193,-788.038099,328.691000
538.955157,-749.974848,338.519000
534.305482,-781.225265,335.347000
552.078653,-779.957783,339.000000
580.148584,-752.110910,331.214000
592.002503,-734.981678,329.750000
574.928513,-738.323406,328.280000
571.114654,-753.679773,326.816000
583.735437,-733.137280,332.000000
622.857022,-738.038698,327.860000
616.963594,-712.217107,325.420000
591.411296,-722.326639,332.970000
588.594514,-724.854683,330.530000
605.583287,-739.303215,335.000000
609.388877,-707.891190,347.199000
611.790388,-704.653291,339.147000
593.549274,-701.416454,331.095000
558.701721,-736.024207,356.010000
580.065180,-717.624240,357.000000
660.249999,-723.227406,327.420000
679.660342,-676.740226,342.520000
631.886638,-667.703270,337.640000
634.835845,-716.727527,332.760000
679.287164,-696.587010,345.000000
331.586681,-1023.521882,331.456000
285.149843,-936.573800,328.528000
231.415796,-930.926124,325.588000
309.394177,-1038.018767,334.660000
267.433536,-978.193052,337.000000
387.344401,-959.550126,359.425000
391.594400,-954.757447,350.885000
366.921316,-943.919426,342.310000
326.143381,-986.752287,333.770000
345.803447,-961.728056,361.000000
336.048289,-965.503192,338.184000
342.473598,-907.881355,332.816000
277.314684,-870.234416,349.448000
300.298152,-941.605867,344.058000
330.529790,-913.554011,352.000000
379.599176,-868.603324,431.280000
362.231767,-818.555666,398.940000
322.020859,-822.582637,366.732000
359.685044,-880.560370,334.392000
327.703534,-835.398475,459.000000
410.478962,-834.426849,331.554000
412.494894,-831.481884,348.164000
371.903735,-788.458877,342.796000
362.635781,-817.581479,337.428000
390.781084,-832.697799,349.000000
453.400882,-796.536393,335.736000
457.257995,-767.448729,332.320000
422.880605,-745.332411,328.890000
434.307169,-782.010245,339.474000
440.451991,-757.978644,341.000000
494.861632,-762.580222,326.000000
480.973019,-724.047419,326.000000
450.811076,-723.619604,326.000000
480.226634,-769.207166,326.000000
481.842946,-768.346095,326.000000
582.309229,-683.821366,332.328000
568.608724,-660.451247,328.424000
565.678174,-662.546420,340.520000
550.268429,-683.884325,336.600000
563.476134,-682.360959,341.000000
544.887179,-716.791761,329.380000
555.275242,-692.063563,328.155000
527.962991,-679.026316,326.935000
530.145209,-707.112013,325.710000
534.159113,-679.258775,330.000000
532.339416,-673.769414,329.688000
543.057549,-653.524645,325.768000
514.071841,-670.547570,337.864000
514.459608,-686.536806,333.960000
513.757741,-683.141948,341.000000
595.066097,-637.283865,341.460000
581.180022,-612.454789,335.116000
578.367294,-613.494681,328.746000
562.198524,-635.111820,348.402000
571.037966,-629.395299,349.000000
280.903648,-841.787992,331.445000
288.432181,-826.178937,357.905000
270.418486,-813.727318,349.330000
271.142486,-832.868735,340.790000
286.164322,-832.794059,362.000000
261.035098,-859.319383,327.616000
239.459001,-801.584790,324.200000
195.149342,-790.338307,320.784000
239.894527,-861.568675,331.354000
213.777965,-828.081856,334.000000
331.436043,-794.559429,326.000000
303.787238,-750.323854,326.000000
299.969628,-749.294848,326.000000
283.868551,-776.641399,326.000000
285.760342,-761.806216,326.000000
281.141725,-718.276377,325.516000
300.480077,-695.848180,324.536000
284.065541,-697.964750,327.560000
273.629765,-716.872572,326.584000
290.805341,-702.350695,328.000000
348.717620,-710.299835,330.572000
352.282592,-699.003598,328.864000
339.398205,-705.276089,327.149000
341.294211,-715.135442,325.441000
350.559642,-697.517058,332.000000
341.756923,-692.522150,325.065000
340.432087,-685.029780,328.845000
339.367172,-685.217561,327.620000
326.882543,-698.366606,326.400000
334.000928,-697.388533,329.000000
359.949002,-695.873449,326.520000
371.118848,-677.339487,325.544000
350.417195,-666.014773,324.568000
348.783693,-686.503134,327.588000
357.044138,-673.590421,328.000000
402.190516,-678.952110,326.192000
398.827064,-656.415912,329.212000
381.865757,-676.024108,328.236000
393.492266,-691.902055,327.256000
407.573603,-661.291123,330.000000
436.332774,-642.882825,334.835000
420.986700,-620.182024,330.180000
417.925833,-619.004360,344.544000
399.432467,-651.504829,339.908000
414.265955,-648.961212,345.000000
403.451778,-605.551026,366.218000
393.573827,-613.052648,354.262000
366.152631,-647.356133,342.257000
384.893148,-628.065050,330.301000
369.702480,-643.316941,372.000000
557.662112,-595.918348,329.176000
575.808823,-567.979394,323.320000
542.658524,-585.010522,341.440000
538.434134,-607.447061,335.584000
575.695242,-573.220615,346.000000
562.900000,-538.865000,339.184000
528.260000,-533.300000,333.328000
522.900000,-554.258000,327.472000
528.060000,-554.300000,345.592000
533.340000,-548.819000,346.000000
494.380548,-662.040529,328.886000
516.268555,-636.942326,350.781000
493.568013,-627.476331,343.705000
483.295880,-652.097356,336.600000
505.776005,-646.980230,354.000000
483.217994,-609.956236,321.000000
488.425717,-581.659422,321.000000
459.528367,-581.510928,321.000000
467.565285,-611.808711,321.000000
484.672633,-581.915293,321.000000
470.500000,-565.230000,321.000000
462.090000,-563.200000,321.000000
460.500000,-570.011000,321.000000
461.540000,-570.200000,321.000000
460.600000,-568.548000,321.000000
448.516337,-588.146289,321.000000
453.629909,-571.463247,321.000000
443.872039,-573.227357,321.000000
442.999895,-586.543211,321.000000
448.370156,-577.837649,321.000000
429.190851,-589.575416,324.208000
430.796886,-569.666013,323.232000
419.061418,-585.252664,322.256000
422.916427,-598.737672,321.276000
426.164562,-571.598951,325.000000
479.100000,-549.660000,321.000000
444.828000,-546.500000,321.000000
437.100000,-555.970000,321.000000
440.418000,-556.500000,321.000000
468.936000,-554.390000,321.000000
403.234974,-586.839495,321.000000
415.927741,-549.260094,321.000000
404.046470,-556.401376,321.000000
397.532477,-585.069545,321.000000
404.521648,-564.790936,321.000000
395.778629,-560.559942,321.000000
397.194554,-542.037980,321.000000
386.921233,-555.558210,321.000000
390.293650,-568.213923,321.000000
399.659879,-546.877460,321.000000
1347.765599,-492.583440,330.376000
1354.028201,-470.119768,316.712000
1313.193202,-487.736797,358.992000
1310.468400,-490.543743,345.328000
1322.836836,-494.540524,360.000000
1269.500000,-495.080000,333.864000
1261.960000,-494.600000,327.032000
1204.500000,-502.010000,320.200000
1229.135000,-524.600000,313.340000
1210.285000,-509.300000,337.000000
1269.000000,-443.149000,313.426000
1257.093000,-416.200000,308.281000
1242.000000,-438.508000,324.157000
1261.008000,-455.200000,319.012000
1260.144000,-422.635000,328.000000
1188.300000,-508.112000,320.122000
1148.468000,-496.400000,316.692000
1136.300000,-525.104000,313.276000
1137.808000,-528.400000,323.860000
1149.560000,-523.280000,324.000000
1131.300000,-488.240000,313.420000
1129.025000,-486.600000,315.688000
1106.300000,-495.480000,314.953000
1115.150000,-526.600000,314.221000
1127.250000,-507.200000,316.000000
1190.100000,-462.588000,316.456000
1158.484000,-449.700000,314.504000
1114.100000,-459.546000,312.544000
1165.704000,-467.700000,318.592000
1146.020000,-453.120000,320.000000
1203.900000,-421.476000,341.116000
1134.340000,-407.400000,332.820000
1109.900000,-438.792000,324.524000
1110.276000,-443.400000,316.194000
1110.182000,-438.540000,342.000000
963.800000,-497.718000,325.176000
961.590000,-496.200000,324.441000
929.800000,-500.731000,326.709000
940.986000,-519.200000,325.974000
949.724000,-508.620000,327.000000
1005.000000,-455.830000,343.034000
977.700000,-433.600000,336.664000
935.000000,-449.260000,330.320000
980.710000,-463.600000,323.976000
946.830000,-440.050000,348.000000
912.300000,-507.380000,347.600000
876.550000,-494.900000,423.200000
862.300000,-520.310000,398.700000
911.200000,-524.900000,374.300000
899.900000,-521.600000,425.000000
911.700000,-447.940000,338.075000
910.660000,-444.300000,331.975000
885.700000,-451.180000,325.850000
893.578000,-484.300000,344.750000
894.384000,-466.900000,347.000000
914.100000,-425.180000,327.240000
895.850000,-402.200000,405.864000
864.100000,-417.110000,380.488000
895.500000,-432.200000,355.008000
909.950000,-409.400000,425.000000
864.200000,-481.479000,368.762000
821.420000,-473.100000,349.407000
802.200000,-488.718000,409.131000
861.286000,-492.100000,389.855000
833.200000,-490.485000,410.000000
863.600000,-435.404000,401.705000
862.670000,-433.200000,382.350000
801.600000,-435.993000,363.074000
818.836000,-452.200000,343.798000
806.746000,-444.410000,410.000000
772.000000,-496.502000,360.144000
772.000000,-511.630000,405.993000
733.240000,-400.000000,338.916000
658.000000,-457.584000,404.601000
658.000000,-418.422000,357.099000
726.742000,-522.000000,383.373000
733.810000,-432.330000,420.000000
690.490000,-495.648000,420.000000
634.400000,-455.908000,373.114000
595.165000,-398.000000,357.010000
575.400000,-496.828000,340.906000
630.152000,-522.000000,390.736000
590.032000,-514.560000,391.000000
574.200000,-416.766000,325.174000
517.770000,-399.300000,356.884000
517.200000,-414.306000,346.636000
531.621000,-522.300000,336.346000
564.567000,-474.945000,361.000000
480.900000,-501.563000,334.792000
471.450000,-469.700000,327.932000
450.900000,-487.094000,321.100000
468.240000,-508.700000,342.268000
463.320000,-481.010000,347.000000
405.300000,-496.364000,324.848000
388.660000,-475.700000,322.896000
379.300000,-508.082000,320.936000
402.778000,-517.700000,318.984000
405.222000,-516.272000,325.000000
499.500000,-408.687000,316.204000
455.110000,-398.500000,316.692000
453.500000,-404.356000,315.182000
463.988000,-459.500000,315.670000
480.134000,-437.601000,315.000000
1271.200000,-352.266000,376.275000
1261.050000,-290.800000,355.535000
1236.200000,-321.533000,334.795000
1255.555000,-363.800000,313.970000
1241.870000,-313.868000,392.000000
1217.300000,-327.791000,333.271000
1186.550000,-315.900000,398.956000
1167.300000,-333.058000,377.728000
1211.200000,-338.900000,356.413000
1204.550000,-338.693000,400.000000
1167.900000,-296.160000,369.550000
1130.300000,-276.000000,348.235000
1127.900000,-283.455000,327.007000
1136.020000,-381.000000,392.779000
1141.020000,-345.930000,400.000000
1100.100000,-339.015000,323.586000
1073.600000,-300.000000,443.034000
1021.900000,-300.000000,423.442000
1000.100000,-317.820000,404.324000
1052.900000,-345.000000,365.772000
1084.800000,-345.000000,334.646000
1091.200000,-315.345000,471.000000
997.200000,-368.670000,371.756000
961.800000,-349.700000,345.160000
937.200000,-374.935000,427.455000
988.380000,-384.700000,400.859000
966.780000,-350.260000,428.000000
998.100000,-266.595000,417.209000
943.200000,-259.000000,390.613000
938.100000,-260.610000,364.017000
948.780000,-294.000000,337.312000
942.660000,-283.185000,428.000000
879.400000,-379.416000,347.649000
873.903000,-358.900000,330.254000
856.400000,-367.433000,383.930000
867.969000,-381.900000,366.535000
871.557000,-367.318000,396.000000
830.200000,-368.244000,380.992000
812.152000,-350.100000,363.352000
798.200000,-372.372000,345.784000
824.664000,-382.100000,328.216000
805.944000,-351.412000,400.000000
889.700000,-309.626000,335.546000
833.693000,-296.800000,397.538000
826.700000,-297.913000,377.448000
836.276000,-349.800000,357.440000
878.675000,-334.748000,405.000000
918.300000,-291.044000,329.270000
897.756000,-261.700000,326.586000
822.300000,-272.772000,323.891000
868.092000,-293.700000,332.207000
861.372000,-274.212000,334.000000
775.600000,-336.320000,436.583000
752.423000,-315.600000,409.987000
732.600000,-339.085000,383.391000
767.086000,-350.600000,356.686000
775.170000,-317.910000,438.000000
769.600000,-276.016000,362.045000
733.312000,-263.200000,340.240000
727.600000,-311.008000,407.524000
732.934000,-311.200000,385.719000
751.666000,-298.768000,415.000000
706.400000,-313.246000,336.152000
697.139000,-253.900000,332.232000
657.400000,-274.123000,328.328000
679.548000,-316.900000,324.424000
665.044000,-280.108000,339.000000
646.650000,-328.544000,333.145000
577.414200,-247.100000,374.725000
511.950000,-332.372000,361.250000
616.611900,-379.100000,347.830000
611.493300,-259.112000,375.000000
607.587000,-319.568000,375.000000
502.100000,-286.636000,339.176000
395.547000,-247.800000,327.952000
375.100000,-376.943000,316.682000
388.054000,-380.800000,351.458000
415.867000,-349.678000,355.000000
427.932000,-333.186000,355.000000
1095.100000,-240.048000,321.920000
1071.484000,-156.800000,352.160000
951.100000,-182.256000,342.400000
1012.588000,-242.800000,332.600000
1081.276000,-194.726000,359.000000
968.812000,-220.010000,359.000000
921.400000,-208.325000,448.241000
921.400000,-232.025000,399.045000
884.725000,-160.100000,386.746000
878.350000,-160.100000,454.014000
846.400000,-206.600000,325.502000
846.400000,-168.125000,508.983000
902.800000,-235.100000,515.007000
894.325000,-235.100000,563.952000
994.700000,-75.987600,327.172000
956.442000,-70.200000,324.967000
947.700000,-87.399000,322.771000
951.319000,-88.400000,320.575000
950.990000,-84.596200,328.000000
997.554121,-62.113675,328.775000
995.280808,-44.302306,322.187000
958.933883,-41.490183,342.572000
972.935688,-57.137683,335.984000
985.106919,-50.350536,347.000000
852.280232,-116.856254,338.582000
845.222181,-97.514200,333.458000
823.262937,-96.188385,328.313000
840.803317,-116.626191,323.189000
834.831516,-93.814888,344.000000
891.103801,-82.400521,321.954000
854.741271,-49.769464,326.490000
831.881664,-62.063877,325.026000
833.533031,-65.406956,323.556000
875.534819,-86.365739,327.000000
924.673643,-8.032445,329.232000
920.103869,-5.907919,325.312000
881.136031,0.801633,321.408000
890.011104,-23.935850,333.488000
895.563069,-11.349370,336.000000
872.875447,-2.951413,327.922000
873.617571,26.910566,324.737000
854.742860,8.780643,321.565000
862.791847,-12.745092,318.393000
879.721911,17.501733,328.000000
783.200000,-208.696000,357.647000
752.640000,-191.400000,338.859000
743.200000,-233.465000,396.994000
744.280000,-238.400000,378.206000
765.880000,-230.974000,403.000000
712.800000,-189.650000,324.968000
708.795000,-187.500000,323.504000
667.800000,-198.500000,322.034000
683.640000,-237.500000,320.570000
674.505000,-213.350000,326.000000
638.700000,-210.160000,323.105000
608.138000,-195.800000,316.029000
564.700000,-206.700000,337.953000
614.798000,-215.800000,330.848000
618.868000,-199.640000,345.000000
423.000000,-205.220000,364.007000
398.646000,-189.500000,342.202000
390.000000,-224.300000,320.486000
390.066000,-229.500000,387.681000
400.395000,-224.180000,394.000000
776.400000,-69.980000,319.720000
772.935000,-65.900000,326.515000
721.400000,-77.600000,324.319000
739.330000,-125.900000,322.123000
770.790000,-98.420000,328.000000
769.250000,-28.420000,335.856000
727.540000,1.300000,324.144000
661.750000,-19.500000,312.384000
731.732500,-38.700000,348.672000
713.457500,-7.380000,360.000000
507.800000,-13.864000,324.022000
465.020000,6.200000,318.410000
447.800000,-34.360000,312.775000
506.360000,-41.800000,307.163000
451.580000,-36.616000,326.000000
247.368263,-575.280980,322.331000
248.184971,-573.335729,322.087000
231.375629,-561.575129,322.843000
223.520380,-578.369622,322.598000
235.073090,-577.062889,323.000000
296.500000,-344.432000,312.749000
293.233000,-326.000000,312.504000
287.500000,-337.880000,312.260000
293.134000,-350.000000,312.015000
289.561000,-331.808000,313.000000
283.000000,-314.487000,312.166000
266.488000,-310.500000,312.921000
259.000000,-317.880000,312.677000
281.824000,-319.500000,312.433000
278.488000,-318.753000,313.000000
178.467394,-556.437652,326.664000
182.442772,-553.843077,324.712000
159.799478,-522.178708,322.752000
134.213809,-547.295977,328.800000
150.862005,-544.022013,330.000000
134.177134,-307.571604,313.000000
139.848130,-285.170461,314.512000
115.155961,-277.095301,314.022000
120.660788,-301.338457,313.534000
142.924045,-297.686251,315.000000
118.063544,-614.907019,359.279000
130.689642,-579.777954,338.051000
84.495771,-614.533667,403.823000
89.773616,-640.685304,382.508000
86.515268,-631.521200,410.000000
59.898585,-543.335535,328.350000
109.846891,-540.431179,325.900000
99.142038,-522.977701,323.460000
7.349518,-401.907266,321.010000
47.213521,-454.567404,330.000000
126.982669,-456.405796,325.544000
172.757521,-398.745093,320.154000
121.631007,-398.402695,336.786000
101.719837,-450.956538,331.418000
154.140122,-416.681411,342.000000
78.346152,-348.093210,336.746000
122.214762,-368.612125,328.450000
87.145024,-308.796135,320.120000
51.858208,-311.597575,345.824000
68.223270,-301.579281,348.000000
61.542976,-281.711858,314.838000
26.088642,-230.005381,339.786000
19.894387,-232.850779,331.701000
-13.441455,-286.641806,323.649000
33.818734,-299.570546,345.000000
364.000000,-213.368000,311.551000
331.168000,-131.500000,307.403000
250.000000,-172.143000,303.255000
312.814000,-228.500000,316.090000
304.036000,-162.346000,320.000000
339.604000,-137.126000,320.000000
295.383272,-59.848962,315.894000
302.774035,-28.163825,312.464000
266.353506,-43.876249,309.048000
274.412069,-72.969171,305.632000
257.970029,-53.512744,317.000000
209.000000,-18.430000,310.338000
173.356000,0.000000,310.094000
171.000000,-6.555000,310.849000
178.638000,-95.000000,310.605000
195.320000,-63.460000,311.000000
170.000000,-186.835000,323.305000
125.290000,0.000000,320.621000
0.000000,-84.710000,317.926000
89.420000,-215.000000,315.242000
37.740000,-73.745000,326.000000
154.020000,-72.455000,326.000000
102.680000,-130.290000,326.000000
68.510000,-17.845000,326.000000
