1522.700000,-1083.042000,305.630000
1522.700000,-1106.286000,304.442000
1508.182000,-1072.200000,305.142000
1511.514000,-1072.200000,304.880000
1505.700000,-1110.615000,304.652000
1505.700000,-1079.649000,305.318000
1507.689000,-1111.200000,304.164000
1518.008000,-1111.200000,305.756000
1508.454000,-1101.528000,306.000000
1521.051000,-1101.177000,306.000000
1493.900000,-1066.948000,306.232000
1493.900000,-1072.048000,306.858000
1476.884000,-1052.600000,307.742000
1470.836000,-1052.600000,307.296000
1469.900000,-1081.194000,307.254000
1469.900000,-1069.396000,307.734000
1493.228000,-1086.600000,306.766000
1470.548000,-1086.600000,306.172000
1490.588000,-1083.064000,308.000000
1486.580000,-1067.594000,308.000000
1570.100000,-974.720000,303.912000
1570.100000,-968.780000,305.459000
1552.020000,-963.400000,302.204000
1561.652000,-963.400000,306.992000
1538.100000,-977.340000,307.496000
1538.100000,-979.340000,301.525000
1564.596000,-983.400000,305.781000
1548.628000,-983.400000,303.058000
1556.052000,-964.200000,308.000000
1553.684000,-966.160000,308.000000
1526.200000,-974.230000,315.340000
1526.200000,-981.880000,317.900000
1519.885000,-952.900000,310.460000
1517.695000,-952.900000,302.280000
1511.200000,-969.460000,305.560000
1511.200000,-955.870000,306.660000
1521.460000,-982.900000,320.680000
1520.680000,-982.900000,311.040000
1515.100000,-958.420000,321.000000
1515.385000,-977.950000,321.000000
1508.400000,-980.240000,301.162000
1508.400000,-974.892000,301.477000
1496.766000,-956.300000,307.957000
1471.902000,-956.300000,303.448000
1466.400000,-967.724000,305.761000
1466.400000,-967.556000,305.419000
1489.080000,-984.300000,303.565000
1505.670000,-984.300000,307.390000
1506.720000,-965.512000,310.000000
1469.382000,-971.196000,310.000000
1522.373283,-751.055513,308.586000
1496.559152,-731.247633,307.047000
1480.425950,-722.029457,301.998000
1479.963291,-722.632406,312.960000
1481.067966,-743.309804,322.410000
1498.911276,-757.001457,318.873000
1515.427598,-760.191083,315.795000
1513.588529,-762.587803,324.786000
1497.146621,-739.865015,327.000000
1489.674152,-729.245597,327.000000
1427.300000,-577.151000,319.142000
1427.300000,-572.306000,316.442000
1403.588000,-569.000000,314.750000
1415.900000,-569.000000,320.384000
1403.300000,-575.840000,310.340000
1403.300000,-569.399000,324.326000
1409.324000,-626.000000,323.948000
1416.260000,-626.000000,310.268000
1411.916000,-604.169000,326.000000
1419.020000,-621.839000,326.000000
1390.800000,-626.018000,315.360000
1390.800000,-632.584000,313.416000
1340.160000,-622.000000,313.400000
1344.180000,-622.000000,315.168000
1330.800000,-635.664000,311.448000
1330.800000,-626.340000,308.920000
1337.220000,-636.000000,309.488000
1381.380000,-636.000000,310.672000
1334.280000,-632.654000,316.000000
1357.620000,-630.736000,316.000000
1366.100000,-594.472000,310.420000
1366.100000,-595.438000,317.735000
1354.200000,-574.600000,318.736000
1364.740000,-574.600000,309.144000
1349.100000,-612.826000,316.041000
1349.100000,-602.798000,311.553000
1365.471000,-620.600000,313.357000
1351.565000,-620.600000,313.962000
1361.969000,-616.276000,319.000000
1353.163000,-589.412000,319.000000
1347.700000,-604.216000,309.042000
1347.700000,-586.750000,308.186000
1333.800000,-580.600000,308.552000
1338.125000,-580.600000,308.624000
1322.700000,-608.767000,308.064000
1322.700000,-618.115000,309.062000
1343.175000,-621.600000,309.576000
1333.900000,-621.600000,309.500000
1334.125000,-582.650000,310.000000
1323.475000,-581.379000,310.000000
1448.900000,-1099.140000,310.105000
1448.900000,-1102.569000,307.505000
1433.693000,-1079.700000,308.885000
1423.555000,-1079.700000,308.600000
1411.900000,-1094.361000,307.665000
1411.900000,-1085.586000,309.695000
1436.875000,-1106.700000,306.440000
1439.687000,-1106.700000,310.790000
1417.672000,-1084.938000,311.000000
1442.351000,-1099.032000,311.000000
1344.200000,-1103.276000,308.000000
1344.200000,-1092.430000,308.000000
1338.860000,-1073.900000,308.000000
1324.440000,-1073.900000,308.000000
1324.200000,-1087.466000,308.000000
1324.200000,-1091.614000,308.000000
1334.800000,-1107.900000,308.000000
1325.280000,-1107.900000,308.000000
1341.320000,-1085.392000,308.000000
1336.500000,-1087.976000,308.000000
1442.100000,-1042.380000,309.768000
1442.100000,-1047.040000,314.472000
1437.918000,-1042.200000,305.848000
1432.206000,-1042.200000,317.976000
1408.100000,-1047.300000,317.944000
1408.100000,-1058.660000,305.480000
1421.224000,-1062.200000,314.024000
1420.204000,-1062.200000,308.984000
1426.970000,-1051.840000,319.000000
1421.938000,-1044.420000,319.000000
1434.000000,-1009.366000,317.460000
1434.000000,-1026.658000,321.500000
1346.869000,-1006.000000,312.580000
1381.223000,-1006.000000,305.880000
1345.000000,-1008.420000,307.680000
1345.000000,-1008.772000,310.260000
1366.538000,-1028.000000,322.800000
1403.651000,-1028.000000,314.640000
1367.606000,-1019.794000,323.000000
1362.711000,-1023.776000,323.000000
1344.900000,-1026.823000,306.408000
1344.900000,-1046.883000,308.261000
1293.130000,-1009.300000,319.260000
1289.348000,-1009.300000,311.984000
1282.900000,-1066.294000,315.095000
1282.900000,-1034.611000,315.707000
1288.976000,-1068.300000,310.947000
1342.544000,-1068.300000,319.430000
1342.048000,-1054.789000,323.000000
1344.342000,-1039.154000,323.000000
1446.100000,-957.294000,306.550000
1446.100000,-953.656000,306.774000
1429.540000,-942.300000,303.120000
1441.324000,-942.300000,309.840000
1422.100000,-970.248000,313.704000
1422.100000,-967.188000,312.906000
1444.972000,-976.300000,310.274000
1428.436000,-976.300000,315.972000
1437.772000,-973.410000,316.000000
1440.892000,-949.202000,316.000000
1399.000000,-974.105000,304.875000
1399.000000,-955.823000,304.647000
1374.430000,-954.800000,304.143000
1376.455000,-954.800000,305.304000
1354.000000,-977.174000,303.408000
1354.000000,-955.922000,305.961000
1390.405000,-987.800000,305.676000
1379.515000,-987.800000,303.618000
1369.840000,-956.747000,306.000000
1379.920000,-984.500000,306.000000
1337.700000,-975.390000,307.704000
1337.700000,-975.357000,307.028000
1331.268000,-951.300000,306.724000
1324.836000,-951.300000,307.904000
1321.700000,-968.922000,305.748000
1321.700000,-962.421000,304.780000
1332.340000,-984.300000,304.772000
1335.620000,-984.300000,305.652000
1322.532000,-957.999000,308.000000
1327.588000,-971.034000,308.000000
1430.300000,-931.132000,311.266000
1430.300000,-923.068000,341.565000
1418.174000,-915.400000,342.262000
1425.271000,-915.400000,309.544000
1383.300000,-922.402000,332.258000
1383.300000,-926.920000,318.482000
1407.787000,-933.400000,322.213000
1391.384000,-933.400000,327.461000
1418.597000,-921.664000,343.000000
1390.820000,-920.710000,343.000000
1308.000000,-837.796000,333.296000
1308.000000,-845.356000,316.256000
1305.948000,-836.500000,321.584000
1300.638000,-836.500000,326.768000
1290.000000,-854.140000,309.824000
1290.000000,-904.324000,337.280000
1296.786000,-908.500000,346.112000
1298.550000,-908.500000,347.792000
1298.118000,-871.924000,356.000000
1307.136000,-907.924000,356.000000
1302.100000,-757.412000,331.012000
1302.100000,-774.546000,318.020000
1287.565000,-753.200000,323.907000
1291.420000,-753.200000,324.371000
1287.100000,-755.826000,316.831000
1287.100000,-759.570000,330.722000
1290.580000,-779.200000,309.726000
1298.770000,-779.200000,308.073000
1289.350000,-769.736000,336.000000
1298.260000,-771.140000,336.000000
1356.800000,-784.390000,310.712000
1356.800000,-787.570000,324.052000
1297.400000,-779.800000,332.636000
1355.720000,-779.800000,330.403000
1284.800000,-794.155000,325.531000
1284.800000,-788.020000,307.754000
1291.136000,-794.800000,318.455000
1290.560000,-794.800000,314.105000
1345.928000,-791.500000,336.000000
1323.392000,-785.605000,336.000000
1451.000000,-768.365000,315.444000
1451.000000,-764.825000,328.656000
1379.495000,-761.600000,306.624000
1417.610000,-761.600000,300.540000
1346.000000,-773.780000,333.840000
1346.000000,-774.350000,308.424000
1445.120000,-776.600000,325.056000
1386.215000,-776.600000,316.308000
1403.645000,-775.460000,336.000000
1380.440000,-762.860000,336.000000
1446.700000,-745.215000,326.244000
1446.700000,-756.981000,300.144000
1439.182000,-723.200000,317.460000
1438.020000,-723.200000,308.028000
1432.700000,-747.916000,308.676000
1432.700000,-728.861000,315.912000
1443.900000,-760.200000,335.856000
1442.304000,-760.200000,323.796000
1436.172000,-725.753000,336.000000
1434.380000,-752.097000,336.000000
1445.200000,-716.985000,301.440000
1445.200000,-715.050000,310.176000
1412.188000,-705.900000,337.728000
1367.668000,-705.900000,320.688000
1361.200000,-713.760000,325.968000
1361.200000,-712.740000,331.200000
1416.304000,-720.900000,314.256000
1444.192000,-720.900000,341.712000
1440.748000,-709.095000,348.000000
1437.808000,-713.085000,348.000000
1359.800000,-734.171000,325.902000
1359.800000,-712.859000,329.640000
1355.832000,-701.500000,315.612000
1356.184000,-701.500000,338.838000
1343.800000,-715.560000,347.364000
1343.800000,-729.546000,348.036000
1351.976000,-738.500000,337.116000
1348.456000,-738.500000,315.234000
1354.152000,-714.709000,354.000000
1355.064000,-708.012000,354.000000
1342.600000,-699.478000,338.502000
1342.600000,-699.170000,338.376000
1338.752000,-699.100000,328.254000
1323.064000,-699.100000,347.574000
1305.600000,-702.404000,318.006000
1305.600000,-699.954000,314.772000
1319.179000,-713.100000,349.716000
1327.578000,-713.100000,323.970000
1318.402000,-706.114000,354.000000
1323.952000,-711.322000,354.000000
1302.800000,-708.704000,351.144000
1302.800000,-725.664000,347.112000
1286.480000,-703.200000,340.896000
1288.673000,-703.200000,314.310000
1285.800000,-706.112000,330.606000
1285.800000,-714.848000,323.508000
1289.591000,-735.200000,320.358000
1301.032000,-735.200000,332.706000
1286.582000,-723.840000,354.000000
1290.696000,-721.472000,354.000000
1268.400000,-1060.280000,310.961000
1268.400000,-1064.845000,307.748000
1248.000000,-1042.900000,323.796000
1265.050000,-1042.900000,311.471000
1243.400000,-1094.985000,319.648000
1243.400000,-1079.530000,315.194000
1245.375000,-1097.900000,315.483000
1248.375000,-1097.900000,318.917000
1262.025000,-1086.350000,324.000000
1245.400000,-1057.640000,324.000000
1228.600000,-1087.760000,309.665000
1228.600000,-1076.476000,308.260000
1221.890000,-1073.500000,308.445000
1224.240000,-1073.500000,309.355000
1218.600000,-1098.393000,307.220000
1218.600000,-1103.539000,310.450000
1227.950000,-1104.500000,311.000000
1223.620000,-1104.500000,311.545000
1223.040000,-1102.454000,312.000000
1227.320000,-1103.415000,312.000000
1220.900000,-1100.540000,311.502000
1220.900000,-1102.440000,310.380000
1204.563000,-1094.500000,310.767000
1197.991000,-1094.500000,311.037000
1189.900000,-1101.090000,310.035000
1189.900000,-1097.220000,311.694000
1214.390000,-1104.500000,309.303000
1214.855000,-1104.500000,309.351000
1194.364000,-1095.280000,312.000000
1210.484000,-1101.130000,312.000000
1216.600000,-1067.920000,307.134000
1216.600000,-1064.065000,307.668000
1213.536000,-1056.700000,307.890000
1216.264000,-1056.700000,307.887000
1208.600000,-1064.425000,307.646000
1208.600000,-1065.310000,307.106000
1213.768000,-1071.700000,307.401000
1209.456000,-1071.700000,307.325000
1215.344000,-1060.030000,308.000000
1212.248000,-1062.100000,308.000000
1195.000000,-1083.148000,310.305000
1195.000000,-1057.768000,311.628000
1192.610000,-1051.000000,309.573000
1191.560000,-1051.000000,309.285000
1185.000000,-1064.320000,311.838000
1185.000000,-1082.572000,309.942000
1190.020000,-1087.000000,311.106000
1189.100000,-1087.000000,310.599000
1190.430000,-1064.212000,312.000000
1187.480000,-1053.052000,312.000000
1187.000000,-1078.662000,318.096000
1187.000000,-1100.736000,310.924000
1185.575000,-1077.700000,315.401000
1177.295000,-1077.700000,313.333000
1172.000000,-1083.576000,312.717000
1172.000000,-1082.380000,315.742000
1177.370000,-1103.700000,310.022000
1182.695000,-1103.700000,318.151000
1175.630000,-1090.986000,321.000000
1172.600000,-1097.330000,321.000000
1148.400000,-1082.125000,311.000000
1148.400000,-1092.175000,311.000000
1100.900000,-1077.600000,311.000000
1100.900000,-1077.600000,311.000000
1098.400000,-1079.650000,311.000000
1098.400000,-1089.650000,311.000000
1109.100000,-1102.600000,311.000000
1099.150000,-1102.600000,311.000000
1145.450000,-1093.975000,311.000000
1140.000000,-1088.900000,311.000000
1231.100000,-1005.150000,309.674000
1231.100000,-1004.160000,310.000000
1213.368000,-998.000000,309.186000
1225.556000,-998.000000,310.438000
1209.100000,-1018.636000,310.696000
1209.100000,-1015.270000,310.876000
1210.618000,-1020.000000,310.208000
1216.096000,-1020.000000,309.314000
1223.202000,-1015.578000,311.000000
1222.828000,-1001.278000,311.000000
1206.100000,-1023.929000,312.190000
1206.100000,-1044.798000,312.540000
1196.832000,-1004.700000,310.965000
1198.330000,-1004.700000,313.635000
1192.100000,-1037.254000,309.745000
1192.100000,-1008.308000,309.730000
1205.050000,-1045.700000,313.520000
1200.794000,-1045.700000,310.825000
1196.860000,-1043.363000,314.000000
1197.924000,-1039.427000,314.000000
1143.300000,-1028.758000,325.132000
1143.300000,-1031.625000,324.824000
1123.616000,-999.900000,321.716000
1110.696000,-999.900000,313.890000
1105.300000,-1030.403000,318.286000
1105.300000,-1018.277000,316.956000
1134.978000,-1046.900000,314.870000
1140.374000,-1046.900000,320.022000
1106.782000,-1004.036000,326.000000
1113.242000,-1025.468000,326.000000
1268.000000,-932.780000,309.673000
1268.000000,-928.920000,308.868000
1257.154000,-925.200000,314.958000
1263.360000,-925.200000,310.401000
1239.000000,-930.250000,313.250000
1239.000000,-932.130000,311.927000
1257.473000,-935.200000,311.542000
1245.554000,-935.200000,313.460000
1260.431000,-927.520000,315.000000
1239.029000,-927.610000,315.000000
1238.900000,-977.066000,312.156000
1238.900000,-949.610000,311.328000
1235.923000,-947.300000,311.180000
1232.881000,-947.300000,312.200000
1225.900000,-959.213000,310.204000
1225.900000,-980.168000,313.076000
1232.296000,-980.300000,313.224000
1232.777000,-980.300000,313.952000
1231.594000,-959.708000,314.000000
1236.209000,-978.287000,314.000000
1224.200000,-950.688000,313.360000
1224.200000,-970.876000,312.156000
1223.180000,-949.400000,312.384000
1215.008000,-949.400000,313.032000
1212.200000,-955.476000,311.404000
1212.200000,-957.772000,313.908000
1216.376000,-977.400000,310.428000
1222.172000,-977.400000,310.784000
1213.856000,-963.960000,314.000000
1219.220000,-967.208000,314.000000
1179.800000,-967.592000,310.564000
1179.800000,-970.868000,312.988000
1158.157000,-965.300000,313.584000
1178.213000,-965.300000,313.864000
1156.800000,-966.176000,312.608000
1156.800000,-972.512000,310.740000
1161.492000,-977.300000,311.628000
1159.882000,-977.300000,311.616000
1176.051000,-973.268000,314.000000
1165.471000,-969.296000,314.000000
1190.200000,-944.850000,317.497000
1190.200000,-939.660000,326.235000
1137.598000,-934.800000,313.349000
1165.714000,-934.800000,312.958000
1124.200000,-962.640000,326.184000
1124.200000,-961.920000,316.681000
1128.160000,-964.800000,322.036000
1153.042000,-964.800000,320.404000
1159.576000,-959.070000,327.000000
1135.354000,-935.700000,327.000000
1268.300000,-864.038000,312.710000
1268.300000,-872.398000,309.815000
1259.158000,-853.500000,311.485000
1258.864000,-853.500000,310.910000
1254.300000,-870.748000,310.265000
1254.300000,-858.054000,312.005000
1267.124000,-875.500000,309.045000
1264.646000,-875.500000,313.100000
1257.604000,-874.466000,314.000000
1267.754000,-869.516000,314.000000
1257.000000,-843.183000,311.084000
1257.000000,-841.776000,311.742000
1250.904000,-830.100000,312.596000
1245.276000,-830.100000,312.180000
1245.000000,-843.540000,312.108000
1245.000000,-840.789000,312.618000
1254.252000,-851.100000,311.618000
1245.504000,-851.100000,311.056000
1256.220000,-832.137000,313.000000
1254.036000,-839.025000,313.000000
1157.500000,-865.610000,316.000000
1157.500000,-850.220000,316.000000
1152.768000,-842.600000,316.000000
1153.873000,-842.600000,316.000000
1144.500000,-857.480000,316.000000
1144.500000,-866.960000,316.000000
1152.651000,-872.600000,316.000000
1148.985000,-872.600000,316.000000
1152.742000,-849.830000,316.000000
1151.585000,-846.260000,316.000000
1145.100000,-871.380000,316.000000
1145.100000,-871.965000,316.000000
1137.400000,-857.700000,316.000000
1124.730000,-857.700000,316.000000
1110.100000,-862.980000,316.000000
1110.100000,-859.425000,316.000000
1127.005000,-872.700000,316.000000
1132.745000,-872.700000,316.000000
1121.790000,-863.475000,316.000000
1121.895000,-870.000000,316.000000
1259.300000,-790.604000,310.056000
1259.300000,-795.932000,310.005000
1257.780000,-790.100000,310.300000
1241.600000,-790.100000,310.786000
1239.300000,-791.963000,310.544000
1239.300000,-793.853000,310.567000
1246.080000,-799.100000,310.789000
1258.300000,-799.100000,310.348000
1239.960000,-794.870000,310.000000
1241.880000,-794.753000,310.000000
1213.100000,-761.300000,313.000000
1213.100000,-770.145000,313.000000
1200.984000,-749.100000,313.000000
1210.669000,-749.100000,313.000000
1200.100000,-752.943000,313.000000
1200.100000,-793.020000,313.000000
1202.635000,-810.100000,313.000000
1203.389000,-810.100000,313.000000
1209.629000,-790.214000,313.000000
1212.073000,-762.154000,313.000000
1200.200000,-769.484000,322.282000
1200.200000,-751.123000,319.987000
1189.969000,-748.500000,318.117000
1193.830000,-748.500000,323.710000
1187.200000,-804.559000,313.969000
1187.200000,-749.903000,327.433000
1187.850000,-809.500000,326.804000
1194.428000,-809.500000,314.156000
1192.816000,-798.398000,330.000000
1196.469000,-804.132000,330.000000
1142.500000,-793.688000,323.922000
1142.500000,-800.240000,322.333000
1118.709000,-781.000000,322.214000
1113.159000,-781.000000,323.866000
1105.500000,-801.150000,320.499000
1105.500000,-789.450000,318.399000
1139.022000,-807.000000,318.791000
1137.246000,-807.000000,319.932000
1110.347000,-806.012000,325.000000
1124.185000,-796.834000,325.000000
1270.600000,-748.029000,312.588000
1270.600000,-745.481000,315.308000
1245.650000,-739.800000,315.608000
1265.850000,-739.800000,312.184000
1220.600000,-747.990000,314.632000
1220.600000,-747.964000,313.060000
1258.700000,-752.800000,313.656000
1228.650000,-752.800000,313.936000
1262.150000,-741.178000,316.000000
1235.450000,-743.778000,316.000000
1238.100000,-723.088000,324.599000
1238.100000,-694.840000,317.595000
1222.480000,-688.900000,320.451000
1220.588000,-688.900000,321.318000
1194.100000,-710.284000,333.303000
1194.100000,-729.864000,325.041000
1221.292000,-732.900000,329.138000
1214.516000,-732.900000,328.764000
1217.420000,-699.944000,334.000000
1198.016000,-689.076000,334.000000
1172.300000,-726.072000,318.496000
1172.300000,-723.224000,317.486000
1166.814000,-696.600000,318.008000
1154.074000,-696.600000,317.924000
1146.300000,-707.544000,317.518000
1146.300000,-704.056000,318.362000
1158.624000,-728.600000,317.030000
1166.216000,-728.600000,318.800000
1152.280000,-709.240000,319.000000
1169.206000,-719.032000,319.000000
1138.700000,-686.475000,319.147000
1138.700000,-693.435000,320.353000
1136.852000,-685.500000,321.412000
1138.616000,-685.500000,321.010000
1110.700000,-688.470000,320.680000
1110.700000,-693.540000,321.667000
1119.912000,-700.500000,319.945000
1112.632000,-700.500000,319.324000
1136.712000,-693.585000,322.000000
1129.544000,-691.470000,322.000000
1202.900000,-646.098000,326.027000
1202.900000,-646.494000,333.157000
1127.296000,-641.500000,320.415000
1177.808000,-641.500000,338.194000
1120.900000,-642.688000,337.780000
1120.900000,-659.958000,320.231000
1136.070000,-663.500000,332.168000
1151.404000,-663.500000,325.268000
1172.396000,-656.526000,341.000000
1159.030000,-643.612000,341.000000
1148.800000,-615.376000,320.550000
1148.800000,-640.456000,322.069000
1117.680000,-599.800000,318.842000
1124.440000,-599.800000,316.602000
1108.800000,-639.796000,317.127000
1108.800000,-606.048000,318.135000
1110.440000,-643.800000,322.419000
1135.760000,-643.800000,319.668000
1121.920000,-636.188000,323.000000
1119.080000,-634.692000,323.000000
1251.400000,-611.404000,320.461000
1251.400000,-617.308000,310.825000
1189.268000,-587.500000,317.766000
1162.122000,-587.500000,313.234000
1153.400000,-624.220000,315.082000
1153.400000,-608.812000,315.643000
1241.306000,-635.500000,312.387000
1249.146000,-635.500000,318.052000
1156.046000,-634.156000,321.000000
1158.300000,-611.020000,321.000000
1253.000000,-577.482000,314.032000
1253.000000,-570.699000,315.056000
1211.435000,-564.000000,306.224000
1234.810000,-564.000000,322.064000
1168.000000,-577.041000,330.384000
1168.000000,-579.687000,329.072000
1232.005000,-585.000000,322.576000
1191.800000,-585.000000,336.048000
1229.710000,-566.436000,338.000000
1239.570000,-567.948000,338.000000
994.600000,-1088.924000,352.984000
994.600000,-1062.744000,348.897000
975.970000,-1062.200000,336.569000
966.682000,-1062.200000,363.570000
940.600000,-1078.418000,320.221000
940.600000,-1063.900000,378.176000
973.432000,-1096.200000,370.873000
972.028000,-1096.200000,325.849000
963.604000,-1071.040000,383.000000
974.836000,-1092.290000,383.000000
1076.100000,-1048.420000,327.336000
1076.100000,-1036.702000,324.582000
1069.266000,-998.200000,322.944000
1048.220000,-998.200000,328.506000
1042.100000,-1016.182000,318.552000
1042.100000,-1017.208000,314.448000
1057.876000,-1052.200000,314.142000
1072.190000,-1052.200000,318.390000
1046.350000,-1020.016000,330.000000
1056.584000,-1029.628000,330.000000
1024.800000,-999.350000,319.377000
1024.800000,-1017.494000,326.154000
1019.214000,-995.300000,326.181000
1012.844000,-995.300000,319.125000
926.800000,-1005.452000,323.976000
926.800000,-1030.670000,321.096000
958.160000,-1049.300000,321.780000
945.224000,-1049.300000,323.067000
1007.650000,-1024.946000,327.000000
948.164000,-1010.420000,327.000000
937.874000,-1047.464000,327.000000
995.200000,-940.898000,351.234000
995.200000,-936.236000,327.094000
937.681000,-931.700000,333.839000
968.425000,-931.700000,342.643000
932.200000,-933.548000,387.515000
932.200000,-971.936000,358.192000
943.288000,-973.700000,370.120000
963.070000,-973.700000,373.741000
965.212000,-960.806000,390.000000
932.830000,-972.734000,390.000000
1073.100000,-901.798000,325.556000
1073.100000,-922.130000,319.508000
1025.484000,-885.100000,322.140000
1027.964000,-885.100000,322.574000
1011.100000,-926.500000,318.710000
1011.100000,-897.060000,325.640000
1013.084000,-931.100000,315.294000
1060.266000,-931.100000,328.706000
1024.926000,-923.602000,329.000000
1060.824000,-916.104000,329.000000
1021.800000,-847.415000,320.330000
1021.800000,-847.235000,323.180000
1001.208000,-824.600000,324.860000
1020.810000,-824.600000,324.494000
988.800000,-858.620000,323.396000
988.800000,-849.935000,325.808000
1018.071000,-869.600000,321.932000
991.968000,-869.600000,321.122000
1019.259000,-868.745000,326.000000
1008.402000,-841.295000,326.000000
1078.200000,-786.608000,334.685000
1078.200000,-762.200000,352.686000
1063.800000,-751.400000,323.217000
1068.210000,-751.400000,362.979000
1048.200000,-784.448000,358.749000
1048.200000,-798.164000,326.272000
1070.490000,-805.400000,347.234000
1060.140000,-805.400000,336.565000
1066.860000,-758.150000,365.000000
1059.780000,-755.126000,365.000000
1028.200000,-796.308000,334.432000
1028.200000,-801.156000,340.812000
1013.416000,-758.100000,329.064000
1000.216000,-758.100000,323.630000
984.200000,-780.516000,323.674000
984.200000,-766.164000,328.448000
1010.556000,-806.100000,340.306000
1015.044000,-806.100000,333.266000
998.324000,-771.060000,342.000000
992.032000,-794.868000,342.000000
986.200000,-799.600000,344.097000
986.200000,-778.840000,327.234000
975.448000,-743.200000,338.952000
933.672000,-743.200000,331.833000
930.200000,-762.580000,333.828000
930.200000,-771.460000,336.432000
955.680000,-803.200000,328.704000
930.424000,-803.200000,341.031000
931.376000,-768.040000,345.000000
984.520000,-770.980000,345.000000
1023.800000,-684.608000,330.140000
1023.800000,-697.504000,332.240000
1019.476000,-679.400000,325.260000
1001.628000,-679.400000,336.620000
931.800000,-690.498000,340.380000
931.800000,-727.388000,341.000000
960.320000,-741.400000,335.480000
960.044000,-741.400000,325.380000
998.040000,-713.996000,345.000000
1001.904000,-689.382000,345.000000
957.468000,-704.138000,345.000000
1083.800000,-618.280000,322.906000
1083.800000,-663.940000,322.990000
1043.165000,-604.600000,321.198000
1059.320000,-604.600000,324.523000
1038.800000,-606.700000,319.483000
1038.800000,-609.160000,319.056000
1046.270000,-664.600000,324.775000
1066.205000,-664.600000,320.589000
1057.700000,-646.720000,326.000000
1063.730000,-656.080000,326.000000
987.100000,-628.407000,325.718000
987.100000,-646.874000,325.556000
973.438000,-606.400000,325.228000
971.872000,-606.400000,325.994000
969.100000,-658.969000,324.740000
969.100000,-628.761000,324.432000
969.496000,-665.400000,324.250000
985.516000,-665.400000,324.870000
971.242000,-656.314000,326.000000
975.328000,-639.145000,326.000000
965.000000,-645.329000,328.703000
965.000000,-640.408000,342.762000
955.160000,-626.200000,341.555000
962.616000,-626.200000,329.485000
949.000000,-653.802000,337.390000
949.000000,-651.434000,333.208000
963.048000,-663.200000,333.242000
952.440000,-663.200000,336.931000
962.088000,-662.867000,343.000000
951.208000,-635.561000,343.000000
1066.900000,-577.694000,330.280000
1066.900000,-546.374000,325.492000
1002.844000,-542.000000,325.870000
1005.428000,-542.000000,329.434000
930.900000,-574.508000,339.478000
930.900000,-595.136000,333.376000
1030.724000,-596.000000,335.086000
1001.212000,-596.000000,337.318000
1001.348000,-549.290000,340.000000
1057.380000,-593.300000,340.000000
1059.556000,-546.050000,340.000000
813.700000,-1092.405000,327.360000
813.700000,-1091.298000,323.422000
802.616000,-1059.400000,324.676000
788.064000,-1059.400000,325.831000
779.700000,-1078.178000,321.992000
779.700000,-1071.167000,328.240000
799.726000,-1100.400000,319.297000
807.580000,-1100.400000,319.649000
787.078000,-1070.839000,330.000000
804.248000,-1085.927000,330.000000
892.700000,-1086.447000,324.976000
892.700000,-1037.728000,333.760000
879.414000,-988.700000,337.072000
888.539000,-988.700000,337.264000
819.700000,-1021.042000,333.152000
819.700000,-1049.470000,324.768000
852.185000,-1091.700000,329.248000
828.679000,-1091.700000,328.272000
886.641000,-1032.269000,340.000000
857.222000,-1024.235000,340.000000
840.067000,-1082.739000,340.000000
809.800000,-1001.440000,328.706000
809.800000,-1006.180000,334.634000
808.698000,-995.800000,325.521000
799.360000,-995.800000,324.481000
780.800000,-1005.940000,335.349000
780.800000,-1049.380000,327.328000
789.529000,-1055.800000,332.164000
793.125000,-1055.800000,330.175000
798.664000,-1029.820000,337.000000
789.674000,-998.320000,337.000000
773.400000,-1078.150000,332.592000
773.400000,-1093.950000,322.416000
726.912000,-1072.200000,328.688000
738.976000,-1072.200000,325.920000
721.400000,-1072.825000,324.768000
721.400000,-1077.075000,329.424000
729.564000,-1097.200000,336.864000
759.256000,-1097.200000,332.928000
737.780000,-1090.000000,338.000000
726.496000,-1090.675000,338.000000
772.800000,-1021.592000,429.004000
772.800000,-1032.008000,350.272000
772.800000,-1021.816000,379.432000
754.050000,-1000.200000,402.652000
748.675000,-1000.200000,373.924000
747.800000,-1049.536000,376.192000
747.800000,-1028.088000,397.576000
747.800000,-1054.632000,418.204000
748.125000,-1056.200000,349.840000
748.575000,-1056.200000,421.228000
748.175000,-1048.136000,433.000000
770.050000,-1024.672000,433.000000
840.300000,-948.778000,343.592000
840.300000,-934.945000,357.476000
806.420000,-920.900000,324.482000
825.292000,-920.900000,374.558000
784.300000,-959.961000,383.450000
784.300000,-963.353000,391.640000
832.908000,-973.900000,364.340000
802.948000,-973.900000,330.722000
824.284000,-973.900000,401.000000
822.548000,-928.002000,401.000000
844.200000,-868.420000,341.844000
844.200000,-887.692000,343.650000
815.618000,-824.200000,336.720000
808.798000,-824.200000,348.249000
782.200000,-863.338000,331.575000
782.200000,-830.998000,331.848000
827.088000,-890.200000,347.451000
821.632000,-890.200000,336.426000
807.806000,-833.704000,351.000000
811.650000,-879.046000,351.000000
769.300000,-864.635000,384.495000
769.300000,-857.040000,384.054000
763.594000,-824.700000,369.060000
753.586000,-824.700000,334.788000
751.300000,-846.652000,353.688000
751.300000,-844.594000,348.585000
761.740000,-873.700000,338.316000
768.202000,-873.700000,362.382000
753.334000,-838.812000,393.000000
756.106000,-850.621000,393.000000
740.901741,-870.477714,340.395000
752.221596,-846.530376,334.095000
756.432033,-831.146120,388.023000
756.388637,-831.125607,347.892000
738.752874,-837.584329,372.651000
731.137357,-853.695080,361.689000
731.972346,-868.252202,357.216000
729.151609,-866.918845,375.486000
748.073031,-848.268135,393.000000
741.073020,-834.884944,393.000000
869.700000,-744.966000,333.388000
869.700000,-743.888000,329.914000
868.300000,-742.700000,328.996000
845.750000,-742.700000,333.856000
819.700000,-746.220000,342.586000
819.700000,-742.942000,337.798000
834.300000,-764.700000,338.194000
846.900000,-764.700000,341.740000
845.300000,-755.394000,343.000000
862.250000,-763.006000,343.000000
907.900000,-750.920000,338.806000
907.900000,-781.220000,333.658000
876.960000,-736.100000,334.396000
880.565000,-736.100000,337.600000
872.900000,-737.060000,330.004000
872.900000,-754.940000,341.542000
878.045000,-796.100000,325.594000
902.545000,-796.100000,327.484000
880.285000,-779.360000,343.000000
895.405000,-773.300000,343.000000
833.682317,-788.683620,346.132000
832.614654,-790.743352,468.044000
825.803697,-803.883019,399.248000
811.315590,-759.473535,494.308000
837.523900,-773.058632,510.968000
806.521386,-756.988456,336.332000
784.876381,-785.056198,446.288000
789.570419,-776.000481,357.892000
791.006242,-773.230497,469.416000
782.640013,-789.663940,398.464000
788.472960,-792.687452,400.816000
791.189675,-794.095663,406.696000
821.361277,-803.652791,529.000000
812.453394,-774.390620,529.000000
909.000000,-648.188000,335.832000
909.000000,-635.318000,348.528000
871.452000,-630.500000,329.952000
884.619000,-630.500000,329.784000
846.000000,-654.491000,348.096000
846.000000,-660.827000,335.040000
900.117000,-663.500000,342.240000
874.476000,-663.500000,340.296000
884.430000,-630.830000,351.000000
860.301000,-630.995000,351.000000
840.600000,-657.440000,379.764000
840.600000,-661.189000,338.665000
817.096000,-641.800000,361.952000
804.772000,-641.800000,354.652000
788.600000,-655.209000,344.140000
788.600000,-646.906000,370.639000
825.780000,-664.800000,399.255000
827.860000,-664.800000,386.626000
804.668000,-645.342000,404.000000
789.588000,-658.176000,404.000000
897.700000,-622.264000,533.335000
897.700000,-612.076000,392.295000
897.700000,-613.336000,505.170000
872.526000,-592.600000,480.875000
816.356000,-592.600000,439.380000
889.254000,-592.600000,436.155000
866.048000,-592.600000,494.635000
895.158000,-592.600000,363.700000
815.700000,-608.404000,428.200000
815.700000,-611.500000,486.465000
815.700000,-620.752000,367.355000
862.522000,-628.600000,375.740000
820.456000,-628.600000,533.550000
853.420000,-628.600000,513.340000
828.246000,-628.600000,503.020000
823.900000,-628.600000,386.705000
906.700000,-582.624000,329.050000
906.700000,-551.234000,332.815000
886.814000,-541.000000,325.375000
870.710000,-541.000000,336.100000
784.700000,-553.685000,336.715000
784.700000,-576.561000,339.385000
836.672000,-584.000000,333.055000
828.620000,-584.000000,327.670000
871.076000,-560.006000,340.000000
858.266000,-545.601000,340.000000
859.242000,-574.540000,340.000000
558.649610,-1130.698237,342.100000
543.480943,-1153.186710,346.870000
560.183530,-1127.234893,334.780000
543.412100,-1115.922420,353.440000
528.932067,-1112.166098,327.460000
529.319588,-1111.591575,330.010000
521.447760,-1140.912478,350.110000
532.502976,-1148.369315,336.580000
532.714493,-1132.032636,355.000000
528.343464,-1137.761871,355.000000
535.748470,-1161.332998,464.489000
529.861287,-1170.061105,474.983000
492.620910,-1123.563147,425.693000
491.273724,-1122.654458,350.804000
521.127367,-1142.790995,328.703000
516.978034,-1139.992234,397.391000
485.791035,-1119.158983,386.738000
479.105325,-1129.070956,385.625000
477.664045,-1147.248717,347.942000
522.282847,-1177.344479,420.446000
508.110450,-1167.785076,385.784000
480.466192,-1149.138789,403.592000
480.205376,-1139.877632,485.000000
488.101916,-1137.469646,485.000000
501.618132,-1097.349838,336.492000
503.163098,-1096.098749,334.845000
502.063329,-1080.058142,382.547000
508.044390,-1087.444137,348.204000
480.258965,-1091.484478,367.663000
483.022496,-1089.246615,361.563000
488.515873,-1107.820867,352.718000
480.291915,-1097.665124,374.922000
489.106264,-1102.988384,387.000000
505.775787,-1093.496640,387.000000
583.287705,-1074.187571,376.448000
607.843963,-1054.302306,363.477000
601.017513,-1059.830256,325.545000
588.472145,-1027.762993,349.852000
591.326742,-1031.288127,387.348000
591.256258,-1031.201087,399.556000
539.844542,-1037.308616,432.147000
572.080557,-1011.204406,411.219000
565.064483,-1016.885910,364.676000
556.396486,-1085.082813,405.551000
546.599226,-1072.984204,326.090000
556.960357,-1085.779135,329.687000
590.778449,-1032.452711,434.000000
558.577828,-1077.695830,434.000000
618.632701,-1034.428112,350.736000
618.241019,-1034.745289,343.952000
613.055549,-1012.213257,342.896000
602.229980,-998.844792,350.960000
590.305848,-996.889046,335.088000
592.840898,-994.836203,357.968000
606.523480,-1026.393044,327.280000
611.522172,-1032.565914,332.976000
600.841047,-1000.755738,358.000000
606.740694,-1017.629315,358.000000
628.503283,-1007.781594,326.803000
642.911569,-996.113994,334.459000
651.480834,-976.520746,335.119000
655.364370,-981.316514,336.868000
621.864223,-970.694732,332.435000
614.380308,-976.755088,328.277000
613.581038,-1001.224104,329.740000
605.585522,-991.350464,330.686000
644.939612,-990.395262,337.000000
634.097760,-975.862598,337.000000
647.246775,-967.157940,341.586000
671.279237,-947.696836,365.103000
673.154800,-943.205621,332.070000
670.709890,-940.186408,334.644000
657.195207,-939.800465,361.515000
638.702242,-954.775773,343.185000
641.127869,-960.860220,351.999000
641.713137,-961.582966,351.726000
658.224648,-950.624882,366.000000
638.914848,-957.440913,366.000000
449.356319,-1085.048986,328.675000
426.671428,-1103.418848,328.185000
453.030048,-1081.443546,328.430000
431.259338,-1054.558959,328.404000
417.899457,-1047.471031,328.186000
414.374323,-1050.325628,328.623000
398.280004,-1080.571534,328.941000
413.975884,-1099.954331,328.842000
412.391718,-1071.035630,329.000000
429.066247,-1097.633438,329.000000
459.900434,-1042.290546,391.375000
453.733004,-1047.284833,353.545000
452.362085,-1019.455759,375.515000
466.204616,-1036.549861,367.780000
425.359106,-1036.805814,359.590000
436.425664,-1027.844292,382.015000
427.378878,-1039.452571,343.730000
426.658935,-1038.563516,331.250000
431.783079,-1031.670695,393.000000
452.589333,-1039.211363,393.000000
524.405422,-1023.281375,343.664000
529.199635,-1019.399097,364.464000
523.846927,-1002.395301,327.984000
529.636674,-1009.545044,378.480000
499.258507,-1014.049474,376.368000
499.234416,-1014.068983,328.496000
509.959832,-1034.505655,360.752000
501.318634,-1023.834664,342.512000
508.672677,-1027.202050,390.000000
525.451351,-1008.317359,390.000000
503.841179,-1001.948620,356.273000
494.212340,-1009.745900,367.641000
510.585528,-979.410568,344.268000
509.905233,-978.570473,329.372000
485.205193,-987.444274,332.312000
500.192453,-975.307830,340.103000
489.421231,-1008.890388,369.307000
487.250076,-1006.209235,350.785000
509.505489,-979.634066,377.000000
487.875086,-994.634406,377.000000
545.025349,-1007.513810,357.818000
546.832214,-1006.050640,328.578000
543.891206,-978.345209,349.522000
527.103455,-957.614064,336.024000
513.664916,-963.423972,341.192000
515.685495,-961.787739,343.436000
528.846403,-999.491818,332.896000
538.905460,-1011.913719,350.882000
524.659848,-961.468953,362.000000
519.064262,-966.556049,362.000000
578.738222,-977.678752,328.890000
604.337410,-956.948938,329.125000
612.517696,-937.680973,332.665000
613.780113,-939.239928,330.215000
577.394026,-935.017435,331.445000
561.181207,-948.146317,331.310000
561.709687,-971.868266,330.225000
556.210685,-965.077565,332.405000
599.394348,-952.201785,333.000000
608.407894,-949.277743,333.000000
549.462548,-954.600962,356.246000
596.204769,-916.749857,353.624000
594.711599,-914.809015,342.338000
590.560602,-909.682961,366.107000
572.469699,-914.095226,385.430000
582.472345,-905.995243,378.590000
542.502093,-947.265604,371.465000
544.545496,-949.788997,334.073000
569.038132,-927.789635,386.000000
551.761323,-946.001977,386.000000
663.445119,-903.145946,342.022000
639.650464,-922.414478,339.520000
668.942650,-898.694134,337.630000
645.295936,-869.492874,343.462000
635.083736,-868.208361,333.220000
625.179788,-876.228420,329.404000
606.105357,-906.903389,328.828000
624.144826,-929.180278,333.346000
620.869438,-891.241805,346.000000
630.535175,-899.917336,346.000000
702.417142,-849.051666,338.640000
697.793123,-852.796122,440.784000
705.370296,-846.660248,328.798000
694.287317,-817.083752,439.055000
710.102138,-836.613430,336.911000
652.763389,-844.223897,406.603000
665.081152,-834.249169,366.038000
684.976089,-818.138567,376.412000
654.879364,-847.869768,374.018000
656.729565,-850.154578,395.165000
681.790966,-861.160682,461.000000
686.936450,-828.981195,461.000000
731.550117,-810.032830,355.220000
737.922714,-804.872402,332.864000
727.612095,-788.485112,338.384000
732.233824,-794.192472,347.975000
706.340148,-795.704952,390.479000
703.814424,-797.750243,363.086000
719.856709,-818.633402,373.643000
711.887625,-808.792403,378.197000
715.493302,-809.034151,398.000000
705.203000,-798.988287,398.000000
763.900000,-686.216000,367.369000
763.900000,-690.510000,346.936000
751.972000,-675.500000,355.364000
748.297000,-675.500000,357.667000
742.900000,-688.781000,343.408000
742.900000,-680.744000,368.398000
760.351000,-694.500000,380.452000
759.889000,-694.500000,379.129000
749.137000,-676.222000,383.000000
760.960000,-688.021000,383.000000
736.988428,-712.472858,369.240000
740.251664,-709.830342,348.880000
735.463482,-689.214267,359.480000
746.139902,-702.398548,357.640000
710.928174,-675.671856,349.720000
710.588561,-675.946869,366.400000
723.784525,-704.983255,339.920000
707.500860,-684.874604,335.160000
744.641947,-706.043544,370.000000
732.330823,-696.093858,370.000000
766.000000,-644.656000,345.152000
766.000000,-592.552000,359.480000
745.633000,-578.200000,336.368000
740.596000,-578.200000,367.364000
693.000000,-610.258000,363.548000
693.000000,-646.918000,339.248000
732.566000,-656.200000,354.764000
723.222000,-656.200000,347.132000
743.735000,-603.628000,371.000000
725.412000,-582.334000,371.000000
761.912000,-590.680000,371.000000
765.700000,-577.480000,345.660000
765.700000,-572.880000,351.760000
757.600000,-537.600000,340.760000
726.640000,-537.600000,336.140000
705.700000,-548.240000,335.880000
705.700000,-544.960000,340.520000
729.580000,-577.600000,351.000000
748.720000,-577.600000,344.900000
729.400000,-556.440000,354.000000
719.860000,-567.640000,354.000000
708.600000,-542.322000,515.845000
708.600000,-560.718000,346.640000
708.600000,-566.388000,327.290000
666.978000,-536.400000,463.385000
668.532000,-536.400000,393.725000
668.070000,-536.400000,473.275000
666.600000,-541.524000,410.925000
666.600000,-556.812000,440.810000
666.600000,-563.448000,404.260000
677.268000,-578.400000,358.250000
667.398000,-578.400000,487.895000
680.166000,-578.400000,335.460000
432.330941,-1014.480960,336.360000
432.540770,-1014.311043,341.160000
412.887692,-976.884462,366.600000
431.081344,-999.351751,349.920000
385.337377,-989.484378,356.800000
389.743795,-985.916132,358.680000
388.216498,-994.088547,347.040000
394.753878,-1002.161539,367.440000
414.927565,-1015.585384,369.000000
430.044348,-1004.983387,369.000000
475.801307,-971.918844,367.770000
462.247881,-982.894192,369.984000
461.288340,-932.182815,347.680000
466.417931,-938.517332,387.942000
429.858233,-935.777516,409.672000
448.310787,-920.834933,405.900000
460.345802,-981.867380,389.582000
448.149572,-966.806291,341.858000
445.826827,-959.005635,410.000000
451.587627,-963.068720,410.000000
497.631060,-949.806861,331.925000
495.346251,-951.657063,331.600000
493.432160,-917.306471,330.705000
483.866490,-905.493852,332.695000
463.437258,-913.158477,329.480000
470.315000,-907.588992,328.790000
482.043403,-950.912999,328.260000
485.378801,-955.031872,329.885000
484.469880,-908.479488,333.000000
479.646687,-926.024884,333.000000
538.314543,-919.345890,330.806000
554.634608,-906.130161,348.488000
556.161672,-872.930461,346.661000
565.601478,-884.587651,332.087000
508.622094,-866.184786,341.537000
501.534523,-871.924188,336.686000
512.969004,-914.932902,336.413000
496.090631,-894.089847,341.285000
558.763273,-894.448632,350.000000
530.384559,-863.694182,350.000000
589.060196,-880.726028,334.790000
626.176687,-850.669686,331.040000
624.156690,-841.882695,331.130000
620.437406,-837.289763,334.325000
591.676441,-840.004647,342.470000
610.374573,-824.863199,337.610000
573.808648,-875.048986,338.795000
573.808648,-875.048986,340.895000
605.865161,-851.329096,344.000000
585.429741,-883.202679,344.000000
583.457109,-842.030661,331.809000
565.808124,-856.322527,329.408000
581.237044,-839.003086,330.101000
569.059694,-823.965312,330.941000
558.725588,-823.455065,328.386000
557.653127,-824.323527,332.474000
548.747174,-846.551910,333.678000
557.167481,-856.950123,327.007000
559.020449,-834.449703,334.000000
564.708793,-848.720135,334.000000
593.894617,-811.203060,361.580000
586.185329,-817.445919,346.320000
589.599195,-798.271380,353.005000
597.035874,-807.454914,353.985000
586.633593,-800.355048,344.465000
574.398207,-810.263068,361.650000
566.571286,-820.682784,335.890000
565.704083,-819.611877,334.315000
582.025056,-820.647563,362.000000
585.941587,-810.483767,362.000000
632.013337,-789.430150,335.216000
635.100938,-786.929860,350.320000
628.126997,-771.036891,327.408000
633.941917,-778.217719,357.328000
604.236834,-786.187927,351.568000
605.611605,-785.074659,332.336000
604.796820,-788.307978,343.760000
609.088785,-793.608113,339.344000
617.438853,-793.228690,358.000000
630.048360,-774.653775,358.000000
675.025063,-802.223965,335.246000
665.649574,-809.816086,340.552000
659.624004,-762.975482,331.816000
660.171513,-763.651599,329.618000
629.847645,-764.175862,328.400000
643.662969,-752.988433,332.684000
660.775649,-810.479102,338.984000
653.001025,-800.878241,335.750000
642.040558,-783.334105,341.000000
637.831960,-769.427524,341.000000
709.462823,-766.162665,358.590000
710.908314,-764.992129,336.456000
719.372544,-722.816381,350.995000
705.779223,-706.030028,343.245000
673.473814,-730.968011,343.431000
681.260816,-724.662221,350.034000
684.103019,-774.603089,335.836000
660.000048,-744.838398,356.792000
705.292540,-710.863457,362.000000
715.411915,-758.063948,362.000000
422.287332,-928.705764,332.420000
434.520386,-918.799632,335.912000
425.168623,-894.141786,346.028000
429.889785,-899.971935,339.854000
388.167818,-876.556108,341.618000
380.986990,-882.371028,343.778000
402.293075,-918.330356,337.226000
389.885394,-903.008146,329.720000
427.466226,-907.519031,347.000000
427.800007,-903.578902,347.000000
447.910074,-905.690120,337.329000
446.138181,-907.124971,339.248000
460.853850,-880.153371,332.674000
451.621720,-868.752639,343.390000
430.758244,-861.675218,328.038000
437.123070,-856.521084,328.551000
431.394157,-891.444152,342.402000
435.019043,-895.920513,332.712000
445.645576,-877.819030,347.000000
435.967197,-888.320019,347.000000
528.052105,-842.747444,340.656000
498.769245,-866.460237,340.784000
526.389127,-839.168382,336.752000
510.335793,-819.344166,328.288000
496.466660,-825.861767,332.848000
488.399885,-832.394113,331.792000
469.272745,-863.976468,328.928000
481.214099,-878.722813,335.296000
489.091898,-839.731862,344.000000
490.859501,-844.202852,344.000000
485.213719,-825.325087,330.852000
479.165192,-830.223088,328.217000
475.879697,-802.866102,354.288000
487.675678,-817.432926,335.006000
472.014814,-805.131120,346.693000
451.262685,-821.935862,341.795000
445.588884,-833.787740,339.129000
445.921165,-834.198073,348.584000
467.652109,-836.025624,359.000000
470.206297,-810.208849,359.000000
547.776540,-822.463950,338.397000
553.337019,-817.961163,333.235000
544.775963,-805.715905,331.292000
548.559437,-810.388106,339.586000
522.704947,-819.604854,353.216000
542.261048,-803.768636,345.937000
522.875473,-821.574477,346.111000
528.176868,-828.121154,352.288000
533.129603,-824.712712,356.000000
534.072017,-831.453942,356.000000
531.610794,-803.129742,331.158000
524.896253,-808.567070,329.538000
527.441558,-776.624792,329.694000
525.002312,-773.612574,330.852000
501.657524,-783.635596,328.224000
512.988312,-774.460105,332.166000
517.585825,-812.124447,332.760000
515.788486,-809.904918,327.480000
505.239603,-793.159836,333.000000
521.552766,-798.193375,333.000000
568.134689,-803.551303,338.922000
571.841675,-800.549445,334.203000
561.584580,-767.241673,335.737000
578.198638,-787.758326,337.050000
528.533629,-758.414035,332.565000
529.442890,-757.677730,326.897000
551.146096,-802.021691,329.393000
527.093471,-772.319172,329.744000
579.793905,-792.874567,339.000000
555.751932,-774.435436,339.000000
579.648102,-752.516192,327.764000
592.834715,-741.837883,331.034000
592.205144,-735.231919,326.300000
592.143471,-735.155759,326.348000
575.428995,-737.918124,330.836000
566.529119,-745.125101,327.662000
570.912013,-753.429532,329.366000
569.238021,-751.362324,328.976000
588.322744,-739.780966,332.000000
567.625702,-749.371276,332.000000
611.386348,-747.327467,330.950000
612.622010,-746.326848,325.470000
626.871614,-724.452493,328.510000
617.728848,-713.162117,327.660000
602.881970,-713.037870,326.060000
606.262555,-710.300327,329.850000
598.824746,-737.487967,333.620000
603.980139,-743.854347,332.040000
611.224409,-722.052822,335.000000
597.088587,-720.899836,335.000000
611.237707,-706.394036,353.568000
587.534755,-725.588308,332.415000
611.412796,-704.187004,345.483000
612.356776,-705.352722,339.642000
591.700444,-702.913607,337.431000
577.383861,-714.506947,346.869000
559.069873,-736.478837,329.379000
556.266251,-733.016652,354.096000
580.101567,-713.888906,357.000000
592.508314,-719.032317,357.000000
686.828391,-701.704649,328.920000
684.310438,-703.743647,334.260000
657.778872,-649.718861,344.040000
682.808202,-680.627510,338.640000
651.937004,-651.466803,339.160000
617.012064,-679.748462,343.020000
618.328772,-696.342988,334.260000
624.125442,-703.501280,327.400000
656.319268,-709.220628,345.000000
677.405089,-682.726587,345.000000
335.118810,-1020.661621,330.964000
313.891068,-1037.851508,333.052000
276.569060,-925.977415,328.036000
293.985502,-947.484930,335.680000
227.883668,-933.786386,325.096000
256.000809,-911.017574,326.308000
233.016708,-943.700447,334.168000
283.736785,-1006.334526,328.936000
274.448953,-979.634293,337.000000
272.000179,-976.753321,337.000000
333.548502,-1011.857904,337.000000
366.983954,-976.037691,353.930000
358.210753,-983.142089,356.765000
381.651138,-942.478541,345.355000
377.859483,-937.796237,329.430000
332.104399,-972.113609,336.815000
351.802718,-956.162225,337.095000
336.086644,-999.031194,328.240000
336.778896,-999.886054,344.760000
327.983993,-981.240666,361.000000
353.560566,-962.620150,361.000000
342.846762,-959.997898,332.156000
354.890970,-950.244690,331.914000
331.087304,-893.820453,348.788000
352.881928,-920.734572,336.732000
270.516211,-875.739711,343.398000
266.739282,-878.798208,341.550000
311.684446,-955.666769,338.030000
276.128473,-911.758799,346.368000
356.468413,-931.684834,352.000000
293.118556,-862.721414,352.000000
315.227395,-878.954474,352.000000
369.817240,-876.524580,379.668000
393.204670,-857.585812,365.940000
371.601567,-875.079660,438.012000
376.142265,-835.733701,347.328000
369.979960,-828.123887,394.848000
348.774380,-801.937177,395.640000
331.802795,-814.661382,447.120000
346.555357,-802.714993,423.756000
326.991485,-818.557504,353.268000
345.819857,-863.438290,414.912000
342.965260,-859.913156,452.664000
332.135914,-846.540028,442.896000
367.501210,-839.395808,459.000000
357.767544,-870.439647,459.000000
392.387004,-849.077427,342.378000
396.606907,-845.660218,338.066000
404.036828,-821.037042,337.010000
382.060960,-793.899105,342.884000
366.681314,-792.687910,331.642000
367.077659,-792.366957,347.702000
371.093847,-828.026321,348.252000
385.631149,-845.978393,330.520000
377.388208,-805.480789,349.000000
385.350344,-825.514689,349.000000
469.243002,-783.707697,327.000000
461.416365,-790.045582,336.954000
466.354821,-778.682374,337.584000
465.278054,-777.352678,340.020000
428.021425,-741.169457,334.154000
418.998761,-748.475867,329.086000
425.210343,-770.776600,330.738000
418.972519,-763.073529,332.152000
458.480230,-790.753004,341.000000
442.369877,-760.904780,341.000000
501.284743,-757.378889,326.000000
502.975036,-756.010118,326.000000
470.533852,-711.156121,326.000000
489.660158,-734.775141,326.000000
466.925198,-710.570646,326.000000
447.137507,-726.594402,326.000000
454.165218,-737.023997,326.000000
464.312380,-749.554699,326.000000
478.812407,-751.470475,326.000000
454.372217,-736.035420,326.000000
578.184915,-687.161169,334.616000
567.412118,-695.884808,327.032000
571.718196,-664.291126,330.712000
573.026554,-665.906812,330.536000
547.287792,-677.438658,326.792000
562.522962,-665.101461,334.040000
547.158957,-680.044447,338.888000
559.477904,-695.257079,337.544000
556.899477,-682.718452,341.000000
570.313521,-693.431071,341.000000
552.730137,-710.440660,329.510000
552.008945,-711.024669,326.675000
546.540275,-681.276777,328.285000
562.399149,-700.860855,327.770000
520.142571,-685.359167,327.065000
525.303598,-681.179850,328.865000
538.905349,-717.929885,325.845000
518.062257,-692.190810,329.960000
518.787806,-690.367983,330.000000
549.697569,-702.087604,330.000000
528.295925,-677.043768,328.248000
542.164095,-665.813546,333.688000
544.132428,-654.852011,340.328000
545.744747,-656.843059,337.192000
518.115331,-667.273216,336.424000
510.830365,-673.172466,340.680000
513.384729,-685.209441,332.504000
510.027934,-681.064144,328.184000
543.891053,-660.361790,341.000000
542.858975,-657.720726,341.000000
581.727787,-648.046523,336.078000
578.635827,-650.541421,342.526000
591.942681,-625.793098,329.734000
587.134996,-619.834868,348.194000
569.113983,-620.961162,323.364000
576.697184,-614.842290,327.888000
569.646793,-644.342562,343.020000
570.848715,-645.832120,333.582000
584.042729,-626.578043,349.000000
570.192332,-634.027563,349.000000
280.018964,-842.407455,355.140000
284.589832,-839.206898,360.530000
289.430204,-827.604262,346.565000
277.620266,-810.737921,333.195000
271.303171,-813.107856,338.025000
269.651760,-814.264186,340.860000
270.144463,-831.443411,329.485000
262.043843,-819.874527,348.525000
274.035245,-817.354865,362.000000
272.648873,-818.042394,362.000000
274.673610,-848.470821,321.456000
267.608224,-854.090883,322.324000
270.743474,-840.914762,332.040000
261.458668,-829.242162,325.390000
210.467332,-778.153828,328.624000
194.280647,-791.029298,328.456000
208.610054,-822.238702,325.194000
206.185360,-819.190444,331.522000
253.437589,-849.946315,334.000000
268.917692,-847.950948,334.000000
331.485990,-794.519414,326.000000
311.581893,-810.465602,326.000000
303.752849,-750.280931,326.000000
317.336246,-767.235781,326.000000
299.919680,-749.334864,326.000000
299.794812,-749.434902,326.000000
283.902940,-776.684323,326.000000
297.898997,-794.154257,326.000000
304.964598,-785.674686,326.000000
306.256371,-797.113667,326.000000
294.502664,-706.033331,326.824000
285.729064,-714.072855,326.328000
295.807696,-690.749169,325.844000
295.359779,-690.260355,327.204000
270.704602,-710.207796,324.868000
284.441553,-697.620199,324.080000
269.519475,-712.386976,327.888000
277.019877,-720.572229,324.956000
276.226917,-709.943550,328.000000
284.990433,-706.674027,328.000000
349.600141,-709.491154,325.042000
350.958943,-708.246041,330.530000
351.856970,-698.539113,330.334000
355.248433,-702.240245,325.063000
338.501676,-706.097607,328.619000
339.916511,-704.801149,326.596000
341.719832,-715.599926,326.911000
336.997457,-710.446358,328.129000
342.778309,-715.348873,332.000000
348.294596,-701.654230,332.000000
336.069565,-697.733653,325.535000
343.690064,-690.750752,328.990000
342.352114,-687.125123,324.310000
342.612216,-687.408974,325.085000
331.046260,-692.842272,328.090000
326.199399,-697.283602,326.180000
329.691647,-701.432205,326.870000
328.495177,-700.126487,327.275000
341.882031,-689.283854,329.000000
327.383617,-697.394759,329.000000
362.151379,-694.025435,326.428000
361.992808,-694.158492,324.824000
368.788743,-674.562576,325.452000
361.500174,-665.876398,325.700000
348.214818,-667.862787,324.476000
351.861955,-664.802476,326.576000
351.113798,-689.280045,327.496000
354.730121,-693.589811,327.452000
359.675256,-672.253358,328.000000
362.772351,-690.400119,328.000000
397.816971,-690.169672,329.632000
403.372898,-675.919455,327.656000
405.237100,-658.915080,328.656000
408.237146,-660.084749,328.532000
386.239302,-664.806546,327.676000
383.187991,-672.632752,329.408000
387.063596,-689.395621,326.700000
380.392687,-686.794742,326.284000
387.174969,-666.260764,330.000000
399.634596,-669.540793,330.000000
440.559584,-637.170618,329.971000
437.937605,-640.714019,337.818000
439.939233,-634.206161,344.316000
433.272044,-629.272701,341.979000
413.699023,-624.716567,339.680000
398.170579,-645.702054,327.140000
403.791783,-654.730552,335.044000
405.843226,-656.248540,331.301000
424.460599,-647.664970,345.000000
429.289333,-628.121989,345.000000
401.804017,-604.168390,347.941000
403.339170,-605.456536,363.670000
367.728623,-643.853763,335.985000
377.375580,-632.356968,325.401000
365.502259,-646.810407,324.029000
365.810209,-647.068807,336.132000
374.742247,-640.162424,361.024000
394.000163,-617.211732,346.863000
383.741105,-627.902502,372.000000
377.624863,-635.490254,372.000000
567.920980,-587.310136,341.440000
558.737639,-595.015874,322.912000
572.927849,-564.545983,335.584000
570.856787,-562.077787,328.168000
532.399657,-593.618734,329.704000
549.732179,-579.075021,333.424000
529.744931,-597.091672,323.848000
529.536668,-596.843473,338.680000
538.686919,-592.290646,346.000000
553.581496,-577.865831,346.000000
562.900000,-543.506000,324.664000
562.900000,-538.781000,327.904000
537.060000,-533.300000,342.784000
552.020000,-533.300000,333.160000
522.900000,-549.617000,336.928000
522.900000,-550.205000,338.416000
559.260000,-554.300000,331.048000
536.380000,-554.300000,343.672000
557.580000,-553.460000,346.000000
558.020000,-536.030000,346.000000
502.692131,-655.066284,336.919000
493.897940,-662.445485,338.166000
510.888422,-630.530534,329.843000
509.621488,-629.020660,344.517000
485.256430,-634.450576,351.738000
499.359309,-622.616856,350.868000
488.676012,-658.509148,344.662000
486.523959,-655.944431,328.219000
509.262824,-634.256055,354.000000
491.683016,-652.672848,354.000000
478.832714,-613.382392,321.000000
482.087199,-610.839711,321.000000
492.047653,-586.295289,321.000000
480.202326,-571.133962,321.000000
463.913647,-578.084771,321.000000
466.092497,-576.382467,321.000000
463.943349,-607.172844,321.000000
471.301119,-616.590360,321.000000
476.619858,-580.647269,321.000000
473.444871,-592.330761,321.000000
470.500000,-569.633000,321.000000
470.500000,-565.671000,321.000000
468.370000,-563.200000,321.000000
468.700000,-563.200000,321.000000
460.500000,-565.608000,321.000000
460.500000,-568.191000,321.000000
465.260000,-570.200000,321.000000
462.950000,-570.200000,321.000000
470.150000,-565.944000,321.000000
463.040000,-564.754000,321.000000
454.729586,-573.146181,321.000000
454.819133,-572.929993,321.000000
454.526072,-571.834450,321.000000
450.701210,-570.250140,321.000000
444.547093,-571.597633,321.000000
445.821429,-568.521115,321.000000
442.103731,-586.172008,321.000000
444.099311,-586.998604,321.000000
448.369534,-579.746731,321.000000
440.019388,-583.730517,321.000000
433.707954,-577.364102,323.456000
428.077188,-592.586040,322.144000
426.329721,-568.013558,322.476000
427.763753,-568.544023,323.020000
424.962794,-569.299173,321.500000
422.235880,-576.670980,323.896000
417.077130,-596.577651,324.520000
423.917154,-599.107853,324.772000
422.213058,-588.273721,325.000000
427.779735,-588.253760,325.000000
479.100000,-550.010000,321.000000
479.100000,-550.950000,321.000000
446.340000,-546.500000,321.000000
475.404000,-546.500000,321.000000
437.100000,-555.620000,321.000000
437.100000,-552.710000,321.000000
438.906000,-556.500000,321.000000
443.526000,-556.500000,321.000000
439.746000,-554.750000,321.000000
463.602000,-549.640000,321.000000
410.247915,-568.280285,321.000000
415.238980,-555.071816,321.000000
411.297293,-547.510394,321.000000
413.589131,-548.376407,321.000000
397.033530,-574.960586,321.000000
394.841985,-580.760339,321.000000
402.162925,-586.819245,321.000000
398.018908,-585.253352,321.000000
401.329030,-585.178569,321.000000
411.693676,-548.130539,321.000000
396.006019,-559.895790,321.000000
394.256865,-565.004651,321.000000
396.948572,-541.953761,321.000000
395.046940,-541.302687,321.000000
386.693843,-556.222362,321.000000
390.165914,-546.081273,321.000000
390.539633,-568.298142,321.000000
390.577476,-568.311098,321.000000
395.516355,-544.716810,321.000000
387.984537,-559.090051,321.000000
1329.167685,-502.892432,349.696000
1339.537176,-497.144529,310.608000
1358.538385,-478.256355,336.032000
1351.941096,-466.354530,322.816000
1331.791116,-477.427805,322.312000
1329.692028,-478.591348,335.080000
1316.139218,-500.774169,308.648000
1310.539667,-490.672312,347.344000
1342.708223,-475.242034,360.000000
1334.927050,-475.857601,360.000000
1269.500000,-522.440000,312.276000
1269.500000,-501.620000,318.100000
1256.305000,-494.600000,333.416000
1250.065000,-494.600000,324.232000
1204.500000,-504.650000,326.584000
1204.500000,-519.530000,330.364000
1234.855000,-524.600000,319.752000
1228.160000,-524.600000,336.496000
1260.465000,-506.660000,337.000000
1256.435000,-497.690000,337.000000
1269.000000,-419.008000,315.757000
1269.000000,-452.509000,318.193000
1267.407000,-416.200000,310.633000
1252.773000,-416.200000,322.792000
1242.000000,-423.649000,326.509000
1242.000000,-421.426000,327.391000
1250.694000,-455.200000,321.364000
1260.009000,-455.200000,310.990000
1257.120000,-437.494000,328.000000
1257.957000,-447.400000,328.000000
1188.300000,-503.312000,320.052000
1188.300000,-516.528000,320.374000
1140.720000,-496.400000,316.636000
1141.292000,-496.400000,323.440000
1136.300000,-497.904000,313.206000
1136.300000,-510.384000,312.506000
1145.556000,-528.400000,323.790000
1186.740000,-528.400000,315.572000
1149.820000,-518.480000,324.000000
1156.216000,-512.336000,324.000000
1131.300000,-501.040000,313.057000
1131.300000,-499.640000,315.847000
1112.025000,-486.600000,315.322000
1126.125000,-486.600000,313.504000
1106.300000,-522.680000,314.590000
1106.300000,-516.160000,314.161000
1107.150000,-526.600000,313.855000
1113.100000,-526.600000,314.818000
1130.275000,-520.000000,316.000000
1110.675000,-494.400000,316.000000
1190.100000,-458.790000,314.552000
1190.100000,-450.114000,313.256000
1142.448000,-449.700000,312.600000
1151.416000,-449.700000,315.008000
1114.100000,-463.344000,318.640000
1114.100000,-450.456000,316.760000
1181.740000,-467.700000,316.688000
1157.800000,-467.700000,318.512000
1164.108000,-467.322000,320.000000
1187.592000,-465.756000,320.000000
1203.900000,-430.764000,329.080000
1203.900000,-433.356000,320.410000
1158.592000,-407.400000,320.750000
1127.572000,-407.400000,327.856000
1109.900000,-429.504000,312.454000
1109.900000,-419.820000,335.302000
1179.930000,-443.400000,338.158000
1192.432000,-443.400000,308.748000
1143.552000,-411.828000,342.000000
1181.246000,-428.640000,342.000000
963.800000,-514.439000,326.760000
963.800000,-505.814000,325.719000
952.308000,-496.200000,326.028000
959.890000,-496.200000,326.376000
929.800000,-507.010000,325.296000
929.800000,-511.104000,324.033000
950.234000,-519.200000,324.561000
935.920000,-519.200000,324.690000
931.738000,-502.341000,327.000000
948.534000,-502.801000,327.000000
1005.000000,-461.740000,327.746000
1005.000000,-437.050000,342.306000
991.420000,-433.600000,347.402000
975.810000,-433.600000,322.000000
935.000000,-443.380000,341.032000
935.000000,-462.100000,327.694000
966.990000,-463.600000,334.688000
968.810000,-463.600000,333.388000
987.990000,-445.930000,348.000000
959.010000,-463.120000,348.000000
912.300000,-497.360000,377.200000
912.300000,-519.290000,423.900000
909.800000,-494.900000,352.700000
876.300000,-494.900000,345.800000
863.050000,-494.900000,360.500000
862.300000,-500.330000,328.300000
862.300000,-502.490000,367.700000
877.950000,-524.900000,403.900000
901.600000,-524.900000,389.600000
879.450000,-524.900000,396.400000
885.100000,-511.580000,425.000000
869.050000,-515.360000,425.000000
911.700000,-453.340000,342.550000
911.700000,-464.700000,326.925000
888.144000,-444.300000,336.450000
911.102000,-444.300000,332.400000
885.700000,-445.780000,330.350000
885.700000,-466.540000,337.875000
890.094000,-484.300000,324.225000
887.988000,-484.300000,343.350000
889.730000,-472.300000,347.000000
909.802000,-459.460000,347.000000
914.100000,-413.300000,333.792000
914.100000,-408.410000,363.120000
876.050000,-402.200000,412.416000
897.850000,-402.200000,385.896000
906.750000,-402.200000,323.288000
864.100000,-428.990000,386.936000
864.100000,-427.940000,408.672000
865.300000,-432.200000,361.560000
883.650000,-432.200000,327.448000
889.350000,-432.200000,360.624000
906.850000,-427.520000,425.000000
900.050000,-404.480000,425.000000
864.200000,-482.866000,364.496000
864.200000,-490.295000,379.427000
825.946000,-473.100000,345.141000
825.264000,-473.100000,396.728000
802.200000,-487.331000,404.865000
802.200000,-476.159000,335.029000
856.760000,-492.100000,385.510000
845.228000,-492.100000,352.330000
836.548000,-491.872000,410.000000
833.882000,-487.806000,410.000000
863.600000,-445.721000,388.196000
863.600000,-444.638000,395.859000
834.274000,-433.200000,368.920000
805.878000,-433.200000,334.160000
801.600000,-444.695000,349.565000
801.600000,-442.016000,351.461000
847.232000,-452.200000,409.289000
863.352000,-452.200000,368.762000
817.286000,-435.708000,410.000000
820.386000,-442.149000,410.000000
772.000000,-497.966000,335.175000
772.000000,-436.478000,335.523000
772.000000,-435.258000,406.341000
772.000000,-508.336000,339.177000
734.494000,-400.000000,400.860000
745.324000,-400.000000,354.576000
727.540000,-400.000000,378.414000
658.000000,-456.120000,379.632000
658.000000,-493.452000,373.629000
658.000000,-408.418000,350.487000
658.000000,-507.238000,342.570000
725.488000,-522.000000,358.404000
692.086000,-522.000000,392.682000
743.272000,-522.000000,409.647000
766.642000,-433.794000,420.000000
668.830000,-420.496000,420.000000
708.160000,-470.028000,420.000000
755.014000,-443.188000,420.000000
634.400000,-515.428000,346.450000
634.400000,-521.628000,340.642000
634.400000,-423.792000,369.616000
623.485000,-398.000000,330.346000
602.776000,-398.000000,355.096000
575.400000,-437.184000,380.242000
575.400000,-406.556000,369.550000
575.400000,-416.600000,327.310000
601.832000,-522.000000,364.072000
610.918000,-522.000000,384.004000
613.868000,-450.204000,391.000000
627.733000,-505.260000,391.000000
611.213000,-459.132000,391.000000
574.200000,-410.493000,345.292000
574.200000,-484.662000,337.690000
574.200000,-414.921000,340.420000
571.920000,-399.300000,335.044000
526.377000,-399.300000,346.888000
517.200000,-420.456000,324.754000
517.200000,-445.056000,356.086000
517.200000,-427.713000,355.456000
534.471000,-522.300000,356.506000
568.728000,-522.300000,323.284000
537.264000,-468.795000,361.000000
555.903000,-468.549000,361.000000
561.261000,-449.976000,361.000000
480.900000,-478.865000,344.956000
480.900000,-484.949000,337.284000
454.020000,-469.700000,338.096000
476.640000,-469.700000,343.416000
450.900000,-470.792000,331.264000
450.900000,-495.986000,321.548000
455.670000,-508.700000,324.404000
457.110000,-508.700000,327.680000
452.430000,-497.351000,347.000000
465.030000,-479.840000,347.000000
405.300000,-491.660000,318.816000
405.300000,-479.438000,323.888000
385.748000,-475.700000,324.864000
393.756000,-475.700000,317.640000
379.300000,-512.786000,322.904000
379.300000,-516.734000,319.392000
379.690000,-517.700000,320.952000
392.560000,-517.700000,321.144000
398.800000,-511.526000,325.000000
386.164000,-515.894000,325.000000
499.500000,-430.464000,315.944000
499.500000,-446.446000,316.862000
471.532000,-398.500000,316.434000
465.138000,-398.500000,316.424000
453.500000,-443.579000,316.922000
453.500000,-415.580000,315.986000
493.566000,-459.500000,315.410000
490.852000,-459.500000,315.550000
474.200000,-459.378000,315.000000
456.076000,-438.455000,315.000000
1271.200000,-339.564000,377.380000
1271.200000,-326.059000,330.545000
1271.200000,-349.419000,378.655000
1254.960000,-290.800000,356.640000
1269.450000,-290.800000,349.160000
1236.200000,-334.235000,335.900000
1236.200000,-333.286000,367.690000
1236.200000,-331.242000,324.170000
1261.645000,-363.800000,315.075000
1240.225000,-363.800000,386.305000
1241.415000,-301.166000,392.000000
1265.880000,-316.496000,392.000000
1217.300000,-334.576000,324.223000
1217.300000,-320.040000,355.108000
1201.350000,-315.900000,389.995000
1199.700000,-315.900000,374.161000
1167.300000,-326.273000,368.680000
1167.300000,-336.255000,393.214000
1196.400000,-338.900000,347.452000
1188.200000,-338.900000,325.267000
1209.700000,-322.478000,400.000000
1199.300000,-317.027000,400.000000
1167.900000,-376.380000,350.410000
1167.900000,-368.190000,373.204000
1167.900000,-343.305000,357.370000
1160.900000,-276.000000,329.095000
1141.700000,-276.000000,392.257000
1127.900000,-308.235000,394.867000
1127.900000,-295.740000,324.310000
1127.900000,-351.180000,388.603000
1145.420000,-381.000000,373.639000
1156.740000,-381.000000,343.363000
1149.820000,-321.150000,400.000000
1145.180000,-354.435000,400.000000
1100.100000,-304.545000,428.340000
1100.100000,-325.875000,455.200000
1100.100000,-325.200000,367.194000
1097.000000,-300.000000,389.788000
1004.300000,-300.000000,331.802000
1088.300000,-300.000000,316.634000
1039.400000,-300.000000,403.218000
1039.600000,-300.000000,355.818000
1000.100000,-307.290000,351.236000
1000.100000,-322.050000,366.404000
1000.100000,-335.865000,423.916000
1029.500000,-345.000000,470.526000
1002.400000,-345.000000,401.006000
1047.700000,-345.000000,373.198000
1037.500000,-345.000000,409.380000
1067.500000,-345.000000,372.724000
1024.800000,-325.875000,471.000000
1022.500000,-319.980000,471.000000
997.200000,-358.275000,322.379000
997.200000,-359.220000,330.772000
943.980000,-349.700000,404.783000
981.600000,-349.700000,354.643000
985.260000,-349.700000,412.304000
937.200000,-350.330000,378.078000
937.200000,-377.455000,378.514000
946.200000,-384.700000,351.482000
956.760000,-384.700000,402.385000
970.620000,-384.700000,342.435000
994.020000,-374.865000,428.000000
938.160000,-354.635000,428.000000
998.100000,-272.615000,355.188000
998.100000,-292.950000,353.444000
953.580000,-259.000000,328.483000
964.320000,-259.000000,377.315000
981.300000,-259.000000,394.101000
938.100000,-289.590000,410.887000
938.100000,-262.360000,401.186000
938.460000,-294.000000,384.182000
975.840000,-294.000000,425.057000
976.380000,-294.000000,324.232000
976.860000,-289.205000,428.000000
986.580000,-288.365000,428.000000
879.400000,-371.159000,369.872000
879.400000,-374.241000,362.204000
865.646000,-358.900000,352.548000
859.482000,-358.900000,377.753000
856.400000,-375.690000,335.153000
856.400000,-368.054000,393.302000
876.203000,-381.900000,388.829000
877.813000,-381.900000,337.851000
864.335000,-359.061000,396.000000
870.200000,-371.228000,396.000000
830.200000,-371.764000,395.176000
830.200000,-361.748000,380.704000
815.672000,-350.100000,377.536000
824.824000,-350.100000,396.472000
798.200000,-368.852000,359.968000
798.200000,-372.532000,340.240000
821.144000,-382.100000,342.400000
805.688000,-382.100000,356.008000
799.640000,-354.932000,400.000000
810.744000,-357.556000,400.000000
889.700000,-340.366000,342.106000
889.700000,-300.086000,400.080000
870.170000,-296.800000,404.098000
860.027000,-296.800000,336.038000
856.751000,-296.800000,338.580000
826.700000,-320.173000,384.090000
826.700000,-297.012000,353.996000
862.799000,-349.800000,364.000000
860.531000,-349.800000,371.954000
882.203000,-349.800000,367.936000
873.572000,-312.488000,405.000000
838.292000,-346.143000,405.000000
918.300000,-292.612000,328.874000
918.300000,-285.988000,324.628000
902.364000,-261.700000,326.190000
843.996000,-261.700000,327.037000
822.300000,-271.204000,323.495000
822.300000,-271.524000,329.446000
863.484000,-293.700000,331.811000
902.844000,-293.700000,331.855000
864.924000,-275.780000,334.000000
915.996000,-281.796000,334.000000
775.600000,-319.450000,420.015000
775.600000,-331.560000,367.804000
774.697000,-315.600000,393.310000
772.332000,-315.600000,391.675000
732.600000,-320.955000,366.714000
732.600000,-336.915000,415.546000
744.855000,-350.600000,340.009000
738.706000,-350.600000,330.417000
738.749000,-336.040000,438.000000
765.624000,-326.975000,438.000000
769.600000,-275.392000,338.015000
769.600000,-270.592000,376.196000
732.766000,-263.200000,405.299000
753.682000,-263.200000,395.687000
727.600000,-263.632000,383.583000
727.600000,-306.976000,326.178000
733.480000,-311.200000,361.778000
746.290000,-311.200000,345.669000
762.964000,-298.144000,415.000000
751.120000,-264.304000,415.000000
706.400000,-279.037000,329.976000
706.400000,-307.513000,335.352000
670.483000,-253.900000,326.072000
672.982000,-253.900000,338.856000
657.400000,-308.395000,338.152000
657.400000,-267.445000,326.360000
706.204000,-316.900000,334.248000
694.003000,-316.900000,329.864000
683.958000,-308.836000,339.000000
674.648000,-299.260000,339.000000
646.650000,-318.776000,360.535000
646.650000,-319.436000,373.900000
646.650000,-346.232000,357.235000
567.311700,-247.100000,347.060000
513.970500,-247.100000,330.945000
521.648400,-247.100000,339.580000
511.950000,-342.140000,333.640000
511.950000,-315.344000,342.990000
511.950000,-327.224000,321.980000
626.714400,-379.100000,320.165000
518.685000,-379.100000,355.035000
550.474200,-379.100000,359.325000
544.412700,-249.344000,375.000000
531.346800,-302.144000,375.000000
593.578200,-251.720000,375.000000
512.488800,-306.896000,375.000000
593.982300,-303.332000,375.000000
502.100000,-339.171000,310.702000
502.100000,-280.518000,317.648000
502.100000,-336.910000,332.506000
445.585000,-247.800000,345.478000
465.651000,-247.800000,327.722000
500.957000,-247.800000,317.740000
375.100000,-324.408000,334.208000
375.100000,-356.860000,337.796000
375.100000,-339.304000,348.974000
465.016000,-380.800000,322.984000
419.931000,-380.800000,347.870000
421.709000,-380.800000,334.208000
494.480000,-269.213000,355.000000
493.972000,-262.962000,355.000000
473.144000,-374.682000,355.000000
389.959000,-350.742000,355.000000
389.578000,-292.887000,355.000000
1095.100000,-228.266000,332.520000
1095.100000,-237.898000,334.840000
1051.900000,-156.800000,322.720000
1010.140000,-156.800000,343.600000
1082.140000,-156.800000,319.920000
951.100000,-193.952000,352.960000
951.100000,-167.378000,352.360000
1032.172000,-242.800000,343.200000
1045.420000,-242.800000,321.120000
1015.612000,-242.800000,334.280000
1043.260000,-183.030000,359.000000
1055.932000,-226.632000,359.000000
1086.316000,-231.878000,359.000000
984.364000,-164.970000,359.000000
921.400000,-233.225000,485.138000
921.400000,-208.100000,476.604000
921.400000,-198.200000,369.427000
921.400000,-231.350000,470.078000
921.400000,-182.900000,491.664000
909.700000,-160.100000,423.894000
854.425000,-160.100000,531.573000
908.575000,-160.100000,540.107000
888.850000,-160.100000,349.598000
866.650000,-160.100000,505.218000
846.400000,-181.700000,362.650000
846.400000,-191.975000,335.542000
846.400000,-223.850000,459.536000
846.400000,-221.375000,479.867000
846.400000,-217.475000,518.521000
877.825000,-235.100000,552.155000
918.250000,-235.100000,390.511000
886.075000,-235.100000,378.965000
861.475000,-235.100000,359.387000
906.400000,-235.100000,532.075000
994.700000,-72.384000,327.451000
994.700000,-76.351600,326.308000
994.136000,-70.200000,325.255000
985.535000,-70.200000,319.279000
947.700000,-72.820800,323.050000
947.700000,-83.449600,321.250000
960.625000,-88.400000,320.854000
959.967000,-88.400000,323.221000
949.533000,-80.992600,328.000000
962.364000,-73.949200,328.000000
1000.082047,-49.906782,326.480000
1000.876142,-46.072243,320.540000
965.298964,-38.093365,346.865000
980.516086,-41.244679,326.453000
956.405957,-53.697077,340.277000
959.762655,-37.488198,332.366000
961.790174,-54.829558,333.662000
979.557192,-58.508930,338.279000
987.663007,-55.612303,347.000000
961.012630,-52.992105,347.000000
854.906757,-112.857751,334.340000
851.633702,-117.840501,327.788000
837.485948,-92.432445,329.216000
835.194833,-90.927463,332.387000
820.636412,-100.186888,324.071000
825.909666,-92.159125,336.986000
848.539549,-121.707946,339.947000
844.939226,-119.342975,341.585000
833.366480,-109.143374,344.000000
849.892329,-113.812714,344.000000
888.390350,-86.742951,326.046000
889.987261,-84.187358,323.616000
865.604767,-56.557730,324.576000
890.228692,-71.944466,324.930000
834.595115,-57.721447,323.112000
835.568842,-56.163159,326.238000
874.400468,-90.943765,321.648000
839.585550,-69.188989,321.552000
850.575623,-47.917615,327.000000
875.599717,-71.412449,327.000000
918.593102,-25.299079,322.256000
923.696093,-10.808350,330.304000
906.781792,-1.216475,334.352000
907.985344,-1.640313,333.792000
878.248222,-7.398745,330.448000
874.911996,-16.872473,321.296000
903.333181,-28.627294,326.528000
893.953774,-25.324283,324.800000
916.504159,-9.506556,336.000000
894.363164,-25.353951,336.000000
870.859893,-8.674888,320.746000
871.091409,-8.017462,326.063000
876.549107,25.878209,317.574000
868.269499,28.793920,315.910000
856.758413,14.504118,327.389000
859.223381,21.503773,318.757000
859.860311,-11.712735,324.217000
864.218000,-13.247320,321.604000
868.826329,14.948878,328.000000
858.475267,2.119691,328.000000
783.200000,-237.695000,383.211000
783.200000,-215.887000,330.543000
777.320000,-191.400000,364.346000
782.760000,-191.400000,347.406000
743.200000,-204.466000,345.558000
743.200000,-216.968000,364.269000
759.600000,-238.400000,326.770000
746.280000,-238.400000,381.132000
752.600000,-212.973000,403.000000
745.800000,-209.730000,403.000000
712.800000,-193.950000,320.258000
712.800000,-198.450000,321.602000
712.665000,-187.500000,324.794000
698.670000,-187.500000,322.916000
667.800000,-194.200000,323.330000
667.800000,-229.850000,324.230000
679.770000,-237.500000,321.860000
684.900000,-237.500000,325.544000
709.830000,-217.650000,326.000000
706.365000,-191.900000,326.000000
638.700000,-201.260000,325.976000
638.700000,-214.120000,329.775000
575.208000,-195.800000,318.900000
593.042000,-195.800000,336.126000
564.700000,-215.600000,340.795000
564.700000,-198.780000,342.477000
573.654000,-215.800000,333.719000
615.168000,-215.800000,319.828000
611.616000,-210.740000,345.000000
612.726000,-211.500000,345.000000
423.000000,-206.180000,362.405000
423.000000,-214.020000,365.787000
399.438000,-189.500000,340.600000
392.673000,-189.500000,385.278000
390.000000,-223.340000,318.884000
390.000000,-207.580000,315.769000
422.241000,-229.500000,386.079000
422.505000,-229.500000,335.260000
400.989000,-225.140000,394.000000
404.553000,-208.780000,394.000000
776.400000,-99.620000,327.505000
776.400000,-84.560000,327.019000
745.050000,-65.900000,325.309000
764.190000,-65.900000,319.990000
721.400000,-107.960000,323.104000
721.400000,-111.200000,321.961000
767.215000,-125.900000,320.908000
737.240000,-125.900000,323.932000
723.160000,-68.000000,328.000000
734.215000,-76.700000,328.000000
769.250000,-26.940000,323.808000
769.250000,0.980000,316.752000
723.455000,1.300000,312.048000
712.812500,1.300000,327.264000
753.877500,1.300000,353.136000
661.750000,-20.980000,348.336000
661.750000,-1.020000,337.776000
735.817500,-38.700000,336.624000
725.175000,-38.700000,348.288000
715.500000,-38.700000,322.368000
740.440000,-5.900000,360.000000
664.437500,-33.780000,360.000000
507.800000,-34.600000,315.558000
507.800000,-27.640000,310.061000
490.940000,6.200000,309.946000
458.180000,6.200000,315.098000
447.800000,-13.624000,304.334000
447.800000,-11.080000,320.135000
480.500000,-41.800000,321.699000
501.380000,-41.800000,325.172000
473.660000,-9.352000,326.000000
496.820000,-21.352000,326.000000
233.989095,-588.660147,322.847000
242.764998,-579.884245,322.515000
246.714896,-571.865654,322.603000
246.818841,-571.969598,322.734000
229.905554,-563.045204,322.358000
224.054952,-568.895805,322.953000
224.990455,-579.839697,322.114000
221.961209,-576.810452,322.172000
228.895805,-567.945454,323.000000
238.904195,-572.132940,323.000000
296.500000,-329.312000,312.148000
296.500000,-328.400000,312.723000
287.563000,-326.000000,312.903000
292.603000,-326.000000,312.942000
287.500000,-329.000000,312.659000
287.500000,-349.184000,312.161000
289.804000,-350.000000,312.414000
291.982000,-350.000000,312.380000
294.970000,-340.688000,313.000000
291.109000,-349.256000,313.000000
283.000000,-313.047000,312.448000
283.000000,-317.673000,312.931000
262.624000,-310.500000,312.204000
265.336000,-310.500000,312.150000
259.000000,-319.320000,312.960000
259.000000,-312.912000,312.369000
261.688000,-319.500000,312.715000
278.224000,-319.500000,312.588000
271.696000,-317.313000,313.000000
263.632000,-316.494000,313.000000
167.454554,-562.048975,327.992000
165.031016,-563.283829,323.112000
170.190476,-529.796593,326.040000
182.000131,-552.974346,324.864000
135.172058,-534.727005,324.080000
144.616727,-529.914706,326.616000
146.466104,-571.342461,322.128000
131.168440,-541.319105,328.368000
136.910030,-543.864960,330.000000
169.434306,-560.383680,330.000000
138.119254,-303.629483,313.100000
144.819091,-296.929646,313.694000
134.353911,-279.676241,314.610000
139.773884,-285.096214,314.132000
111.231519,-281.019744,314.122000
108.014183,-284.237080,314.570000
126.179756,-306.857426,313.632000
115.834784,-296.512453,313.008000
145.635799,-292.549120,315.000000
141.615897,-289.094903,315.000000
105.539268,-627.431294,353.450000
96.680635,-636.289928,371.285000
92.607700,-640.362863,324.044000
134.881371,-583.969683,332.222000
131.012083,-580.100395,390.338000
97.070958,-601.958480,397.907000
116.010106,-583.019332,409.391000
105.216828,-593.812610,355.190000
85.581887,-636.493575,376.679000
86.091003,-637.002692,341.444000
125.988797,-594.321726,410.000000
96.035753,-622.306184,410.000000
-7.174802,-440.051577,326.510000
18.399269,-479.432192,327.630000
83.425414,-557.589488,324.060000
108.297028,-541.437672,329.820000
72.443832,-481.866070,321.620000
65.417989,-471.047219,322.010000
-3.130510,-408.713075,329.180000
16.168977,-396.179842,324.200000
67.028172,-499.944181,330.000000
54.344815,-483.160298,330.000000
77.920571,-525.684412,330.000000
182.099985,-410.516365,340.922000
163.163975,-426.282059,341.362000
178.439314,-405.569434,335.554000
174.723114,-401.105946,324.180000
134.142299,-387.986076,330.186000
98.772537,-417.434140,328.998000
96.038045,-444.132197,324.796000
93.673191,-441.291795,333.816000
120.130156,-401.276198,342.000000
146.009928,-387.661549,342.000000
98.117913,-371.656277,322.568000
50.517112,-314.927852,320.086000
130.696406,-361.495181,314.272000
120.106607,-370.381077,327.532000
124.517081,-353.334418,339.942000
126.288540,-355.445560,334.978000
67.889987,-298.145316,331.646000
58.820020,-305.755921,342.424000
77.748421,-333.740275,348.000000
59.351191,-322.717823,348.000000
55.628735,-287.626099,330.249000
37.068597,-306.186237,324.771000
31.700242,-235.616981,322.164000
31.021419,-234.938158,331.998000
-22.274633,-275.019799,314.112000
5.805992,-246.939174,339.225000
-19.053054,-281.030207,339.027000
17.965400,-318.048661,313.452000
6.815740,-284.396035,345.000000
31.510737,-288.030564,345.000000
364.000000,-173.792000,317.501000
364.000000,-167.972000,313.115000
284.770000,-131.500000,313.353000
346.102000,-131.500000,316.838000
250.000000,-211.719000,309.188000
250.000000,-198.430000,303.561000
359.212000,-228.500000,305.040000
275.422000,-228.500000,307.267000
264.136000,-219.770000,320.000000
310.420000,-155.265000,320.000000
261.856000,-213.853000,320.000000
257.182000,-143.140000,320.000000
293.006239,-61.915286,305.156000
312.482576,-44.984764,314.242000
304.039048,-29.619056,315.726000
305.895761,-31.754959,303.308000
268.692200,-41.843253,312.310000
256.845373,-52.141543,306.360000
273.147056,-71.513940,308.894000
267.250463,-64.730686,309.426000
309.620017,-40.220557,317.000000
265.332241,-58.032966,317.000000
209.000000,-68.875000,310.454000
209.000000,-73.150000,310.011000
193.534000,0.000000,310.210000
180.044000,0.000000,310.229000
171.000000,-51.110000,310.966000
171.000000,-28.025000,310.448000
196.460000,-95.000000,310.721000
202.464000,-95.000000,310.667000
190.874000,-18.905000,311.000000
175.332000,-60.705000,311.000000
170.000000,-186.835000,323.305000
170.000000,-100.620000,317.398000
125.290000,0.000000,320.621000
158.950000,0.000000,319.807000
0.000000,-84.710000,317.926000
0.000000,-128.570000,322.216000
89.420000,-215.000000,315.242000
22.270000,-215.000000,324.625000
37.740000,-73.745000,326.000000
154.020000,-72.455000,326.000000
102.680000,-130.290000,326.000000
68.510000,-17.845000,326.000000
124.610000,-178.020000,326.000000
163.540000,-138.675000,326.000000
155.210000,-143.190000,326.000000
59.160000,-12.040000,326.000000
91.970000,-78.690000,326.000000
