1522.700000,-1103.361000,305.654000
1517.056000,-1072.200000,305.166000
1505.700000,-1090.296000,304.678000
1515.815000,-1111.200000,304.188000
1508.250000,-1082.847000,306.000000
1493.900000,-1079.188000,306.248000
1485.500000,-1052.600000,307.758000
1469.900000,-1068.954000,307.270000
1484.612000,-1086.600000,306.780000
1490.396000,-1061.304000,308.000000
1570.100000,-978.700000,303.940000
1558.356000,-963.400000,302.225000
1538.100000,-973.360000,307.517000
1558.260000,-983.400000,305.809000
1555.956000,-968.160000,308.000000
1526.200000,-975.310000,315.320000
1520.440000,-952.900000,310.440000
1511.200000,-968.380000,305.540000
1520.905000,-982.900000,320.660000
1515.130000,-959.530000,321.000000
1508.400000,-976.740000,301.108000
1491.516000,-956.300000,307.912000
1466.400000,-971.224000,305.707000
1494.330000,-984.300000,303.511000
1506.972000,-962.012000,310.000000
1510.760970,-742.145072,308.316000
1477.106374,-726.355613,301.728000
1492.680278,-752.220245,322.113000
1518.735607,-755.880001,315.525000
1485.649973,-730.803837,327.000000
1427.300000,-608.615000,318.872000
1416.836000,-569.000000,314.480000
1403.300000,-601.376000,310.088000
1420.100000,-626.000000,323.678000
1412.252000,-578.633000,326.000000
1390.800000,-631.492000,315.200000
1363.560000,-622.000000,313.248000
1330.800000,-630.190000,311.296000
1373.820000,-636.000000,309.336000
1335.420000,-624.128000,316.000000
1366.100000,-604.960000,310.167000
1358.093000,-574.600000,318.472000
1349.100000,-602.338000,315.788000
1361.578000,-620.600000,313.093000
1362.377000,-580.764000,319.000000
1347.700000,-606.963000,308.986000
1335.475000,-580.600000,308.496000
1322.700000,-606.020000,308.008000
1341.500000,-621.600000,309.520000
1334.825000,-585.397000,310.000000
1448.900000,-1096.575000,309.945000
1430.178000,-1079.700000,308.725000
1411.900000,-1096.926000,307.500000
1440.353000,-1106.700000,306.280000
1418.893000,-1082.373000,311.000000
1344.200000,-1094.572000,308.000000
1333.740000,-1073.900000,308.000000
1324.200000,-1096.170000,308.000000
1339.940000,-1107.900000,308.000000
1342.060000,-1076.688000,308.000000
1442.100000,-1054.020000,309.096000
1423.706000,-1042.200000,305.192000
1408.100000,-1055.640000,317.272000
1435.436000,-1062.200000,313.368000
1428.364000,-1043.500000,319.000000
1434.000000,-1018.606000,316.540000
1384.338000,-1006.000000,311.660000
1345.000000,-1021.180000,306.780000
1418.069000,-1028.000000,321.880000
1371.700000,-1007.034000,323.000000
1344.900000,-1042.104000,322.541000
1309.188000,-1009.300000,318.393000
1282.900000,-1051.013000,314.245000
1334.918000,-1068.300000,310.080000
1283.148000,-1011.070000,323.000000
1446.100000,-960.626000,305.780000
1431.868000,-942.300000,302.350000
1422.100000,-966.950000,312.934000
1442.644000,-976.300000,309.504000
1439.092000,-942.708000,316.000000
1399.000000,-971.993000,304.698000
1371.550000,-954.800000,303.963000
1354.000000,-979.286000,303.231000
1393.285000,-987.800000,305.499000
1372.540000,-987.635000,306.000000
1337.700000,-967.932000,307.448000
1327.652000,-951.300000,306.468000
1321.700000,-976.347000,305.492000
1335.956000,-984.300000,304.516000
1323.556000,-983.574000,308.000000
1430.300000,-924.148000,308.478000
1399.985000,-915.400000,339.474000
1383.300000,-929.386000,329.429000
1425.976000,-933.400000,319.425000
1421.840000,-932.680000,343.000000
1308.000000,-870.268000,329.792000
1296.066000,-836.500000,318.080000
1290.000000,-893.668000,354.320000
1306.668000,-908.500000,342.608000
1299.414000,-904.396000,356.000000
1302.100000,-764.952000,328.750000
1291.900000,-753.200000,321.674000
1287.100000,-774.286000,314.598000
1301.245000,-779.200000,307.493000
1290.505000,-777.250000,336.000000
1356.800000,-786.310000,308.334000
1306.616000,-779.800000,330.258000
1284.800000,-792.235000,323.182000
1353.920000,-794.800000,316.077000
1351.832000,-793.420000,336.000000
1451.000000,-767.855000,312.348000
1375.925000,-761.600000,303.528000
1346.000000,-774.290000,330.744000
1448.690000,-776.600000,321.924000
1412.675000,-774.965000,336.000000
1446.700000,-737.963000,323.004000
1436.452000,-723.200000,314.184000
1432.700000,-755.168000,305.400000
1446.630000,-760.200000,332.616000
1437.446000,-755.501000,336.000000
1445.200000,-711.630000,344.880000
1382.200000,-705.900000,333.120000
1361.200000,-719.115000,321.408000
1362.292000,-720.900000,309.696000
1364.812000,-718.740000,348.000000
1359.800000,-715.005000,321.702000
1347.528000,-701.500000,353.454000
1343.800000,-734.726000,343.164000
1344.280000,-738.500000,332.916000
1355.752000,-732.506000,354.000000
1342.600000,-703.958000,334.134000
1313.592000,-699.100000,323.886000
1305.600000,-711.924000,313.596000
1307.339000,-713.100000,345.348000
1322.250000,-710.594000,354.000000
1302.800000,-713.760000,346.566000
1289.166000,-703.200000,336.318000
1285.800000,-733.056000,326.028000
1286.905000,-735.200000,315.780000
1288.418000,-728.928000,354.000000
1268.400000,-1060.060000,309.023000
1247.925000,-1042.900000,321.875000
1243.400000,-1095.205000,317.727000
1245.450000,-1097.900000,313.562000
1264.850000,-1086.130000,324.000000
1228.600000,-1082.645000,309.080000
1220.240000,-1073.500000,307.855000
1218.600000,-1103.508000,311.635000
1219.600000,-1104.500000,310.410000
1224.220000,-1097.339000,312.000000
1220.900000,-1097.280000,311.136000
1194.426000,-1094.500000,310.401000
1189.900000,-1104.350000,309.669000
1193.527000,-1104.500000,311.937000
1198.146000,-1102.020000,312.000000
1216.600000,-1060.600000,307.008000
1209.632000,-1056.700000,307.763000
1208.600000,-1056.745000,307.519000
1209.672000,-1071.700000,307.275000
1216.360000,-1067.710000,308.000000
1195.000000,-1059.748000,309.912000
1186.110000,-1051.000000,309.180000
1185.000000,-1051.720000,311.445000
1186.520000,-1087.000000,310.713000
1191.740000,-1076.812000,312.000000
1187.000000,-1083.550000,316.600000
1173.410000,-1077.700000,313.916000
1172.000000,-1078.688000,311.221000
1174.535000,-1103.700000,319.537000
1177.655000,-1095.874000,321.000000
1148.400000,-1082.800000,311.000000
1102.250000,-1077.600000,311.000000
1098.400000,-1078.975000,311.000000
1107.750000,-1102.600000,311.000000
1102.450000,-1094.650000,311.000000
1231.100000,-1002.202000,309.384000
1210.398000,-998.000000,310.896000
1209.100000,-999.584000,310.408000
1213.588000,-1020.000000,309.918000
1226.370000,-1012.630000,311.000000
1206.100000,-1011.793000,311.445000
1192.688000,-1004.700000,310.220000
1192.100000,-1008.390000,309.000000
1195.194000,-1045.700000,312.775000
1198.946000,-1031.227000,314.000000
1143.300000,-1007.232000,322.990000
1106.212000,-999.900000,319.560000
1105.300000,-1004.929000,316.144000
1114.382000,-1046.900000,312.714000
1112.634000,-1029.510000,326.000000
1268.000000,-926.590000,308.567000
1239.203000,-925.200000,313.852000
1239.000000,-926.450000,312.144000
1246.424000,-935.200000,310.436000
1265.013000,-931.320000,315.000000
1238.900000,-951.293000,311.508000
1238.770000,-947.300000,310.532000
1225.900000,-951.986000,313.552000
1229.449000,-980.300000,312.576000
1233.713000,-966.935000,314.000000
1224.200000,-952.312000,312.692000
1223.864000,-949.400000,311.716000
1212.200000,-953.852000,310.736000
1215.692000,-977.400000,313.760000
1215.848000,-965.584000,314.000000
1179.800000,-966.332000,313.876000
1178.765000,-965.300000,312.900000
1156.800000,-967.424000,311.920000
1163.884000,-977.300000,310.944000
1156.984000,-972.020000,314.000000
1190.200000,-936.870000,314.505000
1186.042000,-934.800000,310.357000
1124.200000,-940.620000,323.209000
1145.716000,-964.800000,319.044000
1171.192000,-951.090000,327.000000
1268.300000,-854.644000,311.810000
1267.180000,-853.500000,310.585000
1254.300000,-858.142000,309.365000
1259.102000,-875.500000,313.140000
1260.124000,-865.050000,314.000000
1257.000000,-830.814000,312.716000
1255.836000,-830.100000,312.226000
1245.000000,-834.909000,311.738000
1249.320000,-851.100000,311.248000
1246.440000,-840.768000,313.000000
1157.500000,-843.110000,316.000000
1156.005000,-842.600000,316.000000
1144.500000,-849.980000,316.000000
1149.414000,-872.600000,316.000000
1155.212000,-857.330000,316.000000
1145.100000,-872.685000,316.000000
1140.480000,-857.700000,316.000000
1110.100000,-861.660000,316.000000
1123.925000,-872.700000,316.000000
1128.580000,-864.795000,316.000000
1259.300000,-798.938000,310.254000
1256.300000,-790.100000,310.498000
1239.300000,-792.629000,310.743000
1247.560000,-799.100000,310.987000
1243.940000,-794.204000,310.000000
1213.100000,-807.965000,313.000000
1210.929000,-749.100000,313.000000
1200.100000,-767.278000,313.000000
1205.690000,-810.100000,313.000000
1212.255000,-775.818000,313.000000
1200.200000,-806.267000,318.746000
1197.808000,-748.500000,314.598000
1187.200000,-767.776000,327.450000
1193.011000,-809.500000,323.285000
1195.507000,-774.181000,330.000000
1142.500000,-805.180000,322.438000
1135.026000,-781.000000,320.730000
1105.500000,-789.658000,319.022000
1122.705000,-807.000000,324.307000
1118.191000,-791.504000,325.000000
1270.600000,-751.656000,315.724000
1259.650000,-739.800000,314.744000
1220.600000,-744.363000,313.768000
1244.700000,-752.800000,312.788000
1222.950000,-744.818000,316.000000
1238.100000,-728.280000,320.859000
1227.716000,-688.900000,333.694000
1194.100000,-705.092000,329.546000
1216.100000,-732.900000,325.398000
1227.144000,-705.136000,334.000000
1172.300000,-724.696000,318.046000
1165.696000,-696.600000,317.558000
1146.300000,-708.920000,317.068000
1159.742000,-728.600000,318.580000
1158.130000,-707.864000,319.000000
1138.700000,-698.400000,321.457000
1131.112000,-685.500000,320.725000
1110.700000,-691.545000,319.990000
1125.652000,-700.500000,319.258000
1115.152000,-690.510000,322.000000
1202.900000,-660.046000,320.645000
1179.202000,-641.500000,338.033000
1120.900000,-650.740000,332.398000
1166.164000,-663.500000,326.786000
1191.584000,-648.474000,341.000000
1148.800000,-636.100000,318.877000
1136.560000,-599.800000,317.169000
1108.800000,-619.072000,322.461000
1131.560000,-643.800000,320.746000
1131.440000,-612.956000,323.000000
1251.400000,-626.284000,317.777000
1219.746000,-587.500000,315.093000
1153.400000,-609.340000,312.409000
1210.926000,-635.500000,320.714000
1179.860000,-601.036000,321.000000
1253.000000,-580.611000,306.128000
1224.015000,-564.000000,330.288000
1168.000000,-573.912000,322.480000
1219.340000,-585.000000,314.640000
1250.790000,-569.565000,338.000000
994.600000,-1088.482000,336.100000
975.268000,-1062.200000,319.685000
940.600000,-1078.860000,370.337000
974.134000,-1096.200000,353.989000
977.212000,-1070.598000,383.000000
1076.100000,-1039.024000,322.728000
1063.316000,-998.200000,318.318000
1042.100000,-1025.578000,313.926000
1063.826000,-1052.200000,327.534000
1055.088000,-1010.620000,330.000000
1024.800000,-1035.206000,326.028000
986.286000,-995.300000,323.832000
926.800000,-1023.650000,321.627000
991.088000,-1049.300000,319.431000
935.228000,-1006.748000,327.000000
995.200000,-961.982000,332.348000
969.370000,-931.700000,386.024000
932.200000,-954.464000,368.629000
974.599000,-973.700000,351.305000
981.907000,-939.890000,390.000000
1073.100000,-917.484000,321.776000
1046.564000,-885.100000,318.360000
1011.100000,-910.814000,328.944000
1053.942000,-931.100000,325.514000
1041.666000,-893.288000,329.000000
1021.800000,-855.470000,324.680000
1007.115000,-824.600000,323.216000
988.800000,-850.565000,321.752000
1012.164000,-869.600000,320.282000
995.301000,-831.800000,326.000000
1078.200000,-787.526000,321.619000
1064.310000,-751.400000,357.104000
1048.200000,-783.476000,345.636000
1069.980000,-805.400000,334.121000
1075.230000,-759.122000,365.000000
1028.200000,-789.396000,328.206000
1007.080000,-758.100000,322.816000
984.200000,-787.476000,339.448000
1016.892000,-806.100000,334.080000
1010.820000,-764.100000,342.000000
986.200000,-781.240000,338.049000
958.368000,-743.200000,332.904000
930.200000,-780.940000,327.780000
972.760000,-803.200000,343.656000
947.504000,-749.680000,345.000000
1023.800000,-717.654000,344.300000
976.420000,-679.400000,339.420000
931.800000,-719.452000,334.520000
1003.376000,-741.400000,329.640000
932.996000,-685.042000,345.000000
1083.800000,-640.540000,320.827000
1059.860000,-604.600000,319.119000
1038.800000,-644.440000,324.404000
1074.575000,-664.600000,322.696000
1071.020000,-608.980000,326.000000
987.100000,-640.738000,325.114000
977.200000,-606.400000,324.626000
969.100000,-646.579000,324.136000
983.734000,-665.400000,325.648000
976.660000,-609.704000,326.000000
965.000000,-647.105000,340.501000
955.928000,-626.200000,336.353000
949.000000,-652.026000,332.205000
962.280000,-663.200000,328.040000
950.984000,-627.606000,343.000000
1066.900000,-571.538000,324.700000
987.476000,-542.000000,338.290000
930.900000,-580.664000,333.898000
1046.092000,-596.000000,329.488000
1043.508000,-543.134000,340.000000
813.700000,-1081.130000,323.906000
793.232000,-1059.400000,321.211000
779.700000,-1089.453000,329.527000
809.110000,-1100.400000,326.843000
797.788000,-1059.564000,330.000000
892.700000,-1041.436000,335.872000
847.513000,-988.700000,331.952000
819.700000,-1066.053000,328.048000
884.086000,-1091.700000,324.144000
836.928000,-1090.258000,340.000000
809.800000,-1025.500000,324.494000
791.356000,-995.800000,334.322000
780.800000,-1041.880000,331.137000
806.900000,-1055.800000,327.965000
808.060000,-1053.940000,337.000000
773.400000,-1084.150000,327.344000
739.392000,-1072.200000,323.440000
721.400000,-1091.825000,335.520000
769.084000,-1097.200000,331.616000
754.836000,-1096.000000,338.000000
772.800000,-1025.960000,393.040000
756.025000,-1000.200000,366.688000
747.800000,-1045.168000,340.228000
771.150000,-1056.200000,421.876000
756.475000,-1052.504000,433.000000
840.300000,-944.379000,395.228000
801.716000,-920.900000,376.196000
784.300000,-964.360000,357.164000
837.612000,-973.900000,338.054000
787.156000,-969.501000,401.000000
844.200000,-852.250000,334.683000
800.428000,-824.200000,350.538000
782.200000,-879.508000,345.414000
842.278000,-890.200000,340.269000
829.010000,-883.534000,351.000000
769.300000,-844.692000,362.697000
756.286000,-824.700000,347.262000
751.300000,-866.595000,331.890000
769.066000,-873.700000,379.518000
759.562000,-867.918000,393.000000
751.582269,-847.882883,381.345000
748.215731,-827.262292,365.910000
728.072346,-860.179160,350.538000
725.723328,-865.298304,335.166000
730.561820,-861.015252,393.000000
869.700000,-750.906000,326.998000
831.800000,-742.700000,340.606000
819.700000,-762.280000,336.196000
820.750000,-764.700000,331.804000
863.050000,-761.334000,343.000000
907.900000,-757.460000,332.326000
880.740000,-736.100000,327.934000
872.900000,-790.520000,341.524000
874.265000,-796.100000,337.132000
892.850000,-785.900000,343.000000
834.639533,-786.836964,470.788000
809.198150,-758.375958,422.964000
783.900757,-786.938366,374.944000
784.757453,-790.761516,523.120000
796.927624,-788.599704,529.000000
909.000000,-641.093000,350.976000
857.970000,-630.500000,345.120000
846.000000,-661.586000,339.264000
850.599000,-663.500000,333.384000
907.614000,-656.735000,351.000000
840.600000,-648.792000,352.608000
797.544000,-641.800000,334.723000
788.600000,-663.857000,389.911000
793.332000,-664.800000,372.026000
824.064000,-659.694000,404.000000
897.700000,-602.896000,452.280000
828.410000,-592.600000,399.605000
823.080000,-592.600000,478.080000
815.700000,-627.772000,347.145000
824.556000,-628.600000,509.470000
895.732000,-628.600000,357.035000
906.700000,-552.567000,338.320000
801.414000,-541.000000,334.645000
784.700000,-583.742000,330.985000
800.072000,-584.000000,327.325000
795.680000,-572.949000,340.000000
556.084592,-1134.501032,330.520000
535.200483,-1110.383614,353.200000
531.497085,-1108.363303,345.850000
517.414493,-1138.192005,338.530000
541.378789,-1143.409699,355.000000
536.108590,-1160.799098,402.320000
491.435386,-1122.763501,363.524000
487.447715,-1120.073783,360.344000
485.430915,-1119.692883,483.569000
478.849569,-1148.048363,444.773000
472.221414,-1143.577616,429.986000
501.581598,-1153.519272,485.000000
505.621988,-1094.107579,373.336000
499.979020,-1077.484234,358.452000
498.015196,-1077.105766,343.507000
479.272416,-1096.406147,328.623000
486.256821,-1091.283006,387.000000
599.690148,-1060.905135,332.848000
576.278433,-1012.705013,415.252000
570.848003,-1012.202508,388.656000
533.348256,-1056.620619,361.951000
573.871765,-1074.966888,434.000000
624.148883,-1029.961196,337.808000
598.029895,-993.658120,329.968000
595.669709,-992.545476,354.160000
591.971076,-1008.422321,346.320000
607.426722,-1019.855754,358.000000
651.899262,-988.835903,333.315000
637.587328,-959.363695,330.620000
633.474784,-961.292686,327.936000
606.706971,-992.735338,336.241000
621.090387,-984.612312,337.000000
670.495874,-948.331191,364.479000
665.319761,-933.530153,354.924000
661.923363,-935.971680,345.408000
639.523102,-958.878498,335.892000
647.955326,-947.610897,366.000000
449.095198,-1085.260437,328.257000
453.276741,-1081.748188,328.013000
418.160578,-1047.259579,328.768000
398.033311,-1080.266892,328.524000
425.020337,-1087.164585,329.000000
463.730209,-1039.189256,363.945000
466.204616,-1036.549861,348.085000
446.398001,-1019.768852,332.160000
429.898677,-1042.564263,381.300000
442.534120,-1037.116455,393.000000
531.994252,-1017.136061,380.336000
533.761870,-1014.639236,364.720000
515.761202,-1000.685856,349.040000
500.059364,-1022.279595,333.424000
507.953220,-1010.796855,390.000000
516.815630,-991.442116,335.105000
518.155623,-988.758856,372.149000
499.430850,-975.924564,360.193000
481.851136,-999.542099,348.188000
501.491085,-998.879650,377.000000
557.440256,-997.460417,342.994000
556.193161,-993.536858,334.698000
520.678658,-957.744355,360.402000
516.544447,-984.300168,352.072000
532.462825,-985.445694,362.000000
616.662945,-946.967917,331.690000
616.797075,-942.965566,330.465000
586.875206,-927.339726,329.245000
557.430308,-966.583673,328.020000
577.930907,-945.082635,333.000000
595.067028,-917.671182,330.938000
595.118140,-915.311052,373.973000
574.271123,-912.636461,360.065000
542.095552,-946.763568,346.157000
571.997516,-935.127509,386.000000
668.606923,-898.966000,333.940000
665.459361,-894.392631,329.548000
629.921932,-872.388307,343.138000
609.616965,-911.239863,338.746000
638.746660,-902.764093,346.000000
674.634173,-871.549870,411.258000
710.036060,-836.531829,378.806000
680.546357,-821.725693,346.221000
661.156834,-855.621799,446.769000
680.800126,-837.373073,461.000000
720.806074,-818.733184,392.618000
737.025469,-800.109661,375.782000
717.084191,-787.004597,358.877000
710.443335,-807.008853,342.041000
714.968434,-790.628742,398.000000
763.900000,-693.664000,344.682000
760.204000,-675.500000,381.726000
742.900000,-681.333000,369.770000
752.119000,-694.500000,357.765000
758.839000,-683.670000,383.000000
733.577534,-715.234946,350.560000
741.976948,-697.257728,340.800000
714.324302,-672.921726,331.040000
717.271059,-696.939795,361.240000
726.151570,-690.153828,370.000000
766.000000,-650.038000,364.196000
750.670000,-578.200000,355.376000
693.000000,-604.876000,346.592000
727.529000,-656.200000,337.772000
705.191000,-609.010000,371.000000
765.700000,-573.760000,336.140000
752.020000,-537.600000,351.240000
705.700000,-551.960000,346.360000
735.160000,-577.600000,341.480000
757.960000,-552.720000,354.000000
708.600000,-573.612000,412.645000
698.310000,-536.400000,359.970000
666.600000,-552.234000,522.510000
687.936000,-578.400000,470.050000
418.715344,-1025.506653,356.960000
430.865487,-999.085190,347.200000
398.952975,-978.458685,337.400000
401.044565,-1009.929890,367.640000
408.745447,-988.120187,369.000000
465.281859,-980.437325,409.590000
476.426013,-950.876284,389.582000
440.352812,-927.279174,369.492000
445.208129,-963.173911,349.484000
477.741966,-969.027114,410.000000
491.546007,-954.734439,329.455000
501.644791,-927.448226,328.235000
469.522311,-908.230899,332.015000
473.830772,-940.771244,330.790000
493.929040,-932.602572,333.000000
533.698296,-923.084053,341.327000
559.899835,-877.546708,336.203000
513.238341,-862.446623,331.079000
509.230841,-910.316655,346.934000
535.191896,-874.779159,350.000000
591.997807,-878.347197,342.260000
622.986154,-840.437204,338.585000
588.738829,-842.383479,334.925000
574.979184,-876.494478,331.250000
599.419606,-837.363018,344.000000
565.365151,-856.681240,328.260000
576.989131,-833.757351,333.545000
553.503167,-827.684098,331.837000
552.976207,-851.774331,330.129000
573.814833,-842.041060,334.000000
578.600385,-823.588086,343.660000
594.622430,-804.474559,335.085000
577.059155,-808.108275,361.545000
569.729216,-824.582503,353.005000
587.631954,-807.943984,362.000000
621.826507,-797.679282,350.704000
633.828640,-778.077833,342.896000
614.446200,-777.920545,335.056000
611.681586,-796.809955,327.248000
623.687484,-775.738550,358.000000
668.466728,-807.534800,327.952000
670.245674,-776.092152,338.536000
636.405980,-758.865027,335.106000
650.153980,-797.362433,331.690000
676.999759,-793.833370,341.000000
703.447713,-771.033604,342.284000
723.463126,-727.867829,334.720000
679.488924,-726.097071,358.125000
680.012437,-769.551640,350.561000
715.797090,-736.134479,362.000000
423.107998,-928.041202,340.880000
423.920052,-892.599929,336.488000
387.347152,-877.220670,332.096000
403.580664,-919.920396,345.686000
409.948496,-884.208435,347.000000
452.409749,-902.046355,346.183000
455.359883,-873.368886,341.528000
426.258569,-865.318983,336.892000
436.888124,-898.228636,332.237000
436.948403,-857.878514,347.000000
498.023185,-867.064384,332.048000
519.016638,-830.064117,328.128000
479.913452,-839.266292,340.224000
476.645233,-873.080733,336.320000
516.838829,-840.150433,344.000000
469.073174,-838.395443,345.019000
483.174779,-811.874778,337.424000
454.738082,-819.121542,329.860000
453.397492,-843.430567,353.296000
478.026455,-813.511466,359.000000
541.041016,-827.918270,351.505000
548.423504,-810.220243,344.429000
529.440471,-814.150534,337.324000
530.555699,-831.058766,330.248000
542.256869,-806.852522,356.000000
527.880494,-806.150479,327.846000
530.865061,-780.852466,332.382000
505.387825,-780.614858,330.912000
514.183719,-807.923196,329.448000
536.634767,-791.886438,333.000000
568.158003,-803.532424,331.681000
561.509061,-767.148415,328.509000
528.510315,-758.432914,338.324000
551.221615,-802.114948,335.152000
563.052124,-772.152519,339.000000
583.216756,-749.626353,330.398000
590.769035,-733.458472,328.934000
571.860341,-740.807963,327.470000
572.348122,-755.202979,326.000000
588.001835,-732.132409,332.000000
618.963521,-741.191594,325.300000
620.326682,-716.370175,332.850000
595.304797,-719.173744,330.410000
605.369678,-745.570285,327.960000
630.179695,-729.967747,335.000000
586.871073,-726.125748,334.758000
606.825050,-698.521609,326.673000
568.613769,-721.608828,351.621000
563.657619,-742.144231,343.536000
608.568931,-701.838283,357.000000
670.415068,-714.995896,337.440000
671.291639,-666.405739,332.540000
621.721569,-675.934780,327.660000
643.204548,-727.062014,342.780000
623.590815,-702.364365,345.000000
328.439240,-1026.070630,336.016000
292.711128,-945.911209,333.088000
234.563237,-928.377377,330.148000
301.832893,-1028.681358,327.220000
232.001959,-940.874212,337.000000
365.438988,-977.288780,333.490000
382.107395,-943.041972,359.950000
333.649365,-970.862520,351.375000
335.630386,-998.467763,342.835000
335.556194,-993.863339,361.000000
348.428224,-955.478119,341.220000
321.796647,-882.347448,335.852000
264.934749,-880.259490,330.462000
320.975103,-967.139774,347.094000
291.303914,-925.607917,352.000000
379.184957,-868.938752,433.392000
362.775500,-819.227120,401.184000
322.403215,-822.273012,368.976000
359.141311,-879.888916,336.636000
326.550890,-834.756874,459.000000
403.018361,-840.468324,329.266000
386.818622,-799.774329,345.876000
356.049958,-801.297013,340.508000
388.312053,-849.289034,335.118000
387.247442,-843.588666,349.000000
461.206536,-790.215499,332.586000
443.408541,-750.346078,329.156000
415.074951,-751.653305,339.740000
448.156623,-799.112896,336.310000
435.628932,-778.966013,341.000000
496.326552,-761.393953,326.000000
478.600481,-721.117578,326.000000
449.346156,-724.805873,326.000000
482.599172,-772.137006,326.000000
459.472986,-737.726200,326.000000
576.855219,-688.237936,340.856000
572.720704,-665.529119,336.952000
548.617489,-676.361891,333.032000
546.156450,-678.806453,329.128000
565.951679,-696.615796,341.000000
555.028934,-708.579130,326.435000
543.947475,-678.074935,325.215000
517.843773,-687.220697,328.990000
516.300160,-690.014802,327.770000
536.590423,-707.605994,330.000000
537.118086,-669.899723,334.328000
541.806460,-651.979679,330.424000
509.293170,-674.417261,326.504000
506.900212,-677.201729,338.600000
515.939143,-676.133225,341.000000
591.342203,-640.288668,345.854000
584.184825,-616.178682,339.510000
559.522136,-628.700806,333.166000
559.193720,-631.387927,326.796000
564.218215,-628.563364,349.000000
288.688869,-836.336722,333.125000
279.666213,-813.659837,359.585000
262.633265,-819.178589,351.045000
263.274738,-821.632427,342.470000
278.406388,-836.526905,362.000000
267.405528,-854.252114,326.608000
226.507584,-785.302627,323.178000
188.778912,-795.405576,333.762000
193.766193,-803.577411,330.332000
224.465534,-828.441975,334.000000
329.238351,-796.320112,326.000000
306.813412,-754.101137,326.000000
277.193547,-767.541930,326.000000
280.842377,-772.864116,326.000000
290.233989,-771.894092,326.000000
296.307519,-704.379487,324.256000
295.175343,-690.059078,327.280000
293.967176,-688.891574,326.300000
270.151827,-713.077068,325.324000
283.670248,-714.443022,328.000000
352.878076,-706.487480,327.520000
350.276089,-696.813884,325.812000
349.246018,-696.252231,331.097000
336.544811,-709.952382,329.389000
343.657402,-709.755446,332.000000
341.616840,-692.650512,327.280000
340.484107,-685.086551,326.060000
339.507255,-685.089198,324.835000
326.830523,-698.309835,328.615000
331.765840,-695.230598,329.000000
371.965175,-685.790683,327.808000
358.424435,-662.210875,326.832000
356.020045,-661.313424,325.856000
342.855906,-679.438672,324.876000
345.438939,-671.138447,328.000000
406.945474,-666.756272,326.992000
391.839380,-653.691528,326.016000
389.824591,-655.610753,329.040000
381.827491,-687.354149,328.060000
395.869370,-680.244207,330.000000
437.847192,-640.836205,336.355000
419.424806,-619.026283,331.700000
416.411415,-621.050980,327.064000
400.994361,-652.660569,341.409000
413.915426,-645.534604,345.000000
401.707495,-604.087399,364.209000
366.216787,-645.655499,352.204000
365.598781,-646.891398,340.248000
376.254083,-638.360687,328.292000
371.732171,-642.022839,372.000000
576.318359,-580.263898,325.288000
570.579103,-561.746856,343.432000
565.327311,-565.989151,337.552000
532.093677,-599.890798,331.696000
554.912394,-594.489560,346.000000
562.900000,-535.841000,332.392000
562.500000,-533.300000,326.536000
522.900000,-536.282000,344.656000
533.820000,-554.300000,338.800000
544.700000,-545.795000,346.000000
516.795009,-643.232564,346.141000
519.097463,-640.313687,339.065000
497.965108,-623.786730,331.960000
480.466972,-648.725994,353.884000
491.035172,-638.342644,354.000000
497.808013,-598.557264,321.000000
499.154849,-595.392085,321.000000
472.518724,-571.361748,321.000000
456.836153,-598.076047,321.000000
483.641500,-607.371581,321.000000
470.500000,-563.683000,321.000000
469.870000,-563.200000,321.000000
460.500000,-564.558000,321.000000
463.760000,-570.200000,321.000000
467.060000,-567.001000,321.000000
454.805357,-572.963253,321.000000
454.424445,-571.792355,321.000000
444.464433,-571.797191,321.000000
442.205358,-586.214103,321.000000
445.634361,-578.379989,321.000000
435.508550,-572.496459,324.656000
434.861696,-571.169632,323.676000
423.162198,-574.166817,322.700000
418.851616,-597.234053,321.724000
420.918620,-582.261190,325.000000
479.100000,-546.670000,321.000000
474.270000,-546.500000,321.000000
437.100000,-548.960000,321.000000
452.976000,-556.500000,321.000000
469.356000,-551.410000,321.000000
403.121862,-587.138837,321.000000
416.011931,-549.291907,321.000000
404.159582,-556.102034,321.000000
397.448287,-585.037732,321.000000
405.619829,-565.590747,321.000000
393.014966,-568.631942,321.000000
400.184184,-543.061559,321.000000
389.684897,-547.486210,321.000000
387.304021,-567.190344,321.000000
389.810036,-552.523319,321.000000
1321.568989,-507.104458,309.488000
1360.381147,-481.580785,351.824000
1339.389812,-473.215779,338.160000
1314.296457,-497.449740,324.440000
1342.461468,-492.618305,360.000000
1269.500000,-523.010000,320.032000
1257.540000,-494.600000,313.200000
1204.500000,-504.080000,334.368000
1233.555000,-524.600000,327.508000
1242.395000,-507.230000,337.000000
1269.000000,-452.470000,321.511000
1263.546000,-416.200000,316.366000
1242.000000,-429.187000,311.242000
1254.555000,-455.200000,327.097000
1249.749000,-431.956000,328.000000
1188.300000,-525.584000,323.818000
1176.912000,-496.400000,320.388000
1136.300000,-507.632000,316.972000
1161.364000,-528.400000,313.556000
1187.832000,-508.752000,324.000000
1131.300000,-522.400000,313.849000
1125.400000,-486.600000,313.114000
1106.300000,-501.320000,315.382000
1118.800000,-526.600000,314.650000
1123.675000,-501.360000,316.000000
1190.100000,-465.504000,316.632000
1170.796000,-449.700000,314.680000
1114.100000,-456.630000,312.720000
1153.392000,-467.700000,318.768000
1144.424000,-456.036000,320.000000
1203.900000,-438.360000,337.750000
1178.426000,-407.400000,329.454000
1109.900000,-421.908000,321.124000
1160.096000,-443.400000,312.828000
1119.488000,-419.424000,342.000000
963.800000,-515.589000,324.513000
953.974000,-496.200000,326.781000
929.800000,-505.860000,326.046000
948.568000,-519.200000,325.314000
957.204000,-503.491000,327.000000
1005.000000,-458.350000,334.142000
983.580000,-433.600000,327.798000
935.000000,-446.740000,347.454000
974.830000,-463.600000,341.084000
970.700000,-442.570000,348.000000
912.300000,-519.140000,401.400000
896.150000,-494.900000,376.900000
862.300000,-508.550000,352.500000
891.650000,-524.900000,328.000000
873.000000,-503.360000,425.000000
911.700000,-475.940000,323.500000
902.834000,-444.300000,342.375000
885.700000,-463.180000,336.275000
901.404000,-484.300000,330.175000
909.568000,-454.900000,347.000000
914.100000,-425.390000,358.024000
896.200000,-402.200000,332.544000
864.100000,-416.900000,411.168000
895.150000,-432.200000,385.792000
895.200000,-409.610000,425.000000
864.200000,-487.464000,382.508000
840.888000,-473.100000,363.232000
802.200000,-482.733000,343.877000
841.818000,-492.100000,403.601000
822.412000,-477.470000,410.000000
863.600000,-447.241000,405.892000
839.234000,-433.200000,386.616000
801.600000,-443.175000,367.261000
842.272000,-452.200000,347.985000
803.398000,-437.228000,410.000000
772.000000,-487.962000,354.228000
772.000000,-497.112000,388.593000
725.260000,-400.000000,333.000000
658.000000,-466.124000,398.685000
658.000000,-432.940000,339.699000
734.722000,-522.000000,377.457000
741.562000,-423.790000,420.000000
713.290000,-481.130000,420.000000
634.400000,-485.296000,360.640000
609.148000,-398.000000,344.536000
575.400000,-467.316000,328.432000
616.169000,-522.000000,378.262000
601.183000,-420.072000,391.000000
574.200000,-483.678000,354.154000
548.835000,-399.300000,343.864000
517.200000,-470.271000,333.616000
557.556000,-522.300000,323.326000
525.237000,-418.980000,361.000000
480.900000,-495.791000,322.724000
467.010000,-469.700000,343.864000
450.900000,-492.866000,337.032000
472.680000,-508.700000,330.172000
476.250000,-475.277000,347.000000
405.300000,-503.084000,320.432000
392.820000,-475.700000,318.472000
379.300000,-501.404000,324.520000
398.618000,-517.700000,322.568000
393.574000,-480.950000,325.000000
499.500000,-437.174000,315.550000
476.638000,-398.500000,316.038000
453.500000,-436.869000,316.528000
488.460000,-459.500000,315.016000
465.138000,-405.088000,315.000000
1271.200000,-335.841000,308.785000
1253.175000,-290.800000,373.045000
1236.200000,-337.958000,352.220000
1263.430000,-363.800000,331.480000
1269.660000,-297.443000,392.000000
1217.300000,-329.677000,340.579000
1190.700000,-315.900000,319.351000
1167.300000,-331.172000,385.036000
1207.050000,-338.900000,363.808000
1200.300000,-317.579000,400.000000
1167.900000,-337.110000,366.331000
1145.900000,-276.000000,345.103000
1127.900000,-347.505000,323.875000
1160.420000,-381.000000,389.560000
1142.460000,-281.880000,400.000000
1100.100000,-325.425000,456.780000
1043.400000,-300.000000,418.070000
1008.100000,-300.000000,371.776000
1000.100000,-331.410000,379.518000
1083.100000,-345.000000,340.808000
1098.600000,-345.000000,440.980000
1006.900000,-301.710000,471.000000
997.200000,-368.845000,341.454000
962.160000,-349.700000,423.749000
937.200000,-374.760000,397.153000
988.020000,-384.700000,370.448000
983.520000,-350.435000,428.000000
998.100000,-277.550000,373.718000
961.980000,-259.000000,347.013000
938.100000,-284.655000,320.417000
990.000000,-294.000000,402.821000
966.660000,-259.140000,428.000000
879.400000,-370.676000,381.658000
865.163000,-358.900000,364.334000
856.400000,-376.173000,346.939000
876.686000,-381.900000,329.615000
860.540000,-381.578000,396.000000
830.200000,-365.940000,334.768000
809.848000,-350.100000,389.200000
798.200000,-374.676000,371.560000
827.000000,-382.100000,353.992000
826.488000,-381.108000,400.000000
889.700000,-322.134000,354.980000
848.498000,-296.800000,334.972000
826.700000,-338.405000,396.882000
884.471000,-349.800000,376.874000
863.681000,-347.256000,405.000000
918.300000,-276.420000,330.546000
853.884000,-261.700000,327.862000
822.300000,-287.396000,325.178000
911.964000,-293.700000,333.483000
850.236000,-291.588000,334.000000
775.600000,-331.105000,436.038000
745.973000,-315.600000,409.442000
732.600000,-344.300000,382.846000
773.536000,-350.600000,356.141000
775.385000,-347.695000,438.000000
769.600000,-283.600000,350.831000
739.948000,-263.200000,329.026000
727.600000,-303.424000,396.310000
768.298000,-311.200000,374.505000
756.958000,-306.352000,415.000000
706.400000,-279.604000,332.200000
670.973000,-253.900000,328.280000
657.400000,-307.765000,324.376000
705.763000,-316.900000,336.472000
677.147000,-309.466000,339.000000
646.650000,-298.712000,367.905000
546.837300,-247.100000,354.485000
511.950000,-362.204000,341.010000
512.488800,-379.100000,327.590000
526.362900,-361.280000,375.000000
640.453800,-371.972000,375.000000
502.100000,-297.409000,316.682000
405.834000,-247.800000,351.458000
375.100000,-366.170000,340.188000
377.767000,-380.800000,328.964000
478.097000,-360.451000,355.000000
432.631000,-326.536000,355.000000
1095.100000,-187.416000,337.520000
983.356000,-156.800000,327.760000
951.100000,-234.802000,357.960000
956.716000,-242.800000,348.200000
1025.116000,-228.180000,359.000000
1088.044000,-177.268000,359.000000
921.400000,-185.525000,515.509000
921.400000,-161.300000,494.425000
861.925000,-160.100000,454.265000
882.625000,-160.100000,549.394000
846.400000,-229.475000,393.021000
846.400000,-163.850000,353.363000
850.600000,-235.100000,331.526000
890.050000,-235.100000,408.081000
994.700000,-76.042200,319.495000
956.630000,-70.200000,326.299000
947.700000,-87.344400,324.103000
951.131000,-88.400000,321.898000
991.034000,-84.669000,328.000000
999.943341,-50.576570,329.504000
966.944058,-38.434047,322.889000
956.544664,-53.027289,343.301000
960.145079,-54.488875,336.686000
982.918037,-55.328180,347.000000
856.139203,-110.981531,336.608000
833.885624,-90.067474,331.463000
819.403965,-102.063108,326.339000
822.385131,-104.527704,342.215000
831.415169,-105.175816,344.000000
892.064545,-80.863009,326.664000
850.913182,-47.377409,325.194000
830.920920,-63.601389,323.730000
837.361120,-67.799011,322.266000
835.938510,-59.485369,327.000000
922.575049,-13.991726,323.840000
888.313492,5.287240,335.936000
883.225657,6.735447,332.016000
880.299683,-20.515919,328.112000
907.459549,-22.208469,336.000000
879.126387,14.799094,321.968000
864.545656,30.105292,318.796000
862.110526,29.702265,315.611000
852.056087,-8.964434,325.439000
861.598677,0.367745,328.000000
783.200000,-201.599000,390.064000
746.600000,-191.400000,371.276000
743.200000,-193.562000,352.488000
750.320000,-238.400000,333.623000
749.000000,-223.877000,403.000000
712.800000,-197.450000,320.768000
670.860000,-187.500000,325.304000
667.800000,-190.700000,323.840000
676.575000,-237.500000,322.370000
706.005000,-221.150000,326.000000
638.700000,-199.440000,328.325000
568.400000,-195.800000,321.220000
564.700000,-197.420000,343.144000
580.462000,-215.800000,336.039000
605.622000,-208.920000,345.000000
423.000000,-196.100000,369.169000
391.089000,-189.500000,347.364000
390.000000,-193.420000,325.648000
397.590000,-229.500000,392.932000
398.481000,-215.020000,394.000000
776.400000,-74.720000,319.153000
722.280000,-65.900000,325.948000
721.400000,-72.860000,323.752000
734.985000,-125.900000,321.556000
774.255000,-103.160000,328.000000
769.250000,-3.900000,327.024000
769.035000,1.300000,315.312000
661.750000,-4.020000,351.552000
690.237500,-38.700000,339.840000
733.237500,-22.860000,360.000000
507.800000,0.824000,317.007000
506.660000,6.200000,311.395000
447.800000,-1.048000,305.760000
464.720000,-41.800000,323.148000
469.880000,-21.928000,326.000000
247.338564,-575.310678,322.905000
248.214670,-573.365427,322.661000
231.405327,-561.545430,322.416000
223.505530,-578.354773,322.172000
226.519927,-568.569122,323.000000
296.500000,-327.872000,312.201000
296.014000,-326.000000,312.957000
287.500000,-330.440000,312.713000
290.353000,-350.000000,312.468000
294.484000,-339.248000,313.000000
283.000000,-311.040000,312.498000
281.296000,-310.500000,312.253000
259.000000,-312.327000,312.009000
267.016000,-319.500000,312.764000
270.520000,-315.306000,313.000000
181.140414,-555.075681,328.352000
181.097144,-551.202134,326.392000
157.126458,-523.540679,324.440000
135.559436,-549.936920,322.488000
149.799137,-535.327949,330.000000
147.771262,-293.977476,313.180000
145.589837,-290.912168,314.690000
119.257181,-272.994082,314.202000
114.919081,-295.596750,313.714000
136.620188,-299.584832,315.000000
141.533832,-591.436731,356.582000
139.853746,-588.942058,335.354000
111.988082,-587.041355,401.039000
80.626482,-631.538171,379.811000
110.477702,-608.644881,410.000000
-19.446608,-421.154652,326.820000
78.591317,-560.728787,324.380000
84.809317,-500.907246,321.930000
1.703587,-405.573776,329.490000
55.843536,-480.136153,330.000000
116.567864,-465.076928,341.516000
177.517942,-404.462784,336.148000
132.045812,-389.731563,330.758000
96.959417,-445.238847,325.390000
152.109799,-435.423057,342.000000
51.945708,-316.630386,323.316000
110.889560,-378.115097,315.020000
113.545468,-340.258959,340.724000
63.183410,-302.094603,332.394000
89.283843,-346.342643,348.000000
24.518865,-318.735969,330.843000
60.934865,-264.851603,322.758000
8.787154,-243.958012,314.706000
-3.032843,-297.050418,339.621000
23.022627,-266.559973,345.000000
364.000000,-220.837000,317.739000
340.060000,-131.500000,313.574000
250.000000,-164.674000,309.426000
303.922000,-228.500000,305.278000
262.654000,-169.815000,320.000000
296.854000,-170.106000,320.000000
280.622662,-72.680165,305.282000
310.629358,-37.200340,315.852000
281.114116,-31.045046,312.436000
266.556746,-63.932656,309.020000
297.014470,-50.807521,317.000000
209.000000,-84.170000,310.459000
199.690000,0.000000,310.215000
171.000000,-35.815000,310.970000
190.304000,-95.000000,310.726000
190.722000,-34.200000,311.000000
170.000000,-186.835000,323.305000
125.290000,0.000000,320.621000
0.000000,-84.710000,317.926000
89.420000,-215.000000,315.242000
37.740000,-73.745000,326.000000
154.020000,-72.455000,326.000000
102.680000,-130.290000,326.000000
68.510000,-17.845000,326.000000
