1522.700000,-1110.732000,305.314000
1522.700000,-1092.636000,305.464000
1520.252000,-1072.200000,304.826000
1522.547000,-1072.200000,305.902000
1505.700000,-1082.925000,304.338000
1505.700000,-1093.338000,304.340000
1512.619000,-1111.200000,305.848000
1506.975000,-1111.200000,304.778000
1511.140000,-1090.218000,306.000000
1512.364000,-1087.527000,306.000000
1493.900000,-1075.788000,307.688000
1493.900000,-1081.534000,307.414000
1483.124000,-1052.600000,307.198000
1477.532000,-1052.600000,307.852000
1469.900000,-1072.354000,306.710000
1469.900000,-1059.910000,306.290000
1487.012000,-1086.600000,306.222000
1487.852000,-1086.600000,306.728000
1473.116000,-1057.904000,308.000000
1479.908000,-1077.080000,308.000000
1570.100000,-970.920000,301.210000
1570.100000,-966.960000,305.781000
1545.940000,-963.400000,306.502000
1558.740000,-963.400000,307.314000
1538.100000,-981.140000,304.787000
1538.100000,-981.160000,301.847000
1538.676000,-983.400000,303.079000
1551.540000,-983.400000,303.380000
1568.436000,-980.400000,308.000000
1552.212000,-964.340000,308.000000
1526.200000,-955.000000,305.320000
1526.200000,-968.050000,314.180000
1525.285000,-952.900000,320.440000
1525.780000,-952.900000,318.560000
1511.200000,-958.690000,315.540000
1511.200000,-969.700000,302.940000
1516.060000,-982.900000,310.660000
1512.595000,-982.900000,307.320000
1522.615000,-969.220000,321.000000
1518.175000,-964.120000,321.000000
1508.400000,-977.720000,304.627000
1508.400000,-979.596000,306.706000
1492.986000,-956.300000,302.422000
1479.000000,-956.300000,308.677000
1466.400000,-970.272000,309.226000
1466.400000,-962.824000,301.648000
1492.860000,-984.300000,307.021000
1498.572000,-984.300000,303.619000
1490.550000,-962.964000,310.000000
1486.980000,-975.928000,310.000000
1500.524332,-734.290223,315.903000
1488.426487,-725.007220,316.470000
1474.168491,-730.184336,309.288000
1477.638431,-725.662222,322.383000
1502.916917,-760.075094,302.700000
1507.043941,-763.241871,301.296000
1521.673490,-752.051277,323.112000
1515.924956,-759.542913,307.209000
1512.635744,-758.216461,327.000000
1477.464329,-728.234863,327.000000
1427.300000,-577.721000,321.950000
1427.300000,-596.759000,318.530000
1403.804000,-569.000000,317.558000
1426.196000,-569.000000,322.472000
1403.300000,-575.270000,313.148000
1403.300000,-602.003000,308.414000
1409.108000,-626.000000,308.756000
1405.988000,-626.000000,312.356000
1408.172000,-604.739000,326.000000
1416.236000,-589.292000,326.000000
1390.800000,-633.858000,315.688000
1390.800000,-633.396000,312.488000
1373.760000,-622.000000,313.736000
1347.660000,-622.000000,314.240000
1330.800000,-627.824000,311.784000
1330.800000,-625.528000,315.992000
1363.680000,-636.000000,309.824000
1377.840000,-636.000000,309.744000
1331.760000,-626.494000,316.000000
1364.580000,-631.562000,316.000000
1366.100000,-599.486000,309.628000
1366.100000,-581.086000,313.907000
1356.070000,-574.600000,317.933000
1359.436000,-574.600000,316.316000
1349.100000,-607.812000,315.249000
1349.100000,-617.104000,318.725000
1363.601000,-620.600000,312.554000
1356.869000,-620.600000,310.134000
1363.210000,-575.290000,319.000000
1359.079000,-575.060000,319.000000
1347.700000,-590.235000,308.668000
1347.700000,-599.788000,309.024000
1325.300000,-580.600000,308.178000
1346.075000,-580.600000,309.462000
1322.700000,-581.748000,309.690000
1322.700000,-605.077000,309.900000
1326.675000,-621.600000,309.202000
1325.950000,-621.600000,308.338000
1338.800000,-609.669000,310.000000
1338.000000,-594.417000,310.000000
1448.900000,-1104.810000,308.600000
1448.900000,-1101.165000,308.440000
1441.426000,-1079.700000,307.380000
1421.631000,-1079.700000,309.535000
1411.900000,-1088.718000,306.155000
1411.900000,-1086.990000,310.630000
1429.105000,-1106.700000,309.935000
1441.611000,-1106.700000,306.725000
1428.809000,-1090.581000,311.000000
1435.432000,-1097.628000,311.000000
1344.200000,-1095.116000,308.000000
1344.200000,-1078.082000,308.000000
1334.040000,-1073.900000,308.000000
1336.000000,-1073.900000,308.000000
1324.200000,-1095.626000,308.000000
1324.200000,-1105.962000,308.000000
1339.620000,-1107.900000,308.000000
1333.720000,-1107.900000,308.000000
1329.620000,-1077.232000,308.000000
1337.420000,-1107.628000,308.000000
1442.100000,-1048.560000,317.288000
1442.100000,-1051.200000,310.024000
1414.424000,-1042.200000,313.368000
1439.278000,-1042.200000,313.528000
1408.100000,-1061.100000,309.464000
1408.100000,-1054.520000,317.032000
1410.718000,-1062.200000,305.560000
1413.132000,-1062.200000,304.536000
1410.990000,-1058.040000,319.000000
1431.390000,-1048.580000,319.000000
1434.000000,-1006.264000,304.580000
1434.000000,-1023.094000,311.300000
1423.409000,-1006.000000,319.700000
1366.716000,-1006.000000,315.680000
1345.000000,-1011.522000,314.800000
1345.000000,-1012.358000,320.060000
1379.087000,-1028.000000,309.920000
1418.069000,-1028.000000,304.440000
1425.011000,-1016.692000,323.000000
1408.101000,-1020.212000,323.000000
1344.900000,-1050.954000,310.505000
1344.900000,-1015.436000,312.630000
1318.550000,-1009.300000,306.357000
1318.302000,-1009.300000,316.353000
1282.900000,-1042.163000,319.192000
1282.900000,-1065.999000,320.076000
1325.556000,-1068.300000,315.044000
1313.528000,-1068.300000,306.799000
1327.044000,-1019.920000,323.000000
1328.408000,-1066.707000,323.000000
1446.100000,-955.900000,308.328000
1446.100000,-956.954000,307.124000
1428.556000,-942.300000,304.898000
1443.676000,-942.300000,310.190000
1422.100000,-971.642000,315.482000
1422.100000,-963.856000,313.256000
1445.956000,-976.300000,312.052000
1426.108000,-976.300000,302.322000
1434.724000,-972.016000,316.000000
1440.292000,-952.500000,316.000000
1399.000000,-957.935000,304.914000
1399.000000,-979.847000,304.026000
1397.335000,-954.800000,304.179000
1364.170000,-954.800000,304.680000
1354.000000,-960.377000,303.447000
1354.000000,-964.931000,305.337000
1367.500000,-987.800000,305.715000
1391.800000,-987.800000,305.994000
1369.300000,-973.544000,306.000000
1389.235000,-975.491000,306.000000
1337.700000,-977.337000,307.296000
1337.700000,-954.138000,305.268000
1332.212000,-951.300000,306.320000
1330.548000,-951.300000,306.144000
1321.700000,-966.942000,305.340000
1321.700000,-983.640000,307.020000
1331.396000,-984.300000,304.364000
1329.908000,-984.300000,307.896000
1324.164000,-959.979000,308.000000
1334.612000,-982.815000,308.000000
1430.300000,-924.094000,302.410000
1430.300000,-922.834000,314.013000
1399.797000,-915.400000,333.406000
1424.660000,-915.400000,322.992000
1383.300000,-929.440000,323.402000
1383.300000,-927.154000,331.971000
1426.164000,-933.400000,313.357000
1391.995000,-933.400000,340.950000
1428.749000,-932.626000,343.000000
1422.357000,-920.476000,343.000000
1308.000000,-849.244000,317.456000
1308.000000,-889.780000,320.864000
1290.810000,-836.500000,353.696000
1293.726000,-836.500000,331.376000
1290.000000,-842.692000,341.984000
1290.000000,-859.900000,341.888000
1293.924000,-908.500000,330.224000
1305.444000,-908.500000,352.400000
1304.058000,-883.372000,356.000000
1305.408000,-880.348000,356.000000
1302.100000,-775.846000,318.107000
1302.100000,-754.942000,314.076000
1298.200000,-753.200000,311.002000
1295.125000,-753.200000,320.427000
1287.100000,-763.392000,332.926000
1287.100000,-779.148000,326.778000
1294.945000,-779.200000,325.850000
1295.065000,-779.200000,333.129000
1296.025000,-762.170000,336.000000
1300.300000,-777.536000,336.000000
1356.800000,-788.275000,323.501000
1356.800000,-785.710000,313.380000
1316.048000,-779.800000,316.425000
1346.864000,-779.800000,319.731000
1284.800000,-790.270000,309.320000
1284.800000,-789.865000,326.053000
1344.488000,-794.800000,331.244000
1299.488000,-794.800000,332.404000
1314.176000,-780.385000,336.000000
1349.960000,-783.745000,336.000000
1451.000000,-765.500000,327.180000
1451.000000,-772.430000,307.020000
1359.440000,-761.600000,318.396000
1365.845000,-761.600000,314.904000
1346.000000,-761.660000,309.612000
1346.000000,-766.760000,322.788000
1360.175000,-776.600000,300.792000
1438.085000,-776.600000,330.672000
1369.310000,-772.595000,336.000000
1443.545000,-770.465000,336.000000
1446.700000,-758.498000,333.912000
1446.700000,-725.013000,306.156000
1444.208000,-723.200000,325.092000
1439.924000,-723.200000,314.040000
1432.700000,-734.633000,316.308000
1432.700000,-723.829000,321.924000
1438.874000,-760.200000,307.524000
1440.386000,-760.200000,329.808000
1433.204000,-739.036000,336.000000
1446.042000,-757.166000,336.000000
1445.200000,-715.620000,306.144000
1445.200000,-711.540000,307.008000
1404.544000,-705.900000,342.432000
1432.012000,-705.900000,317.520000
1361.200000,-715.125000,330.672000
1361.200000,-716.235000,328.032000
1423.948000,-720.900000,318.960000
1379.848000,-720.900000,338.544000
1432.600000,-707.730000,348.000000
1443.352000,-709.575000,348.000000
1359.800000,-714.154000,325.188000
1359.800000,-727.511000,317.124000
1347.160000,-701.500000,314.940000
1346.520000,-701.500000,326.322000
1343.800000,-735.577000,346.650000
1343.800000,-714.894000,335.520000
1344.648000,-738.500000,336.402000
1358.120000,-738.500000,344.718000
1354.408000,-731.692000,354.000000
1343.832000,-722.664000,354.000000
1342.600000,-699.604000,333.042000
1342.600000,-699.520000,316.116000
1339.085000,-699.100000,322.752000
1324.026000,-699.100000,325.314000
1305.600000,-702.278000,312.504000
1305.600000,-699.590000,334.470000
1318.846000,-713.100000,344.214000
1326.616000,-713.100000,343.668000
1323.249000,-706.240000,354.000000
1306.599000,-711.686000,354.000000
1302.800000,-726.560000,340.854000
1302.800000,-714.656000,315.066000
1295.983000,-703.200000,330.564000
1299.825000,-703.200000,324.264000
1285.800000,-720.256000,320.316000
1285.800000,-725.856000,333.462000
1297.088000,-735.200000,352.068000
1289.897000,-735.200000,342.660000
1290.747000,-709.728000,354.000000
1286.667000,-710.464000,354.000000
1268.400000,-1066.220000,321.841000
1268.400000,-1080.575000,307.833000
1250.725000,-1042.900000,317.693000
1247.200000,-1042.900000,311.556000
1243.400000,-1089.045000,313.528000
1243.400000,-1063.855000,315.279000
1267.650000,-1097.900000,309.380000
1266.250000,-1097.900000,319.002000
1246.025000,-1092.290000,324.000000
1245.275000,-1073.370000,324.000000
1228.600000,-1077.189000,307.295000
1228.600000,-1073.872000,307.120000
1228.470000,-1073.500000,311.075000
1223.390000,-1073.500000,308.215000
1218.600000,-1077.964000,309.855000
1218.600000,-1075.174000,309.310000
1221.360000,-1104.500000,308.630000
1224.460000,-1104.500000,310.405000
1227.780000,-1091.883000,312.000000
1219.600000,-1100.811000,312.000000
1220.900000,-1102.630000,309.738000
1220.900000,-1097.890000,309.000000
1211.011000,-1094.500000,309.003000
1214.886000,-1094.500000,309.657000
1189.900000,-1099.000000,311.271000
1189.900000,-1101.760000,310.314000
1207.942000,-1104.500000,310.536000
1197.929000,-1104.500000,310.971000
1212.592000,-1097.370000,312.000000
1193.744000,-1096.580000,312.000000
1216.600000,-1064.305000,307.432000
1216.600000,-1066.690000,307.976000
1211.600000,-1056.700000,307.187000
1209.672000,-1056.700000,307.195000
1208.600000,-1068.040000,307.943000
1208.600000,-1062.685000,307.414000
1215.704000,-1071.700000,307.699000
1216.056000,-1071.700000,307.632000
1212.968000,-1071.415000,308.000000
1209.792000,-1064.725000,308.000000
1195.000000,-1058.236000,310.854000
1195.000000,-1086.784000,311.853000
1185.700000,-1051.000000,310.122000
1189.610000,-1051.000000,309.510000
1185.000000,-1053.232000,309.387000
1185.000000,-1053.592000,310.167000
1186.930000,-1087.000000,311.655000
1191.050000,-1087.000000,310.824000
1188.590000,-1075.300000,312.000000
1186.730000,-1082.032000,312.000000
1187.000000,-1100.970000,318.844000
1187.000000,-1086.046000,320.197000
1183.460000,-1077.700000,316.160000
1183.820000,-1077.700000,311.606000
1172.000000,-1087.268000,313.476000
1172.000000,-1097.070000,314.015000
1179.485000,-1103.700000,310.781000
1176.170000,-1103.700000,316.424000
1174.595000,-1087.294000,321.000000
1174.955000,-1082.640000,321.000000
1148.400000,-1092.325000,311.000000
1148.400000,-1093.800000,311.000000
1121.300000,-1077.600000,311.000000
1104.150000,-1077.600000,311.000000
1098.400000,-1094.450000,311.000000
1098.400000,-1088.050000,311.000000
1138.650000,-1102.600000,311.000000
1145.900000,-1102.600000,311.000000
1147.750000,-1079.175000,311.000000
1109.500000,-1090.525000,311.000000
1231.100000,-1004.248000,309.354000
1231.100000,-1019.450000,310.756000
1212.444000,-998.000000,310.866000
1218.824000,-998.000000,309.194000
1209.100000,-1019.538000,310.376000
1209.100000,-999.980000,309.632000
1211.542000,-1020.000000,309.888000
1222.806000,-1020.000000,310.070000
1226.722000,-1014.654000,311.000000
1214.512000,-1016.568000,311.000000
1206.100000,-1044.798000,310.815000
1206.100000,-1017.082000,313.270000
1203.944000,-1004.700000,309.595000
1202.880000,-1004.700000,309.365000
1192.100000,-1016.385000,313.370000
1192.100000,-1035.983000,310.460000
1197.938000,-1045.700000,312.150000
1196.244000,-1045.700000,311.555000
1200.696000,-1023.232000,314.000000
1195.894000,-1011.711000,314.000000
1143.300000,-1031.484000,319.700000
1143.300000,-1029.463000,323.606000
1125.820000,-999.900000,316.270000
1108.986000,-999.900000,312.672000
1105.300000,-1027.677000,312.854000
1105.300000,-1020.392000,315.738000
1132.774000,-1046.900000,323.424000
1142.122000,-1046.900000,318.804000
1121.564000,-1006.762000,326.000000
1116.510000,-1023.306000,326.000000
1268.000000,-928.860000,313.152000
1268.000000,-934.770000,313.635000
1245.815000,-925.200000,311.437000
1251.296000,-925.200000,308.168000
1239.000000,-934.170000,309.729000
1239.000000,-926.290000,309.701000
1239.812000,-935.200000,308.021000
1257.618000,-935.200000,311.234000
1246.018000,-933.600000,315.000000
1248.251000,-933.460000,315.000000
1238.900000,-949.280000,313.688000
1238.900000,-956.672000,313.120000
1237.977000,-947.300000,312.712000
1235.663000,-947.300000,313.996000
1225.900000,-953.999000,311.732000
1225.900000,-973.106000,310.872000
1230.242000,-980.300000,310.756000
1229.982000,-980.300000,311.748000
1226.628000,-964.922000,314.000000
1230.372000,-952.349000,314.000000
1224.200000,-970.512000,310.432000
1224.200000,-966.508000,313.024000
1219.676000,-949.400000,313.456000
1213.136000,-949.400000,313.900000
1212.200000,-963.652000,312.480000
1212.200000,-962.140000,310.776000
1219.880000,-977.400000,311.500000
1224.044000,-977.400000,311.652000
1222.628000,-955.784000,314.000000
1216.616000,-962.840000,314.000000
1179.800000,-970.688000,311.180000
1179.800000,-976.556000,312.928000
1164.091000,-965.300000,310.200000
1166.115000,-965.300000,313.804000
1156.800000,-975.068000,313.224000
1156.800000,-966.824000,310.680000
1178.558000,-977.300000,312.244000
1171.980000,-977.300000,311.556000
1172.509000,-976.364000,314.000000
1165.839000,-974.984000,314.000000
1190.200000,-939.090000,318.177000
1190.200000,-942.750000,322.019000
1124.926000,-934.800000,314.012000
1172.578000,-934.800000,325.742000
1124.200000,-938.400000,326.864000
1124.200000,-958.800000,312.465000
1140.832000,-964.800000,322.716000
1146.178000,-964.800000,316.188000
1157.002000,-953.310000,327.000000
1151.722000,-938.820000,327.000000
1268.300000,-871.914000,312.335000
1268.300000,-866.546000,312.415000
1264.170000,-853.500000,311.115000
1255.140000,-853.500000,313.510000
1254.300000,-862.872000,309.890000
1254.300000,-863.906000,309.605000
1262.112000,-875.500000,313.670000
1254.384000,-875.500000,310.700000
1258.640000,-860.342000,314.000000
1260.474000,-863.664000,314.000000
1257.000000,-841.251000,312.706000
1257.000000,-849.420000,312.316000
1249.800000,-830.100000,312.218000
1249.644000,-830.100000,312.754000
1245.000000,-845.472000,311.730000
1245.000000,-833.166000,311.192000
1255.356000,-851.100000,311.240000
1253.148000,-851.100000,311.630000
1246.488000,-830.205000,313.000000
1250.592000,-846.669000,313.000000
1157.500000,-849.350000,316.000000
1157.500000,-850.010000,316.000000
1145.722000,-842.600000,316.000000
1153.782000,-842.600000,316.000000
1144.500000,-843.740000,316.000000
1144.500000,-867.170000,316.000000
1146.697000,-872.600000,316.000000
1149.063000,-872.600000,316.000000
1156.694000,-863.570000,316.000000
1150.870000,-846.080000,316.000000
1145.100000,-871.485000,316.000000
1145.100000,-866.310000,316.000000
1137.680000,-857.700000,316.000000
1111.535000,-857.700000,316.000000
1110.100000,-862.860000,316.000000
1110.100000,-865.065000,316.000000
1126.725000,-872.700000,316.000000
1110.940000,-872.700000,316.000000
1136.420000,-863.595000,316.000000
1128.090000,-864.345000,316.000000
1259.300000,-795.626000,310.588000
1259.300000,-798.209000,310.415000
1248.940000,-790.100000,310.832000
1246.680000,-790.100000,310.196000
1239.300000,-795.941000,310.077000
1239.300000,-791.576000,310.977000
1254.920000,-799.100000,310.321000
1253.240000,-799.100000,310.758000
1250.600000,-790.883000,310.000000
1250.080000,-797.030000,310.000000
1213.100000,-767.888000,313.000000
1213.100000,-763.069000,313.000000
1202.388000,-749.100000,313.000000
1209.148000,-749.100000,313.000000
1200.100000,-807.355000,313.000000
1200.100000,-800.157000,313.000000
1201.231000,-810.100000,313.000000
1204.910000,-810.100000,313.000000
1205.027000,-796.802000,313.000000
1207.419000,-755.017000,313.000000
1200.200000,-748.622000,326.345000
1200.200000,-782.416000,322.112000
1198.510000,-748.500000,322.180000
1187.499000,-748.500000,325.835000
1187.200000,-764.421000,318.032000
1187.200000,-779.610000,329.558000
1192.309000,-809.500000,313.884000
1187.759000,-809.500000,316.281000
1189.709000,-777.536000,330.000000
1194.844000,-774.425000,330.000000
1142.500000,-799.096000,324.797000
1142.500000,-803.958000,321.584000
1126.405000,-781.000000,323.089000
1118.450000,-781.000000,323.117000
1105.500000,-795.742000,321.374000
1105.500000,-785.758000,324.650000
1131.363000,-807.000000,319.666000
1131.955000,-807.000000,319.183000
1105.759000,-785.420000,325.000000
1128.144000,-800.552000,325.000000
1270.600000,-744.870000,312.628000
1270.600000,-742.530000,313.952000
1233.550000,-739.800000,315.652000
1254.450000,-739.800000,314.828000
1220.600000,-751.149000,314.676000
1220.600000,-750.915000,315.704000
1220.800000,-752.800000,313.696000
1240.000000,-752.800000,312.580000
1261.600000,-751.032000,316.000000
1252.400000,-740.827000,316.000000
1238.100000,-692.596000,322.848000
1238.100000,-712.528000,324.871000
1236.032000,-688.900000,318.683000
1194.320000,-688.900000,328.594000
1194.100000,-696.776000,331.535000
1194.100000,-712.132000,332.317000
1207.740000,-732.900000,327.370000
1196.784000,-732.900000,319.040000
1221.996000,-713.452000,334.000000
1223.184000,-706.764000,334.000000
1172.300000,-721.528000,318.060000
1172.300000,-724.248000,317.878000
1163.122000,-696.600000,317.570000
1154.932000,-696.600000,318.316000
1146.300000,-712.088000,317.082000
1146.300000,-703.032000,318.754000
1162.316000,-728.600000,318.594000
1165.384000,-728.600000,317.192000
1157.948000,-704.664000,319.000000
1164.110000,-720.056000,319.000000
1138.700000,-692.595000,321.148000
1138.700000,-688.380000,320.245000
1120.248000,-685.500000,320.416000
1129.152000,-685.500000,320.899000
1110.700000,-697.350000,319.681000
1110.700000,-698.610000,321.556000
1136.516000,-700.500000,321.949000
1122.096000,-700.500000,319.213000
1118.008000,-699.705000,322.000000
1130.580000,-686.415000,322.000000
1202.900000,-645.174000,338.746000
1202.900000,-652.918000,326.970000
1123.770000,-641.500000,333.134000
1201.752000,-641.500000,332.007000
1120.900000,-643.612000,327.522000
1120.900000,-653.534000,337.044000
1139.596000,-663.500000,321.887000
1127.378000,-663.500000,319.081000
1127.050000,-655.602000,341.000000
1181.088000,-650.036000,341.000000
1148.800000,-637.684000,316.623000
1148.800000,-637.024000,318.562000
1138.000000,-599.800000,321.908000
1121.320000,-599.800000,320.095000
1108.800000,-617.488000,320.200000
1108.800000,-609.480000,321.628000
1130.160000,-643.800000,318.492000
1138.880000,-643.800000,316.161000
1144.360000,-614.540000,323.000000
1139.120000,-631.260000,323.000000
1251.400000,-614.140000,313.025000
1251.400000,-595.804000,313.751000
1194.952000,-587.500000,310.341000
1216.120000,-587.500000,316.160000
1153.400000,-621.484000,318.646000
1153.400000,-630.316000,318.569000
1235.622000,-635.500000,315.962000
1195.050000,-635.500000,320.978000
1222.294000,-588.892000,321.000000
1230.134000,-589.516000,321.000000
1253.000000,-569.229000,320.752000
1253.000000,-574.500000,316.144000
1178.030000,-564.000000,312.944000
1250.280000,-564.000000,323.152000
1168.000000,-564.294000,337.104000
1168.000000,-575.865000,330.160000
1180.325000,-585.000000,329.296000
1176.330000,-585.000000,337.168000
1211.860000,-579.183000,338.000000
1236.595000,-571.749000,338.000000
994.600000,-1094.296000,359.416000
994.600000,-1090.352000,335.631000
984.448000,-1062.200000,343.001000
956.530000,-1062.200000,350.237000
940.600000,-1073.046000,326.653000
940.600000,-1070.292000,364.910000
964.954000,-1096.200000,377.238000
982.234000,-1096.200000,379.583000
958.420000,-1076.378000,383.000000
985.528000,-1085.898000,383.000000
1076.100000,-1032.652000,327.012000
1076.100000,-1006.570000,316.824000
1059.304000,-998.200000,322.602000
1063.248000,-998.200000,320.766000
1042.100000,-1031.950000,318.210000
1042.100000,-1047.394000,324.708000
1067.838000,-1052.200000,313.818000
1057.196000,-1052.200000,328.650000
1046.996000,-1004.248000,330.000000
1071.204000,-999.496000,330.000000
1024.800000,-1013.228000,318.180000
1024.800000,-1021.328000,320.196000
946.400000,-995.300000,324.984000
1019.802000,-995.300000,322.167000
926.800000,-1045.574000,322.779000
926.800000,-1026.836000,324.138000
932.974000,-1049.300000,320.583000
938.168000,-1049.300000,326.109000
1020.684000,-1038.824000,327.000000
1013.040000,-1014.254000,327.000000
991.382000,-1002.968000,327.000000
995.200000,-932.792000,333.626000
995.200000,-965.678000,334.549000
988.585000,-931.700000,387.302000
949.588000,-931.700000,350.098000
932.200000,-941.654000,369.978000
932.200000,-942.452000,365.647000
955.447000,-973.700000,352.583000
981.907000,-973.700000,381.196000
980.773000,-952.700000,390.000000
989.215000,-960.176000,390.000000
1073.100000,-918.220000,320.502000
1073.100000,-891.356000,317.730000
1047.618000,-885.100000,317.072000
1048.548000,-885.100000,320.796000
1011.100000,-910.078000,327.656000
1011.100000,-927.834000,323.862000
1052.888000,-931.100000,324.226000
1039.744000,-931.100000,326.928000
1047.370000,-894.024000,329.000000
1068.698000,-885.330000,329.000000
1021.800000,-843.230000,323.474000
1021.800000,-845.480000,321.026000
998.139000,-824.600000,322.004000
1019.523000,-824.600000,322.340000
988.800000,-862.805000,320.540000
988.800000,-851.690000,323.648000
1021.140000,-869.600000,325.076000
993.255000,-869.600000,324.962000
1001.967000,-864.560000,326.000000
1020.282000,-839.540000,326.000000
1078.200000,-757.286000,353.955000
1078.200000,-794.114000,324.862000
1077.510000,-751.400000,342.487000
1055.940000,-751.400000,335.155000
1048.200000,-759.770000,330.972000
1048.200000,-766.250000,345.448000
1056.780000,-805.400000,319.504000
1072.440000,-805.400000,355.741000
1054.560000,-782.828000,365.000000
1077.540000,-787.040000,365.000000
1028.200000,-796.644000,340.922000
1028.200000,-763.764000,322.684000
1013.724000,-758.100000,335.554000
1009.940000,-758.100000,327.502000
984.200000,-780.180000,330.186000
984.200000,-803.604000,332.320000
1010.248000,-806.100000,324.796000
1005.320000,-806.100000,337.138000
985.344000,-771.396000,342.000000
984.288000,-805.476000,342.000000
986.200000,-773.020000,326.898000
986.200000,-769.900000,326.037000
950.640000,-743.200000,342.753000
981.272000,-743.200000,330.636000
930.200000,-789.160000,337.629000
930.200000,-780.400000,335.235000
980.488000,-803.200000,332.505000
938.768000,-803.200000,339.834000
977.240000,-801.460000,345.000000
931.712000,-762.040000,345.000000
1023.800000,-691.242000,331.480000
1023.800000,-727.264000,326.460000
937.320000,-679.400000,326.600000
953.788000,-679.400000,330.840000
931.800000,-683.864000,341.700000
931.800000,-697.566000,335.220000
950.568000,-741.400000,336.820000
1007.792000,-741.400000,339.600000
991.968000,-720.630000,345.000000
936.492000,-719.142000,345.000000
1015.060000,-707.858000,345.000000
1083.800000,-657.700000,322.570000
1083.800000,-610.540000,319.343000
1072.730000,-604.600000,320.862000
1064.315000,-604.600000,320.876000
1038.800000,-627.280000,319.147000
1038.800000,-662.560000,322.402000
1061.705000,-664.600000,324.439000
1061.255000,-664.600000,323.935000
1059.815000,-626.140000,326.000000
1042.220000,-662.680000,326.000000
987.100000,-640.561000,325.394000
987.100000,-631.593000,324.048000
977.164000,-606.400000,324.904000
985.192000,-606.400000,324.486000
969.100000,-646.756000,324.416000
969.100000,-644.101000,324.924000
983.770000,-665.400000,325.926000
972.196000,-665.400000,325.362000
974.158000,-609.527000,326.000000
970.900000,-623.864000,326.000000
965.000000,-636.338000,341.011000
965.000000,-654.098000,326.000000
951.272000,-626.200000,336.846000
952.536000,-626.200000,329.723000
949.000000,-662.830000,332.698000
949.000000,-637.744000,333.446000
950.936000,-663.200000,328.550000
962.504000,-663.200000,337.169000
950.520000,-653.839000,343.000000
950.984000,-649.251000,343.000000
1066.900000,-594.272000,323.242000
1066.900000,-546.374000,339.550000
1044.596000,-542.000000,336.850000
1005.428000,-542.000000,325.492000
930.900000,-557.930000,332.440000
930.900000,-595.190000,329.434000
988.972000,-596.000000,328.048000
1001.212000,-596.000000,333.376000
1054.524000,-565.868000,340.000000
951.164000,-593.300000,340.000000
956.604000,-576.506000,340.000000
813.700000,-1086.542000,321.805000
813.700000,-1076.128000,329.461000
797.720000,-1059.400000,319.121000
809.450000,-1059.400000,320.870000
779.700000,-1084.041000,327.437000
779.700000,-1086.337000,323.279000
804.622000,-1100.400000,324.742000
786.160000,-1100.400000,325.688000
804.248000,-1064.976000,330.000000
785.582000,-1070.757000,330.000000
892.700000,-1025.368000,331.072000
892.700000,-1064.405000,338.832000
836.125000,-988.700000,327.152000
834.519000,-988.700000,326.336000
819.700000,-1082.121000,339.248000
819.700000,-1022.690000,329.840000
822.547000,-1091.700000,335.328000
882.699000,-1091.700000,333.328000
858.828000,-1074.190000,340.000000
834.154000,-1050.912000,340.000000
880.290000,-1063.890000,340.000000
809.800000,-998.800000,332.164000
809.800000,-999.580000,335.726000
807.451000,-995.800000,328.992000
796.170000,-995.800000,325.573000
780.800000,-1008.580000,325.807000
780.800000,-995.980000,328.420000
790.776000,-1055.800000,335.635000
796.344000,-1055.800000,331.267000
790.950000,-1027.240000,337.000000
787.238000,-1051.660000,337.000000
773.400000,-1090.800000,335.024000
773.400000,-1081.950000,336.048000
753.276000,-1072.200000,331.120000
765.964000,-1072.200000,323.552000
721.400000,-1085.175000,327.200000
721.400000,-1089.100000,327.056000
755.200000,-1097.200000,323.296000
732.268000,-1097.200000,330.560000
729.876000,-1077.650000,338.000000
734.192000,-1078.675000,338.000000
772.800000,-1024.784000,325.000000
772.800000,-1040.352000,417.124000
772.800000,-1032.736000,377.920000
755.475000,-1000.200000,406.648000
752.400000,-1000.200000,332.776000
747.800000,-1046.400000,380.296000
747.800000,-1019.744000,356.428000
747.800000,-1043.712000,416.584000
771.700000,-1056.200000,353.836000
769.825000,-1056.200000,380.080000
772.225000,-1051.272000,433.000000
754.575000,-1033.016000,433.000000
840.300000,-927.949000,337.586000
840.300000,-923.232000,387.662000
784.356000,-920.900000,396.476000
812.916000,-920.900000,326.744000
784.300000,-927.790000,377.444000
784.300000,-922.013000,343.826000
798.972000,-973.900000,358.412000
815.324000,-973.900000,360.908000
828.596000,-953.071000,401.000000
800.820000,-969.289000,401.000000
844.200000,-878.782000,337.833000
844.200000,-848.686000,346.905000
825.290000,-824.200000,332.709000
834.218000,-824.200000,330.504000
782.200000,-852.976000,348.564000
782.200000,-870.004000,335.103000
817.416000,-890.200000,343.440000
796.274000,-890.200000,339.681000
819.710000,-844.066000,351.000000
802.040000,-840.040000,351.000000
769.300000,-850.229000,365.217000
769.300000,-858.902000,379.140000
758.302000,-824.700000,349.845000
754.288000,-824.700000,392.937000
751.300000,-861.058000,334.410000
751.300000,-842.683000,343.734000
767.032000,-873.700000,382.038000
767.500000,-873.700000,357.531000
758.824000,-873.455000,393.000000
757.492000,-852.483000,393.000000
754.891728,-840.881668,376.998000
758.445636,-833.363317,377.628000
745.684300,-826.065690,361.563000
751.600616,-828.862320,391.425000
743.566633,-827.400743,346.191000
743.717063,-827.082506,342.222000
728.254759,-866.494906,330.756000
733.954095,-869.188970,356.019000
734.869386,-854.485840,393.000000
732.963098,-863.610375,393.000000
869.700000,-762.698000,341.776000
869.700000,-750.466000,338.158000
858.600000,-742.700000,337.366000
860.700000,-742.700000,342.100000
819.700000,-750.488000,332.974000
819.700000,-758.386000,328.042000
843.950000,-764.700000,328.582000
831.950000,-764.700000,331.984000
822.000000,-751.126000,343.000000
839.350000,-747.584000,343.000000
907.900000,-772.340000,327.124000
907.900000,-776.900000,337.726000
889.420000,-736.100000,340.732000
878.045000,-736.100000,341.668000
872.900000,-775.700000,336.322000
872.900000,-759.200000,327.610000
900.585000,-796.100000,331.930000
905.030000,-796.100000,331.552000
903.000000,-740.720000,343.000000
887.495000,-769.040000,343.000000
835.394260,-785.380947,392.584000
840.750986,-775.046776,466.868000
824.349466,-806.688516,380.824000
807.560130,-757.526890,344.760000
819.865252,-763.905259,509.792000
809.677570,-758.624466,513.908000
783.164438,-788.358871,492.936000
799.860486,-756.148929,356.716000
792.460473,-770.425000,450.992000
786.395472,-791.610585,444.916000
806.131608,-801.840826,399.640000
788.073443,-792.480362,388.272000
813.604669,-795.442087,529.000000
802.461397,-794.351622,529.000000
909.000000,-663.236000,338.784000
909.000000,-641.522000,342.792000
900.180000,-630.500000,332.904000
896.526000,-630.500000,348.048000
846.000000,-639.443000,327.048000
846.000000,-654.623000,329.304000
871.389000,-663.500000,345.168000
862.632000,-663.500000,334.560000
876.681000,-645.878000,351.000000
875.358000,-637.199000,351.000000
840.600000,-657.578000,380.421000
840.600000,-657.026000,377.282000
817.408000,-641.800000,362.609000
795.308000,-641.800000,393.269000
788.600000,-655.071000,344.724000
788.600000,-651.092000,336.256000
825.468000,-664.800000,399.912000
837.324000,-664.800000,352.243000
804.252000,-645.480000,404.000000
814.080000,-654.013000,404.000000
897.700000,-606.280000,510.545000
897.700000,-628.204000,455.935000
897.700000,-593.824000,385.415000
836.118000,-592.600000,458.085000
853.092000,-592.600000,503.020000
844.810000,-592.600000,531.400000
870.886000,-592.600000,478.940000
865.720000,-592.600000,369.290000
815.700000,-624.388000,405.410000
815.700000,-595.372000,335.105000
815.700000,-604.264000,462.600000
816.848000,-628.600000,352.950000
865.638000,-628.600000,382.190000
815.946000,-628.600000,393.585000
823.408000,-628.600000,487.325000
853.338000,-628.600000,392.295000
906.700000,-544.182000,325.735000
906.700000,-554.588000,333.775000
899.746000,-541.000000,337.075000
880.226000,-541.000000,337.060000
784.700000,-549.127000,333.415000
784.700000,-573.250000,325.345000
823.740000,-584.000000,329.740000
819.104000,-584.000000,328.630000
897.916000,-564.564000,340.000000
850.458000,-548.955000,340.000000
824.106000,-556.609000,340.000000
546.562655,-1148.617884,332.080000
548.869326,-1145.198104,341.830000
550.201918,-1120.502210,354.730000
534.910320,-1110.187897,348.400000
522.584109,-1121.577333,347.410000
523.931205,-1119.580181,354.970000
531.429373,-1147.645161,340.090000
540.975740,-1154.084267,331.540000
548.782917,-1129.177938,355.000000
538.635604,-1133.080891,355.000000
532.523045,-1166.114886,393.098000
524.584742,-1177.883904,411.224000
503.721723,-1131.050740,354.302000
509.487679,-1134.939927,446.045000
512.289826,-1136.829999,484.682000
508.463818,-1134.249323,340.310000
473.359059,-1137.590146,474.347000
484.397526,-1121.224945,480.866000
520.450674,-1176.108663,435.551000
504.068892,-1165.059011,356.687000
516.947991,-1173.746073,382.604000
488.980408,-1154.881700,346.511000
501.175412,-1160.979566,485.000000
504.434236,-1159.867808,485.000000
506.927593,-1093.050321,363.088000
503.859421,-1095.534878,357.232000
499.299354,-1076.644917,348.204000
507.681902,-1086.996501,370.591000
496.709591,-1078.163024,333.259000
482.304413,-1089.828107,383.950000
479.952082,-1097.245465,379.375000
480.665731,-1098.126749,336.309000
489.465491,-1092.575837,387.000000
502.336579,-1087.781322,387.000000
568.781499,-1085.934466,411.655000
579.495233,-1077.258655,378.083000
596.798388,-1063.246836,398.793000
599.220937,-1041.036646,384.950000
577.124240,-1013.749497,401.954000
594.357549,-1035.030862,363.804000
554.350749,-1025.561721,358.354000
552.975977,-1026.674989,425.825000
569.236202,-1013.507718,328.815000
545.647694,-1071.809160,331.649000
560.801729,-1090.522834,340.696000
553.859066,-1081.949360,402.935000
564.924338,-1030.186110,434.000000
572.912581,-1056.431933,434.000000
620.199427,-1033.159402,357.392000
615.771250,-1036.745270,340.816000
608.796309,-1006.953533,349.552000
608.944199,-1007.136163,347.824000
588.739121,-998.157756,341.744000
595.310668,-992.836223,354.832000
610.782721,-1031.652768,333.936000
604.778375,-1024.238018,329.840000
625.833596,-1028.415509,358.000000
607.169573,-1023.208829,358.000000
649.311366,-990.931540,327.837000
647.912503,-992.064317,330.829000
639.144896,-961.287131,336.153000
652.394607,-977.649162,333.238000
636.062680,-959.197049,333.458000
609.414345,-980.776445,335.647000
605.149403,-990.811902,330.774000
608.555285,-995.017816,327.056000
628.789004,-999.482239,337.000000
645.951993,-980.276041,337.000000
648.505752,-966.138441,340.767000
657.654314,-958.730081,343.146000
672.739449,-942.692704,331.251000
665.867270,-934.206270,351.687000
655.936230,-940.819964,360.735000
652.327165,-943.742528,360.228000
641.543220,-961.373137,351.180000
646.555757,-967.563104,329.769000
659.672421,-949.838527,366.000000
658.581791,-952.381621,366.000000
432.840413,-1098.423302,328.540000
422.885173,-1106.484897,328.390000
437.796718,-1062.631951,328.295000
434.867232,-1059.014337,328.609000
401.775233,-1060.528171,328.051000
418.193218,-1047.233148,328.828000
413.513333,-1099.383129,328.806000
410.367990,-1095.498953,328.047000
432.711537,-1063.092879,329.000000
418.958468,-1092.893055,329.000000
458.507788,-1043.418289,375.190000
460.024777,-1042.189855,351.725000
453.262013,-1020.567077,359.330000
462.064947,-1031.437795,365.960000
426.751751,-1035.678072,343.405000
430.133890,-1032.939270,380.195000
426.478950,-1038.341252,392.545000
430.814967,-1043.695787,329.430000
434.481016,-1037.849886,393.000000
459.339252,-1034.682147,393.000000
533.897483,-1015.594855,384.368000
520.117130,-1026.753965,347.824000
532.603920,-1013.209287,368.752000
520.604668,-998.391445,361.840000
513.857971,-1002.227062,353.072000
508.292829,-1006.733625,375.856000
501.202839,-1023.691669,337.456000
495.861797,-1017.096031,389.872000
508.944565,-1008.129565,390.000000
520.132182,-1020.319559,390.000000
499.625162,-1005.362683,332.802000
494.049139,-1009.878057,343.533000
512.843529,-982.198967,369.846000
509.992079,-978.677719,354.264000
489.421210,-984.030211,357.890000
500.382854,-975.153647,364.995000
487.163230,-1006.101989,345.885000
487.148755,-1006.084114,375.726000
512.181020,-991.614098,377.000000
494.818800,-1003.542872,377.000000
550.756801,-1002.872572,337.690000
553.904242,-1000.323824,337.928000
533.900115,-966.007240,329.360000
548.716834,-984.304364,345.374000
507.933464,-968.065210,355.064000
508.632896,-967.498821,352.820000
538.837493,-1011.829787,346.768000
517.292080,-985.223418,360.266000
531.114748,-997.446493,362.000000
550.740200,-991.212532,362.000000
614.055620,-949.079287,330.355000
591.727439,-967.160291,329.340000
617.995301,-944.445252,329.135000
598.096190,-919.871896,330.435000
589.482531,-925.228356,332.910000
573.791177,-937.934964,331.530000
556.232082,-965.103988,331.690000
550.519111,-958.049057,332.625000
581.036553,-954.248936,333.000000
594.856460,-958.326485,333.000000
558.659294,-947.153584,366.449000
553.729080,-951.145993,342.908000
592.625402,-912.232777,352.541000
589.447963,-908.308967,355.334000
563.272954,-921.542603,338.576000
577.542131,-909.987651,367.817000
544.588290,-949.841843,381.668000
545.658134,-951.162991,380.300000
576.367261,-917.939014,386.000000
558.666138,-944.544927,386.000000
648.505265,-915.244001,343.192000
659.542292,-906.306393,331.942000
650.676625,-876.137472,338.782000
660.191950,-887.887919,335.884000
608.057708,-890.093607,334.390000
605.287960,-892.336505,339.826000
624.371381,-929.460050,329.980000
609.277132,-910.820205,343.768000
604.088822,-901.066708,346.000000
662.349478,-898.532282,346.000000
706.108585,-846.062394,331.990000
691.731385,-857.704821,353.935000
681.939346,-865.634258,437.858000
692.194827,-814.499741,432.405000
691.512014,-813.656538,383.062000
687.929244,-815.747150,399.953000
671.104034,-829.371936,412.189000
669.549742,-830.630577,352.605000
656.971854,-850.453779,367.501000
653.293476,-845.911361,441.316000
686.544863,-859.562882,461.000000
695.257830,-851.651565,461.000000
722.710082,-817.191349,343.904000
722.651796,-817.238548,340.730000
735.360287,-798.053333,396.068000
728.580619,-789.681139,355.841000
715.180183,-788.546432,379.163000
719.085342,-785.384097,370.952000
712.108517,-809.065181,362.327000
715.523839,-813.282752,386.063000
728.868547,-803.900863,398.000000
724.415333,-814.212309,398.000000
763.900000,-686.311000,353.698000
763.900000,-679.395000,341.154000
752.098000,-675.500000,341.742000
757.033000,-675.500000,351.885000
742.900000,-688.686000,378.786000
742.900000,-691.840000,362.616000
760.225000,-694.500000,366.781000
751.153000,-694.500000,373.347000
754.975000,-676.317000,383.000000
763.438000,-676.906000,383.000000
743.559197,-707.151954,353.560000
739.572438,-710.380368,334.880000
722.861341,-673.651919,343.760000
747.442595,-704.007240,343.600000
719.123178,-669.035672,334.000000
711.253021,-675.408800,352.360000
708.067248,-685.574035,364.200000
706.226486,-683.300883,361.120000
719.257056,-691.451986,370.000000
713.287061,-673.935379,370.000000
766.000000,-652.924000,362.900000
766.000000,-645.280000,338.492000
753.298000,-578.200000,354.116000
716.871000,-578.200000,346.376000
693.000000,-601.990000,345.296000
693.000000,-594.268000,354.260000
724.901000,-656.200000,336.512000
746.947000,-656.200000,362.144000
707.819000,-611.818000,371.000000
694.971000,-635.062000,371.000000
747.020000,-599.104000,371.000000
765.700000,-563.680000,353.220000
765.700000,-545.080000,335.460000
736.900000,-537.600000,348.340000
744.940000,-537.600000,339.840000
705.700000,-562.040000,343.440000
705.700000,-572.760000,344.220000
750.280000,-577.600000,338.560000
730.360000,-577.600000,348.600000
706.660000,-542.640000,354.000000
708.760000,-539.840000,354.000000
708.600000,-550.932000,357.605000
708.600000,-557.988000,336.320000
708.600000,-539.508000,519.715000
675.588000,-536.400000,520.145000
707.802000,-536.400000,383.405000
683.190000,-536.400000,450.700000
666.600000,-574.914000,467.685000
666.600000,-559.542000,430.490000
666.600000,-548.328000,381.685000
668.658000,-578.400000,415.010000
670.128000,-578.400000,477.575000
707.046000,-578.400000,527.885000
438.042964,-1009.855455,342.360000
419.368146,-1024.978024,329.960000
436.169399,-1005.634976,332.560000
417.667380,-982.786885,338.720000
402.939733,-975.230271,362.800000
402.916419,-975.249151,347.480000
395.771489,-1003.418184,353.040000
408.167842,-1018.726405,356.240000
416.014083,-1005.247856,369.000000
394.669301,-988.232658,369.000000
468.216362,-978.061011,370.640000
482.292030,-966.662760,328.000000
472.229075,-945.693498,350.632000
473.412827,-947.155309,345.958000
437.443177,-929.635349,330.542000
428.291507,-937.046226,363.834000
449.405067,-968.356697,392.534000
441.154676,-958.168314,381.792000
461.855059,-943.459143,410.000000
454.162471,-925.264494,410.000000
501.011645,-947.069317,331.530000
499.426267,-948.353131,332.875000
488.869587,-911.672163,330.310000
509.825956,-937.551123,328.970000
460.056673,-915.896021,329.085000
466.234984,-910.892924,330.065000
486.605976,-956.547307,332.865000
459.450801,-923.013459,331.160000
467.021901,-927.691283,333.000000
475.702868,-912.812341,333.000000
566.058653,-896.879152,347.753000
533.418523,-923.310608,348.971000
571.454158,-891.815108,342.608000
544.984942,-859.128349,332.570000
527.506741,-850.892301,337.484000
522.703979,-854.781501,337.169000
497.676518,-896.048255,332.339000
516.669408,-919.502520,341.768000
509.453562,-872.073951,350.000000
508.300012,-879.802167,350.000000
591.158490,-879.026863,330.185000
622.259871,-853.841461,342.890000
623.307107,-840.833548,341.510000
622.023293,-839.248171,331.175000
589.578147,-841.703813,337.850000
567.662631,-859.450648,334.460000
574.658231,-876.098133,334.190000
572.203881,-873.067264,337.745000
613.778375,-856.810759,344.000000
613.226790,-830.196871,344.000000
571.683348,-851.564865,328.855000
572.476037,-850.922958,333.314000
571.872756,-827.439154,327.147000
582.539737,-840.611778,327.847000
547.184971,-832.800473,332.432000
551.008529,-829.704216,329.380000
558.092581,-858.092527,330.724000
543.687438,-840.303656,330.913000
555.195004,-853.799260,334.000000
560.841882,-830.311142,334.000000
592.526840,-812.310664,342.785000
577.630507,-824.373478,357.730000
590.049159,-798.827039,334.245000
591.669030,-800.827413,330.395000
588.001370,-799.247444,360.705000
582.953030,-803.335509,338.025000
566.129503,-820.137228,352.130000
571.070927,-826.239378,345.690000
576.861218,-817.067423,362.000000
574.727885,-814.127885,362.000000
618.400848,-800.453326,346.416000
635.686906,-786.455352,353.296000
635.741774,-780.440357,338.576000
633.614671,-777.813603,328.304000
617.871860,-775.146501,330.768000
605.025637,-785.549167,335.312000
609.768452,-794.447431,354.928000
609.416032,-794.012229,342.320000
621.948403,-780.595346,358.000000
629.463792,-772.733776,358.000000
671.554329,-805.034510,338.536000
674.574318,-802.588971,338.606000
665.281594,-769.962025,335.120000
682.217865,-790.876577,327.672000
633.318379,-761.365317,331.690000
634.738225,-760.215548,330.738000
655.118059,-803.492560,328.274000
630.991174,-773.698338,333.804000
652.529420,-757.301859,341.000000
651.793785,-768.420684,341.000000
723.218306,-755.023694,331.310000
699.997185,-773.827787,355.924000
710.090068,-711.353478,354.746000
713.142272,-715.122636,331.713000
659.718330,-742.106982,347.151000
692.125317,-715.864322,338.502000
661.919475,-747.208694,339.587000
684.103019,-774.603089,345.291000
700.124525,-771.601516,362.000000
684.708659,-742.458366,362.000000
415.747648,-934.001495,332.528000
438.033863,-915.954474,343.040000
435.079161,-906.380281,346.136000
424.544338,-893.370858,346.982000
394.707502,-871.260377,341.744000
377.499159,-885.195418,332.924000
392.382537,-906.091861,337.334000
395.191824,-909.561041,336.866000
420.692436,-912.525664,347.000000
390.151930,-902.393414,347.000000
452.456378,-902.008596,335.277000
457.958572,-897.553007,342.364000
455.303244,-873.298943,330.622000
465.611512,-886.028594,346.525000
426.211940,-865.356742,344.986000
425.325994,-866.074167,331.686000
436.944763,-898.298579,340.350000
421.057570,-878.679530,335.828000
453.250377,-877.914435,347.000000
443.143203,-873.012719,347.000000
511.545525,-856.114209,337.104000
492.987279,-871.142380,339.696000
512.994042,-822.626830,333.200000
512.910972,-822.524247,343.200000
466.391112,-850.216466,329.280000
494.135223,-827.749728,330.704000
461.921024,-854.897849,341.376000
478.659688,-875.568377,334.208000
477.169858,-858.855404,344.000000
486.536359,-850.591152,344.000000
488.421777,-822.727253,351.405000
487.385842,-823.566137,349.917000
489.548536,-819.745712,343.841000
483.945067,-812.826005,356.706000
468.806755,-807.728955,336.246000
443.008618,-828.619874,332.495000
447.023735,-835.559633,328.682000
449.651777,-838.804994,339.284000
460.831318,-821.043192,359.000000
449.540778,-836.208126,359.000000
538.250285,-830.178159,354.318000
545.300553,-824.468965,346.778000
549.930097,-812.080730,347.213000
552.897972,-815.745751,353.129000
532.231202,-811.890645,340.137000
529.314573,-814.252484,330.480000
529.049106,-829.198279,333.032000
523.838333,-822.763510,336.831000
538.367344,-807.755515,356.000000
541.728424,-814.437405,356.000000
531.494222,-803.224140,327.768000
524.593166,-808.812505,330.948000
527.527146,-776.730484,332.298000
525.280472,-773.956073,332.262000
501.750782,-783.560078,330.834000
513.291399,-774.214670,327.576000
517.500237,-812.018755,329.370000
515.510326,-809.561420,328.890000
517.256987,-808.190752,333.000000
516.221409,-792.229413,333.000000
578.509587,-795.149876,330.082000
580.164908,-793.809423,334.242000
544.743966,-746.445247,326.910000
564.680836,-771.065231,337.089000
541.473110,-747.935850,336.725000
521.119657,-764.417751,326.936000
530.227486,-776.189359,333.553000
540.573513,-788.965639,329.783000
554.733714,-788.384921,339.000000
540.685268,-786.481768,339.000000
577.385053,-754.348773,329.000000
586.915971,-746.630788,329.654000
593.121435,-736.363444,327.536000
594.548734,-738.126011,330.968000
577.692044,-736.085543,326.072000
572.469623,-740.314576,326.282000
569.995723,-752.298008,330.602000
566.832758,-748.392072,327.596000
584.222975,-739.389879,332.000000
585.493457,-739.045619,332.000000
619.453123,-740.795122,331.870000
614.883505,-744.495526,330.850000
619.923917,-715.872802,329.420000
615.775437,-710.749856,333.040000
594.815195,-719.570216,326.980000
603.977746,-712.150529,325.230000
605.792581,-746.092527,334.530000
605.953688,-746.291477,327.420000
617.438465,-713.232558,335.000000
608.653954,-730.557839,335.000000
601.566903,-714.225299,352.809000
609.673312,-707.660858,342.480000
603.908150,-694.919538,344.757000
607.938947,-699.897158,349.707000
601.371248,-695.082344,336.672000
602.603802,-694.084242,356.934000
557.134713,-734.089113,328.620000
560.674640,-738.460560,331.161000
570.647878,-721.988285,357.000000
564.361827,-735.937968,357.000000
651.670307,-730.175103,326.180000
676.756579,-709.860641,335.720000
686.723834,-685.462912,341.300000
689.027146,-688.307266,340.100000
640.466329,-660.755572,336.400000
624.565923,-673.631468,344.480000
627.772353,-708.004841,331.520000
617.868109,-695.774117,328.860000
673.049173,-706.426468,345.000000
667.048866,-685.382951,345.000000
324.452481,-1029.299044,327.940000
321.165154,-1031.961069,331.144000
302.396369,-957.871485,325.012000
276.314185,-925.662671,333.772000
238.515025,-925.177283,334.084000
248.761694,-916.879693,336.400000
292.147652,-1016.721082,331.144000
301.408101,-1028.156785,327.028000
320.113686,-986.257570,337.000000
292.867586,-987.649234,337.000000
286.193312,-963.175397,337.000000
375.039849,-969.514156,341.120000
390.103269,-957.316039,343.045000
379.354119,-939.641958,332.545000
384.498813,-945.995127,350.710000
324.048504,-978.637144,359.005000
375.087565,-937.306527,358.375000
322.650653,-982.439127,350.465000
330.139566,-991.687164,331.040000
341.742993,-981.872698,361.000000
336.443058,-989.091878,361.000000
367.858427,-939.743850,343.596000
352.708744,-952.011822,340.186000
359.308548,-928.670787,338.228000
356.514365,-925.220259,345.004000
287.470428,-862.010457,332.838000
268.921508,-877.031076,349.822000
283.463203,-920.816435,349.470000
272.496036,-907.273112,332.640000
303.259679,-900.643486,352.000000
334.525578,-918.316784,352.000000
285.420736,-875.525180,352.000000
371.282937,-875.337682,433.128000
371.474115,-875.182869,384.816000
387.055114,-862.565624,443.028000
374.057956,-833.159793,400.920000
355.571040,-810.330353,413.724000
372.109580,-830.753749,400.656000
330.337098,-815.848280,368.580000
336.422928,-810.920072,442.632000
343.400922,-805.269404,358.284000
347.904166,-866.012197,336.372000
357.419490,-877.762644,339.540000
354.111782,-873.677965,448.044000
350.570614,-815.491379,459.000000
361.420491,-854.233073,459.000000
403.950936,-839.713140,348.802000
412.647199,-832.671045,336.108000
385.308253,-797.909179,343.412000
393.804079,-808.400649,340.926000
355.117382,-802.052198,338.044000
374.328431,-786.495398,345.744000
352.063199,-804.525427,332.654000
373.850271,-831.430220,328.562000
392.409050,-848.055902,349.000000
381.436829,-835.555088,349.000000
468.109923,-784.625246,329.478000
462.654359,-789.043075,332.460000
468.359836,-781.158361,340.048000
463.087390,-774.647432,335.526000
429.154504,-740.251908,336.632000
417.781750,-749.461382,338.592000
423.205328,-768.300613,333.216000
421.126054,-765.732922,327.658000
450.775158,-783.554817,341.000000
455.526570,-774.620640,341.000000
487.672254,-768.402065,326.000000
490.106276,-766.431034,326.000000
492.580204,-738.381099,326.000000
474.037908,-715.483270,326.000000
457.977916,-717.816012,326.000000
460.028804,-716.155235,326.000000
468.619449,-754.873486,326.000000
479.971130,-768.891645,326.000000
485.460151,-741.385418,326.000000
484.262013,-753.177299,326.000000
574.714182,-689.971714,333.784000
585.396830,-681.321076,330.456000
574.334911,-667.522498,329.880000
576.458867,-670.145366,333.960000
550.758526,-674.628113,325.976000
567.052945,-661.433152,337.464000
561.533893,-697.796015,338.056000
556.062582,-691.039508,340.968000
554.312309,-686.620110,341.000000
562.147324,-692.609030,341.000000
559.401157,-705.038573,328.680000
555.817737,-707.940370,326.580000
539.063948,-672.044283,327.455000
558.144943,-695.607348,327.675000
536.008783,-672.510962,326.235000
521.494805,-684.264150,328.770000
521.183686,-696.045454,325.010000
522.316463,-697.444317,329.865000
529.637515,-690.126146,330.000000
553.936934,-699.581101,330.000000
519.807937,-683.917205,339.752000
526.758730,-678.288564,329.672000
546.361481,-657.604662,335.848000
540.995896,-650.978715,333.176000
526.603319,-660.399779,331.928000
526.235729,-660.697448,336.680000
511.155676,-682.456790,328.024000
514.776786,-686.928488,340.184000
529.068326,-659.412476,341.000000
529.656232,-672.915755,341.000000
586.173890,-644.458970,325.808000
576.582044,-652.198615,329.968000
588.373339,-621.369564,345.464000
588.792190,-621.888652,335.662000
564.690449,-624.530504,339.094000
578.750968,-613.185095,341.356000
573.216135,-648.766097,332.750000
569.191520,-643.778336,347.050000
595.659580,-631.923476,349.000000
576.916215,-646.563040,349.000000
289.558808,-835.727584,337.290000
288.703614,-836.326398,335.505000
278.684824,-812.258267,328.750000
289.596542,-827.841816,343.170000
276.508063,-809.463351,355.210000
265.537979,-817.144687,350.835000
264.256127,-823.033996,346.635000
266.684650,-826.502286,358.500000
277.296915,-833.090873,362.000000
288.655762,-832.147011,362.000000
248.496932,-869.292690,326.734000
257.473448,-862.152447,323.066000
265.066140,-833.777376,323.304000
223.077528,-780.990456,326.132000
207.658551,-780.388033,333.888000
204.444379,-782.944701,329.198000
214.287388,-829.376089,330.472000
244.625639,-867.516497,332.264000
234.010147,-819.757346,334.000000
255.648555,-852.072080,334.000000
320.147897,-803.602939,326.000000
312.056395,-810.085455,326.000000
319.330770,-769.725354,326.000000
316.682867,-766.420231,326.000000
286.284000,-760.259103,326.000000
299.295336,-749.835058,326.000000
302.713365,-800.163572,326.000000
298.586764,-795.012731,326.000000
309.590531,-763.504444,326.000000
312.920775,-804.459780,326.000000
294.402395,-706.125212,327.412000
295.480294,-705.137499,324.680000
295.834044,-690.777923,326.436000
300.717210,-696.106964,325.556000
270.804871,-710.115916,325.456000
274.665255,-706.578526,326.432000
269.493127,-712.358223,324.480000
271.653664,-714.716035,327.308000
274.826812,-708.616909,328.000000
298.360125,-701.687528,328.000000
355.861838,-703.753366,325.280000
347.596959,-711.326732,326.022000
355.592984,-702.616257,330.565000
350.113947,-696.636938,327.555000
346.262257,-698.986344,328.857000
343.278496,-701.720458,329.088000
337.983819,-711.522783,327.142000
342.125186,-716.042293,330.621000
348.803052,-709.380620,332.000000
349.283412,-709.482987,332.000000
334.626713,-699.055783,325.130000
331.502869,-701.918258,324.605000
342.843944,-687.661861,328.905000
341.997429,-686.738052,325.700000
332.489112,-691.520142,327.685000
338.386593,-686.116096,326.795000
329.199818,-700.895467,326.465000
329.109964,-700.797409,327.890000
340.822238,-691.024021,329.000000
328.623009,-695.091256,329.000000
368.265180,-688.895347,325.648000
370.802319,-686.766434,324.388000
362.339012,-666.876086,324.672000
370.820595,-676.984042,325.264000
342.101017,-672.992875,327.692000
343.052444,-672.194533,326.140000
357.563529,-696.966535,326.716000
345.409701,-682.482167,327.016000
351.804998,-686.239367,328.000000
354.972873,-663.214239,328.000000
407.937150,-664.212755,328.392000
401.720105,-680.158650,326.292000
409.019766,-660.389880,327.416000
392.025718,-653.764178,327.164000
388.820202,-658.186879,326.440000
384.840784,-668.393557,328.040000
383.280930,-687.920821,329.460000
396.604114,-693.115314,328.916000
390.351921,-675.125323,330.000000
385.733460,-668.966993,330.000000
423.516722,-660.202725,340.915000
420.759123,-663.929405,326.912000
434.181207,-629.945445,336.260000
427.677201,-625.132734,331.073000
408.138619,-632.231021,331.624000
415.349061,-622.486668,335.234000
409.549810,-658.991268,326.969000
411.461381,-660.405757,339.395000
416.593378,-630.214596,345.000000
402.180003,-643.988934,345.000000
402.500351,-604.752684,370.579000
401.937309,-604.280235,324.176000
378.635443,-630.855521,358.623000
391.378065,-615.669456,334.907000
367.104058,-648.154475,346.618000
367.214368,-648.247037,345.638000
399.831532,-610.262177,334.662000
379.961682,-633.942143,356.369000
367.845533,-648.264927,372.000000
369.239758,-642.636259,372.000000
574.001840,-582.207688,325.768000
557.951677,-595.675374,345.976000
571.227033,-562.519029,343.912000
571.076620,-562.339775,327.232000
567.685196,-564.010651,338.032000
550.559507,-578.380810,332.488000
531.445747,-599.118625,332.176000
529.305264,-596.567697,337.744000
552.311535,-596.178496,346.000000
553.246771,-579.063095,346.000000
562.900000,-551.969000,330.232000
562.900000,-552.410000,345.400000
553.220000,-533.300000,324.376000
538.020000,-533.300000,326.656000
522.900000,-541.154000,342.520000
522.900000,-536.555000,331.912000
543.100000,-554.300000,336.640000
550.420000,-554.300000,337.168000
548.260000,-540.923000,346.000000
528.860000,-549.659000,346.000000
503.952274,-654.008898,340.370000
513.229072,-646.224740,352.579000
510.072725,-629.558423,333.265000
514.463607,-634.791273,329.930000
483.996287,-635.507962,326.189000
480.028177,-638.837602,336.252000
489.491710,-659.481258,348.113000
481.681840,-650.173818,342.603000
508.475045,-630.758052,354.000000
502.405936,-626.193236,354.000000
492.540161,-602.672961,321.000000
484.597013,-608.878829,321.000000
480.726254,-571.804559,321.000000
478.129394,-568.480730,321.000000
450.206200,-588.794203,321.000000
463.582682,-578.343349,321.000000
452.485273,-592.507175,321.000000
450.594577,-590.087194,321.000000
462.655811,-591.369363,321.000000
469.940904,-582.672590,321.000000
470.500000,-570.004000,321.000000
470.500000,-569.444000,321.000000
468.900000,-563.200000,321.000000
464.090000,-563.200000,321.000000
460.500000,-565.237000,321.000000
460.500000,-564.418000,321.000000
464.730000,-570.200000,321.000000
467.560000,-570.200000,321.000000
461.250000,-566.315000,321.000000
462.720000,-568.527000,321.000000
450.575940,-583.173969,321.000000
453.655010,-575.740434,321.000000
450.858270,-570.315197,321.000000
452.262567,-570.896875,321.000000
441.812437,-578.199677,321.000000
440.097250,-582.340505,321.000000
445.771533,-587.691261,321.000000
442.537955,-586.351869,321.000000
453.173680,-574.001899,321.000000
447.600565,-570.680320,321.000000
432.115519,-581.669013,322.100000
430.179618,-586.902433,324.412000
427.897871,-568.593635,321.120000
425.679764,-567.773132,321.288000
416.147159,-593.130931,324.144000
420.143858,-582.326451,322.164000
415.498663,-595.993758,323.168000
415.674049,-596.058635,323.040000
424.118011,-593.872354,325.000000
424.022144,-580.434452,325.000000
479.100000,-547.040000,321.000000
479.100000,-555.230000,321.000000
475.866000,-546.500000,321.000000
451.422000,-546.500000,321.000000
437.100000,-548.590000,321.000000
437.100000,-548.420000,321.000000
451.380000,-556.500000,321.000000
467.550000,-556.500000,321.000000
458.772000,-551.780000,321.000000
449.532000,-553.920000,321.000000
406.670750,-577.746979,321.000000
414.404779,-557.279464,321.000000
413.663966,-548.404685,321.000000
414.141043,-548.584957,321.000000
400.610695,-565.493892,321.000000
395.662047,-578.590109,321.000000
399.796251,-585.924954,321.000000
397.476350,-585.048336,321.000000
407.840385,-555.696955,321.000000
409.895968,-549.974108,321.000000
397.737681,-554.838017,321.000000
396.985545,-557.034828,321.000000
395.084784,-541.315644,321.000000
401.556008,-543.531239,321.000000
384.962181,-561.280135,321.000000
387.437234,-554.051096,321.000000
392.403421,-568.936259,321.000000
384.068409,-566.082547,321.000000
385.493696,-564.173285,321.000000
391.924921,-551.563625,321.000000
1356.329875,-487.836184,305.120000
1326.186981,-504.544663,346.280000
1351.951277,-466.372897,347.456000
1355.178655,-472.195241,358.544000
1346.610672,-469.213191,333.736000
1343.042224,-471.191214,314.808000
1312.545325,-494.290614,320.072000
1317.483111,-503.198615,327.072000
1336.044907,-498.071887,360.000000
1325.262378,-489.906594,360.000000
1269.500000,-519.530000,314.768000
1269.500000,-500.060000,329.468000
1249.935000,-494.600000,335.936000
1246.685000,-494.600000,335.600000
1204.500000,-507.560000,329.076000
1204.500000,-521.090000,313.732000
1241.160000,-524.600000,322.244000
1231.540000,-524.600000,319.864000
1254.615000,-503.750000,337.000000
1230.045000,-496.130000,337.000000
1269.000000,-436.675000,315.232000
1269.000000,-436.051000,321.847000
1252.611000,-416.200000,310.108000
1268.379000,-416.200000,326.446000
1242.000000,-444.982000,325.984000
1242.000000,-437.884000,310.045000
1265.490000,-455.200000,320.839000
1244.403000,-455.200000,314.623000
1257.795000,-455.161000,328.000000
1253.286000,-430.942000,328.000000
1188.300000,-503.408000,318.106000
1188.300000,-523.184000,319.548000
1140.876000,-496.400000,314.676000
1152.108000,-496.400000,322.614000
1136.300000,-497.808000,311.260000
1136.300000,-503.728000,311.680000
1145.400000,-528.400000,321.844000
1175.924000,-528.400000,314.746000
1157.048000,-518.576000,324.000000
1159.284000,-518.960000,324.000000
1131.300000,-523.120000,315.295000
1131.300000,-493.160000,314.974000
1125.850000,-486.600000,314.563000
1122.075000,-486.600000,315.631000
1106.300000,-500.600000,313.828000
1106.300000,-522.680000,313.288000
1118.325000,-526.600000,313.096000
1117.175000,-526.600000,313.945000
1111.625000,-502.080000,316.000000
1117.950000,-487.920000,316.000000
1190.100000,-460.626000,319.608000
1190.100000,-458.538000,317.064000
1150.276000,-449.700000,317.656000
1186.908000,-449.700000,318.816000
1114.100000,-461.508000,315.696000
1114.100000,-460.050000,312.568000
1173.912000,-467.700000,313.744000
1122.232000,-467.700000,314.320000
1116.076000,-451.158000,320.000000
1151.416000,-456.180000,320.000000
1203.900000,-418.272000,312.692000
1203.900000,-436.848000,328.706000
1125.880000,-407.400000,338.362000
1136.690000,-407.400000,336.152000
1109.900000,-441.996000,330.066000
1109.900000,-416.292000,309.598000
1118.642000,-443.400000,321.736000
1183.220000,-443.400000,317.044000
1188.860000,-435.300000,342.000000
1158.310000,-432.132000,342.000000
963.800000,-519.108000,324.972000
963.800000,-499.535000,325.755000
959.176000,-496.200000,324.237000
950.642000,-496.200000,326.412000
929.800000,-502.341000,326.505000
929.800000,-517.360000,324.069000
943.366000,-519.200000,325.773000
945.202000,-519.200000,324.723000
952.036000,-507.010000,327.000000
948.160000,-496.522000,327.000000
1005.000000,-454.300000,335.260000
1005.000000,-447.760000,336.560000
974.060000,-433.600000,328.916000
1000.800000,-433.600000,342.254000
935.000000,-450.790000,322.546000
935.000000,-451.390000,347.948000
984.350000,-463.600000,342.202000
943.820000,-463.600000,327.642000
967.690000,-438.520000,348.000000
974.480000,-443.830000,348.000000
912.300000,-506.420000,394.600000
912.300000,-518.900000,378.600000
874.950000,-494.900000,370.200000
875.650000,-494.900000,400.500000
872.300000,-494.900000,393.600000
862.300000,-521.270000,345.800000
862.300000,-502.880000,422.400000
862.850000,-524.900000,421.300000
902.250000,-524.900000,344.300000
870.200000,-524.900000,329.400000
876.350000,-520.640000,425.000000
891.700000,-514.970000,425.000000
911.700000,-447.420000,344.075000
911.700000,-449.380000,334.775000
910.322000,-444.300000,337.950000
901.144000,-444.300000,340.250000
885.700000,-451.700000,331.850000
885.700000,-481.860000,345.725000
893.916000,-484.300000,325.725000
897.946000,-484.300000,326.200000
888.170000,-466.380000,347.000000
901.638000,-484.140000,347.000000
914.100000,-425.360000,328.176000
914.100000,-415.820000,371.648000
896.150000,-402.200000,406.800000
910.150000,-402.200000,394.424000
878.600000,-402.200000,325.576000
864.100000,-416.930000,381.320000
864.100000,-420.560000,417.200000
895.200000,-432.200000,355.944000
871.300000,-432.200000,335.976000
867.450000,-432.200000,362.808000
909.550000,-409.580000,425.000000
895.950000,-411.890000,425.000000
864.200000,-481.973000,351.145000
864.200000,-487.939000,367.577000
822.970000,-473.100000,331.869000
817.576000,-473.100000,384.878000
802.200000,-488.224000,391.514000
802.200000,-478.496000,402.179000
859.736000,-492.100000,372.238000
852.854000,-492.100000,340.480000
846.964000,-490.960000,410.000000
843.244000,-485.450000,410.000000
863.600000,-436.259000,365.839000
863.600000,-435.252000,365.602000
803.398000,-433.200000,346.563000
837.312000,-433.200000,382.903000
801.600000,-435.138000,406.287000
801.600000,-451.383000,400.204000
816.108000,-452.200000,386.932000
831.980000,-452.200000,338.505000
834.832000,-445.265000,410.000000
844.132000,-451.763000,410.000000
772.000000,-504.310000,387.636000
772.000000,-453.192000,369.018000
772.000000,-412.810000,367.974000
772.000000,-452.948000,368.931000
740.422000,-400.000000,366.321000
760.942000,-400.000000,388.071000
706.564000,-400.000000,340.047000
658.000000,-449.776000,345.093000
658.000000,-476.860000,407.124000
658.000000,-430.866000,399.120000
658.000000,-440.626000,372.237000
719.560000,-522.000000,410.865000
676.582000,-522.000000,339.177000
764.248000,-522.000000,371.280000
697.900000,-440.138000,420.000000
738.940000,-437.210000,420.000000
758.434000,-447.458000,420.000000
716.140000,-509.800000,420.000000
634.400000,-466.076000,378.724000
634.400000,-492.612000,350.674000
634.400000,-416.600000,330.346000
600.062000,-398.000000,362.620000
588.970000,-398.000000,365.128000
575.400000,-486.536000,346.450000
575.400000,-435.572000,379.582000
575.400000,-423.792000,354.040000
625.314000,-522.000000,330.346000
624.724000,-522.000000,328.036000
585.076000,-400.852000,391.000000
618.765000,-476.368000,391.000000
587.318000,-451.940000,391.000000
574.200000,-429.189000,319.000000
574.200000,-410.370000,334.330000
574.200000,-423.285000,350.920000
523.584000,-399.300000,350.752000
548.949000,-399.300000,343.528000
517.200000,-401.760000,340.462000
517.200000,-519.348000,352.726000
517.200000,-419.226000,323.998000
525.807000,-522.300000,330.214000
546.156000,-522.300000,319.924000
572.889000,-487.491000,361.000000
560.463000,-517.257000,361.000000
547.011000,-458.340000,361.000000
480.900000,-506.243000,324.236000
480.900000,-485.963000,328.548000
475.080000,-469.700000,345.376000
477.420000,-469.700000,334.680000
450.900000,-482.414000,338.544000
450.900000,-494.972000,340.812000
464.610000,-508.700000,331.684000
456.330000,-508.700000,346.944000
474.630000,-485.729000,347.000000
474.420000,-480.854000,347.000000
405.300000,-502.244000,319.984000
405.300000,-506.948000,319.528000
392.300000,-475.700000,318.024000
384.812000,-475.700000,321.280000
379.300000,-502.202000,324.072000
379.300000,-489.182000,323.032000
399.138000,-517.700000,322.120000
401.504000,-517.700000,324.784000
395.030000,-480.110000,325.000000
400.308000,-501.446000,325.000000
499.500000,-418.386000,315.882000
499.500000,-402.892000,316.416000
462.424000,-398.500000,316.370000
478.294000,-398.500000,315.978000
453.500000,-455.657000,316.860000
453.500000,-459.134000,315.540000
456.674000,-459.500000,315.348000
477.742000,-459.500000,315.102000
472.728000,-447.300000,315.000000
491.772000,-455.840000,315.000000
1271.200000,-292.260000,370.325000
1271.200000,-319.927000,329.695000
1271.200000,-318.248000,347.545000
1267.280000,-290.800000,349.585000
1266.510000,-290.800000,348.310000
1236.200000,-308.539000,328.845000
1236.200000,-339.491000,366.925000
1236.200000,-362.413000,377.975000
1249.325000,-363.800000,308.020000
1243.200000,-363.800000,385.540000
1244.320000,-326.862000,392.000000
1266.195000,-310.364000,392.000000
1217.300000,-332.322000,394.084000
1217.300000,-332.598000,334.141000
1196.450000,-315.900000,372.769000
1176.950000,-315.900000,353.194000
1167.300000,-328.527000,351.541000
1167.300000,-323.720000,372.247000
1201.350000,-338.900000,330.226000
1210.900000,-338.900000,391.300000
1169.600000,-320.224000,400.000000
1211.350000,-329.585000,400.000000
1167.900000,-318.840000,323.266000
1167.900000,-281.565000,332.053000
1167.900000,-325.035000,385.645000
1138.980000,-276.000000,389.038000
1148.700000,-276.000000,351.106000
1127.900000,-365.775000,367.723000
1127.900000,-277.260000,370.159000
1127.900000,-369.555000,329.791000
1167.340000,-381.000000,346.495000
1149.700000,-381.000000,389.212000
1162.300000,-368.610000,400.000000
1164.100000,-372.810000,400.000000
1100.100000,-304.590000,361.032000
1100.100000,-317.100000,343.652000
1100.100000,-323.040000,394.212000
1097.200000,-300.000000,322.480000
1084.900000,-300.000000,378.254000
1083.400000,-300.000000,343.494000
1028.900000,-300.000000,321.532000
1050.900000,-300.000000,355.976000
1000.100000,-307.245000,441.770000
1000.100000,-330.825000,412.856000
1000.100000,-338.070000,450.934000
1029.300000,-345.000000,403.218000
1021.900000,-345.000000,447.458000
1052.500000,-345.000000,400.216000
1048.000000,-345.000000,327.536000
1056.200000,-345.000000,372.882000
1067.400000,-325.920000,471.000000
1093.100000,-311.205000,471.000000
997.200000,-377.595000,372.410000
997.200000,-374.445000,337.530000
977.100000,-349.700000,345.814000
947.700000,-349.700000,361.401000
989.880000,-349.700000,414.048000
937.200000,-366.045000,319.218000
937.200000,-362.230000,385.272000
973.080000,-384.700000,401.513000
990.660000,-384.700000,409.143000
965.940000,-384.700000,344.179000
966.420000,-359.150000,428.000000
994.440000,-369.860000,428.000000
998.100000,-276.185000,392.793000
998.100000,-260.225000,334.805000
959.640000,-259.000000,366.088000
968.220000,-259.000000,358.676000
993.540000,-259.000000,379.168000
938.100000,-286.020000,339.492000
938.100000,-260.085000,382.547000
992.340000,-294.000000,421.896000
971.940000,-294.000000,406.418000
964.140000,-294.000000,418.190000
956.160000,-292.775000,428.000000
996.840000,-290.640000,428.000000
879.400000,-363.155000,386.273000
879.400000,-367.226000,333.591000
857.619000,-358.900000,368.949000
875.467000,-358.900000,349.140000
856.400000,-360.694000,351.554000
856.400000,-375.092000,364.689000
861.230000,-381.900000,334.230000
861.828000,-381.900000,380.238000
859.045000,-374.057000,396.000000
856.469000,-364.213000,396.000000
830.200000,-378.228000,331.528000
830.200000,-372.148000,334.984000
822.136000,-350.100000,385.960000
803.192000,-350.100000,350.752000
798.200000,-362.388000,368.320000
798.200000,-362.164000,366.520000
814.712000,-382.100000,350.752000
827.288000,-382.100000,382.288000
827.896000,-361.396000,400.000000
799.064000,-367.956000,400.000000
889.700000,-327.169000,342.352000
889.700000,-297.648000,328.904000
854.546000,-296.800000,404.262000
857.129000,-296.800000,346.862000
830.417000,-296.800000,371.298000
826.700000,-333.370000,384.254000
826.700000,-299.397000,364.820000
878.423000,-349.800000,364.164000
863.366000,-349.800000,382.778000
845.474000,-349.800000,400.654000
873.446000,-299.291000,405.000000
829.976000,-343.705000,405.000000
918.300000,-270.244000,327.642000
918.300000,-272.676000,323.528000
835.356000,-261.700000,324.947000
900.156000,-261.700000,325.937000
822.300000,-293.572000,333.263000
822.300000,-284.804000,328.346000
834.492000,-293.700000,330.579000
846.780000,-293.700000,330.755000
875.676000,-285.412000,334.000000
829.596000,-268.484000,334.000000
775.600000,-349.270000,395.272000
775.600000,-339.085000,331.616000
768.290000,-315.600000,368.676000
738.534000,-315.600000,355.378000
732.600000,-326.170000,341.971000
732.600000,-329.425000,379.249000
751.219000,-350.600000,424.375000
772.504000,-350.600000,403.120000
748.467000,-330.825000,438.000000
736.943000,-334.500000,438.000000
769.600000,-294.688000,396.666000
769.600000,-311.104000,414.911000
749.608000,-263.200000,374.950000
747.130000,-263.200000,345.402000
727.600000,-292.336000,353.234000
727.600000,-266.464000,364.893000
758.638000,-311.200000,331.429000
752.842000,-311.200000,384.384000
735.286000,-269.440000,415.000000
732.850000,-304.816000,415.000000
706.400000,-275.950000,338.696000
706.400000,-274.375000,338.600000
668.082000,-253.900000,334.776000
696.208000,-253.900000,326.104000
657.400000,-311.419000,330.872000
657.400000,-300.583000,329.608000
659.605000,-316.900000,326.952000
670.777000,-316.900000,333.112000
706.253000,-305.812000,339.000000
664.701000,-266.122000,339.000000
646.650000,-252.908000,329.185000
646.650000,-333.164000,372.250000
646.650000,-374.348000,336.775000
634.931100,-247.100000,370.765000
527.979300,-247.100000,329.295000
550.474200,-247.100000,374.120000
511.950000,-276.008000,357.290000
511.950000,-301.616000,341.340000
511.950000,-298.976000,356.520000
559.229700,-379.100000,343.870000
639.376200,-379.100000,353.385000
521.648400,-379.100000,338.865000
621.191700,-315.476000,375.000000
535.387800,-315.872000,375.000000
643.686600,-279.968000,375.000000
531.077400,-329.468000,375.000000
560.307300,-248.420000,375.000000
502.100000,-345.954000,325.238000
502.100000,-378.007000,351.596000
502.100000,-249.130000,354.264000
452.189000,-247.800000,314.014000
431.869000,-247.800000,315.670000
417.137000,-247.800000,339.544000
375.100000,-317.625000,348.744000
375.100000,-259.238000,325.744000
375.100000,-294.084000,324.778000
458.412000,-380.800000,337.520000
453.713000,-380.800000,335.818000
378.529000,-380.800000,310.012000
454.348000,-275.996000,355.000000
400.246000,-360.584000,355.000000
413.073000,-286.902000,355.000000
377.259000,-363.776000,355.000000
418.026000,-270.543000,355.000000
1095.100000,-193.952000,340.560000
1095.100000,-183.202000,355.080000
994.444000,-156.800000,330.800000
1062.556000,-156.800000,323.800000
1005.244000,-156.800000,332.720000
951.100000,-228.266000,321.040000
951.100000,-222.074000,332.560000
1089.628000,-242.800000,351.240000
993.148000,-242.800000,341.320000
1092.508000,-242.800000,347.040000
1014.172000,-234.716000,359.000000
983.212000,-171.850000,359.000000
1040.236000,-186.040000,359.000000
1079.692000,-167.206000,359.000000
921.400000,-169.625000,507.226000
921.400000,-207.650000,545.127000
921.400000,-167.600000,411.093000
921.400000,-227.900000,363.654000
921.400000,-207.350000,447.990000
921.025000,-160.100000,445.731000
853.975000,-160.100000,349.096000
877.975000,-160.100000,330.522000
885.400000,-160.100000,494.174000
891.100000,-160.100000,461.293000
846.400000,-170.375000,384.487000
846.400000,-192.500000,404.065000
846.400000,-179.450000,500.951000
846.400000,-224.825000,373.443000
846.400000,-193.025000,474.596000
866.500000,-235.100000,574.243000
918.775000,-235.100000,459.034000
916.600000,-235.100000,420.380000
864.925000,-235.100000,503.712000
881.950000,-235.100000,488.150000
994.700000,-85.142200,327.208000
994.700000,-87.690200,326.677000
980.083000,-70.200000,325.012000
967.816000,-70.200000,319.648000
947.700000,-78.244400,322.807000
947.700000,-72.111000,321.619000
974.678000,-88.400000,320.611000
977.639000,-88.400000,323.590000
950.802000,-75.569000,328.000000
960.437000,-85.306000,328.000000
999.211664,-54.109704,322.646000
999.998824,-50.308655,342.356000
975.621930,-40.231148,343.058000
990.921308,-43.399497,321.269000
957.276341,-49.494155,336.443000
957.175778,-49.979751,327.182000
992.594565,-61.208840,329.855000
969.151971,-56.354112,333.095000
992.591582,-61.016131,347.000000
971.499427,-42.119083,347.000000
856.917059,-109.797359,328.985000
852.815639,-116.041175,339.884000
831.564754,-88.542947,323.840000
831.713528,-88.640674,323.483000
828.728130,-87.868424,339.716000
824.727730,-93.958451,328.082000
824.706001,-106.052231,334.571000
848.420530,-121.629765,332.681000
842.993996,-111.086557,344.000000
833.905779,-100.735800,344.000000
883.833309,-94.035740,323.826000
883.326971,-94.846050,325.680000
883.762325,-67.903831,322.356000
865.035727,-56.202154,326.994000
839.152156,-50.428657,326.892000
842.229132,-45.504466,322.302000
856.242911,-79.597664,325.428000
864.778515,-84.931301,323.616000
865.159028,-67.170683,327.000000
851.143985,-70.951316,327.000000
919.480968,-22.777845,330.512000
922.413619,-14.450132,332.080000
902.673114,0.230419,326.608000
913.920101,-3.730270,335.584000
877.360355,-9.919979,322.688000
876.194470,-13.230691,323.088000
907.441858,-30.074188,334.784000
888.019017,-23.234326,326.592000
895.977099,0.556064,336.000000
897.400839,-1.891832,336.000000
878.336508,12.556111,325.959000
874.182833,0.761112,324.503000
865.674693,29.707695,322.787000
863.773157,30.377332,327.350000
849.268180,-6.765553,319.615000
856.118339,12.686528,317.197000
850.927049,-8.566837,316.430000
848.906667,-7.855348,320.044000
854.741460,0.304876,328.000000
863.943611,10.061218,328.000000
783.200000,-237.742000,328.310000
783.200000,-234.828000,380.362000
777.360000,-191.400000,386.445000
758.840000,-191.400000,397.225000
743.200000,-204.419000,367.657000
743.200000,-198.074000,337.088000
759.560000,-238.400000,348.792000
770.160000,-238.400000,353.951000
781.120000,-213.020000,403.000000
759.920000,-228.671000,403.000000
712.800000,-221.500000,321.296000
712.800000,-200.050000,324.092000
692.460000,-187.500000,325.832000
700.110000,-187.500000,325.406000
667.800000,-216.650000,324.362000
667.800000,-228.200000,320.720000
699.975000,-237.500000,322.898000
683.415000,-237.500000,322.034000
702.090000,-195.200000,326.000000
687.690000,-193.500000,326.000000
638.700000,-203.280000,327.658000
638.700000,-207.360000,335.082000
582.608000,-195.800000,320.582000
568.104000,-195.800000,341.433000
564.700000,-213.580000,342.477000
564.700000,-205.540000,318.755000
566.254000,-215.800000,335.401000
566.180000,-215.800000,325.106000
607.250000,-212.760000,345.000000
599.258000,-204.740000,345.000000
423.000000,-192.220000,357.332000
423.000000,-225.740000,361.337000
420.921000,-189.500000,335.616000
402.309000,-189.500000,380.828000
390.000000,-197.300000,313.900000
390.000000,-195.900000,311.319000
400.758000,-229.500000,381.095000
412.869000,-229.500000,330.810000
402.837000,-211.180000,394.000000
406.203000,-220.460000,394.000000
776.400000,-111.620000,325.975000
776.400000,-79.880000,324.481000
756.105000,-65.900000,323.770000
759.900000,-65.900000,326.452000
721.400000,-95.960000,321.574000
721.400000,-115.880000,319.423000
756.160000,-125.900000,319.378000
741.530000,-125.900000,321.394000
732.565000,-80.060000,328.000000
749.725000,-72.020000,328.000000
769.250000,-16.980000,358.128000
769.250000,-21.100000,340.032000
696.687500,1.300000,346.416000
664.652500,1.300000,350.544000
765.380000,1.300000,320.208000
661.750000,-30.980000,334.656000
661.750000,-18.940000,313.056000
762.585000,-38.700000,322.944000
665.835000,-38.700000,323.568000
704.105000,-38.700000,337.440000
663.577500,-35.900000,360.000000
719.800000,-15.860000,360.000000
507.800000,-1.048000,306.381000
507.800000,-36.376000,315.880000
448.940000,6.200000,323.769000
469.040000,6.200000,320.917000
447.800000,0.824000,318.134000
447.800000,-2.344000,325.954000
462.440000,-41.800000,312.522000
490.460000,-41.800000,307.991000
497.600000,-23.800000,326.000000
481.640000,-30.088000,326.000000
236.201633,-586.447610,322.334000
245.571505,-577.077738,322.536000
244.487510,-569.638267,322.089000
244.027183,-569.177941,322.755000
227.693017,-565.257741,322.845000
221.263295,-571.687463,322.974000
227.217841,-582.067083,322.600000
224.752867,-579.602109,322.192000
238.726004,-573.350578,323.000000
241.413717,-569.029448,323.000000
296.500000,-338.936000,312.520000
296.500000,-338.984000,312.511000
291.163000,-326.000000,312.275000
287.581000,-326.000000,312.730000
287.500000,-343.376000,312.031000
287.500000,-338.576000,312.949000
295.204000,-350.000000,312.787000
288.013000,-350.000000,312.168000
291.622000,-326.312000,313.000000
293.017000,-335.840000,313.000000
283.000000,-312.597000,312.706000
283.000000,-318.321000,312.487000
261.448000,-310.500000,312.462000
267.064000,-310.500000,312.706000
259.000000,-310.770000,312.217000
259.000000,-312.273000,312.925000
262.864000,-319.500000,312.973000
276.520000,-319.500000,312.144000
265.504000,-316.863000,313.000000
274.288000,-317.142000,313.000000
149.634423,-571.128785,329.136000
175.687454,-557.854103,325.696000
179.060997,-547.205969,327.184000
176.706148,-542.584318,327.448000
152.992188,-525.647195,325.232000
133.960289,-535.344432,329.200000
137.595584,-553.933085,323.272000
136.444718,-551.674383,322.952000
152.180550,-529.781257,330.000000
174.371825,-543.729945,330.000000
137.235371,-304.513367,313.158000
138.967782,-302.780955,313.876000
135.591347,-280.913678,314.668000
147.965716,-293.288047,314.314000
112.115402,-280.135860,314.180000
113.883169,-278.368093,314.752000
124.917571,-305.595240,313.690000
107.642952,-288.320621,313.190000
144.034202,-292.715290,315.000000
133.512453,-292.694077,315.000000
125.853032,-607.117531,346.055000
98.666190,-634.304372,359.018000
93.065905,-639.904658,344.402000
128.093146,-577.181458,324.827000
130.350231,-579.438543,378.071000
76.757194,-622.272243,390.512000
114.024550,-585.004887,397.124000
104.707711,-594.321726,375.548000
75.399549,-626.311237,369.284000
86.752855,-637.664544,329.177000
96.901252,-626.328208,410.000000
100.431129,-622.730448,410.000000
72.451425,-562.665214,324.510000
56.807214,-538.575241,323.890000
77.890188,-561.184105,322.070000
86.488239,-555.600466,326.080000
86.589197,-503.648022,329.620000
27.103722,-412.048422,328.270000
2.404716,-405.118458,327.180000
1.076262,-405.981166,320.460000
45.539407,-482.931088,330.000000
78.857919,-551.121675,330.000000
69.912376,-506.889876,330.000000
134.759959,-449.930600,334.014000
148.218052,-438.725696,328.030000
169.225597,-394.502935,328.646000
181.510553,-409.258268,332.848000
113.853717,-404.877891,323.278000
113.718459,-404.990503,337.666000
105.251762,-455.198696,339.888000
86.916465,-433.176362,320.484000
150.062429,-395.967319,342.000000
149.675714,-422.459516,342.000000
83.831958,-354.630940,342.016000
59.031541,-325.074953,325.560000
124.543537,-366.658051,333.686000
123.759107,-367.316266,333.006000
81.659217,-302.258405,325.390000
117.716967,-345.230358,340.452000
49.529433,-313.551649,317.094000
55.143007,-308.841302,347.898000
77.484144,-304.949353,348.000000
71.812281,-329.553282,348.000000
65.245388,-278.009446,312.330000
62.023809,-281.231025,322.428000
67.904109,-271.820848,337.278000
52.743740,-256.660479,329.655000
16.191976,-236.553190,329.193000
-19.197304,-271.942470,336.882000
-10.002088,-290.081173,321.141000
-3.802175,-296.281086,344.109000
41.005767,-299.352758,345.000000
59.633788,-266.243190,345.000000
364.000000,-207.742000,306.332000
364.000000,-178.642000,307.964000
324.670000,-131.500000,319.184000
358.642000,-131.500000,311.687000
250.000000,-177.769000,315.019000
250.000000,-187.663000,315.410000
319.312000,-228.500000,310.871000
262.768000,-228.500000,319.133000
339.034000,-156.720000,320.000000
344.962000,-165.935000,320.000000
323.074000,-177.090000,320.000000
338.578000,-164.189000,320.000000
296.840164,-58.582506,308.362000
284.111534,-69.647335,306.738000
301.998705,-27.271909,304.932000
300.611271,-25.675849,309.804000
264.896615,-45.142705,315.516000
285.216415,-27.478972,312.870000
275.187399,-73.861087,312.086000
272.555356,-70.833268,315.936000
270.442308,-64.840610,317.000000
286.216284,-61.924973,317.000000
209.000000,-16.625000,310.569000
209.000000,-13.395000,310.243000
172.634000,0.000000,310.324000
194.104000,0.000000,310.462000
171.000000,-8.360000,310.080000
171.000000,-87.875000,310.681000
179.360000,-95.000000,310.836000
188.404000,-95.000000,310.900000
186.542000,-61.655000,311.000000
204.478000,-0.855000,311.000000
170.000000,-186.835000,323.305000
170.000000,-100.620000,317.398000
125.290000,0.000000,320.621000
158.950000,0.000000,319.807000
0.000000,-84.710000,317.926000
0.000000,-128.570000,322.216000
89.420000,-215.000000,315.242000
22.270000,-215.000000,324.625000
37.740000,-73.745000,326.000000
154.020000,-72.455000,326.000000
102.680000,-130.290000,326.000000
68.510000,-17.845000,326.000000
124.610000,-178.020000,326.000000
163.540000,-138.675000,326.000000
155.210000,-143.190000,326.000000
59.160000,-12.040000,326.000000
91.970000,-78.690000,326.000000
