1522.700000,-1075.164000,305.224000
1522.700000,-1084.056000,305.512000
1521.765000,-1072.200000,304.736000
1518.807000,-1072.200000,305.950000
1505.700000,-1079.493000,304.248000
1505.700000,-1101.879000,304.388000
1511.106000,-1111.200000,305.758000
1510.698000,-1111.200000,304.826000
1511.905000,-1093.650000,306.000000
1511.956000,-1078.947000,306.000000
1493.900000,-1064.942000,306.298000
1493.900000,-1080.412000,307.976000
1475.444000,-1052.600000,307.808000
1476.740000,-1052.600000,306.414000
1469.900000,-1083.200000,307.320000
1469.900000,-1060.998000,306.852000
1470.668000,-1086.600000,306.830000
1488.620000,-1086.600000,307.290000
1489.796000,-1081.058000,308.000000
1473.164000,-1075.958000,308.000000
1570.100000,-976.400000,305.795000
1570.100000,-970.040000,302.540000
1554.676000,-963.400000,304.080000
1563.668000,-963.400000,304.073000
1538.100000,-975.680000,302.372000
1538.100000,-978.060000,305.606000
1561.940000,-983.400000,307.657000
1546.612000,-983.400000,307.139000
1547.476000,-965.860000,308.000000
1567.028000,-967.420000,308.000000
1526.200000,-980.980000,305.420000
1526.200000,-978.280000,310.040000
1523.275000,-952.900000,320.520000
1515.895000,-952.900000,314.420000
1511.200000,-962.710000,315.640000
1511.200000,-959.470000,318.800000
1518.070000,-982.900000,310.740000
1522.480000,-982.900000,303.180000
1522.555000,-965.200000,321.000000
1521.280000,-974.350000,321.000000
1508.400000,-962.544000,307.813000
1508.400000,-966.380000,307.156000
1470.222000,-956.300000,305.608000
1501.134000,-956.300000,309.127000
1466.400000,-957.420000,303.412000
1466.400000,-976.040000,302.098000
1473.624000,-984.300000,301.207000
1476.396000,-984.300000,304.069000
1475.682000,-975.816000,310.000000
1484.880000,-962.712000,310.000000
1502.587844,-735.873612,307.911000
1517.315655,-747.174659,324.732000
1474.758381,-729.415577,301.296000
1474.330422,-729.973304,303.645000
1500.853405,-758.491705,321.708000
1478.114311,-741.043385,309.558000
1521.083600,-752.820037,315.093000
1519.221399,-755.246905,315.471000
1518.082469,-755.306983,327.000000
1502.854620,-755.045905,327.000000
1427.300000,-614.372000,322.922000
1427.300000,-591.116000,310.682000
1419.260000,-569.000000,318.512000
1423.820000,-569.000000,314.624000
1403.300000,-595.619000,314.120000
1403.300000,-607.589000,318.548000
1417.652000,-626.000000,309.710000
1408.340000,-626.000000,322.490000
1406.876000,-584.390000,326.000000
1426.724000,-583.649000,326.000000
1390.800000,-623.162000,310.920000
1390.800000,-634.628000,311.048000
1387.860000,-622.000000,308.960000
1352.940000,-622.000000,312.800000
1330.800000,-624.520000,315.008000
1330.800000,-624.282000,314.552000
1349.520000,-636.000000,313.056000
1372.560000,-636.000000,308.304000
1367.580000,-629.798000,316.000000
1375.380000,-632.794000,316.000000
1366.100000,-591.620000,317.911000
1366.100000,-593.736000,314.743000
1353.146000,-574.600000,315.216000
1364.111000,-574.600000,317.152000
1349.100000,-615.678000,312.532000
1349.100000,-604.454000,308.561000
1349.525000,-620.600000,309.848000
1352.194000,-620.600000,310.970000
1350.409000,-613.424000,319.000000
1357.787000,-587.710000,319.000000
1347.700000,-607.496000,308.874000
1347.700000,-618.730000,309.690000
1335.825000,-580.600000,308.384000
1332.625000,-580.600000,308.128000
1322.700000,-605.487000,309.896000
1322.700000,-586.135000,308.566000
1341.150000,-621.600000,309.408000
1339.400000,-621.600000,309.004000
1336.225000,-585.930000,310.000000
1329.675000,-613.359000,310.000000
1448.900000,-1105.161000,310.865000
1448.900000,-1091.688000,306.385000
1441.944000,-1079.700000,309.640000
1445.607000,-1079.700000,307.480000
1411.900000,-1088.340000,308.420000
1411.900000,-1096.467000,308.575000
1428.624000,-1106.700000,307.200000
1417.598000,-1106.700000,309.670000
1412.085000,-1090.959000,311.000000
1413.639000,-1088.151000,311.000000
1344.200000,-1081.720000,308.000000
1344.200000,-1106.472000,308.000000
1326.160000,-1073.900000,308.000000
1332.700000,-1073.900000,308.000000
1324.200000,-1075.022000,308.000000
1324.200000,-1077.538000,308.000000
1327.500000,-1107.900000,308.000000
1337.000000,-1107.900000,308.000000
1333.580000,-1097.836000,308.000000
1340.500000,-1102.018000,308.000000
1442.100000,-1052.520000,303.720000
1442.100000,-1051.640000,311.656000
1421.190000,-1042.200000,315.800000
1440.026000,-1042.200000,315.160000
1408.100000,-1057.140000,311.896000
1408.100000,-1054.060000,318.664000
1437.952000,-1062.200000,307.992000
1412.384000,-1062.200000,306.168000
1439.822000,-1062.000000,319.000000
1427.922000,-1049.020000,319.000000
1434.000000,-1023.666000,314.620000
1434.000000,-1027.692000,318.480000
1404.808000,-1006.000000,309.720000
1385.317000,-1006.000000,322.840000
1345.000000,-1016.120000,304.840000
1345.000000,-1007.738000,307.220000
1397.599000,-1028.000000,319.960000
1399.468000,-1028.000000,311.600000
1380.333000,-1012.094000,323.000000
1376.239000,-1024.810000,323.000000
1344.900000,-1014.610000,307.989000
1344.900000,-1038.800000,306.102000
1342.296000,-1009.300000,320.841000
1342.854000,-1009.300000,309.825000
1282.900000,-1019.507000,316.676000
1282.900000,-1042.635000,313.548000
1301.810000,-1068.300000,312.528000
1288.976000,-1068.300000,317.271000
1336.282000,-1042.576000,323.000000
1290.278000,-1031.071000,323.000000
1446.100000,-955.118000,311.142000
1446.100000,-942.776000,305.332000
1427.980000,-942.300000,307.726000
1433.644000,-942.300000,308.398000
1422.100000,-972.458000,304.296000
1422.100000,-944.034000,311.464000
1422.532000,-976.300000,314.880000
1436.116000,-976.300000,314.530000
1429.900000,-971.200000,316.000000
1443.364000,-972.322000,316.000000
1399.000000,-976.679000,303.567000
1399.000000,-972.224000,304.410000
1377.940000,-954.800000,305.835000
1398.775000,-954.800000,305.067000
1354.000000,-974.600000,305.100000
1354.000000,-972.521000,305.724000
1386.895000,-987.800000,304.368000
1357.150000,-987.800000,303.381000
1389.505000,-959.321000,306.000000
1383.430000,-967.901000,306.000000
1337.700000,-982.650000,306.900000
1337.700000,-952.686000,306.808000
1334.788000,-951.300000,305.924000
1329.844000,-951.300000,307.684000
1321.700000,-961.629000,304.944000
1321.700000,-952.059000,304.560000
1328.820000,-984.300000,307.968000
1330.596000,-984.300000,305.436000
1325.748000,-965.292000,308.000000
1328.452000,-981.363000,308.000000
1430.300000,-919.666000,312.701000
1430.300000,-925.408000,340.294000
1388.235000,-915.400000,302.697000
1384.381000,-915.400000,308.273000
1383.300000,-915.868000,333.652000
1383.300000,-924.562000,317.252000
1390.726000,-933.400000,323.648000
1385.274000,-933.400000,326.231000
1416.999000,-928.180000,343.000000
1392.230000,-923.050000,343.000000
1308.000000,-874.156000,346.256000
1308.000000,-841.540000,315.968000
1297.056000,-836.500000,334.544000
1299.666000,-836.500000,326.480000
1290.000000,-889.780000,322.784000
1290.000000,-908.140000,336.992000
1305.678000,-908.500000,311.072000
1299.504000,-908.500000,347.504000
1293.258000,-908.284000,356.000000
1307.244000,-904.108000,356.000000
1302.100000,-774.260000,316.657000
1302.100000,-768.384000,318.542000
1297.270000,-753.200000,309.581000
1287.865000,-753.200000,324.893000
1287.100000,-764.978000,331.476000
1287.100000,-765.706000,331.244000
1295.875000,-779.200000,324.400000
1287.310000,-779.200000,308.595000
1296.760000,-760.584000,336.000000
1297.990000,-764.978000,336.000000
1356.800000,-781.255000,332.201000
1356.800000,-781.270000,325.299000
1354.280000,-779.800000,325.125000
1325.480000,-779.800000,331.650000
1284.800000,-782.290000,318.020000
1284.800000,-794.305000,309.001000
1306.256000,-794.800000,310.944000
1320.800000,-794.800000,315.323000
1292.576000,-788.365000,336.000000
1320.368000,-794.305000,336.000000
1451.000000,-767.345000,314.580000
1451.000000,-770.780000,331.068000
1372.460000,-761.600000,305.796000
1354.295000,-761.600000,302.952000
1346.000000,-774.800000,332.976000
1346.000000,-768.395000,310.836000
1347.155000,-776.600000,324.192000
1449.530000,-776.600000,318.720000
1406.060000,-774.455000,336.000000
1373.405000,-768.815000,336.000000
1446.700000,-747.990000,333.876000
1446.700000,-727.862000,303.420000
1440.246000,-723.200000,325.092000
1441.002000,-723.200000,311.304000
1432.700000,-745.141000,316.272000
1432.700000,-757.943000,319.188000
1442.850000,-760.200000,307.488000
1439.308000,-760.200000,327.072000
1433.204000,-728.528000,336.000000
1433.106000,-760.015000,336.000000
1445.200000,-720.255000,322.896000
1445.200000,-715.500000,315.696000
1430.500000,-705.900000,311.184000
1370.188000,-705.900000,326.208000
1361.200000,-710.490000,347.424000
1361.200000,-712.275000,336.720000
1397.992000,-720.900000,335.712000
1441.672000,-720.900000,347.232000
1403.200000,-712.365000,348.000000
1428.148000,-713.535000,348.000000
1359.800000,-710.491000,312.546000
1359.800000,-707.198000,335.478000
1345.592000,-701.500000,344.298000
1353.736000,-701.500000,344.676000
1343.800000,-702.240000,334.008000
1343.800000,-735.207000,353.874000
1346.216000,-738.500000,323.760000
1350.904000,-738.500000,321.072000
1359.224000,-728.029000,354.000000
1352.840000,-702.351000,354.000000
1342.600000,-706.520000,335.058000
1342.600000,-708.452000,345.222000
1320.363000,-699.100000,324.810000
1310.595000,-699.100000,312.420000
1305.600000,-709.362000,314.520000
1305.600000,-704.658000,321.618000
1337.568000,-713.100000,346.272000
1340.010000,-713.100000,330.816000
1321.436000,-699.156000,354.000000
1317.921000,-706.618000,354.000000
1302.800000,-729.344000,315.570000
1302.800000,-709.024000,312.966000
1297.445000,-703.200000,347.322000
1296.833000,-703.200000,322.164000
1285.800000,-717.472000,337.032000
1285.800000,-731.456000,331.362000
1295.626000,-735.200000,326.784000
1292.872000,-735.200000,340.560000
1300.964000,-712.512000,354.000000
1287.517000,-704.832000,354.000000
1268.400000,-1048.620000,317.557000
1268.400000,-1081.180000,311.352000
1267.700000,-1042.900000,313.409000
1247.475000,-1042.900000,315.075000
1243.400000,-1051.700000,309.261000
1243.400000,-1063.195000,318.781000
1250.675000,-1097.900000,322.096000
1265.950000,-1097.900000,322.504000
1252.300000,-1074.635000,324.000000
1265.125000,-1073.975000,324.000000
1228.600000,-1085.590000,307.785000
1228.600000,-1080.010000,309.440000
1221.190000,-1073.500000,311.565000
1225.370000,-1073.500000,310.535000
1218.600000,-1100.563000,310.345000
1218.600000,-1100.005000,311.630000
1218.640000,-1104.500000,309.120000
1222.480000,-1104.500000,307.725000
1226.800000,-1100.284000,312.000000
1224.960000,-1075.949000,312.000000
1220.900000,-1101.270000,311.079000
1220.900000,-1101.740000,311.160000
1206.795000,-1094.500000,310.347000
1195.821000,-1094.500000,311.817000
1189.900000,-1100.360000,309.615000
1189.900000,-1097.910000,309.474000
1212.158000,-1104.500000,311.880000
1216.994000,-1104.500000,310.131000
1198.704000,-1096.010000,312.000000
1202.424000,-1100.430000,312.000000
1216.600000,-1071.160000,307.229000
1216.600000,-1060.270000,307.952000
1215.256000,-1056.700000,307.985000
1214.240000,-1056.700000,307.171000
1208.600000,-1061.185000,307.741000
1208.600000,-1069.105000,307.390000
1212.048000,-1071.700000,307.496000
1211.480000,-1071.700000,307.609000
1214.584000,-1063.270000,308.000000
1209.976000,-1058.305000,308.000000
1195.000000,-1060.000000,311.295000
1195.000000,-1078.072000,309.552000
1186.190000,-1051.000000,310.563000
1187.190000,-1051.000000,310.209000
1185.000000,-1051.468000,309.831000
1185.000000,-1062.268000,310.866000
1186.440000,-1087.000000,309.096000
1193.460000,-1087.000000,311.523000
1187.120000,-1077.064000,312.000000
1194.400000,-1073.356000,312.000000
1187.000000,-1091.662000,313.311000
1187.000000,-1084.616000,314.576000
1178.090000,-1077.700000,310.627000
1182.995000,-1077.700000,316.985000
1172.000000,-1096.576000,318.943000
1172.000000,-1098.474000,319.394000
1184.870000,-1103.700000,316.248000
1176.980000,-1103.700000,310.803000
1182.140000,-1077.986000,321.000000
1182.620000,-1081.210000,321.000000
1148.400000,-1098.200000,311.000000
1148.400000,-1097.100000,311.000000
1133.000000,-1077.600000,311.000000
1110.750000,-1077.600000,311.000000
1098.400000,-1088.575000,311.000000
1098.400000,-1084.725000,311.000000
1126.950000,-1102.600000,311.000000
1139.300000,-1102.600000,311.000000
1105.400000,-1085.050000,311.000000
1122.200000,-1093.825000,311.000000
1231.100000,-1000.420000,309.748000
1231.100000,-1004.468000,310.762000
1230.638000,-998.000000,309.258000
1225.842000,-998.000000,309.198000
1209.100000,-1001.366000,310.770000
1209.100000,-1014.962000,309.636000
1215.348000,-1020.000000,310.280000
1215.788000,-1020.000000,310.074000
1222.388000,-1010.848000,311.000000
1214.468000,-1001.586000,311.000000
1206.100000,-1020.977000,313.550000
1206.100000,-1037.828000,309.565000
1195.824000,-1004.700000,312.325000
1195.950000,-1004.700000,310.660000
1192.100000,-1040.206000,311.105000
1192.100000,-1015.237000,311.755000
1206.058000,-1045.700000,309.880000
1203.160000,-1045.700000,312.850000
1193.052000,-1040.411000,314.000000
1192.268000,-1032.457000,314.000000
1143.300000,-1032.048000,318.244000
1143.300000,-1015.034000,316.830000
1126.276000,-999.900000,314.814000
1135.282000,-999.900000,319.896000
1105.300000,-1027.113000,325.398000
1105.300000,-1034.821000,322.962000
1132.318000,-1046.900000,321.968000
1115.788000,-1046.900000,312.028000
1125.516000,-1007.326000,326.000000
1134.902000,-1008.877000,326.000000
1268.000000,-934.910000,314.874000
1268.000000,-933.560000,312.039000
1263.331000,-925.200000,313.159000
1247.787000,-925.200000,313.572000
1239.000000,-928.130000,311.451000
1239.000000,-927.490000,308.105000
1251.296000,-935.200000,309.736000
1261.098000,-935.200000,309.638000
1267.884000,-929.640000,315.000000
1254.863000,-932.250000,315.000000
1238.900000,-955.781000,312.072000
1238.900000,-958.850000,313.236000
1227.538000,-947.300000,311.092000
1236.521000,-947.300000,310.112000
1225.900000,-947.498000,310.116000
1225.900000,-970.895000,310.988000
1227.681000,-980.300000,313.136000
1229.124000,-980.300000,311.864000
1231.880000,-971.423000,314.000000
1229.995000,-954.527000,314.000000
1224.200000,-964.632000,310.216000
1224.200000,-973.592000,310.164000
1217.144000,-949.400000,313.236000
1216.172000,-949.400000,311.040000
1212.200000,-969.532000,312.260000
1212.200000,-955.028000,311.916000
1222.412000,-977.400000,311.280000
1221.008000,-977.400000,312.792000
1223.288000,-949.904000,314.000000
1213.196000,-969.924000,314.000000
1179.800000,-975.272000,312.360000
1179.800000,-969.836000,311.092000
1172.877000,-965.300000,311.380000
1176.235000,-965.300000,311.968000
1156.800000,-970.484000,310.404000
1156.800000,-973.544000,312.844000
1169.772000,-977.300000,313.428000
1161.860000,-977.300000,313.720000
1165.724000,-968.948000,314.000000
1176.373000,-968.264000,314.000000
1190.200000,-938.310000,312.142000
1190.200000,-961.560000,318.585000
1189.276000,-934.800000,324.977000
1147.894000,-934.800000,322.308000
1124.200000,-939.180000,320.829000
1124.200000,-939.990000,326.031000
1142.482000,-964.800000,316.681000
1170.796000,-964.800000,312.754000
1180.432000,-952.530000,327.000000
1165.054000,-957.630000,327.000000
1268.300000,-862.388000,312.310000
1268.300000,-862.432000,312.690000
1258.108000,-853.500000,311.085000
1266.522000,-853.500000,313.785000
1254.300000,-872.398000,309.865000
1254.300000,-867.998000,309.880000
1268.174000,-875.500000,313.645000
1256.988000,-875.500000,310.970000
1258.724000,-872.816000,314.000000
1259.718000,-859.550000,314.000000
1257.000000,-844.611000,311.396000
1257.000000,-849.420000,312.940000
1251.708000,-830.100000,312.906000
1249.644000,-830.100000,311.378000
1245.000000,-842.112000,312.418000
1245.000000,-833.145000,311.816000
1253.448000,-851.100000,311.930000
1253.136000,-851.100000,312.254000
1254.360000,-833.565000,313.000000
1246.848000,-846.669000,313.000000
1157.500000,-871.910000,316.000000
1157.500000,-855.620000,316.000000
1155.498000,-842.600000,316.000000
1156.213000,-842.600000,316.000000
1144.500000,-851.180000,316.000000
1144.500000,-861.530000,316.000000
1149.921000,-872.600000,316.000000
1146.632000,-872.600000,316.000000
1147.672000,-856.130000,316.000000
1156.486000,-851.690000,316.000000
1145.100000,-861.660000,316.000000
1145.100000,-871.920000,316.000000
1114.755000,-857.700000,316.000000
1124.625000,-857.700000,316.000000
1110.100000,-872.685000,316.000000
1110.100000,-859.455000,316.000000
1114.685000,-872.700000,316.000000
1132.850000,-872.700000,316.000000
1134.880000,-868.770000,316.000000
1134.250000,-869.955000,316.000000
1259.300000,-795.059000,310.194000
1259.300000,-794.258000,310.334000
1247.680000,-790.100000,310.439000
1257.880000,-790.100000,310.115000
1239.300000,-796.508000,310.683000
1239.300000,-795.527000,310.896000
1256.180000,-799.100000,310.927000
1242.020000,-799.100000,310.677000
1242.740000,-790.325000,310.000000
1248.460000,-793.079000,310.000000
1213.100000,-800.157000,313.000000
1213.100000,-808.636000,313.000000
1209.278000,-749.100000,313.000000
1205.859000,-749.100000,313.000000
1200.100000,-775.086000,313.000000
1200.100000,-754.529000,313.000000
1207.341000,-810.100000,313.000000
1208.186000,-810.100000,313.000000
1208.368000,-768.071000,313.000000
1203.038000,-800.645000,313.000000
1200.200000,-756.064000,327.926000
1200.200000,-778.390000,315.210000
1200.109000,-748.500000,323.778000
1199.641000,-748.500000,318.933000
1187.200000,-756.979000,319.613000
1187.200000,-783.575000,322.656000
1190.710000,-809.500000,315.465000
1188.604000,-809.500000,326.379000
1188.500000,-784.978000,330.000000
1200.122000,-770.399000,330.000000
1142.500000,-791.686000,320.898000
1142.500000,-781.104000,320.541000
1115.823000,-781.000000,319.190000
1122.927000,-781.000000,322.074000
1105.500000,-803.152000,324.475000
1105.500000,-782.586000,323.600000
1141.908000,-807.000000,322.767000
1127.478000,-807.000000,318.133000
1126.368000,-804.010000,325.000000
1133.694000,-803.698000,325.000000
1270.600000,-748.874000,315.800000
1270.600000,-746.534000,314.380000
1248.900000,-739.800000,314.824000
1269.850000,-739.800000,315.256000
1220.600000,-747.158000,313.844000
1220.600000,-746.911000,312.132000
1255.450000,-752.800000,312.868000
1224.600000,-752.800000,313.008000
1222.000000,-742.023000,316.000000
1247.050000,-744.831000,316.000000
1238.100000,-732.196000,325.262000
1238.100000,-690.308000,331.059000
1231.632000,-688.900000,321.114000
1216.056000,-688.900000,317.782000
1194.100000,-701.176000,333.949000
1194.100000,-690.352000,321.505000
1212.140000,-732.900000,329.801000
1219.004000,-732.900000,325.228000
1215.748000,-709.052000,334.000000
1207.168000,-728.544000,334.000000
1172.300000,-705.272000,317.044000
1172.300000,-714.072000,317.118000
1149.914000,-696.600000,318.556000
1146.638000,-696.600000,317.556000
1146.300000,-728.344000,318.066000
1146.300000,-713.208000,317.994000
1149.524000,-728.600000,317.578000
1147.652000,-728.600000,318.432000
1171.156000,-720.440000,319.000000
1147.990000,-709.880000,319.000000
1138.700000,-693.870000,320.674000
1138.700000,-686.400000,319.873000
1122.628000,-685.500000,319.942000
1125.456000,-685.500000,320.530000
1110.700000,-696.075000,319.207000
1110.700000,-685.575000,321.187000
1134.136000,-700.500000,321.475000
1125.764000,-700.500000,321.844000
1122.460000,-685.965000,322.000000
1134.024000,-699.435000,322.000000
1202.900000,-660.068000,320.162000
1202.900000,-654.128000,330.029000
1179.366000,-641.500000,337.550000
1124.262000,-641.500000,335.066000
1120.900000,-650.718000,331.915000
1120.900000,-652.302000,340.103000
1166.000000,-663.500000,326.303000
1122.868000,-663.500000,322.140000
1193.306000,-648.496000,341.000000
1170.182000,-651.246000,341.000000
1148.800000,-605.564000,320.410000
1148.800000,-603.672000,321.285000
1148.760000,-599.800000,318.702000
1131.000000,-599.800000,322.818000
1108.800000,-605.608000,316.987000
1108.800000,-642.788000,317.351000
1119.360000,-643.800000,322.279000
1129.200000,-643.800000,318.884000
1122.680000,-626.420000,323.000000
1123.560000,-641.908000,323.000000
1251.400000,-607.564000,311.826000
1251.400000,-616.396000,320.857000
1181.428000,-587.500000,320.142000
1160.162000,-587.500000,312.266000
1153.400000,-628.060000,317.447000
1153.400000,-609.724000,314.675000
1249.146000,-635.500000,314.763000
1251.008000,-635.500000,317.084000
1232.878000,-630.316000,321.000000
1166.826000,-610.108000,321.000000
1253.000000,-578.784000,328.464000
1253.000000,-566.436000,313.040000
1216.705000,-564.000000,320.656000
1217.555000,-564.000000,320.048000
1168.000000,-575.739000,312.816000
1168.000000,-583.950000,327.056000
1226.650000,-585.000000,337.008000
1208.970000,-585.000000,334.064000
1191.375000,-567.738000,338.000000
1244.925000,-584.685000,338.000000
994.600000,-1095.894000,331.946000
994.600000,-1083.620000,346.284000
987.040000,-1062.200000,382.598000
945.838000,-1062.200000,360.957000
940.600000,-1071.448000,366.183000
940.600000,-1077.024000,375.630000
962.416000,-1096.200000,349.835000
992.872000,-1096.200000,323.303000
980.506000,-1078.010000,383.000000
976.888000,-1079.166000,383.000000
1076.100000,-1013.212000,325.932000
1076.100000,-1005.976000,324.312000
1047.064000,-998.200000,321.540000
1062.874000,-998.200000,328.254000
1042.100000,-1051.390000,317.130000
1042.100000,-1047.988000,314.196000
1046.078000,-1052.200000,312.738000
1057.536000,-1052.200000,318.138000
1049.002000,-1038.808000,330.000000
1057.060000,-998.902000,330.000000
1024.800000,-1025.756000,320.790000
1024.800000,-1030.832000,326.244000
969.234000,-995.300000,318.594000
939.050000,-995.300000,319.215000
926.800000,-1033.046000,325.389000
926.800000,-1017.332000,321.186000
1008.140000,-1049.300000,323.193000
1018.920000,-1049.300000,323.157000
992.166000,-997.352000,327.000000
947.184000,-1023.758000,327.000000
960.904000,-1012.904000,327.000000
995.200000,-967.442000,379.066000
995.200000,-938.924000,329.508000
977.560000,-931.700000,361.742000
972.457000,-931.700000,345.057000
932.200000,-949.004000,344.418000
932.200000,-969.248000,360.606000
966.409000,-973.700000,327.023000
959.038000,-973.700000,376.155000
940.453000,-945.350000,390.000000
993.688000,-933.422000,390.000000
1073.100000,-891.448000,320.348000
1073.100000,-916.656000,320.320000
1011.472000,-885.100000,316.932000
1020.586000,-885.100000,323.386000
1011.100000,-890.850000,327.516000
1011.100000,-902.580000,326.452000
1027.034000,-931.100000,324.086000
1067.644000,-931.100000,315.518000
1047.990000,-913.252000,329.000000
1057.228000,-910.630000,329.000000
1021.800000,-843.725000,325.508000
1021.800000,-833.600000,323.672000
998.469000,-824.600000,324.044000
1010.811000,-824.600000,324.986000
988.800000,-862.355000,322.580000
988.800000,-863.570000,320.300000
1020.810000,-869.600000,321.110000
1001.934000,-869.600000,321.614000
990.747000,-865.010000,326.000000
1005.696000,-827.705000,326.000000
1078.200000,-789.794000,339.338000
1078.200000,-789.956000,357.715000
1065.600000,-751.400000,327.870000
1053.630000,-751.400000,321.008000
1048.200000,-781.208000,363.402000
1048.200000,-770.408000,331.254000
1068.690000,-805.400000,351.887000
1074.720000,-805.400000,341.547000
1063.890000,-761.390000,365.000000
1056.600000,-782.882000,365.000000
1028.200000,-806.004000,341.780000
1028.200000,-769.044000,321.694000
1022.304000,-758.100000,336.412000
1014.780000,-758.100000,326.512000
984.200000,-770.820000,331.044000
984.200000,-798.324000,331.330000
1001.668000,-806.100000,325.654000
1000.480000,-806.100000,336.148000
1027.628000,-780.756000,342.000000
986.268000,-762.756000,342.000000
986.200000,-760.300000,335.046000
986.200000,-787.720000,330.489000
938.768000,-743.200000,329.922000
941.904000,-743.200000,335.088000
930.200000,-801.880000,324.798000
930.200000,-762.640000,339.687000
936.360000,-803.200000,340.653000
978.136000,-803.200000,344.286000
955.456000,-788.680000,345.000000
975.840000,-779.860000,345.000000
1023.800000,-714.802000,326.240000
1023.800000,-695.272000,335.820000
972.280000,-679.400000,341.360000
998.316000,-679.400000,340.200000
931.800000,-722.304000,336.480000
931.800000,-729.620000,344.580000
1007.516000,-741.400000,331.580000
963.264000,-741.400000,328.960000
1015.980000,-682.190000,345.000000
985.436000,-687.150000,345.000000
970.440000,-708.230000,345.000000
1083.800000,-656.080000,323.193000
1083.800000,-650.800000,324.411000
1071.470000,-604.600000,321.478000
1049.465000,-604.600000,325.944000
1038.800000,-628.900000,319.770000
1038.800000,-622.360000,320.477000
1062.965000,-664.600000,325.055000
1076.060000,-664.600000,322.010000
1055.855000,-624.520000,326.000000
1054.595000,-642.940000,326.000000
987.100000,-614.955000,324.270000
987.100000,-623.156000,324.010000
969.334000,-606.400000,325.780000
982.618000,-606.400000,324.448000
969.100000,-613.362000,325.292000
969.100000,-652.538000,324.886000
973.600000,-665.400000,324.802000
974.752000,-665.400000,325.324000
984.274000,-642.921000,326.000000
971.242000,-615.427000,326.000000
965.000000,-642.147000,337.407000
965.000000,-655.726000,330.029000
953.800000,-626.200000,333.242000
953.240000,-626.200000,333.752000
949.000000,-656.984000,329.094000
949.000000,-636.116000,337.475000
964.408000,-663.200000,341.929000
961.800000,-663.200000,341.198000
953.912000,-659.685000,343.000000
963.192000,-650.879000,343.000000
1066.900000,-580.772000,325.726000
1066.900000,-558.848000,330.460000
1010.732000,-542.000000,339.316000
1036.844000,-542.000000,334.384000
930.900000,-571.430000,334.924000
930.900000,-582.716000,338.326000
1022.972000,-596.000000,330.514000
969.796000,-596.000000,324.268000
1035.756000,-552.368000,340.000000
1019.980000,-551.774000,340.000000
935.252000,-571.376000,340.000000
813.700000,-1059.605000,327.173000
813.700000,-1093.266000,326.722000
809.382000,-1059.400000,324.478000
789.662000,-1059.400000,329.131000
779.700000,-1069.978000,321.794000
779.700000,-1069.240000,320.540000
792.960000,-1100.400000,319.099000
805.948000,-1100.400000,322.949000
787.690000,-1079.039000,330.000000
794.048000,-1087.895000,330.000000
892.700000,-1018.673000,328.464000
892.700000,-1023.720000,338.944000
831.380000,-988.700000,324.544000
878.611000,-988.700000,326.448000
819.700000,-1088.816000,336.640000
819.700000,-1063.478000,329.952000
827.219000,-1091.700000,332.720000
838.534000,-1091.700000,333.456000
870.727000,-1067.495000,340.000000
833.570000,-1010.227000,340.000000
844.374000,-1048.852000,340.000000
809.800000,-1030.480000,334.595000
809.800000,-1047.040000,326.158000
793.763000,-995.800000,331.410000
790.109000,-995.800000,329.005000
780.800000,-1036.900000,328.238000
780.800000,-1008.520000,331.852000
804.464000,-1055.800000,325.066000
802.376000,-1055.800000,334.699000
785.527000,-998.920000,337.000000
808.582000,-1039.180000,337.000000
773.400000,-1093.825000,327.616000
773.400000,-1081.400000,328.368000
759.516000,-1072.200000,323.696000
764.820000,-1072.200000,331.872000
721.400000,-1082.150000,335.792000
721.400000,-1089.650000,335.376000
748.960000,-1097.200000,331.888000
733.360000,-1097.200000,322.880000
754.004000,-1080.675000,338.000000
759.152000,-1078.125000,338.000000
772.800000,-1008.712000,420.796000
772.800000,-1049.592000,393.040000
772.800000,-1020.304000,377.488000
748.300000,-1000.200000,394.336000
756.525000,-1000.200000,416.692000
747.800000,-1006.472000,367.984000
747.800000,-1010.504000,332.344000
747.800000,-1056.088000,416.152000
753.875000,-1056.200000,341.632000
765.700000,-1056.200000,355.996000
750.075000,-1035.200000,433.000000
760.150000,-1042.256000,433.000000
840.300000,-944.114000,355.994000
840.300000,-941.888000,390.236000
801.492000,-920.900000,336.884000
832.628000,-920.900000,329.318000
784.300000,-964.625000,395.852000
784.300000,-956.410000,346.400000
837.836000,-973.900000,376.820000
795.612000,-973.900000,363.482000
815.380000,-969.236000,401.000000
798.972000,-934.945000,401.000000
844.200000,-872.050000,350.139000
844.200000,-884.260000,331.974000
818.966000,-824.200000,344.994000
805.574000,-824.200000,336.573000
782.200000,-859.708000,339.870000
782.200000,-834.496000,341.172000
823.740000,-890.200000,334.746000
824.856000,-890.200000,345.771000
783.378000,-837.334000,351.000000
784.060000,-875.614000,351.000000
769.300000,-825.288000,361.185000
769.300000,-845.476000,350.601000
767.140000,-824.700000,345.750000
767.338000,-824.700000,364.398000
751.300000,-836.999000,330.378000
751.300000,-856.158000,378.195000
758.194000,-873.700000,378.006000
754.432000,-873.700000,391.929000
759.994000,-848.514000,393.000000
765.664000,-839.057000,393.000000
753.331017,-844.183377,331.953000
741.296620,-869.642342,365.217000
746.884921,-826.633221,379.518000
750.327668,-828.260600,379.014000
726.323598,-863.878666,364.146000
742.062333,-830.583114,392.811000
727.054137,-865.927375,348.774000
735.212578,-869.783852,343.608000
743.651379,-862.676523,393.000000
737.467496,-861.456799,393.000000
869.700000,-755.570000,335.206000
869.700000,-752.644000,339.238000
842.400000,-742.700000,330.814000
865.650000,-742.700000,325.180000
819.700000,-757.616000,326.404000
819.700000,-756.208000,329.122000
860.200000,-764.700000,340.012000
827.000000,-764.700000,333.064000
840.250000,-743.998000,343.000000
836.350000,-749.762000,343.000000
907.900000,-788.420000,326.854000
907.900000,-794.060000,325.414000
898.800000,-736.100000,340.462000
888.055000,-736.100000,329.356000
872.900000,-759.560000,336.052000
872.900000,-742.100000,333.298000
891.205000,-796.100000,331.660000
895.020000,-796.100000,337.240000
903.525000,-756.860000,343.000000
876.435000,-786.200000,343.000000
837.971379,-780.409181,458.244000
832.044006,-791.844243,382.980000
831.712662,-792.483470,414.144000
802.006845,-754.648340,410.420000
838.762402,-773.700611,425.904000
833.688537,-771.070569,351.228000
798.995310,-757.818022,362.400000
790.141067,-774.899590,468.828000
785.115685,-784.594534,484.508000
791.948758,-794.489134,510.576000
787.234458,-792.045473,511.752000
804.014169,-800.743249,421.592000
802.837923,-783.553518,529.000000
829.221781,-784.479213,529.000000
909.000000,-645.185000,331.200000
909.000000,-663.302000,338.688000
865.782000,-630.500000,349.344000
875.043000,-630.500000,343.944000
846.000000,-657.494000,343.464000
846.000000,-632.876000,349.200000
905.787000,-663.500000,337.608000
884.052000,-663.500000,330.456000
896.589000,-660.827000,351.000000
886.131000,-658.979000,351.000000
840.600000,-658.636000,382.903000
840.600000,-653.484000,383.487000
819.800000,-641.800000,365.091000
839.300000,-641.800000,399.474000
788.600000,-654.013000,347.206000
788.600000,-654.634000,342.461000
823.076000,-664.800000,402.394000
793.280000,-664.800000,358.448000
802.484000,-646.538000,404.000000
809.660000,-650.471000,404.000000
897.700000,-593.284000,378.105000
897.700000,-593.392000,529.680000
897.700000,-612.688000,530.325000
888.434000,-592.600000,325.645000
855.798000,-592.600000,361.765000
887.778000,-592.600000,461.310000
890.566000,-592.600000,343.705000
851.206000,-592.600000,523.015000
815.700000,-601.420000,487.970000
815.700000,-594.184000,408.635000
815.700000,-621.400000,392.295000
846.532000,-628.600000,435.510000
862.932000,-628.600000,455.720000
854.978000,-628.600000,538.495000
885.728000,-628.600000,352.090000
867.934000,-628.600000,330.805000
906.700000,-554.115000,336.745000
906.700000,-564.048000,327.760000
805.928000,-541.000000,333.085000
785.066000,-541.000000,331.045000
784.700000,-582.194000,329.410000
784.700000,-563.790000,334.330000
795.558000,-584.000000,325.750000
792.264000,-584.000000,337.615000
808.490000,-574.497000,340.000000
899.380000,-558.415000,340.000000
843.382000,-578.066000,340.000000
549.810448,-1143.802834,334.570000
559.812172,-1128.974668,337.480000
545.066030,-1117.038010,327.250000
546.719960,-1118.153600,344.050000
519.336317,-1126.392383,349.900000
531.423272,-1108.472736,350.620000
536.565261,-1151.109361,342.580000
529.166100,-1146.118564,327.190000
549.593339,-1122.718861,355.000000
535.303433,-1147.034027,355.000000
526.009566,-1175.771516,461.945000
530.941647,-1168.459405,429.032000
526.138899,-1146.171316,423.149000
487.555490,-1120.146478,463.853000
536.485288,-1153.150043,353.825000
539.341322,-1155.076463,434.597000
479.872537,-1127.933517,384.194000
478.024964,-1130.672657,339.674000
498.033498,-1160.988087,345.398000
472.059751,-1143.468573,374.495000
492.806417,-1157.462375,410.906000
511.990346,-1170.402099,440.798000
486.947842,-1131.625099,485.000000
504.755747,-1146.372385,485.000000
506.753513,-1093.191288,349.851000
508.646640,-1091.658264,379.680000
499.401304,-1076.770814,334.967000
505.189793,-1083.919003,332.039000
496.883671,-1078.022056,381.022000
477.517194,-1093.704720,345.398000
479.850132,-1097.119567,366.138000
483.146512,-1101.190258,358.757000
491.749536,-1095.752337,387.000000
481.173333,-1096.395485,387.000000
587.696454,-1070.617437,426.043000
581.059628,-1075.991833,337.208000
577.978244,-1078.487088,345.710000
585.159402,-1023.672097,399.447000
575.961255,-1012.313331,361.079000
608.383842,-1052.351891,419.721000
535.435793,-1040.878750,372.742000
551.411583,-1027.941811,384.950000
540.697848,-1036.617622,384.732000
559.709228,-1089.173709,346.146000
526.687529,-1048.395306,408.821000
539.832773,-1064.628331,349.743000
531.746211,-1047.469441,434.000000
552.450763,-1027.965002,434.000000
618.088699,-1034.868636,340.816000
624.975766,-1029.291599,337.008000
614.504874,-1014.003024,333.008000
613.499220,-1012.761145,344.016000
590.849850,-996.448522,357.168000
586.106151,-1000.289893,351.024000
605.074155,-1024.603277,349.360000
600.223354,-1018.613036,326.032000
609.436665,-1012.482753,358.000000
609.013836,-1028.912221,358.000000
656.795281,-984.871185,336.989000
635.987198,-1001.721238,332.347000
655.468208,-981.444743,334.305000
638.708777,-960.748569,334.745000
628.578764,-965.257404,331.610000
621.304678,-971.147843,326.154000
609.593664,-996.300107,328.926000
622.241116,-1011.918409,328.563000
639.761871,-997.730381,337.000000
631.181531,-986.419486,337.000000
665.879627,-952.069354,347.865000
670.859578,-948.036669,358.551000
666.877329,-935.453590,338.349000
670.842048,-940.349609,328.092000
638.562355,-954.889051,328.794000
639.093923,-954.458596,336.633000
637.974974,-956.966719,358.278000
641.571540,-961.408108,345.174000
647.350996,-956.303366,366.000000
668.067771,-937.095277,366.000000
433.786977,-1097.656790,328.071000
432.187610,-1098.951932,328.041000
436.902454,-1061.527627,328.827000
426.047936,-1048.123413,328.260000
400.828669,-1061.294683,328.583000
408.858141,-1054.792545,328.479000
414.407598,-1100.487453,328.338000
419.156449,-1106.351797,328.698000
448.057036,-1080.174310,329.000000
408.186214,-1060.569911,329.000000
444.506727,-1054.756125,367.455000
462.486776,-1040.196168,345.745000
462.490367,-1031.963146,351.595000
460.445076,-1029.437421,359.980000
440.752813,-1024.340236,335.735000
427.671892,-1034.932957,374.215000
433.612926,-1047.150978,384.810000
432.418475,-1045.675955,388.450000
447.279380,-1031.433753,393.000000
463.306584,-1034.547394,393.000000
530.139205,-1018.638249,335.152000
517.997076,-1028.470751,358.320000
520.402027,-998.141204,383.536000
521.878413,-999.964388,372.336000
517.616249,-999.183668,367.920000
510.412883,-1005.016839,386.352000
498.930363,-1020.885395,352.240000
509.062421,-1033.397445,336.368000
516.317077,-1024.918339,390.000000
515.638331,-1019.104950,390.000000
506.452389,-999.834104,361.271000
513.769218,-993.909052,364.113000
509.195988,-977.694629,349.315000
513.972530,-983.593167,374.844000
482.593982,-989.558790,337.359000
480.635575,-991.144678,336.575000
490.810771,-1010.606327,374.354000
483.168304,-1001.168666,347.306000
483.398530,-997.726730,377.000000
508.459644,-980.066637,377.000000
544.112203,-1008.253261,335.310000
544.928206,-1007.592475,360.946000
545.488421,-980.317606,361.014000
530.433818,-961.726720,334.392000
514.558634,-962.700253,352.718000
517.589503,-960.245904,341.838000
527.249187,-997.519421,344.388000
535.575096,-1007.801062,349.284000
546.263075,-989.974085,362.000000
518.757470,-970.070280,362.000000
617.184410,-946.545643,331.755000
608.366911,-953.685912,329.005000
616.583106,-942.701336,330.535000
611.961377,-936.993976,330.100000
586.353741,-927.762000,329.315000
557.104299,-951.447732,331.195000
557.644277,-966.847903,328.090000
558.029421,-967.323516,332.290000
578.152816,-944.290439,333.000000
612.929524,-946.622445,333.000000
581.129692,-928.957414,345.359000
561.551054,-944.811883,353.738000
587.554338,-905.970534,331.451000
587.682719,-906.129072,366.221000
540.802555,-939.738773,374.543000
569.720157,-916.321761,378.704000
538.960907,-942.892604,360.578000
547.412680,-953.329674,334.130000
555.342775,-943.058025,386.000000
564.455407,-935.700636,386.000000
643.511325,-919.288014,342.832000
658.619043,-907.054026,339.988000
654.046636,-880.299089,338.422000
660.814977,-888.657293,343.930000
613.051648,-886.049594,334.030000
606.211209,-891.588872,329.872000
621.001371,-925.298434,329.620000
608.625785,-910.015858,333.814000
641.669118,-871.792868,346.000000
648.767449,-883.647623,346.000000
678.481046,-868.434734,375.880000
683.610209,-864.281219,447.434000
678.325617,-868.560598,374.949000
707.877491,-833.866219,343.295000
696.115493,-819.341361,343.561000
676.699485,-824.840829,443.843000
679.225209,-822.795538,372.688000
673.163470,-827.704237,422.563000
663.315403,-858.287410,411.258000
670.716211,-867.426647,401.815000
690.505971,-841.493166,461.000000
671.652226,-839.106287,461.000000
736.232422,-806.241174,390.824000
734.386700,-807.735810,337.970000
723.517107,-783.428223,373.919000
735.309312,-797.990384,353.081000
721.086493,-783.763597,357.083000
707.331009,-794.902568,368.192000
706.960047,-802.707350,340.178000
708.795145,-804.973507,383.303000
711.424907,-794.436281,398.000000
736.829903,-805.548888,398.000000
763.900000,-684.354000,355.168000
763.900000,-690.472000,351.738000
749.914000,-675.500000,343.163000
748.255000,-675.500000,362.469000
742.900000,-690.643000,380.207000
742.900000,-680.782000,373.200000
762.409000,-694.500000,368.202000
759.910000,-694.500000,334.931000
754.366000,-693.360000,383.000000
758.902000,-687.983000,383.000000
736.338734,-712.998970,368.720000
742.983332,-707.618281,353.760000
736.709536,-690.753016,358.920000
740.900810,-695.928808,362.520000
711.577868,-675.145744,349.160000
707.842127,-678.170887,331.280000
722.538471,-703.444506,339.360000
712.739952,-691.344344,340.040000
716.069307,-672.087690,370.000000
731.607522,-689.615265,370.000000
766.000000,-581.242000,353.144000
766.000000,-641.848000,364.736000
759.284000,-578.200000,344.324000
713.659000,-578.200000,336.620000
693.000000,-595.672000,335.540000
693.000000,-597.700000,344.504000
718.988000,-656.200000,362.720000
750.086000,-656.200000,352.388000
727.602000,-618.214000,371.000000
714.754000,-631.630000,371.000000
732.566000,-598.480000,371.000000
765.700000,-550.640000,334.800000
765.700000,-550.800000,335.180000
717.340000,-537.600000,349.900000
753.520000,-537.600000,339.560000
705.700000,-575.080000,345.020000
705.700000,-567.040000,343.920000
709.840000,-577.600000,340.140000
721.780000,-577.600000,348.300000
761.980000,-569.600000,354.000000
709.660000,-545.560000,354.000000
708.600000,-562.104000,449.840000
708.600000,-571.848000,388.565000
708.600000,-537.030000,419.310000
686.802000,-536.400000,397.165000
679.662000,-536.400000,435.650000
680.712000,-536.400000,350.510000
666.600000,-563.742000,344.705000
666.600000,-545.724000,482.735000
666.600000,-550.764000,496.495000
699.444000,-578.400000,507.245000
698.268000,-578.400000,529.820000
667.482000,-578.400000,427.480000
418.015912,-1026.073041,333.480000
430.628991,-1015.859171,349.920000
431.821425,-1000.265675,363.680000
433.579117,-1002.436244,358.680000
399.652406,-977.892297,353.920000
391.632260,-984.386883,367.440000
400.088627,-1008.749405,344.160000
392.225269,-999.038966,336.200000
426.147158,-1011.039625,369.000000
421.379332,-998.191961,369.000000
481.844394,-967.025249,381.136000
464.784486,-980.840090,389.910000
452.535752,-921.374269,361.046000
462.759062,-933.999005,407.868000
448.683817,-920.532859,341.038000
445.774182,-922.889035,343.826000
433.227127,-948.378606,403.030000
451.772570,-971.280321,361.784000
446.022898,-946.891576,410.000000
445.407515,-950.250370,410.000000
499.962498,-947.918900,328.920000
501.990849,-946.276373,332.935000
490.254092,-913.381884,332.695000
506.364694,-933.276820,329.030000
461.082506,-915.065318,331.475000
463.670402,-912.969681,330.125000
485.221471,-954.837586,330.255000
462.880597,-927.248904,331.220000
482.452797,-948.844352,333.000000
477.889858,-910.269296,333.000000
536.402763,-920.894018,344.120000
529.828109,-926.218068,333.599000
557.747559,-874.888869,338.975000
547.892402,-862.718763,338.198000
510.533873,-864.636658,333.851000
526.294393,-851.874041,342.797000
511.383116,-912.974494,349.727000
513.761947,-915.912106,347.396000
532.912146,-866.434128,350.000000
532.349350,-916.841878,350.000000
627.109262,-849.914502,332.840000
609.949879,-863.809896,335.765000
627.630538,-846.172541,329.165000
627.007511,-845.403167,339.050000
600.256133,-833.056950,340.505000
579.972623,-849.482213,342.335000
570.334800,-870.759141,336.845000
567.219664,-866.912268,330.620000
599.758699,-861.330977,344.000000
609.884613,-851.239636,344.000000
575.833307,-848.204294,332.544000
561.961252,-859.437663,331.788000
568.512186,-823.289195,330.829000
572.174830,-827.812184,333.314000
543.035011,-836.161044,329.121000
561.499999,-821.208391,327.847000
542.573541,-838.928108,327.413000
554.052345,-853.103250,329.380000
549.437602,-838.156446,334.000000
554.461732,-843.931696,334.000000
582.231211,-820.647901,338.480000
586.632965,-817.083430,359.060000
593.436161,-803.009639,329.940000
596.880432,-807.262959,331.725000
573.428329,-811.048460,356.365000
573.925702,-810.645695,339.390000
570.915485,-826.047423,347.825000
565.851344,-819.793730,347.055000
592.448724,-806.519166,362.000000
583.419460,-806.453927,362.000000
618.243087,-800.581078,353.648000
617.116226,-801.493592,330.736000
635.817292,-780.533614,345.840000
631.399463,-775.078050,337.744000
618.029620,-775.018749,338.000000
623.596317,-770.510927,344.752000
609.692933,-794.354174,330.192000
611.618653,-796.732240,351.760000
618.946115,-777.210398,358.000000
619.766529,-798.729774,358.000000
680.569222,-797.734393,332.600000
674.326408,-802.789724,332.320000
650.644861,-751.887164,329.184000
682.619371,-791.372396,335.386000
646.840719,-750.415142,339.754000
634.986134,-760.014795,338.452000
633.254210,-776.492955,336.338000
630.553167,-773.157444,327.518000
654.483328,-787.363607,341.000000
667.934637,-788.859873,341.000000
714.312214,-762.235705,360.016000
690.764691,-781.304113,349.972000
716.131544,-718.814079,352.452000
719.372544,-722.816381,356.761000
668.624423,-734.894970,344.857000
701.357811,-708.387996,332.550000
687.344019,-778.605390,337.293000
677.872747,-766.909344,339.339000
662.065736,-742.908286,362.000000
681.517641,-757.395293,362.000000
421.287145,-929.515699,337.496000
428.160224,-923.949990,344.192000
426.690320,-896.020925,333.104000
439.566215,-911.921332,330.134000
389.168005,-875.746172,346.694000
387.347152,-877.220670,334.076000
400.810396,-916.499400,342.302000
380.169946,-891.010567,338.018000
415.502020,-894.789529,347.000000
403.426963,-886.537642,347.000000
466.981236,-890.246598,328.152000
467.937126,-889.472534,329.444000
465.979664,-886.483224,342.516000
453.462482,-871.025791,333.605000
435.001461,-858.239128,337.861000
438.638504,-855.293909,337.766000
426.268343,-885.114298,333.225000
433.178280,-893.647361,341.927000
455.080638,-898.146387,347.000000
420.716845,-872.585983,347.000000
512.991016,-854.943673,336.704000
504.271439,-862.004648,332.928000
512.350248,-821.831810,332.800000
528.652792,-841.963776,336.432000
464.945620,-851.387002,328.880000
482.851063,-836.887461,339.936000
462.544051,-855.667223,340.976000
462.897100,-856.103202,343.440000
479.113771,-858.300367,344.000000
506.558573,-852.339360,344.000000
469.641268,-837.935409,330.480000
489.223792,-822.077794,344.771000
482.933120,-811.576354,353.916000
483.114364,-811.800172,351.560000
454.169988,-819.581575,346.321000
474.587944,-803.047440,358.349000
453.639151,-843.728991,338.757000
450.467376,-839.812176,334.107000
485.663075,-821.780336,359.000000
453.901044,-837.834584,359.000000
534.997929,-832.811865,344.864000
542.530805,-826.711863,349.417000
551.674573,-814.234979,337.788000
543.065470,-803.603622,355.768000
535.483558,-809.256939,330.683000
532.084321,-812.009586,333.119000
527.304630,-827.044030,352.607000
522.343068,-820.917011,339.470000
538.796513,-814.935524,356.000000
537.927849,-815.407337,356.000000
537.392760,-798.447598,327.912000
540.470258,-795.955489,327.030000
522.113732,-770.045474,332.448000
532.106081,-782.384998,328.344000
519.166623,-769.457008,330.978000
497.390993,-787.090565,329.658000
501.516758,-792.280802,329.514000
508.684717,-801.132495,330.972000
522.620603,-802.753636,333.000000
501.359400,-789.083242,333.000000
570.606013,-801.550064,334.944000
568.367833,-803.362507,329.081000
557.582102,-762.299024,331.772000
546.027780,-748.030624,331.928000
526.062305,-760.415274,328.587000
532.893418,-754.883547,334.775000
555.148574,-806.964339,338.415000
521.467346,-765.371487,337.622000
532.708190,-777.345954,339.000000
567.155224,-795.620228,339.000000
578.864739,-753.150547,327.344000
593.596318,-741.221149,328.814000
592.522322,-735.623601,331.880000
591.835104,-734.774957,330.128000
576.212358,-737.283769,330.410000
565.767516,-745.741835,331.442000
570.594836,-753.037851,328.946000
569.537578,-751.732246,326.756000
588.134355,-741.194545,332.000000
571.647185,-752.780158,332.000000
630.527453,-731.827306,332.600000
617.704545,-742.211093,332.010000
630.476361,-728.903985,330.160000
613.338709,-707.740746,334.200000
607.055244,-709.658420,327.710000
601.156706,-714.434962,326.390000
595.219999,-733.036475,325.270000
608.370278,-749.275717,328.580000
603.708186,-721.304073,335.000000
609.138957,-725.388641,335.000000
596.020412,-718.716759,333.768000
606.544523,-710.194502,354.789000
605.012607,-696.283429,325.716000
608.561974,-700.666532,329.016000
559.511835,-728.979428,350.664000
558.326688,-729.939142,336.243000
556.030256,-732.725222,342.579000
560.051613,-737.691185,343.470000
570.538716,-733.194285,357.000000
557.711989,-734.123481,357.000000
665.192647,-719.224929,341.640000
664.959503,-719.413725,328.320000
675.591156,-671.715200,336.760000
660.350904,-652.895056,332.700000
626.943990,-671.705747,331.880000
636.362999,-664.078384,337.060000
638.943420,-721.799958,326.980000
646.544351,-731.186327,341.440000
656.897169,-658.831529,345.000000
669.493940,-712.523624,345.000000
313.891068,-1037.851508,329.416000
340.749232,-1016.102195,329.776000
328.053761,-989.555726,326.488000
313.695816,-971.825141,332.404000
249.111410,-916.596499,335.560000
229.142644,-932.766886,335.032000
266.490260,-985.036841,332.620000
264.026470,-981.994315,325.660000
299.067436,-981.933845,337.000000
322.051946,-983.645722,337.000000
253.683595,-950.415926,337.000000
380.888650,-964.777891,357.640000
355.507063,-985.331495,348.050000
377.702152,-937.601950,349.100000
378.614667,-938.728812,355.715000
373.377067,-938.691661,340.560000
354.451231,-954.017501,328.380000
324.302619,-984.479135,331.985000
336.007979,-998.934050,336.045000
340.150079,-967.946681,361.000000
354.774394,-969.647289,361.000000
347.421043,-956.293718,339.680000
360.556364,-945.656945,348.964000
323.543011,-884.504028,334.312000
343.451562,-909.089040,331.782000
265.941930,-879.443890,350.944000
261.073888,-883.385953,336.600000
319.228739,-964.983194,345.554000
285.488985,-923.318068,341.418000
295.186552,-932.461940,352.000000
314.501227,-877.542889,352.000000
302.112251,-924.711165,352.000000
368.733898,-877.401853,455.832000
371.474115,-875.182869,339.408000
377.273178,-870.486880,407.256000
377.637530,-837.580199,423.624000
355.571040,-810.330353,368.316000
386.065389,-847.987738,364.884000
332.886137,-813.784109,391.416000
336.422928,-810.920072,397.224000
321.351736,-823.124482,454.512000
344.279281,-861.535837,359.076000
357.374179,-877.706690,426.132000
340.155973,-856.443976,412.272000
340.228071,-807.931374,459.000000
331.696430,-817.526915,459.000000
411.574738,-833.539507,338.264000
408.287410,-836.201532,334.172000
410.682452,-829.243704,332.896000
400.865054,-817.120227,338.990000
370.784645,-789.365099,327.528000
355.373841,-801.844522,343.808000
364.448224,-819.819660,344.138000
366.789296,-822.710643,348.626000
380.345852,-817.523178,349.000000
403.714231,-824.309294,349.000000
462.549444,-789.128033,327.686000
454.806739,-795.397952,334.812000
441.069357,-747.457427,338.256000
439.844071,-745.944323,337.878000
413.732043,-752.740771,334.840000
425.608387,-743.123497,340.944000
413.365904,-756.149935,331.410000
444.369373,-794.436031,330.010000
449.967307,-793.926611,341.000000
441.441126,-773.272447,341.000000
490.895079,-765.792274,326.000000
500.000121,-758.419156,326.000000
487.360621,-731.935450,326.000000
494.478235,-740.724971,326.000000
454.777629,-720.407553,326.000000
450.112422,-724.185363,326.000000
473.839032,-761.319134,326.000000
459.494303,-743.604869,326.000000
480.593810,-728.832420,326.000000
478.643110,-726.008774,326.000000
564.572427,-698.184345,326.936000
568.561517,-694.954043,325.368000
581.981153,-676.964822,339.016000
572.159979,-664.836682,328.872000
560.900281,-666.415482,335.112000
561.351026,-666.050476,332.376000
553.887651,-688.353692,331.192000
560.344478,-696.327209,335.880000
574.019743,-685.565881,341.000000
556.255392,-673.720574,341.000000
558.454594,-705.805086,328.285000
557.305195,-706.735850,326.275000
540.146380,-673.380974,327.060000
556.483537,-693.555683,327.370000
536.955347,-671.744450,325.840000
520.007348,-685.468669,328.465000
520.101255,-694.708763,329.615000
523.952696,-699.464896,329.560000
530.679603,-693.348439,330.000000
556.959933,-700.272817,330.000000
532.005243,-674.040022,328.088000
522.715240,-681.562918,332.792000
543.145654,-653.633446,340.168000
542.061964,-652.295201,336.296000
514.406014,-670.276963,336.264000
530.279220,-657.423094,339.800000
514.371504,-686.428006,332.344000
513.710717,-685.612002,327.304000
514.271199,-684.527621,341.000000
523.894697,-674.068500,341.000000
581.028147,-648.611062,341.954000
592.199827,-639.596652,341.694000
592.507220,-626.492739,335.584000
594.401156,-628.839920,347.388000
569.836193,-620.378412,329.240000
563.110616,-625.805269,327.082000
569.082255,-643.642922,348.870000
563.582554,-636.827068,332.776000
579.223060,-622.082756,349.000000
584.320870,-623.782435,349.000000
292.212861,-833.869196,336.275000
281.404969,-841.436964,360.285000
292.324471,-831.737703,327.700000
281.196515,-815.845334,332.950000
273.854010,-811.321739,354.160000
272.821879,-812.044445,340.615000
267.250196,-827.309970,345.585000
275.084677,-838.498767,348.280000
280.449979,-831.945148,362.000000
269.580446,-820.438747,362.000000
265.523355,-855.749262,331.214000
266.681616,-854.827940,322.562000
230.351612,-790.135232,327.784000
263.351112,-831.621291,325.628000
190.661085,-793.908428,324.368000
195.207255,-790.292241,328.694000
189.922165,-798.744805,320.952000
204.292915,-816.811315,331.760000
203.126667,-805.478705,334.000000
266.985723,-847.424093,334.000000
320.023028,-803.702978,326.000000
315.352933,-807.444430,326.000000
319.502712,-769.939973,326.000000
312.143606,-760.754307,326.000000
286.408869,-760.159065,326.000000
295.998798,-752.476083,326.000000
302.541423,-799.948953,326.000000
303.091637,-800.635732,326.000000
320.813817,-777.769295,326.000000
308.617488,-792.332624,326.000000
279.437139,-719.838342,327.492000
294.101586,-706.400852,326.592000
301.086082,-696.509517,326.512000
301.200257,-696.634117,327.468000
285.770127,-696.402786,325.536000
276.043964,-705.315172,324.344000
273.023761,-716.211234,324.560000
271.170617,-714.188882,325.216000
284.762115,-699.177865,328.000000
292.792081,-698.379025,328.000000
353.200266,-706.192247,327.863000
344.206958,-714.433096,331.160000
350.127459,-696.651683,326.148000
351.748875,-698.421149,325.693000
348.923828,-696.547464,331.440000
346.668497,-698.614094,327.226000
336.693441,-710.114583,329.732000
340.490258,-714.258081,328.759000
343.648553,-709.098947,332.000000
340.934579,-707.177735,332.000000
337.666508,-696.270324,328.725000
339.501591,-694.588780,324.560000
341.812993,-686.536775,327.500000
344.026227,-688.952096,325.655000
329.449317,-694.305600,326.280000
330.373863,-693.458410,326.750000
330.230768,-702.020552,325.060000
327.081167,-698.583365,327.845000
326.453518,-697.364059,329.000000
336.664293,-687.808226,329.000000
361.640428,-694.454174,325.924000
359.949002,-695.873449,325.376000
369.329327,-675.206819,324.944000
363.643871,-668.431156,326.252000
348.708150,-667.448832,327.968000
353.888143,-663.102302,327.128000
350.573214,-688.635802,326.992000
352.567784,-691.012838,324.004000
361.549310,-675.488655,328.000000
358.156109,-689.049367,328.000000
408.356705,-663.136651,326.068000
404.237436,-673.702030,328.304000
408.423484,-660.157400,329.088000
406.970045,-659.590728,329.180000
388.413360,-659.230374,328.112000
382.323453,-674.850177,326.056000
383.877212,-688.153302,327.136000
381.641153,-687.281499,326.932000
401.603648,-678.310073,330.000000
397.480455,-666.146434,330.000000
433.462159,-646.762238,336.507000
421.007759,-663.593393,341.352000
423.923993,-622.355507,331.871000
427.420770,-624.942986,326.513000
398.193182,-645.671508,327.216000
415.100425,-622.822680,330.674000
396.495174,-649.331346,341.580000
411.694500,-660.578255,334.835000
409.343898,-651.322638,345.000000
408.023482,-647.792889,345.000000
402.851966,-605.047723,327.361000
402.341780,-604.619627,324.960000
384.142848,-624.292052,364.405000
397.713380,-608.119322,335.691000
366.752443,-647.859436,352.400000
366.809897,-647.907645,346.422000
394.324128,-616.825646,340.444000
373.626367,-641.492277,357.153000
397.645282,-608.793209,372.000000
369.068291,-643.662027,372.000000
543.183873,-608.067034,337.000000
542.935674,-608.275297,328.552000
579.858385,-572.805474,331.144000
575.276595,-567.345109,333.784000
557.136764,-572.861836,325.264000
565.534143,-565.815598,339.040000
534.384572,-602.620981,343.408000
536.675467,-605.351163,344.296000
557.456694,-580.887941,346.000000
546.642286,-601.687475,346.000000
562.900000,-538.067000,325.864000
562.900000,-542.960000,334.120000
526.700000,-533.300000,344.008000
559.980000,-533.300000,339.376000
522.900000,-534.056000,338.128000
522.900000,-546.026000,344.632000
529.620000,-554.300000,332.272000
528.420000,-554.300000,325.888000
555.580000,-548.021000,346.000000
547.660000,-540.209000,346.000000
505.802271,-652.456566,345.213000
493.468955,-662.805446,346.373000
508.857856,-628.110599,338.137000
509.881817,-629.330908,352.724000
482.146290,-637.060294,331.032000
499.761482,-622.279393,330.075000
490.706578,-660.929082,352.956000
486.246275,-655.613500,336.426000
480.615158,-648.249192,354.000000
486.342491,-647.179464,354.000000
478.115624,-613.942644,321.000000
486.720702,-607.219621,321.000000
492.639919,-587.053355,321.000000
499.154849,-595.392085,321.000000
464.630737,-577.524519,321.000000
461.458993,-580.002557,321.000000
463.351082,-606.414777,321.000000
452.325817,-592.303081,321.000000
486.814136,-595.173435,321.000000
471.085075,-579.759657,321.000000
470.500000,-563.809000,321.000000
470.500000,-563.214000,321.000000
470.060000,-563.200000,321.000000
465.190000,-563.200000,321.000000
460.500000,-564.432000,321.000000
460.500000,-563.648000,321.000000
463.580000,-570.200000,321.000000
466.460000,-570.200000,321.000000
462.580000,-567.127000,321.000000
469.730000,-569.297000,321.000000
452.587324,-578.318058,321.000000
451.609185,-580.679494,321.000000
448.160542,-569.197761,321.000000
455.006489,-572.033445,321.000000
439.801053,-583.055587,321.000000
442.136187,-577.418074,321.000000
439.230466,-584.981862,321.000000
439.794033,-585.215299,321.000000
446.291944,-584.945397,321.000000
449.656765,-577.318495,321.000000
428.993098,-590.110013,324.364000
435.550182,-572.383912,323.660000
431.003221,-569.742338,323.388000
430.673084,-569.620217,324.536000
419.269580,-584.689931,322.408000
425.170955,-568.736440,321.412000
422.710091,-598.661346,321.432000
420.997506,-598.027842,322.288000
425.554046,-572.012849,325.000000
420.924192,-594.770063,325.000000
479.100000,-555.970000,321.000000
479.100000,-551.940000,321.000000
471.372000,-546.500000,321.000000
437.562000,-546.500000,321.000000
437.100000,-549.660000,321.000000
437.100000,-551.720000,321.000000
455.874000,-556.500000,321.000000
439.368000,-556.500000,321.000000
462.300000,-550.710000,321.000000
446.634000,-550.630000,321.000000
413.938192,-558.514250,321.000000
416.426655,-551.928724,321.000000
408.846430,-546.584290,321.000000
412.803358,-548.079488,321.000000
407.482246,-547.308860,321.000000
407.779165,-546.523087,321.000000
395.259348,-584.210601,321.000000
398.804681,-585.550271,321.000000
398.480553,-572.941744,321.000000
404.093098,-584.427085,321.000000
397.046766,-556.856017,321.000000
396.600731,-558.158777,321.000000
395.822730,-541.568299,321.000000
392.511432,-540.434588,321.000000
385.644351,-559.287679,321.000000
387.822048,-552.927147,321.000000
391.665474,-568.683603,321.000000
383.642670,-565.936784,321.000000
388.444493,-567.409583,321.000000
395.494744,-554.041550,321.000000
1328.202105,-503.427661,359.160000
1358.470944,-486.649370,337.264000
1358.782729,-478.697164,345.496000
1357.530466,-476.438021,349.528000
1332.756696,-476.892575,331.776000
1310.758261,-489.086507,305.792000
1315.894874,-500.333361,318.112000
1315.131299,-498.955835,318.056000
1350.203055,-491.040252,360.000000
1317.203736,-498.239253,360.000000
1269.500000,-497.420000,323.588000
1269.500000,-512.600000,332.128000
1267.030000,-494.600000,316.756000
1208.855000,-494.600000,310.260000
1204.500000,-499.670000,309.924000
1204.500000,-508.580000,316.392000
1224.065000,-524.600000,331.064000
1269.370000,-524.600000,322.524000
1234.140000,-511.640000,337.000000
1223.870000,-508.670000,337.000000
1269.000000,-431.059000,308.197000
1269.000000,-420.646000,308.218000
1248.723000,-416.200000,324.073000
1257.687000,-416.200000,312.817000
1242.000000,-450.598000,318.949000
1242.000000,-453.328000,317.416000
1242.378000,-455.200000,313.804000
1255.068000,-455.200000,322.015000
1266.840000,-449.506000,328.000000
1243.782000,-454.537000,328.000000
1188.300000,-517.744000,318.302000
1188.300000,-516.496000,314.060000
1164.172000,-496.400000,314.886000
1141.240000,-496.400000,317.126000
1136.300000,-515.472000,311.470000
1136.300000,-510.416000,320.192000
1174.104000,-528.400000,322.040000
1186.740000,-528.400000,323.258000
1156.268000,-500.912000,324.000000
1179.668000,-512.304000,324.000000
1131.300000,-524.760000,313.387000
1131.300000,-492.280000,314.566000
1126.850000,-486.600000,315.655000
1121.525000,-486.600000,315.223000
1106.300000,-498.960000,314.923000
1106.300000,-523.560000,315.880000
1117.325000,-526.600000,314.188000
1117.700000,-526.600000,313.537000
1127.500000,-503.720000,316.000000
1121.350000,-487.040000,316.000000
1190.100000,-454.038000,317.320000
1190.100000,-461.508000,318.040000
1122.384000,-449.700000,315.368000
1123.448000,-449.700000,319.792000
1114.100000,-450.096000,313.416000
1114.100000,-457.080000,313.536000
1125.804000,-467.700000,319.456000
1185.692000,-467.700000,315.288000
1137.812000,-462.570000,320.000000
1142.220000,-459.150000,320.000000
1203.900000,-426.372000,314.834000
1203.900000,-413.520000,341.558000
1147.124000,-407.400000,340.538000
1169.778000,-407.400000,315.004000
1109.900000,-433.896000,332.242000
1109.900000,-439.656000,322.450000
1191.398000,-443.400000,323.912000
1150.132000,-443.400000,329.896000
1182.844000,-407.436000,342.000000
1122.778000,-408.804000,342.000000
963.800000,-514.922000,326.211000
963.800000,-511.932000,324.657000
953.022000,-496.200000,325.479000
934.934000,-496.200000,325.314000
929.800000,-506.527000,324.747000
929.800000,-504.986000,325.971000
949.554000,-519.200000,324.012000
960.876000,-519.200000,326.628000
937.960000,-502.824000,327.000000
960.570000,-508.919000,327.000000
1005.000000,-436.630000,329.098000
1005.000000,-439.540000,333.726000
1002.830000,-433.600000,322.754000
981.550000,-433.600000,339.420000
935.000000,-438.460000,342.410000
935.000000,-459.640000,345.114000
955.580000,-463.600000,336.040000
963.000000,-463.600000,324.808000
984.280000,-450.850000,348.000000
982.110000,-435.610000,348.000000
912.300000,-506.510000,406.000000
912.300000,-516.260000,393.300000
875.100000,-494.900000,381.500000
871.250000,-494.900000,415.200000
890.750000,-494.900000,387.400000
862.300000,-521.180000,357.100000
862.300000,-505.520000,337.100000
862.650000,-524.900000,332.600000
906.600000,-524.900000,359.000000
901.750000,-524.900000,423.200000
870.700000,-520.730000,425.000000
884.350000,-512.330000,425.000000
911.700000,-471.260000,330.650000
911.700000,-453.340000,344.875000
899.818000,-444.300000,324.525000
903.718000,-444.300000,325.350000
885.700000,-467.860000,343.425000
885.700000,-477.900000,330.825000
904.420000,-484.300000,337.300000
895.372000,-484.300000,336.300000
902.132000,-450.220000,347.000000
891.134000,-448.100000,347.000000
914.100000,-431.030000,412.728000
914.100000,-424.400000,336.288000
905.550000,-402.200000,387.248000
874.450000,-402.200000,359.064000
894.550000,-402.200000,353.968000
864.100000,-411.260000,361.872000
864.100000,-411.980000,381.840000
885.800000,-432.200000,336.392000
907.000000,-432.200000,404.616000
901.550000,-432.200000,391.304000
868.900000,-415.250000,425.000000
912.950000,-420.470000,425.000000
864.200000,-477.812000,364.022000
864.200000,-477.926000,361.020000
809.392000,-473.100000,344.667000
846.902000,-473.100000,378.242000
802.200000,-473.404000,404.391000
802.200000,-488.528000,395.543000
811.314000,-492.100000,385.036000
823.528000,-492.100000,333.844000
836.920000,-486.799000,410.000000
848.390000,-475.437000,410.000000
863.600000,-443.346000,406.366000
863.600000,-447.792000,379.348000
826.586000,-433.200000,387.011000
816.170000,-433.200000,396.649000
801.600000,-447.051000,367.735000
801.600000,-438.862000,334.950000
854.920000,-452.200000,348.380000
853.060000,-452.200000,352.251000
803.088000,-433.352000,410.000000
833.344000,-445.303000,410.000000
772.000000,-500.162000,375.630000
772.000000,-434.404000,406.428000
772.000000,-442.334000,348.573000
772.000000,-480.764000,372.150000
736.546000,-400.000000,354.315000
743.386000,-400.000000,338.481000
734.266000,-400.000000,407.646000
658.000000,-453.924000,333.087000
658.000000,-495.648000,357.534000
658.000000,-401.220000,379.806000
658.000000,-412.810000,375.543000
723.436000,-522.000000,398.772000
694.024000,-522.000000,376.587000
736.546000,-522.000000,351.879000
713.632000,-435.990000,420.000000
689.920000,-418.422000,420.000000
669.856000,-477.104000,420.000000
711.922000,-415.616000,420.000000
634.400000,-411.392000,326.716000
634.400000,-496.704000,330.016000
634.400000,-443.508000,326.716000
632.984000,-398.000000,376.546000
590.917000,-398.000000,344.470000
575.400000,-417.220000,360.442000
575.400000,-431.480000,358.924000
575.400000,-520.760000,350.410000
592.333000,-522.000000,344.338000
622.718000,-522.000000,373.378000
631.568000,-470.168000,391.000000
578.232000,-480.460000,391.000000
590.563000,-478.848000,391.000000
574.200000,-447.762000,342.604000
574.200000,-437.430000,331.936000
574.200000,-446.901000,355.666000
532.191000,-399.300000,332.314000
561.489000,-399.300000,341.134000
517.200000,-506.187000,322.066000
517.200000,-492.288000,350.332000
517.200000,-518.733000,328.702000
517.200000,-522.300000,353.818000
533.616000,-522.300000,359.530000
540.912000,-506.064000,361.000000
563.712000,-421.317000,361.000000
540.570000,-481.956000,361.000000
480.900000,-496.259000,321.744000
480.900000,-501.836000,334.120000
467.400000,-469.700000,342.884000
459.630000,-469.700000,340.252000
450.900000,-492.398000,336.052000
450.900000,-479.138000,346.384000
472.320000,-508.700000,329.220000
474.120000,-508.700000,324.516000
477.300000,-475.745000,347.000000
468.420000,-496.727000,347.000000
405.300000,-516.356000,322.072000
405.300000,-489.896000,323.176000
401.036000,-475.700000,320.112000
400.230000,-475.700000,324.928000
379.300000,-488.090000,318.160000
379.300000,-506.276000,318.680000
390.402000,-517.700000,324.208000
386.060000,-517.700000,320.432000
388.244000,-494.264000,325.000000
388.452000,-484.394000,325.000000
499.500000,-413.994000,316.660000
499.500000,-450.472000,316.992000
459.158000,-398.500000,315.150000
468.174000,-398.500000,316.554000
453.500000,-399.049000,315.638000
453.500000,-411.554000,316.116000
459.940000,-459.500000,316.126000
487.816000,-459.500000,315.678000
490.668000,-442.908000,315.000000
459.020000,-442.481000,315.000000
1271.200000,-330.293000,367.010000
1271.200000,-317.518000,327.145000
1271.200000,-324.891000,329.185000
1250.550000,-290.800000,346.185000
1265.355000,-290.800000,345.760000
1236.200000,-343.506000,325.445000
1236.200000,-341.900000,364.375000
1236.200000,-355.843000,359.615000
1266.055000,-363.800000,389.705000
1244.320000,-363.800000,382.905000
1245.720000,-291.895000,392.000000
1267.280000,-307.955000,392.000000
1217.300000,-334.944000,334.054000
1217.300000,-336.140000,353.803000
1202.100000,-315.900000,399.739000
1184.650000,-315.900000,372.856000
1167.300000,-325.905000,378.511000
1167.300000,-320.178000,391.909000
1195.650000,-338.900000,357.283000
1203.200000,-338.900000,323.962000
1204.100000,-322.846000,400.000000
1200.050000,-333.127000,400.000000
1167.900000,-288.075000,380.686000
1167.900000,-317.370000,373.987000
1167.900000,-329.130000,395.998000
1167.220000,-276.000000,359.458000
1162.340000,-276.000000,393.040000
1127.900000,-291.645000,338.143000
1127.900000,-346.560000,325.093000
1127.900000,-365.355000,340.231000
1139.100000,-381.000000,316.915000
1136.060000,-381.000000,344.146000
1135.900000,-337.740000,400.000000
1144.820000,-303.615000,400.000000
1100.100000,-318.045000,362.612000
1100.100000,-340.860000,460.414000
1100.100000,-323.670000,439.558000
1027.100000,-300.000000,324.060000
1037.600000,-300.000000,337.016000
1084.800000,-300.000000,388.998000
1051.600000,-300.000000,432.606000
1086.100000,-300.000000,404.324000
1000.100000,-338.790000,443.350000
1000.100000,-307.110000,371.618000
1000.100000,-337.395000,338.280000
1099.400000,-345.000000,404.798000
1069.100000,-345.000000,406.220000
1051.100000,-345.000000,445.562000
1025.300000,-345.000000,438.768000
1021.000000,-345.000000,421.230000
1066.500000,-339.375000,471.000000
1019.200000,-334.965000,471.000000
997.200000,-373.780000,411.650000
997.200000,-364.470000,336.985000
970.560000,-349.700000,385.054000
990.540000,-349.700000,360.856000
989.220000,-349.700000,354.752000
937.200000,-369.825000,358.349000
937.200000,-372.240000,384.727000
979.620000,-384.700000,331.753000
947.760000,-384.700000,408.598000
966.600000,-384.700000,393.774000
944.880000,-355.370000,428.000000
994.740000,-359.885000,428.000000
998.100000,-293.125000,361.074000
998.100000,-291.760000,362.273000
988.680000,-259.000000,334.478000
962.280000,-259.000000,386.144000
991.320000,-259.000000,338.075000
938.100000,-269.080000,416.773000
938.100000,-263.550000,410.015000
963.300000,-294.000000,390.177000
977.880000,-294.000000,324.886000
966.300000,-294.000000,377.097000
973.620000,-274.680000,428.000000
981.720000,-287.175000,428.000000
879.400000,-364.903000,390.462000
879.400000,-369.250000,369.659000
859.390000,-358.900000,373.138000
877.491000,-358.900000,385.208000
856.400000,-358.946000,355.743000
856.400000,-373.068000,329.757000
859.459000,-381.900000,338.419000
859.827000,-381.900000,345.306000
857.688000,-375.805000,396.000000
867.785000,-366.237000,396.000000
830.200000,-367.636000,360.976000
830.200000,-380.948000,390.064000
811.512000,-350.100000,343.408000
811.992000,-350.100000,333.832000
798.200000,-372.980000,397.768000
798.200000,-353.364000,349.528000
825.304000,-382.100000,380.200000
818.520000,-382.100000,365.296000
814.840000,-350.804000,400.000000
806.616000,-376.756000,400.000000
889.700000,-341.055000,404.508000
889.700000,-322.134000,330.708000
870.989000,-296.800000,384.500000
886.235000,-296.800000,348.666000
886.361000,-296.800000,381.630000
826.700000,-319.484000,364.410000
826.700000,-327.964000,366.624000
861.980000,-349.800000,344.402000
834.323000,-349.800000,384.582000
852.593000,-349.800000,329.068000
888.629000,-313.177000,405.000000
828.590000,-315.191000,405.000000
918.300000,-265.572000,328.830000
918.300000,-293.444000,326.586000
917.340000,-261.700000,326.146000
866.364000,-261.700000,328.995000
822.300000,-266.244000,323.451000
822.300000,-264.068000,331.404000
848.508000,-293.700000,331.767000
880.572000,-293.700000,333.813000
865.212000,-280.740000,334.000000
898.908000,-289.252000,334.000000
775.600000,-329.880000,336.194000
775.600000,-333.310000,389.822000
744.511000,-315.600000,418.598000
774.439000,-315.600000,413.693000
732.600000,-345.525000,391.893000
732.600000,-335.200000,437.564000
775.041000,-350.600000,365.297000
736.599000,-350.600000,352.435000
771.773000,-346.470000,438.000000
756.938000,-328.725000,438.000000
769.600000,-296.560000,379.578000
769.600000,-264.160000,396.310000
751.246000,-263.200000,357.862000
748.054000,-263.200000,326.801000
727.600000,-290.464000,336.057000
727.600000,-265.408000,346.292000
757.000000,-311.200000,403.341000
751.918000,-311.200000,365.783000
743.350000,-271.312000,415.000000
741.628000,-305.872000,415.000000
706.400000,-315.703000,325.208000
706.400000,-287.542000,323.352000
699.050000,-253.900000,337.304000
657.449000,-253.900000,326.856000
657.400000,-271.666000,333.384000
657.400000,-287.416000,330.360000
677.637000,-316.900000,329.480000
660.585000,-316.900000,333.864000
698.511000,-282.565000,339.000000
662.398000,-279.289000,339.000000
646.650000,-282.476000,357.070000
646.650000,-253.436000,333.970000
646.650000,-342.800000,334.905000
530.403900,-247.100000,343.650000
581.320500,-247.100000,346.015000
518.146200,-247.100000,372.250000
511.950000,-378.440000,330.175000
511.950000,-249.476000,358.060000
511.950000,-330.656000,354.595000
528.922200,-379.100000,371.755000
586.169700,-379.100000,370.105000
553.841700,-379.100000,336.995000
552.764100,-345.044000,375.000000
629.139000,-368.144000,375.000000
513.566400,-248.420000,375.000000
560.980800,-285.908000,375.000000
596.676300,-283.268000,375.000000
502.100000,-321.615000,318.660000
502.100000,-322.546000,331.402000
502.100000,-346.885000,314.428000
428.821000,-247.800000,353.436000
378.783000,-247.800000,341.430000
383.482000,-247.800000,345.662000
375.100000,-341.964000,342.166000
375.100000,-314.832000,351.504000
375.100000,-329.329000,330.896000
481.780000,-380.800000,330.942000
379.799000,-380.800000,315.578000
412.184000,-380.800000,316.176000
472.509000,-251.657000,355.000000
456.126000,-305.123000,355.000000
396.055000,-251.790000,355.000000
480.764000,-379.071000,355.000000
497.782000,-251.258000,355.000000
1095.100000,-229.212000,348.840000
1095.100000,-163.336000,347.760000
1053.340000,-156.800000,339.080000
1029.292000,-156.800000,356.520000
963.484000,-156.800000,344.760000
951.100000,-193.092000,329.280000
951.100000,-241.940000,325.280000
1030.732000,-242.800000,319.520000
1026.412000,-242.800000,334.040000
990.268000,-242.800000,319.120000
984.364000,-183.890000,359.000000
1009.564000,-238.070000,359.000000
996.892000,-161.014000,359.000000
994.300000,-215.280000,359.000000
921.400000,-169.700000,395.782000
921.400000,-204.350000,563.701000
921.400000,-218.975000,528.812000
921.400000,-228.125000,363.654000
921.400000,-210.200000,361.646000
921.175000,-160.100000,334.538000
850.675000,-160.100000,367.670000
854.350000,-160.100000,448.241000
885.700000,-160.100000,494.174000
893.875000,-160.100000,375.200000
846.400000,-170.225000,524.294000
846.400000,-195.800000,422.639000
846.400000,-203.075000,367.670000
846.400000,-224.600000,373.443000
846.400000,-190.250000,388.503000
866.350000,-235.100000,462.799000
847.075000,-235.100000,477.608000
865.300000,-235.100000,538.099000
864.625000,-235.100000,503.963000
879.100000,-235.100000,402.057000
994.700000,-77.753000,326.362000
994.700000,-72.092800,320.647000
961.001000,-70.200000,324.166000
974.537000,-70.200000,322.618000
947.700000,-85.633600,321.970000
947.700000,-87.708400,324.589000
993.760000,-88.400000,319.765000
970.965000,-88.400000,326.560000
955.173000,-86.379800,328.000000
991.927000,-87.908600,328.000000
998.563211,-57.240965,329.558000
998.854495,-55.834409,331.205000
983.312746,-41.823840,322.970000
963.365978,-37.693062,337.118000
957.924794,-46.362894,343.382000
958.316639,-44.470742,343.031000
984.903749,-59.616149,336.767000
996.748428,-62.069064,321.944000
984.885655,-45.205568,347.000000
987.340697,-51.162386,347.000000
849.047585,-121.777488,341.690000
857.694914,-108.613187,336.587000
854.773453,-103.788213,336.566000
847.096729,-98.745548,341.186000
826.495583,-91.267151,331.442000
819.838352,-101.401817,324.785000
831.252044,-110.352178,326.297000
833.067084,-111.544436,329.384000
827.195168,-95.843431,344.000000
843.456549,-96.376411,344.000000
891.986647,-80.987672,323.556000
887.169946,-88.696006,326.274000
851.223568,-47.571359,322.092000
849.671640,-46.601607,321.588000
830.998818,-63.476725,326.628000
838.373175,-51.675288,322.902000
837.050734,-67.605061,325.158000
880.142602,-94.531848,324.216000
862.605505,-76.322096,327.000000
849.813867,-61.568764,327.000000
919.794861,-21.886500,335.392000
923.400138,-11.648761,321.776000
901.179049,0.756562,331.488000
909.354903,-2.122611,325.280000
877.046463,-10.811324,327.584000
875.207951,-16.032062,328.784000
908.935923,-30.600331,323.664000
892.584215,-24.841985,332.288000
883.632943,5.905012,336.000000
883.612718,6.112511,336.000000
870.764563,-8.945593,321.474000
873.134200,-2.216642,319.472000
876.707569,25.822406,318.302000
865.298348,29.840227,322.319000
856.853744,14.774823,315.130000
857.166972,15.664282,325.166000
859.701850,-11.656932,324.945000
867.208959,-14.300603,315.000000
867.608151,15.030122,328.000000
870.580357,4.377016,328.000000
783.200000,-197.745000,328.695000
783.200000,-200.236000,370.352000
743.360000,-191.400000,386.830000
769.400000,-191.400000,387.215000
743.200000,-197.416000,368.042000
743.200000,-232.666000,327.078000
753.600000,-238.400000,349.177000
759.640000,-238.400000,343.941000
780.920000,-220.023000,403.000000
765.120000,-194.079000,403.000000
712.800000,-208.600000,323.426000
712.800000,-222.600000,324.848000
680.850000,-187.500000,321.956000
675.405000,-187.500000,320.162000
667.800000,-229.550000,320.492000
667.800000,-205.700000,321.476000
711.585000,-237.500000,325.022000
708.165000,-237.500000,322.790000
686.115000,-232.300000,326.000000
682.020000,-216.050000,326.000000
638.700000,-209.960000,319.103000
638.700000,-200.120000,317.160000
607.398000,-195.800000,340.998000
615.242000,-195.800000,323.511000
564.700000,-206.900000,333.922000
564.700000,-212.800000,329.862000
615.464000,-215.800000,326.817000
593.042000,-215.800000,336.213000
629.154000,-199.440000,345.000000
570.916000,-197.500000,345.000000
423.000000,-229.300000,362.227000
423.000000,-218.700000,329.208000
418.512000,-189.500000,340.422000
396.501000,-189.500000,348.699000
390.000000,-200.220000,318.706000
390.000000,-202.940000,368.190000
403.167000,-229.500000,385.901000
418.677000,-229.500000,387.681000
401.055000,-208.260000,394.000000
418.116000,-213.460000,394.000000
776.400000,-82.820000,320.611000
776.400000,-80.540000,323.536000
729.650000,-65.900000,327.406000
760.505000,-65.900000,325.507000
721.400000,-124.760000,325.210000
721.400000,-115.220000,327.478000
727.615000,-125.900000,323.005000
740.925000,-125.900000,320.449000
765.345000,-111.260000,328.000000
755.500000,-72.680000,328.000000
769.250000,-21.460000,346.320000
769.250000,-29.020000,347.328000
708.727500,1.300000,334.560000
685.937500,1.300000,357.840000
698.837500,1.300000,343.392000
661.750000,-26.500000,322.848000
661.750000,-11.020000,320.352000
750.545000,-38.700000,359.088000
752.157500,-38.700000,330.864000
663.147500,-38.700000,312.624000
690.022500,-0.380000,360.000000
703.460000,-23.780000,360.000000
507.800000,-34.840000,308.773000
507.800000,-6.856000,325.287000
491.240000,6.200000,303.138000
492.140000,6.200000,307.324000
447.800000,-13.384000,320.526000
447.800000,-31.912000,312.338000
480.140000,-41.800000,314.914000
467.420000,-41.800000,317.375000
491.420000,-9.592000,326.000000
457.160000,-0.568000,326.000000
246.640650,-576.008592,322.787000
237.077738,-585.571505,322.201000
234.048492,-559.199250,322.542000
237.656858,-562.807616,322.420000
232.103242,-560.847516,322.298000
229.742212,-563.208545,322.639000
222.807616,-577.656858,322.054000
231.123192,-585.972434,322.858000
227.589072,-571.034096,323.000000
237.879597,-582.482862,323.000000
296.500000,-336.296000,312.323000
296.500000,-333.200000,312.433000
290.173000,-326.000000,312.078000
294.403000,-326.000000,312.652000
287.500000,-346.016000,312.834000
287.500000,-344.384000,312.871000
296.194000,-350.000000,312.590000
290.191000,-350.000000,312.090000
293.395000,-347.648000,313.000000
293.719000,-330.056000,313.000000
283.000000,-316.935000,312.859000
283.000000,-317.826000,312.665000
273.016000,-310.500000,312.614000
265.744000,-310.500000,312.884000
259.000000,-315.432000,312.370000
259.000000,-312.768000,312.103000
275.296000,-319.500000,312.126000
277.840000,-319.500000,312.322000
261.856000,-312.201000,313.000000
270.016000,-316.647000,313.000000
182.601665,-554.331136,325.160000
170.982940,-560.251173,329.176000
180.371213,-549.777414,323.200000
179.043291,-547.171220,322.928000
155.665208,-524.285224,329.248000
138.664803,-532.947362,324.680000
136.285367,-551.361640,327.296000
134.125280,-547.122231,326.432000
158.324934,-548.448357,330.000000
161.965362,-531.011089,330.000000
143.104357,-298.644380,314.862000
133.328606,-308.420132,313.258000
127.350018,-272.672348,314.372000
131.111826,-276.434156,313.696000
106.246416,-286.004847,313.884000
119.504668,-272.746595,314.134000
108.410163,-289.087832,313.396000
124.521591,-305.199260,314.572000
111.139595,-283.438049,315.000000
135.520637,-305.980613,315.000000
112.666905,-620.303658,363.629000
123.816564,-609.153998,354.407000
133.642520,-599.328042,401.561000
132.505493,-581.593804,342.314000
138.937336,-588.025648,373.460000
89.943321,-609.086116,408.086000
88.823264,-610.206173,392.513000
115.042784,-583.986654,345.794000
87.957765,-638.869454,386.858000
78.182721,-629.094409,324.566000
131.147848,-585.225505,410.000000
126.463972,-598.462544,410.000000
-7.362157,-439.763075,320.030000
-8.111581,-438.609064,325.940000
83.314709,-557.661380,327.590000
97.853902,-548.219518,328.120000
72.724866,-482.298824,325.140000
91.928838,-511.870348,320.310000
-3.056707,-408.665147,322.700000
-10.289402,-413.362114,322.500000
42.834963,-515.040175,330.000000
21.467032,-446.266818,330.000000
46.873621,-485.551110,330.000000
172.293837,-418.680742,331.858000
156.401114,-431.912664,338.172000
152.180220,-374.029911,326.490000
177.794354,-404.794779,320.990000
143.948447,-379.821699,321.100000
105.535398,-411.803535,325.808000
91.584748,-438.783389,337.732000
90.632664,-437.639850,330.626000
123.008225,-424.675456,342.000000
143.731076,-398.677851,342.000000
81.717637,-352.111190,316.550000
55.260049,-320.580264,315.972000
123.636540,-367.419112,342.254000
122.141221,-368.673833,323.418000
83.773539,-304.778155,333.924000
121.488459,-349.725047,330.864000
50.436430,-312.790589,325.628000
56.760893,-307.483734,338.310000
57.009269,-317.835936,348.000000
85.641426,-310.289905,348.000000
34.952933,-308.301901,332.163000
49.858744,-293.396090,321.570000
51.159820,-255.076559,324.111000
64.193213,-268.109952,328.797000
-1.598831,-254.343997,316.026000
-7.032239,-259.777405,336.024000
6.742201,-306.825462,340.974000
-15.206394,-284.876868,343.251000
31.598418,-254.363796,345.000000
48.645349,-279.584880,345.000000
364.000000,-132.373000,305.499000
364.000000,-221.322000,311.874000
349.978000,-131.500000,318.351000
294.802000,-131.500000,315.597000
250.000000,-156.138000,314.186000
250.000000,-145.080000,319.320000
294.004000,-228.500000,310.038000
326.722000,-228.500000,306.043000
344.734000,-178.351000,320.000000
318.628000,-208.615000,320.000000
266.530000,-184.559000,320.000000
363.886000,-131.888000,320.000000
303.932924,-52.416863,312.562000
298.412073,-57.216066,313.556000
298.224069,-22.929687,309.146000
313.383822,-40.368988,316.622000
257.765515,-51.341676,305.716000
270.877537,-39.943569,305.688000
258.558599,-54.731841,316.300000
259.782805,-56.140129,308.754000
271.414038,-51.633527,317.000000
290.580349,-38.063100,317.000000
209.000000,-55.290000,310.219000
209.000000,-90.630000,310.986000
188.138000,0.000000,310.975000
186.998000,0.000000,310.205000
171.000000,-64.695000,310.730000
171.000000,-10.640000,310.424000
201.856000,-95.000000,310.486000
195.510000,-95.000000,310.643000
199.842000,-5.320000,311.000000
176.244000,-78.185000,311.000000
170.000000,-186.835000,323.305000
170.000000,-100.620000,317.398000
125.290000,0.000000,320.621000
158.950000,0.000000,319.807000
0.000000,-84.710000,317.926000
0.000000,-128.570000,322.216000
89.420000,-215.000000,315.242000
22.270000,-215.000000,324.625000
37.740000,-73.745000,326.000000
154.020000,-72.455000,326.000000
102.680000,-130.290000,326.000000
68.510000,-17.845000,326.000000
124.610000,-178.020000,326.000000
163.540000,-138.675000,326.000000
155.210000,-143.190000,326.000000
59.160000,-12.040000,326.000000
91.970000,-78.690000,326.000000
