1522.700000,-1084.095000,305.122000
1508.641000,-1072.200000,304.632000
1505.700000,-1109.562000,304.144000
1507.230000,-1111.200000,305.656000
1512.789000,-1102.581000,306.000000
1493.900000,-1077.794000,307.220000
1484.516000,-1052.600000,306.732000
1469.900000,-1070.348000,306.244000
1485.596000,-1086.600000,307.754000
1478.708000,-1059.910000,308.000000
1570.100000,-966.940000,305.620000
1539.540000,-963.400000,303.912000
1538.100000,-965.120000,302.197000
1545.076000,-983.400000,307.489000
1548.276000,-976.420000,308.000000
1526.200000,-971.290000,315.180000
1518.430000,-952.900000,310.300000
1511.200000,-972.400000,305.420000
1522.915000,-982.900000,320.520000
1515.220000,-955.510000,321.000000
1508.400000,-957.672000,307.831000
1504.956000,-956.300000,305.635000
1466.400000,-962.292000,303.430000
1480.890000,-984.300000,301.234000
1475.598000,-970.944000,310.000000
1501.576318,-735.097441,321.843000
1474.480786,-729.777346,315.228000
1501.864930,-759.267876,308.640000
1521.361195,-752.458268,302.025000
1511.143108,-762.339895,327.000000
1427.300000,-621.497000,323.444000
1422.260000,-569.000000,319.052000
1403.300000,-588.494000,314.642000
1414.652000,-626.000000,310.250000
1406.180000,-591.515000,326.000000
1390.800000,-627.012000,315.264000
1344.360000,-622.000000,313.304000
1330.800000,-634.670000,311.352000
1333.020000,-636.000000,309.392000
1335.000000,-633.634000,316.000000
1366.100000,-611.124000,318.527000
1360.354000,-574.600000,315.843000
1349.100000,-596.174000,313.148000
1359.317000,-620.600000,310.464000
1349.440000,-586.928000,319.000000
1347.700000,-590.030000,308.014000
1325.150000,-580.600000,309.524000
1322.700000,-581.953000,309.036000
1326.825000,-621.600000,308.546000
1346.975000,-609.464000,310.000000
1448.900000,-1097.682000,306.280000
1431.658000,-1079.700000,310.060000
1411.900000,-1095.819000,308.835000
1438.873000,-1106.700000,307.615000
1445.977000,-1083.480000,311.000000
1344.200000,-1077.368000,308.000000
1343.620000,-1073.900000,308.000000
1324.200000,-1079.374000,308.000000
1330.040000,-1107.900000,308.000000
1341.640000,-1093.484000,308.000000
1442.100000,-1052.960000,305.480000
1421.938000,-1042.200000,317.576000
1408.100000,-1056.700000,313.656000
1437.204000,-1062.200000,309.752000
1436.048000,-1042.440000,319.000000
1434.000000,-1027.428000,307.100000
1420.027000,-1006.000000,322.200000
1345.000000,-1012.358000,317.320000
1382.380000,-1028.000000,312.440000
1413.797000,-1015.856000,323.000000
1344.900000,-1033.490000,310.318000
1300.198000,-1009.300000,306.170000
1282.900000,-1059.627000,319.022000
1343.908000,-1068.300000,314.857000
1327.726000,-1061.456000,323.000000
1446.100000,-971.098000,306.256000
1439.260000,-942.300000,302.826000
1422.100000,-956.444000,313.410000
1435.252000,-976.300000,309.994000
1438.276000,-953.180000,316.000000
1399.000000,-964.139000,304.059000
1360.795000,-954.800000,303.327000
1354.000000,-987.140000,305.595000
1359.040000,-987.800000,304.860000
1382.080000,-979.781000,306.000000
1337.700000,-975.027000,305.612000
1331.092000,-951.300000,304.636000
1321.700000,-969.252000,307.656000
1332.516000,-984.300000,306.680000
1330.900000,-957.669000,308.000000
1430.300000,-918.190000,320.532000
1384.381000,-915.400000,310.528000
1383.300000,-917.344000,341.524000
1394.580000,-933.400000,331.479000
1407.975000,-926.722000,343.000000
1308.000000,-879.052000,332.096000
1298.280000,-836.500000,320.384000
1290.000000,-884.884000,308.624000
1304.454000,-908.500000,344.912000
1298.568000,-841.180000,356.000000
1302.100000,-753.902000,323.008000
1300.540000,-753.200000,315.903000
1287.100000,-759.336000,308.827000
1292.605000,-779.200000,330.722000
1293.490000,-766.226000,336.000000
1356.800000,-786.745000,324.429000
1308.704000,-779.800000,317.353000
1284.800000,-791.800000,310.248000
1351.832000,-794.800000,332.172000
1311.944000,-793.855000,336.000000
1451.000000,-775.085000,323.436000
1426.640000,-761.600000,314.616000
1346.000000,-767.060000,305.832000
1397.975000,-776.600000,333.012000
1380.335000,-767.195000,336.000000
1446.700000,-735.632000,325.200000
1435.556000,-723.200000,316.416000
1432.700000,-757.499000,307.596000
1433.526000,-760.200000,334.812000
1436.578000,-753.133000,336.000000
1445.200000,-717.480000,336.000000
1414.960000,-705.900000,324.240000
1361.200000,-713.265000,312.528000
1413.532000,-720.900000,300.768000
1380.352000,-709.590000,348.000000
1359.800000,-709.196000,345.558000
1345.016000,-701.500000,335.310000
1343.800000,-703.535000,325.020000
1346.792000,-738.500000,314.772000
1346.648000,-726.734000,354.000000
1342.600000,-708.116000,347.658000
1324.544000,-699.100000,337.368000
1305.600000,-707.766000,327.120000
1333.387000,-713.100000,316.872000
1310.373000,-700.752000,354.000000
1302.800000,-705.760000,349.716000
1301.933000,-703.200000,339.468000
1285.800000,-709.056000,329.178000
1291.138000,-735.200000,318.930000
1287.143000,-720.928000,354.000000
1268.400000,-1071.280000,323.116000
1253.025000,-1042.900000,318.951000
1243.400000,-1083.985000,314.803000
1265.350000,-1097.900000,310.655000
1244.150000,-1097.350000,324.000000
1228.600000,-1103.012000,311.985000
1226.810000,-1073.500000,310.765000
1218.600000,-1083.141000,309.545000
1223.020000,-1104.500000,308.320000
1228.400000,-1086.706000,312.000000
1220.900000,-1098.380000,309.141000
1197.867000,-1094.500000,311.406000
1189.900000,-1103.250000,310.674000
1190.086000,-1104.500000,309.942000
1218.761000,-1103.120000,312.000000
1216.600000,-1069.075000,307.096000
1214.144000,-1056.700000,307.852000
1208.600000,-1063.270000,307.608000
1213.160000,-1071.700000,307.363000
1215.648000,-1061.170000,308.000000
1195.000000,-1060.396000,309.438000
1186.290000,-1051.000000,311.706000
1185.000000,-1051.072000,310.971000
1186.340000,-1087.000000,310.239000
1193.320000,-1077.460000,312.000000
1187.000000,-1095.822000,312.145000
1180.475000,-1077.700000,320.461000
1172.000000,-1092.416000,317.777000
1182.470000,-1103.700000,315.082000
1183.730000,-1082.146000,321.000000
1148.400000,-1080.925000,311.000000
1098.450000,-1077.600000,311.000000
1098.400000,-1080.850000,311.000000
1111.500000,-1102.600000,311.000000
1135.050000,-1092.775000,311.000000
1231.100000,-1010.518000,309.588000
1218.736000,-998.000000,309.100000
1209.100000,-1013.268000,310.612000
1227.250000,-1020.000000,310.122000
1224.126000,-998.946000,311.000000
1206.100000,-1004.905000,310.720000
1204.336000,-1004.700000,309.500000
1192.100000,-1015.278000,313.275000
1197.546000,-1045.700000,312.055000
1200.976000,-1024.339000,314.000000
1143.300000,-1020.627000,317.516000
1117.080000,-999.900000,314.086000
1105.300000,-1038.534000,324.670000
1141.514000,-1046.900000,321.240000
1127.492000,-1042.905000,326.000000
1268.000000,-933.970000,311.101000
1260.634000,-925.200000,309.393000
1239.000000,-929.060000,314.678000
1253.993000,-935.200000,312.970000
1254.486000,-928.710000,315.000000
1238.900000,-957.662000,311.972000
1228.266000,-947.300000,310.992000
1225.900000,-978.617000,310.016000
1226.953000,-980.300000,313.036000
1232.205000,-973.271000,314.000000
1224.200000,-970.400000,312.168000
1219.616000,-949.400000,311.192000
1212.200000,-963.764000,310.212000
1219.940000,-977.400000,313.236000
1217.420000,-955.672000,314.000000
1179.800000,-967.532000,312.368000
1158.042000,-965.300000,311.388000
1156.800000,-966.224000,310.412000
1161.607000,-977.300000,313.436000
1165.678000,-973.220000,314.000000
1190.200000,-953.460000,320.897000
1156.540000,-934.800000,316.749000
1124.200000,-954.030000,312.584000
1175.218000,-964.800000,325.436000
1146.376000,-937.680000,327.000000
1268.300000,-854.776000,312.455000
1267.278000,-853.500000,311.230000
1254.300000,-858.010000,310.010000
1259.018000,-875.500000,313.790000
1258.318000,-865.204000,314.000000
1257.000000,-840.474000,312.480000
1249.356000,-830.100000,311.992000
1245.000000,-846.249000,311.502000
1255.800000,-851.100000,311.014000
1247.844000,-850.428000,313.000000
1157.500000,-870.500000,316.000000
1154.887000,-842.600000,316.000000
1144.500000,-852.590000,316.000000
1150.532000,-872.600000,316.000000
1146.944000,-854.720000,316.000000
1145.100000,-863.190000,316.000000
1118.325000,-857.700000,316.000000
1110.100000,-871.155000,316.000000
1111.080000,-872.700000,316.000000
1114.930000,-870.300000,316.000000
1259.300000,-797.327000,310.111000
1252.720000,-790.100000,310.356000
1239.300000,-794.240000,310.600000
1251.140000,-799.100000,310.844000
1241.080000,-792.584000,310.000000
1213.100000,-763.679000,313.000000
1201.491000,-749.100000,313.000000
1200.100000,-750.564000,313.000000
1202.128000,-810.100000,313.000000
1200.607000,-792.593000,313.000000
1200.200000,-789.675000,329.796000
1194.259000,-748.500000,325.648000
1187.200000,-784.368000,321.483000
1196.560000,-809.500000,317.335000
1200.070000,-757.589000,330.000000
1142.500000,-783.886000,318.259000
1141.723000,-781.000000,323.551000
1105.500000,-784.952000,321.843000
1116.008000,-807.000000,320.128000
1140.280000,-796.210000,325.000000
1270.600000,-746.911000,312.348000
1241.400000,-739.800000,315.372000
1220.600000,-749.108000,314.392000
1263.000000,-752.800000,313.416000
1265.150000,-740.073000,316.000000
1238.100000,-732.152000,319.329000
1231.588000,-688.900000,332.164000
1194.100000,-701.220000,328.016000
1212.184000,-732.900000,323.851000
1231.104000,-709.008000,334.000000
1172.300000,-710.008000,317.372000
1153.788000,-696.600000,318.884000
1146.300000,-723.608000,318.394000
1171.650000,-728.600000,317.906000
1166.892000,-725.176000,319.000000
1138.700000,-698.325000,319.708000
1130.972000,-685.500000,321.973000
1110.700000,-691.620000,321.241000
1125.792000,-700.500000,320.506000
1131.476000,-690.435000,322.000000
1202.900000,-647.924000,324.555000
1134.020000,-641.500000,318.943000
1120.900000,-662.862000,336.308000
1129.346000,-663.500000,330.696000
1177.644000,-658.330000,341.000000
1148.800000,-631.832000,318.345000
1132.640000,-599.800000,316.630000
1108.800000,-623.340000,321.922000
1135.480000,-643.800000,320.207000
1134.520000,-608.688000,323.000000
1251.400000,-595.372000,314.224000
1156.536000,-587.500000,311.540000
1153.400000,-592.252000,319.845000
1176.038000,-635.500000,317.161000
1211.514000,-618.124000,321.000000
1253.000000,-576.600000,319.888000
1207.780000,-564.000000,312.048000
1168.000000,-577.923000,336.240000
1235.575000,-585.000000,328.432000
1214.240000,-565.554000,338.000000
994.600000,-1063.424000,348.361000
989.470000,-1062.200000,332.013000
940.600000,-1069.918000,382.598000
959.986000,-1096.200000,366.250000
967.276000,-1079.540000,383.000000
1076.100000,-1023.688000,321.594000
1053.694000,-998.200000,317.184000
1042.100000,-1040.914000,312.792000
1073.448000,-1052.200000,326.400000
1057.230000,-1049.284000,330.000000
1024.800000,-1044.332000,323.238000
1002.946000,-995.300000,321.042000
926.800000,-1014.470000,318.846000
974.428000,-1049.300000,325.641000
965.510000,-1015.928000,327.000000
995.200000,-946.148000,363.872000
945.619000,-931.700000,346.477000
932.200000,-970.298000,329.153000
935.350000,-973.700000,382.829000
953.998000,-966.056000,390.000000
1073.100000,-921.026000,324.534000
1051.338000,-885.100000,321.118000
1011.100000,-907.272000,317.702000
1049.168000,-931.100000,328.272000
1029.452000,-896.784000,329.000000
1021.800000,-834.365000,324.386000
991.605000,-824.600000,322.922000
988.800000,-826.670000,321.452000
994.674000,-869.600000,325.988000
996.951000,-855.695000,326.000000
1078.200000,-786.662000,354.660000
1063.830000,-751.400000,343.192000
1048.200000,-784.340000,331.724000
1070.460000,-805.400000,320.209000
1054.110000,-758.258000,365.000000
1028.200000,-762.372000,338.260000
1026.308000,-758.100000,332.892000
984.200000,-766.452000,327.502000
997.664000,-806.100000,322.134000
990.712000,-785.124000,342.000000
986.200000,-774.700000,342.480000
952.264000,-743.200000,337.335000
930.200000,-787.480000,332.211000
978.920000,-803.200000,327.066000
935.688000,-803.140000,345.000000
1023.800000,-738.982000,343.580000
1008.160000,-679.400000,338.700000
931.800000,-698.124000,333.800000
971.636000,-741.400000,328.920000
936.308000,-706.370000,345.000000
1083.800000,-628.420000,325.853000
1050.770000,-604.600000,324.138000
1038.800000,-656.560000,322.430000
1083.665000,-664.600000,320.715000
1083.755000,-656.860000,326.000000
987.100000,-655.547000,324.056000
981.736000,-606.400000,325.568000
969.100000,-631.770000,325.078000
979.198000,-665.400000,324.590000
986.182000,-624.513000,326.000000
965.000000,-636.190000,327.326000
951.208000,-626.200000,340.161000
949.000000,-662.941000,336.013000
951.000000,-663.200000,331.848000
963.400000,-653.691000,343.000000
1066.900000,-580.124000,324.286000
1008.964000,-542.000000,337.894000
930.900000,-572.078000,333.484000
1024.604000,-596.000000,329.092000
1046.500000,-551.720000,340.000000
813.700000,-1065.222000,320.947000
780.040000,-1059.400000,329.252000
779.700000,-1064.361000,326.568000
788.302000,-1100.400000,323.884000
806.934000,-1084.656000,330.000000
892.700000,-1048.234000,327.616000
852.258000,-988.700000,339.712000
819.700000,-1059.255000,335.792000
879.341000,-1091.700000,331.888000
874.523000,-994.056000,340.000000
809.800000,-996.640000,327.588000
806.407000,-995.800000,324.403000
780.800000,-1010.740000,334.231000
791.849000,-1055.800000,331.059000
801.158000,-1025.080000,337.000000
773.400000,-1083.450000,327.200000
737.988000,-1072.200000,323.296000
721.400000,-1092.525000,335.392000
770.488000,-1097.200000,331.472000
755.304000,-1095.300000,338.000000
772.800000,-1049.816000,365.500000
766.675000,-1000.200000,339.040000
747.800000,-1021.312000,420.688000
760.500000,-1056.200000,394.336000
762.875000,-1020.360000,433.000000
840.300000,-937.966000,356.072000
794.996000,-920.900000,337.040000
784.300000,-970.773000,396.008000
788.332000,-973.900000,376.898000
815.268000,-963.088000,401.000000
844.200000,-874.294000,339.954000
821.074000,-824.200000,334.830000
782.200000,-857.464000,350.685000
821.632000,-890.200000,345.561000
813.448000,-839.512000,351.000000
769.300000,-834.255000,362.949000
752.434000,-824.700000,347.577000
751.300000,-828.032000,332.205000
754.900000,-873.700000,379.770000
759.472000,-857.481000,393.000000
747.069370,-857.429995,366.099000
751.687408,-828.903346,350.727000
732.585245,-850.632049,335.292000
736.716972,-870.494976,382.920000
748.353274,-832.437461,393.000000
869.700000,-744.174000,336.196000
866.450000,-742.700000,331.804000
819.700000,-747.012000,327.412000
836.100000,-764.700000,341.002000
837.450000,-754.602000,343.000000
907.900000,-766.280000,337.096000
885.920000,-736.100000,332.704000
872.900000,-781.700000,328.294000
904.120000,-796.100000,341.902000
883.610000,-794.720000,343.000000
823.594738,-808.144533,474.512000
833.209117,-770.822061,426.492000
794.963960,-765.595285,378.668000
800.698178,-799.024403,526.648000
803.553282,-774.057409,529.000000
909.000000,-642.875000,345.504000
861.372000,-630.500000,339.648000
846.000000,-659.804000,333.768000
847.197000,-663.500000,327.912000
858.978000,-658.517000,351.000000
840.600000,-660.453000,390.933000
823.960000,-641.800000,373.048000
788.600000,-652.196000,355.236000
818.916000,-664.800000,337.351000
796.764000,-648.355000,404.000000
897.700000,-601.528000,512.050000
825.212000,-592.600000,459.590000
841.366000,-592.600000,329.730000
815.700000,-593.140000,406.915000
827.754000,-628.600000,354.455000
877.364000,-628.600000,423.900000
906.700000,-570.412000,338.800000
852.044000,-541.000000,335.125000
784.700000,-565.897000,331.465000
871.442000,-584.000000,327.805000
791.776000,-547.794000,340.000000
558.520437,-1130.889745,354.070000
560.386645,-1127.371895,346.750000
529.079694,-1111.947233,339.400000
521.244646,-1140.775476,332.080000
520.989357,-1124.442373,355.000000
531.066907,-1168.273700,329.021000
508.733255,-1134.431061,449.066000
508.517705,-1134.285671,430.463000
474.815197,-1135.431332,410.270000
515.439142,-1172.728342,371.474000
504.984978,-1165.676919,341.105000
537.093315,-1154.573386,485.000000
488.757921,-1107.763831,330.148000
508.769367,-1088.339409,376.264000
493.119176,-1081.070484,361.319000
481.821163,-1099.553589,346.435000
499.172900,-1097.222236,387.000000
588.834196,-1069.696112,337.862000
584.348838,-1022.671133,420.157000
534.298051,-1041.800075,393.561000
560.519793,-1090.174673,366.965000
561.429926,-1081.799457,434.000000
616.728693,-1035.969947,331.344000
618.231709,-1018.605283,355.536000
592.209855,-995.347211,347.728000
601.347320,-1020.001019,339.888000
616.831765,-1024.395718,358.000000
647.178100,-992.659025,328.387000
640.411718,-962.851526,336.692000
603.224377,-985.788982,334.008000
603.882581,-989.247507,331.324000
625.638127,-999.953079,337.000000
653.989294,-961.697956,337.374000
670.879807,-940.396238,327.858000
650.452688,-945.260449,357.342000
643.402862,-963.669603,347.787000
666.005203,-946.389562,366.000000
447.691672,-1086.396990,328.316000
423.766020,-1045.305482,328.072000
419.564104,-1046.123027,328.827000
396.707332,-1078.629446,328.583000
421.797446,-1086.054409,329.000000
451.370480,-1049.197967,351.725000
457.958002,-1026.366140,335.865000
433.889060,-1029.898393,385.005000
438.145291,-1052.747984,369.080000
458.102817,-1030.765398,393.000000
533.198828,-1016.160614,352.560000
533.023677,-1013.727643,336.944000
514.556625,-1001.661303,385.264000
500.783082,-1023.173312,369.648000
515.454146,-1017.596754,390.000000
505.853987,-1000.318680,350.785000
509.528899,-978.105740,338.780000
483.192385,-989.074214,375.824000
490.492334,-1010.213091,363.819000
485.912117,-1002.054294,377.000000
540.789904,-1010.943606,345.476000
551.333549,-987.535737,337.180000
517.900361,-959.994176,328.850000
521.404060,-990.301290,354.554000
532.794324,-980.174330,362.000000
601.967114,-958.868365,330.820000
602.054615,-924.760144,329.595000
554.165133,-953.827822,328.375000
550.775874,-958.366132,332.150000
566.958137,-961.580679,333.000000
558.848917,-947.000030,363.941000
592.593306,-912.193142,350.033000
563.083330,-921.696157,336.068000
544.620385,-949.881477,379.160000
576.980210,-918.405154,386.000000
659.458360,-906.374360,339.934000
643.285257,-867.009893,335.524000
639.070495,-864.979947,331.132000
603.443332,-903.616061,344.722000
620.209697,-898.492937,346.000000
687.418225,-861.197549,422.696000
702.789435,-827.582993,390.244000
667.762306,-832.078014,357.659000
668.403459,-864.570635,458.207000
691.667896,-824.654343,461.000000
737.806142,-804.966801,381.578000
739.132434,-802.711546,364.673000
719.512772,-785.037971,347.837000
708.336370,-804.406968,331.001000
715.275509,-795.973621,398.000000
763.900000,-685.646000,373.739000
751.342000,-675.500000,361.783000
742.900000,-689.351000,349.778000
760.981000,-694.500000,337.822000
746.386000,-675.652000,383.000000
733.119795,-715.605615,364.440000
742.883169,-698.376818,354.640000
714.796806,-672.539099,344.880000
716.393157,-695.855676,335.120000
715.880546,-678.436292,370.000000
766.000000,-609.868000,367.760000
713.075000,-578.200000,358.976000
693.000000,-645.046000,350.192000
765.124000,-656.200000,341.372000
697.891000,-646.840000,371.000000
765.700000,-571.280000,353.200000
748.360000,-537.600000,348.300000
705.700000,-554.440000,343.420000
738.820000,-577.600000,338.540000
706.780000,-550.240000,354.000000
708.600000,-548.076000,327.935000
672.774000,-536.400000,490.475000
666.600000,-577.770000,438.015000
671.472000,-578.400000,385.340000
422.305758,-1022.599193,331.360000
426.116635,-993.220847,361.600000
395.362560,-981.366145,351.800000
405.793416,-1015.794233,342.040000
432.094663,-1009.565145,369.000000
482.714797,-966.320410,336.856000
451.280258,-919.823863,398.848000
447.813413,-921.237698,378.840000
434.482621,-949.929012,358.750000
466.227912,-970.062993,410.000000
497.304659,-950.071175,328.790000
493.841219,-917.811616,332.570000
463.763660,-912.894163,331.345000
481.634345,-950.407854,330.125000
503.904139,-933.146186,333.000000
570.721529,-893.103229,333.368000
567.678235,-887.152233,349.223000
522.843865,-854.668223,344.099000
501.452441,-900.711131,338.954000
539.934877,-900.276487,350.000000
607.851585,-865.509061,332.855000
616.567086,-832.510315,329.195000
572.885052,-855.221615,340.520000
581.417132,-884.444681,336.860000
580.482142,-876.902221,344.000000
562.730626,-858.814636,329.149000
579.141407,-836.415190,327.434000
556.137692,-825.550702,332.726000
550.823931,-849.116491,331.011000
568.782597,-841.213530,334.000000
589.393388,-814.848084,339.460000
591.079986,-800.100004,330.920000
566.266152,-816.848276,357.345000
565.090495,-818.854160,348.805000
574.504976,-820.564618,362.000000
621.375763,-798.044287,338.992000
634.080368,-778.388691,331.152000
614.896945,-777.555539,355.344000
611.429857,-796.499096,347.504000
627.843365,-781.792265,358.000000
680.321312,-797.935147,333.370000
651.046367,-752.382983,329.954000
647.088628,-750.214389,340.524000
632.852704,-775.997136,337.108000
652.213923,-785.021940,341.000000
706.804984,-768.314940,346.655000
721.166107,-725.031247,339.060000
676.131653,-728.815735,331.496000
682.309456,-772.388223,354.932000
714.749118,-727.975793,362.000000
438.982758,-915.186074,338.972000
438.746840,-910.909488,334.580000
397.118209,-869.308225,330.170000
388.714858,-901.562654,343.778000
404.313334,-897.228284,347.000000
456.279936,-898.912339,339.476000
450.658859,-867.563606,334.821000
422.388382,-868.452998,330.185000
441.589148,-904.033917,344.549000
427.500965,-885.969074,347.000000
484.594103,-877.939040,338.448000
524.997699,-837.450112,334.544000
493.342534,-828.391635,330.640000
470.684940,-865.720383,342.720000
495.081950,-840.741117,344.000000
477.728249,-831.386701,349.793000
479.278027,-807.062690,342.198000
446.083008,-826.130283,334.634000
442.190554,-829.591152,358.070000
450.938285,-830.691170,359.000000
536.949342,-831.231642,348.808000
550.632418,-812.948025,341.732000
533.532144,-810.837162,334.656000
528.346784,-828.330984,327.551000
539.207350,-811.452847,356.000000
536.087155,-799.504856,331.812000
523.333354,-771.551583,330.348000
520.495542,-768.380870,328.878000
500.297135,-790.774693,327.414000
507.405099,-786.681271,333.000000
565.779937,-805.458144,337.063000
565.360502,-771.904548,333.891000
530.888382,-756.507194,330.719000
547.370174,-797.358815,327.534000
545.065053,-754.755054,339.000000
592.878235,-741.802642,331.406000
595.658855,-739.496896,329.942000
583.958949,-731.010703,328.472000
567.458303,-749.164555,327.008000
574.431876,-740.112702,332.000000
618.753692,-741.361510,334.510000
620.507927,-716.593993,332.060000
595.514627,-719.003828,329.620000
605.188434,-745.346467,327.170000
611.422535,-707.233618,335.000000
612.375449,-705.472711,324.000000
611.186240,-703.907231,348.948000
590.562702,-703.834932,340.863000
559.296429,-736.758610,332.811000
589.697375,-723.412423,357.000000
674.331884,-711.824121,326.000000
668.067001,-662.423643,341.100000
617.804753,-679.106555,336.220000
646.467574,-731.091516,331.320000
649.465877,-726.308768,345.000000
315.534731,-1036.520495,326.188000
324.145681,-984.729650,335.260000
247.467746,-917.927512,332.320000
270.398339,-989.862918,329.392000
323.564869,-1008.824888,337.000000
375.205381,-969.380111,331.215000
379.322652,-939.603101,357.640000
323.882972,-978.771189,349.100000
322.682119,-982.477985,340.525000
346.360966,-987.236960,361.000000
336.845641,-964.857510,334.356000
341.146361,-906.242354,350.988000
276.517332,-870.880099,345.598000
301.625389,-943.244868,340.230000
343.481836,-927.918126,352.000000
387.787963,-861.972175,359.736000
350.541512,-804.119403,327.396000
345.695056,-803.411650,427.188000
326.064231,-839.042124,394.980000
360.482783,-859.068868,459.000000
398.728515,-843.942173,333.534000
393.728560,-808.307392,328.166000
360.339803,-797.823165,344.776000
381.402115,-840.755972,339.408000
398.908927,-819.090295,349.000000
468.823343,-784.047530,331.858000
467.060290,-779.553555,328.428000
428.441084,-740.829624,339.012000
424.504875,-769.905419,335.596000
445.176495,-775.182327,341.000000
494.275664,-763.054730,326.000000
481.885534,-725.174280,326.000000
451.397044,-723.145097,326.000000
479.314120,-768.080304,326.000000
468.299271,-752.819167,326.000000
564.594964,-698.166095,332.136000
581.981153,-676.964822,328.216000
560.877744,-666.433732,340.312000
553.904642,-688.374675,336.408000
568.497456,-678.746425,341.000000
555.096546,-708.524379,327.475000
543.897129,-678.012764,326.255000
517.776162,-687.275448,325.035000
516.350506,-690.076973,328.810000
531.374379,-701.072553,330.000000
522.046894,-682.104133,333.720000
545.779989,-656.886579,329.800000
524.364362,-662.212851,325.896000
511.737168,-683.174873,337.992000
534.628836,-661.701180,341.000000
593.508832,-638.540419,338.444000
582.454787,-614.034622,332.100000
579.924559,-612.238127,325.756000
560.923759,-633.531987,345.386000
571.574959,-633.247294,349.000000
283.395508,-840.043173,349.540000
285.621083,-822.164273,341.000000
267.926626,-815.472138,332.425000
273.953584,-836.883400,358.885000
280.087929,-818.781124,362.000000
272.849350,-849.921902,329.702000
274.469224,-845.598672,326.286000
212.291591,-776.702746,322.870000
204.884304,-817.554792,333.440000
216.780523,-807.606557,334.000000
322.620301,-801.622170,326.000000
315.926324,-765.475911,326.000000
283.811597,-762.239872,326.000000
306.117811,-804.413015,326.000000
309.449421,-758.261476,326.000000
278.284038,-720.894965,327.172000
301.481302,-696.940825,326.192000
286.923228,-695.346163,325.216000
272.628541,-715.779927,324.236000
284.311627,-701.001256,328.000000
350.468654,-708.695308,330.894000
351.444860,-698.089374,329.186000
337.647171,-706.880616,327.471000
342.138698,-716.057038,325.763000
337.984879,-708.402225,332.000000
332.847663,-700.685982,328.460000
343.444544,-688.317300,327.235000
334.268162,-689.889942,326.015000
328.599218,-700.240027,324.790000
335.893587,-689.217033,329.000000
370.573272,-686.958628,327.764000
359.897062,-663.965883,326.788000
339.792925,-674.929594,325.808000
341.364639,-677.661449,324.832000
344.252085,-672.550760,328.000000
400.181736,-684.104362,329.964000
401.771208,-657.563786,328.984000
383.874536,-670.871855,328.008000
390.529487,-690.746916,327.028000
406.626952,-666.857482,330.000000
438.141035,-640.439100,326.760000
419.098440,-618.784785,341.124000
416.117572,-621.448085,336.469000
401.320727,-652.902067,331.833000
425.981044,-653.800882,345.000000
402.718674,-604.935878,327.410000
382.055074,-626.780164,364.405000
366.885735,-647.971281,352.449000
396.411902,-614.337533,340.493000
397.478292,-608.726190,372.000000
580.744564,-576.549872,325.336000
580.911271,-574.060255,343.480000
560.942473,-569.668467,337.600000
533.331686,-601.366200,331.744000
559.262521,-590.768878,346.000000
562.900000,-543.128000,326.536000
536.340000,-533.300000,344.656000
522.900000,-549.995000,338.800000
559.980000,-554.300000,332.944000
554.460000,-553.082000,346.000000
495.345764,-661.230617,331.902000
515.643765,-636.197730,353.826000
492.602797,-628.286243,346.750000
483.938025,-652.862634,339.645000
504.918918,-643.998582,354.000000
490.802598,-604.030495,321.000000
482.161361,-573.641412,321.000000
451.943763,-587.436669,321.000000
451.050166,-590.670322,321.000000
470.667862,-605.205835,321.000000
470.500000,-568.632000,321.000000
466.950000,-563.200000,321.000000
460.500000,-566.609000,321.000000
466.680000,-570.200000,321.000000
466.900000,-564.950000,321.000000
453.703229,-575.624026,321.000000
446.673096,-568.581641,321.000000
445.573450,-569.119788,321.000000
440.717912,-585.597982,321.000000
446.659506,-581.941391,321.000000
429.107587,-589.800510,322.744000
430.879420,-569.696543,321.768000
419.155091,-584.999434,324.792000
422.833893,-598.707142,323.812000
429.857238,-573.220807,325.000000
479.100000,-547.350000,321.000000
477.126000,-546.500000,321.000000
437.100000,-548.280000,321.000000
450.120000,-556.500000,321.000000
457.764000,-552.090000,321.000000
409.880301,-569.253147,321.000000
411.531154,-547.598762,321.000000
397.401143,-573.987724,321.000000
401.929064,-586.730877,321.000000
397.958641,-585.016776,321.000000
393.233610,-567.993334,321.000000
399.947663,-542.980579,321.000000
389.466253,-548.124818,321.000000
387.540542,-567.271324,321.000000
392.091147,-552.590851,321.000000
1345.582548,-493.793525,339.560000
1354.567794,-471.093220,325.840000
1315.376253,-486.526712,312.176000
1309.938988,-489.588658,354.456000
1318.994282,-492.756785,360.000000
1269.500000,-519.470000,328.152000
1249.870000,-494.600000,321.320000
1204.500000,-507.620000,314.460000
1241.225000,-524.600000,335.628000
1223.545000,-503.690000,337.000000
1269.000000,-426.535000,322.414000
1245.618000,-416.200000,317.269000
1242.000000,-455.122000,312.145000
1245.483000,-455.200000,307.000000
1248.588000,-445.021000,328.000000
1188.300000,-518.832000,320.962000
1165.940000,-496.400000,317.546000
1136.300000,-514.384000,314.116000
1172.336000,-528.400000,310.700000
1146.388000,-502.000000,324.000000
1131.300000,-492.120000,315.499000
1106.450000,-486.600000,314.764000
1106.300000,-491.600000,314.032000
1112.725000,-526.600000,313.300000
1109.925000,-511.040000,316.000000
1190.100000,-460.032000,319.056000
1147.692000,-449.700000,317.104000
1114.100000,-462.102000,315.144000
1176.496000,-467.700000,313.192000
1121.320000,-450.564000,320.000000
1203.900000,-407.760000,339.688000
1192.432000,-407.400000,331.358000
1109.900000,-416.508000,323.062000
1146.090000,-443.400000,314.766000
1114.224000,-424.824000,342.000000
963.800000,-506.458000,326.943000
940.476000,-496.200000,326.211000
929.800000,-514.991000,325.479000
962.066000,-519.200000,324.744000
963.664000,-517.360000,327.000000
1005.000000,-460.060000,322.806000
987.570000,-433.600000,342.436000
935.000000,-445.030000,336.092000
970.910000,-463.600000,329.748000
1001.290000,-444.280000,348.000000
912.300000,-504.440000,333.000000
871.650000,-494.900000,408.600000
862.300000,-523.250000,384.200000
866.100000,-524.900000,359.700000
907.150000,-518.660000,425.000000
911.700000,-474.460000,325.250000
901.898000,-444.300000,344.150000
885.700000,-464.660000,338.025000
902.340000,-484.300000,331.925000
907.748000,-453.420000,347.000000
914.100000,-407.900000,339.616000
867.050000,-402.200000,418.240000
864.100000,-404.390000,392.864000
874.300000,-432.200000,367.384000
904.000000,-422.120000,425.000000
864.200000,-485.013000,349.091000
832.890000,-473.100000,408.815000
802.200000,-485.184000,389.460000
849.816000,-492.100000,370.184000
848.638000,-475.000000,410.000000
863.600000,-434.397000,353.041000
859.322000,-433.200000,333.686000
801.600000,-437.000000,393.410000
822.184000,-452.200000,374.055000
844.938000,-443.403000,410.000000
772.000000,-460.878000,361.536000
772.000000,-406.588000,406.863000
699.838000,-400.000000,340.308000
658.000000,-493.208000,405.993000
658.000000,-401.342000,357.969000
760.144000,-522.000000,384.765000
732.100000,-518.706000,420.000000
689.350000,-512.606000,420.000000
634.400000,-513.940000,349.948000
622.777000,-398.000000,333.778000
575.400000,-438.672000,383.674000
602.540000,-522.000000,367.504000
610.800000,-448.716000,391.000000
574.200000,-444.933000,336.934000
530.880000,-399.300000,326.686000
517.200000,-509.016000,358.396000
518.568000,-522.300000,348.148000
548.550000,-503.235000,361.000000
480.900000,-501.173000,332.356000
471.180000,-469.700000,325.496000
450.900000,-487.484000,346.664000
468.510000,-508.700000,339.804000
465.930000,-480.659000,347.000000
405.300000,-485.906000,321.208000
382.212000,-475.700000,319.256000
379.300000,-476.540000,317.296000
383.226000,-517.700000,323.344000
391.026000,-505.814000,325.000000
499.500000,-439.919000,315.848000
478.708000,-398.500000,316.338000
453.500000,-434.124000,316.826000
486.390000,-459.500000,315.314000
471.992000,-407.833000,315.000000
1271.200000,-299.268000,360.125000
1270.640000,-290.800000,339.385000
1236.200000,-301.531000,318.560000
1245.965000,-363.800000,382.820000
1248.520000,-333.797000,392.000000
1217.300000,-328.596000,371.725000
1188.300000,-315.900000,350.410000
1167.300000,-332.253000,329.182000
1209.450000,-338.900000,394.954000
1182.450000,-316.498000,400.000000
1167.900000,-379.740000,375.988000
1162.140000,-276.000000,354.760000
1127.900000,-304.875000,333.532000
1144.180000,-381.000000,399.217000
1138.020000,-324.510000,400.000000
1100.100000,-319.080000,435.292000
1029.300000,-300.000000,396.582000
1084.300000,-300.000000,466.576000
1000.100000,-337.755000,358.030000
1097.200000,-345.000000,319.478000
1022.400000,-345.000000,377.780000
1020.500000,-340.410000,471.000000
997.200000,-379.800000,408.707000
980.940000,-349.700000,382.111000
937.200000,-363.805000,355.515000
969.300000,-384.700000,328.810000
946.440000,-361.390000,428.000000
998.100000,-269.360000,414.157000
948.000000,-259.000000,387.452000
938.100000,-292.845000,360.856000
943.980000,-294.000000,334.260000
944.400000,-285.950000,428.000000
879.400000,-375.736000,390.462000
870.223000,-358.900000,373.138000
856.400000,-371.113000,355.814000
871.626000,-381.900000,338.419000
857.665000,-363.638000,396.000000
830.200000,-355.476000,397.984000
799.384000,-350.100000,380.416000
798.200000,-353.140000,362.776000
805.432000,-382.100000,345.208000
798.392000,-370.644000,400.000000
889.700000,-328.865000,324.722000
856.499000,-296.800000,386.714000
826.700000,-331.674000,366.706000
876.470000,-349.800000,346.616000
886.928000,-300.934000,405.000000
918.300000,-263.012000,323.781000
909.564000,-261.700000,332.097000
822.300000,-268.804000,329.402000
856.284000,-293.700000,326.718000
909.372000,-278.180000,334.000000
775.600000,-332.295000,342.189000
747.435000,-315.600000,424.484000
732.600000,-343.110000,397.888000
772.074000,-350.600000,371.183000
769.451000,-348.885000,438.000000
769.600000,-307.024000,341.130000
760.402000,-263.200000,408.414000
727.600000,-280.000000,386.609000
747.844000,-311.200000,364.893000
761.494000,-281.776000,415.000000
706.400000,-275.887000,326.520000
668.082000,-253.900000,338.600000
657.400000,-311.482000,334.696000
659.654000,-316.900000,330.776000
694.542000,-305.749000,339.000000
646.650000,-350.720000,334.795000
600.043800,-247.100000,321.375000
511.950000,-310.196000,362.900000
593.982300,-379.100000,349.480000
607.317600,-281.288000,375.000000
546.163800,-282.344000,375.000000
502.100000,-277.193000,323.674000
386.530000,-247.800000,312.404000
375.100000,-253.386000,347.180000
397.071000,-380.800000,335.910000
458.793000,-340.235000,355.000000
380.561000,-376.810000,355.000000
1095.100000,-213.302000,333.720000
1026.844000,-156.800000,323.960000
951.100000,-208.916000,354.160000
1057.228000,-242.800000,344.400000
1038.796000,-168.066000,359.000000
1070.764000,-214.592000,359.000000
921.400000,-167.150000,429.918000
921.400000,-197.975000,451.755000
918.550000,-160.100000,368.423000
919.300000,-160.100000,506.724000
846.400000,-172.775000,558.179000
846.400000,-202.100000,561.693000
868.975000,-235.100000,496.935000
853.375000,-235.100000,365.662000
994.700000,-79.846000,323.203000
966.406000,-70.200000,321.007000
947.700000,-83.540600,327.802000
988.355000,-88.400000,325.606000
971.670000,-70.272800,328.000000
997.647748,-61.661568,333.959000
994.170369,-44.072345,327.344000
958.840257,-41.942291,320.756000
974.046126,-57.367643,341.168000
977.304093,-48.263152,347.000000
854.967369,-112.765478,334.886000
837.307419,-92.315173,329.762000
820.575800,-100.279161,324.638000
848.718078,-121.825217,340.493000
832.653468,-108.542926,344.000000
884.677206,-92.685224,324.696000
880.399814,-65.802701,323.226000
838.308260,-51.779174,321.762000
859.657152,-81.731118,326.298000
858.501939,-61.133030,327.000000
922.377746,-14.552000,330.640000
889.268034,4.951093,326.736000
874.463578,-18.145824,322.832000
879.345142,-20.179772,334.912000
889.573511,-16.568182,336.000000
872.643931,-3.608839,324.295000
873.974110,26.785009,321.123000
854.974376,9.438069,317.938000
862.435309,-12.619535,327.766000
865.209060,21.873559,328.000000
783.200000,-198.262000,384.828000
743.800000,-191.400000,366.040000
743.200000,-196.899000,347.252000
753.120000,-238.400000,328.387000
751.720000,-220.540000,403.000000
712.800000,-216.650000,324.884000
688.095000,-187.500000,323.420000
667.800000,-221.500000,321.950000
704.340000,-237.500000,320.486000
675.180000,-190.300000,326.000000
638.700000,-196.180000,341.056000
630.338000,-195.800000,333.951000
564.700000,-200.680000,326.875000
592.524000,-215.800000,319.770000
573.136000,-205.660000,345.000000
423.000000,-207.700000,386.257000
400.659000,-189.500000,364.541000
390.000000,-221.820000,342.736000
421.020000,-229.500000,321.020000
392.145000,-226.660000,394.000000
776.400000,-119.360000,327.667000
763.145000,-65.900000,325.462000
721.400000,-88.220000,323.266000
749.120000,-125.900000,321.061000
722.225000,-87.800000,328.000000
769.250000,-11.780000,312.576000
682.820000,1.300000,348.864000
661.750000,-36.140000,337.104000
669.060000,-38.700000,325.392000
765.487500,-30.740000,360.000000
507.800000,-30.424000,304.426000
485.720000,6.200000,321.791000
447.800000,-17.800000,316.179000
485.660000,-41.800000,310.544000
502.760000,-5.176000,326.000000
245.794243,-576.854999,322.111000
234.909748,-560.060506,322.867000
232.949648,-560.001109,322.622000
221.946360,-576.795602,322.378000
236.765904,-581.903742,323.000000
296.500000,-341.240000,312.161000
292.036000,-326.000000,312.916000
287.500000,-341.072000,312.672000
294.331000,-350.000000,312.428000
294.853000,-328.616000,313.000000
283.000000,-311.148000,312.210000
281.560000,-310.500000,312.966000
259.000000,-312.219000,312.721000
266.752000,-319.500000,312.477000
277.408000,-315.405000,313.000000
164.567693,-563.519904,324.080000
171.624632,-532.611282,322.120000
138.058919,-533.256076,328.168000
145.031948,-568.527771,326.216000
142.681221,-562.328274,330.000000
131.525483,-310.223254,313.618000
143.560441,-288.882771,313.130000
117.825290,-274.425973,314.642000
116.948477,-297.626147,314.152000
132.607357,-292.708219,315.000000
122.594684,-610.375879,354.233000
129.179262,-578.267574,332.918000
80.015542,-619.013895,398.690000
74.313433,-625.225121,377.462000
91.996759,-628.042235,410.000000
-3.052973,-446.398636,324.080000
85.012179,-556.559031,321.640000
68.415682,-475.663262,329.200000
-4.754176,-409.767496,326.750000
62.126158,-511.946305,330.000000
165.328090,-424.480266,330.076000
155.374308,-377.866297,324.708000
150.914194,-374.022175,341.318000
88.390660,-434.947002,335.950000
118.530182,-433.462934,342.000000
67.260251,-334.881548,331.238000
117.434644,-372.623120,322.942000
98.230925,-322.007797,314.646000
56.638326,-307.586580,340.316000
110.310013,-359.801181,348.000000
63.706723,-279.548111,330.381000
69.352264,-273.269003,322.329000
17.730640,-235.014526,314.244000
-11.450242,-288.633019,339.192000
14.712709,-276.137028,345.000000
364.000000,-185.917000,313.319000
298.906000,-131.500000,309.154000
250.000000,-199.594000,305.006000
345.076000,-228.500000,317.841000
292.294000,-134.798000,320.000000
311.674000,-153.810000,320.000000
277.057112,-75.779650,312.184000
312.526877,-39.383186,308.768000
284.679666,-27.945561,305.338000
264.659226,-61.749810,315.922000
283.390027,-42.335573,317.000000
209.000000,-41.135000,310.706000
182.438000,0.000000,310.461000
171.000000,-78.850000,310.217000
207.556000,-95.000000,310.972000
181.336000,-86.165000,311.000000
170.000000,-186.835000,323.305000
125.290000,0.000000,320.621000
0.000000,-84.710000,317.926000
89.420000,-215.000000,315.242000
37.740000,-73.745000,326.000000
154.020000,-72.455000,326.000000
102.680000,-130.290000,326.000000
68.510000,-17.845000,326.000000
