1522.700000,-1080.117000,304.466000
1506.924000,-1072.200000,305.978000
1505.700000,-1074.540000,305.488000
1508.947000,-1111.200000,305.000000
1518.365000,-1098.603000,306.000000
1493.900000,-1083.234000,306.116000
1488.356000,-1052.600000,307.628000
1469.900000,-1064.908000,307.140000
1481.756000,-1086.600000,306.650000
1491.956000,-1065.350000,308.000000
1570.100000,-975.360000,307.188000
1553.044000,-963.400000,305.473000
1538.100000,-976.700000,303.765000
1563.572000,-983.400000,302.050000
1541.108000,-964.840000,308.000000
1526.200000,-961.780000,315.180000
1513.675000,-952.900000,310.300000
1511.200000,-981.910000,305.400000
1512.685000,-982.900000,320.520000
1515.235000,-976.000000,321.000000
1508.400000,-984.132000,305.806000
1502.604000,-956.300000,303.610000
1466.400000,-963.832000,301.405000
1483.242000,-984.300000,308.209000
1485.006000,-969.404000,310.000000
1509.911288,-741.493088,309.720000
1476.863478,-726.672161,303.105000
1493.529960,-752.872229,323.517000
1518.978503,-755.563453,316.902000
1484.210401,-730.920613,327.000000
1427.300000,-591.173000,311.330000
1409.468000,-569.000000,324.938000
1403.300000,-618.818000,320.528000
1403.444000,-626.000000,316.136000
1422.332000,-618.191000,326.000000
1390.800000,-623.218000,308.080000
1388.100000,-622.000000,314.128000
1330.800000,-624.464000,312.168000
1349.280000,-636.000000,310.216000
1388.820000,-629.840000,316.000000
1366.100000,-610.664000,317.196000
1360.201000,-574.600000,314.501000
1349.100000,-596.634000,311.817000
1359.470000,-620.600000,309.122000
1351.514000,-586.468000,319.000000
1347.700000,-600.362000,309.322000
1331.450000,-580.600000,308.832000
1322.700000,-612.621000,308.344000
1345.525000,-621.600000,309.856000
1330.625000,-619.796000,310.000000
1448.900000,-1084.560000,308.430000
1413.676000,-1079.700000,307.210000
1411.900000,-1081.968000,310.985000
1419.855000,-1106.700000,309.765000
1430.067000,-1097.331000,311.000000
1344.200000,-1103.718000,308.000000
1339.120000,-1073.900000,308.000000
1324.200000,-1087.024000,308.000000
1334.540000,-1107.900000,308.000000
1337.520000,-1085.834000,308.000000
1442.100000,-1053.700000,305.192000
1423.162000,-1042.200000,317.272000
1408.100000,-1055.960000,313.368000
1435.980000,-1062.200000,309.464000
1436.694000,-1043.180000,319.000000
1434.000000,-1011.984000,322.240000
1357.549000,-1006.000000,317.360000
1345.000000,-1027.802000,312.460000
1355.858000,-1028.000000,307.580000
1346.335000,-1022.412000,323.000000
1344.900000,-1066.530000,319.379000
1334.918000,-1009.300000,315.231000
1282.900000,-1026.587000,311.083000
1309.250000,-1068.300000,306.918000
1294.680000,-1035.496000,323.000000
1446.100000,-965.012000,310.582000
1434.964000,-942.300000,307.152000
1422.100000,-962.530000,303.736000
1439.548000,-976.300000,314.320000
1430.860000,-947.128000,316.000000
1399.000000,-966.845000,304.314000
1364.530000,-954.800000,303.582000
1354.000000,-984.434000,305.847000
1355.305000,-987.800000,305.115000
1378.255000,-982.487000,306.000000
1337.700000,-953.379000,305.052000
1336.596000,-951.300000,304.076000
1321.700000,-957.900000,307.100000
1327.012000,-984.300000,306.120000
1333.124000,-969.021000,308.000000
1430.300000,-929.098000,305.649000
1412.863000,-915.400000,336.604000
1383.300000,-924.436000,326.600000
1413.098000,-933.400000,316.596000
1425.083000,-919.612000,343.000000
1308.000000,-869.476000,351.872000
1295.886000,-836.500000,340.160000
1290.000000,-894.460000,328.400000
1306.848000,-908.500000,316.688000
1291.152000,-903.604000,356.000000
1302.100000,-757.256000,328.431000
1287.460000,-753.200000,321.355000
1287.100000,-755.982000,314.279000
1290.685000,-779.200000,307.174000
1290.670000,-769.580000,336.000000
1356.800000,-792.610000,323.385000
1336.784000,-779.800000,316.280000
1284.800000,-785.950000,309.204000
1323.752000,-794.800000,331.128000
1314.536000,-784.705000,336.000000
1451.000000,-769.865000,314.040000
1390.100000,-761.600000,305.256000
1346.000000,-772.280000,332.436000
1434.515000,-776.600000,323.652000
1407.740000,-761.975000,336.000000
1446.700000,-732.413000,307.740000
1434.338000,-723.200000,334.956000
1432.700000,-723.718000,326.172000
1434.744000,-760.200000,317.352000
1443.368000,-749.951000,336.000000
1445.200000,-720.090000,301.968000
1429.660000,-705.900000,338.208000
1361.200000,-710.655000,326.496000
1398.832000,-720.900000,314.736000
1439.908000,-712.200000,348.000000
1359.800000,-725.328000,348.372000
1352.008000,-701.500000,338.124000
1343.800000,-724.403000,327.834000
1355.816000,-738.500000,317.586000
1345.592000,-705.866000,354.000000
1342.600000,-703.888000,341.022000
1313.370000,-699.100000,330.774000
1305.600000,-711.994000,320.484000
1307.561000,-713.100000,352.236000
1316.182000,-710.524000,354.000000
1302.800000,-704.448000,333.714000
1301.236000,-703.200000,323.424000
1285.800000,-710.368000,313.176000
1291.835000,-735.200000,344.886000
1293.637000,-719.616000,354.000000
1268.400000,-1083.435000,312.814000
1258.525000,-1042.900000,308.666000
1243.400000,-1071.830000,321.501000
1259.850000,-1097.900000,317.353000
1259.300000,-1054.505000,324.000000
1228.600000,-1086.985000,307.835000
1221.630000,-1073.500000,311.615000
1218.600000,-1099.168000,310.390000
1228.200000,-1104.500000,309.170000
1226.700000,-1101.648000,312.000000
1220.900000,-1095.820000,311.979000
1189.931000,-1094.500000,311.244000
1189.900000,-1095.810000,310.512000
1198.022000,-1104.500000,309.777000
1220.435000,-1100.560000,312.000000
1216.600000,-1069.150000,307.818000
1214.184000,-1056.700000,307.573000
1208.600000,-1063.195000,307.329000
1213.120000,-1071.700000,307.085000
1209.880000,-1061.260000,308.000000
1195.000000,-1070.008000,310.929000
1188.960000,-1051.000000,310.197000
1185.000000,-1077.496000,309.462000
1193.670000,-1087.000000,311.730000
1188.340000,-1051.036000,312.000000
1187.000000,-1083.550000,315.159000
1173.410000,-1077.700000,312.464000
1172.000000,-1078.688000,320.780000
1174.535000,-1103.700000,318.085000
1179.635000,-1095.874000,321.000000
1148.400000,-1100.675000,311.000000
1137.950000,-1077.600000,311.000000
1098.400000,-1086.100000,311.000000
1122.000000,-1102.600000,311.000000
1132.600000,-1087.525000,311.000000
1231.100000,-1011.640000,309.238000
1219.858000,-998.000000,310.750000
1209.100000,-1012.146000,310.260000
1226.128000,-1020.000000,309.772000
1227.976000,-1000.068000,311.000000
1206.100000,-1017.738000,313.720000
1194.718000,-1004.700000,312.500000
1192.100000,-1043.445000,311.280000
1193.178000,-1045.700000,310.055000
1192.562000,-1037.172000,314.000000
1143.300000,-1000.652000,322.780000
1138.892000,-999.900000,319.350000
1105.300000,-1011.509000,315.934000
1119.702000,-1046.900000,312.518000
1113.204000,-1022.930000,326.000000
1268.000000,-932.330000,312.165000
1255.878000,-925.200000,310.457000
1239.000000,-930.700000,308.742000
1258.749000,-935.200000,314.034000
1250.078000,-927.070000,315.000000
1238.900000,-960.863000,311.680000
1229.527000,-947.300000,310.704000
1225.900000,-975.416000,313.728000
1238.692000,-980.300000,312.748000
1233.141000,-976.505000,314.000000
1224.200000,-952.452000,310.984000
1223.924000,-949.400000,310.004000
1212.200000,-953.712000,313.028000
1215.632000,-977.400000,312.052000
1220.984000,-965.696000,314.000000
1179.800000,-974.972000,310.284000
1172.325000,-965.300000,313.308000
1156.800000,-970.784000,312.328000
1170.324000,-977.300000,311.352000
1177.661000,-968.660000,314.000000
1190.200000,-949.920000,325.232000
1148.752000,-934.800000,321.084000
1124.200000,-957.570000,316.936000
1183.006000,-964.800000,312.771000
1129.546000,-964.140000,327.000000
1268.300000,-857.944000,312.610000
1255.280000,-853.500000,311.385000
1254.300000,-854.864000,310.165000
1257.002000,-875.500000,313.945000
1257.884000,-868.350000,314.000000
1257.000000,-848.979000,312.094000
1254.216000,-830.100000,311.606000
1245.000000,-837.744000,311.116000
1250.940000,-851.100000,312.628000
1250.172000,-837.933000,313.000000
1157.500000,-860.510000,316.000000
1150.545000,-842.600000,316.000000
1144.500000,-862.580000,316.000000
1154.874000,-872.600000,316.000000
1152.365000,-844.730000,316.000000
1145.100000,-862.110000,316.000000
1115.805000,-857.700000,316.000000
1110.100000,-872.235000,316.000000
1113.600000,-872.700000,316.000000
1137.400000,-869.220000,316.000000
1259.300000,-799.028000,310.977000
1256.520000,-790.100000,310.221000
1239.300000,-792.539000,310.466000
1247.360000,-799.100000,310.710000
1258.400000,-794.294000,310.000000
1213.100000,-791.190000,313.000000
1207.354000,-749.100000,313.000000
1200.100000,-784.053000,313.000000
1209.265000,-810.100000,313.000000
1201.777000,-759.104000,313.000000
1200.200000,-772.107000,324.458000
1190.528000,-748.500000,320.293000
1187.200000,-801.936000,316.145000
1187.291000,-809.500000,328.980000
1191.152000,-801.021000,330.000000
1142.500000,-783.210000,321.493000
1140.761000,-781.000000,319.785000
1105.500000,-785.628000,318.070000
1116.970000,-807.000000,323.362000
1123.223000,-795.534000,325.000000
1270.600000,-749.979000,313.296000
1253.150000,-739.800000,312.320000
1220.600000,-746.040000,315.340000
1251.200000,-752.800000,314.364000
1253.250000,-743.128000,316.000000
1238.100000,-710.020000,319.550000
1209.456000,-688.900000,332.385000
1194.100000,-723.352000,328.237000
1234.316000,-732.900000,324.072000
1230.532000,-730.876000,334.000000
1172.300000,-702.296000,318.950000
1147.496000,-696.600000,318.462000
1146.300000,-699.320000,317.972000
1151.942000,-728.600000,317.484000
1146.378000,-717.464000,319.000000
1138.700000,-698.640000,321.400000
1131.532000,-685.500000,320.668000
1110.700000,-691.320000,319.933000
1125.232000,-700.500000,319.201000
1115.656000,-690.735000,322.000000
1202.900000,-654.106000,332.398000
1157.144000,-641.500000,326.763000
1120.900000,-656.680000,321.151000
1188.222000,-663.500000,338.516000
1149.764000,-642.534000,341.000000
1148.800000,-611.724000,319.157000
1114.360000,-599.800000,317.442000
1108.800000,-643.448000,322.734000
1113.760000,-643.800000,321.026000
1129.880000,-632.580000,323.000000
1251.400000,-633.964000,313.036000
1235.426000,-587.500000,310.352000
1153.400000,-601.660000,318.657000
1195.148000,-635.500000,315.973000
1222.098000,-608.716000,321.000000
1253.000000,-577.986000,309.232000
1213.475000,-564.000000,333.424000
1168.000000,-576.537000,325.616000
1229.965000,-585.000000,317.776000
1242.460000,-566.940000,338.000000
994.600000,-1074.576000,378.109000
953.128000,-1062.200000,361.694000
940.600000,-1092.766000,345.346000
942.274000,-1096.200000,328.998000
943.354000,-1090.692000,383.000000
1076.100000,-1001.494000,325.536000
1073.720000,-998.200000,321.144000
1042.100000,-1009.108000,316.734000
1053.422000,-1052.200000,312.342000
1049.750000,-1027.090000,330.000000
1024.800000,-1036.286000,323.193000
988.246000,-995.300000,320.997000
926.800000,-1022.516000,318.801000
989.128000,-1049.300000,325.596000
966.000000,-1007.882000,327.000000
995.200000,-950.894000,347.613000
952.675000,-931.700000,330.218000
932.200000,-965.552000,383.894000
991.294000,-973.700000,366.570000
968.425000,-970.760000,390.000000
1073.100000,-892.184000,318.192000
1012.526000,-885.100000,328.776000
1011.100000,-890.114000,325.346000
1025.980000,-931.100000,321.930000
1057.538000,-913.988000,329.000000
1021.800000,-862.940000,320.318000
1012.560000,-824.600000,324.854000
988.800000,-843.095000,323.390000
1006.719000,-869.600000,321.920000
1019.292000,-839.270000,326.000000
1078.200000,-781.100000,359.313000
1060.740000,-751.400000,347.798000
1048.200000,-789.956000,336.330000
1073.550000,-805.400000,324.862000
1051.170000,-752.642000,365.000000
1028.200000,-769.956000,335.488000
989.304000,-758.100000,330.120000
984.200000,-758.868000,324.730000
990.668000,-806.100000,341.362000
996.256000,-792.708000,342.000000
986.200000,-799.900000,335.109000
975.728000,-743.200000,329.985000
930.200000,-762.280000,324.861000
955.400000,-803.200000,340.716000
955.288000,-768.340000,345.000000
1023.800000,-719.204000,332.100000
978.812000,-679.400000,327.200000
931.800000,-717.902000,342.320000
1000.984000,-741.400000,337.440000
989.116000,-686.592000,345.000000
1083.800000,-625.000000,320.260000
1048.205000,-604.600000,325.552000
1038.800000,-659.980000,323.837000
1041.275000,-664.600000,322.129000
1074.710000,-653.440000,326.000000
987.100000,-608.642000,324.010000
985.408000,-606.400000,325.522000
969.100000,-619.675000,325.034000
975.526000,-665.400000,324.544000
986.596000,-636.608000,326.000000
965.000000,-653.395000,340.127000
958.664000,-626.200000,335.962000
949.000000,-645.736000,331.814000
959.544000,-663.200000,327.649000
951.352000,-633.933000,343.000000
1066.900000,-565.382000,333.808000
971.836000,-542.000000,329.416000
930.900000,-586.820000,325.006000
1061.732000,-596.000000,338.614000
974.692000,-590.978000,340.000000
813.700000,-1064.771000,324.291000
813.666000,-1059.400000,321.607000
779.700000,-1064.812000,329.912000
788.676000,-1100.400000,327.228000
796.564000,-1084.164000,330.000000
892.700000,-1073.984000,328.912000
870.581000,-988.700000,324.992000
819.700000,-1033.505000,337.088000
861.018000,-1091.700000,333.168000
868.683000,-1019.806000,340.000000
809.800000,-1027.360000,325.716000
792.226000,-995.800000,335.544000
780.800000,-1040.020000,332.359000
806.001000,-1055.800000,329.187000
805.334000,-1055.800000,337.000000
773.400000,-1077.800000,337.312000
726.184000,-1072.200000,333.408000
721.400000,-1073.200000,329.488000
730.292000,-1097.200000,325.584000
722.440000,-1089.625000,338.000000
772.800000,-1051.776000,409.564000
767.550000,-1000.200000,383.104000
747.800000,-1019.352000,356.752000
759.625000,-1056.200000,330.292000
752.675000,-1022.320000,433.000000
840.300000,-953.707000,370.424000
811.572000,-920.900000,351.314000
784.300000,-955.032000,332.282000
827.756000,-973.900000,391.250000
805.020000,-925.829000,401.000000
844.200000,-845.056000,339.093000
793.670000,-824.200000,333.969000
782.200000,-886.702000,349.824000
787.036000,-890.200000,344.700000
815.928000,-876.340000,351.000000
769.300000,-825.386000,346.317000
767.194000,-824.700000,330.882000
751.300000,-836.901000,378.510000
758.158000,-873.700000,363.075000
764.242000,-848.612000,393.000000
745.546266,-860.652145,335.292000
752.859099,-829.457202,382.857000
734.108349,-847.409898,367.485000
735.545281,-869.941120,352.113000
753.903713,-839.003259,393.000000
869.700000,-751.698000,341.362000
833.600000,-742.700000,336.970000
819.700000,-761.488000,332.560000
868.950000,-764.700000,328.168000
823.100000,-762.126000,343.000000
907.900000,-742.520000,338.212000
907.025000,-736.100000,333.820000
872.900000,-745.460000,329.428000
882.980000,-796.100000,325.018000
881.405000,-770.960000,343.000000
826.061409,-803.385843,442.760000
827.815638,-768.026348,394.740000
792.497289,-770.353975,346.916000
806.091657,-801.820117,495.092000
812.510535,-772.618062,529.000000
909.000000,-647.066000,336.240000
869.373000,-630.500000,330.384000
846.000000,-655.613000,348.504000
902.196000,-663.500000,342.648000
883.296000,-662.708000,351.000000
840.600000,-646.400000,346.330000
792.136000,-641.800000,401.518000
788.600000,-643.249000,383.706000
798.740000,-664.800000,365.821000
828.484000,-657.302000,404.000000
897.700000,-624.928000,332.740000
878.512000,-592.600000,495.065000
826.196000,-592.600000,418.525000
815.700000,-605.776000,442.605000
856.454000,-628.600000,390.145000
892.616000,-628.600000,512.695000
906.700000,-566.585000,337.915000
841.308000,-541.000000,334.255000
784.700000,-569.724000,330.580000
882.178000,-584.000000,326.920000
798.974000,-543.967000,340.000000
555.328004,-1135.622720,345.580000
536.390152,-1111.186056,338.260000
513.818761,-1134.572497,330.940000
516.224824,-1137.389563,353.590000
526.008541,-1134.714154,355.000000
524.271594,-1178.348165,407.408000
532.174292,-1150.242240,368.453000
494.884182,-1125.089744,452.405000
481.610509,-1125.356868,329.657000
491.998105,-1156.917162,449.861000
518.672389,-1174.909194,363.047000
503.731493,-1146.728514,485.000000
495.372987,-1102.407056,346.557000
505.325726,-1084.086866,331.673000
486.504110,-1086.427259,377.728000
485.264804,-1103.806131,362.844000
502.752125,-1088.116508,387.000000
590.825244,-1068.083793,342.658000
582.833434,-1020.799765,425.062000
532.307003,-1043.412394,398.466000
526.793255,-1048.525867,371.761000
561.835086,-1078.228731,434.000000
625.226007,-1029.088958,357.616000
624.709304,-1026.604446,349.776000
594.592585,-993.417715,341.968000
594.869725,-1012.001855,334.128000
619.773086,-1032.899869,358.000000
630.356776,-1006.280665,334.943000
650.380152,-975.161518,332.259000
620.045702,-972.167342,329.564000
614.681719,-1002.583332,326.880000
631.410897,-969.970394,337.000000
661.207425,-955.852828,351.882000
668.444337,-937.388683,342.366000
643.234557,-951.105577,332.850000
645.838332,-966.677158,362.295000
641.734472,-958.863494,366.000000
447.593752,-1086.476284,328.464000
423.889367,-1045.457803,328.219000
419.662024,-1046.043732,328.975000
396.583986,-1078.477125,328.730000
417.135694,-1080.497841,329.000000
444.780282,-1054.534604,346.785000
462.294019,-1031.720676,330.925000
440.479257,-1024.561756,380.000000
433.809274,-1047.393448,364.140000
452.772518,-1037.657881,393.000000
520.502595,-1026.441822,333.296000
526.177300,-1005.273073,381.680000
503.137243,-1010.908536,366.000000
507.629459,-1031.627883,350.384000
531.215840,-1013.711828,390.000000
511.620410,-995.649123,374.060000
506.460333,-974.316376,362.055000
477.425962,-993.743771,350.099000
479.072057,-996.110223,338.094000
484.803215,-988.894417,377.000000
539.818471,-1011.730257,354.010000
552.998730,-989.592066,345.714000
518.871794,-959.207525,337.384000
519.738878,-988.244961,329.088000
523.293083,-970.427544,362.000000
587.223878,-970.807203,330.950000
608.709049,-932.977686,329.730000
568.908369,-941.888984,328.505000
565.518334,-976.571553,332.285000
599.043088,-934.417552,333.000000
579.091238,-930.608122,352.712000
588.025070,-906.551840,338.747000
542.841009,-938.088065,381.839000
538.500874,-942.324510,367.874000
551.934920,-943.017663,386.000000
666.424697,-900.733132,332.338000
666.903652,-896.176181,345.928000
632.104158,-870.621175,341.536000
608.144355,-909.421342,337.144000
639.084862,-907.643694,346.000000
683.726781,-864.186821,336.778000
704.903952,-830.194204,437.326000
671.453749,-829.088742,404.741000
666.288942,-861.959425,372.289000
702.205387,-845.214885,461.000000
730.870114,-810.583485,390.479000
728.206802,-789.219515,373.643000
707.020151,-795.154297,356.807000
719.262002,-817.898999,339.902000
706.130566,-798.862524,398.000000
763.900000,-678.407000,369.133000
743.341000,-675.500000,357.128000
742.900000,-677.590000,345.172000
747.982000,-694.500000,382.216000
748.381000,-687.394000,383.000000
734.891688,-714.170765,351.680000
739.484839,-694.180230,341.920000
713.024913,-673.973949,332.120000
719.763168,-700.017293,362.360000
726.658014,-688.122401,370.000000
766.000000,-620.944000,348.212000
723.368000,-578.200000,339.428000
693.000000,-633.970000,366.644000
754.831000,-656.200000,357.824000
737.530000,-579.916000,371.000000
765.700000,-547.440000,337.860000
712.540000,-537.600000,352.960000
705.700000,-538.320000,348.080000
714.640000,-577.600000,343.200000
752.800000,-566.360000,354.000000
708.600000,-576.006000,329.870000
700.704000,-536.400000,492.410000
666.600000,-549.840000,439.735000
685.542000,-578.400000,387.275000
424.031022,-1021.202101,362.720000
423.834720,-990.402916,352.960000
393.637296,-982.763237,343.200000
408.075332,-1018.612165,333.400000
409.589804,-978.294014,369.000000
478.064356,-970.086263,382.858000
458.024056,-928.151759,362.768000
427.595184,-937.610097,342.760000
427.738824,-941.601116,404.752000
441.489564,-949.022347,410.000000
510.150882,-939.668509,330.470000
508.000927,-935.297400,329.250000
474.231816,-904.417217,328.025000
467.506102,-932.960927,331.805000
482.863400,-928.567079,333.000000
537.568482,-919.950037,335.699000
556.765820,-873.676522,330.575000
509.368154,-865.580639,346.451000
512.364856,-914.186842,341.306000
549.181555,-884.141650,350.000000
609.157190,-864.451803,331.175000
616.038456,-831.857512,342.500000
571.579447,-856.278873,338.840000
581.926881,-885.074169,335.180000
583.902264,-878.456174,344.000000
580.589440,-844.352853,333.790000
583.540356,-841.847440,332.082000
561.593257,-821.132873,330.367000
546.424981,-843.684241,328.659000
550.809850,-830.173926,334.000000
577.058527,-824.836657,354.825000
595.129663,-805.100939,346.285000
578.601012,-806.859703,337.745000
569.221984,-823.956123,329.170000
583.472124,-805.959628,362.000000
626.852310,-793.609467,345.872000
631.021871,-774.611762,338.032000
609.420397,-781.990360,330.224000
614.488354,-800.276026,354.384000
608.076602,-792.266008,358.000000
679.915642,-798.263652,333.244000
651.703378,-753.194323,329.828000
647.494299,-749.885883,340.398000
632.195693,-775.185795,336.982000
652.150721,-785.819440,341.000000
693.748932,-778.887523,339.401000
729.976592,-735.911290,331.837000
689.141076,-718.280912,355.242000
673.498971,-761.508179,347.678000
709.071277,-747.564366,362.000000
425.108372,-926.421331,330.746000
420.876658,-888.841651,344.336000
385.346779,-878.840541,339.944000
406.585040,-923.630491,335.534000
433.954945,-909.763805,347.000000
460.872869,-895.193056,345.518000
445.079934,-860.674207,340.882000
417.795449,-872.172282,336.227000
418.848655,-875.951747,331.591000
423.088323,-871.128831,347.000000
528.238620,-842.596407,339.952000
526.326824,-839.091444,336.048000
496.326774,-825.975045,332.128000
469.335048,-864.053405,328.224000
490.145558,-840.747000,344.000000
466.834217,-840.208515,345.763000
484.201830,-813.143080,338.168000
456.977040,-817.308470,330.604000
452.385544,-842.180916,354.009000
475.425009,-814.876902,359.000000
545.594314,-824.231082,338.542000
545.954051,-807.170722,331.437000
524.887172,-817.837722,353.361000
533.025152,-834.108287,346.285000
530.890738,-826.409901,356.000000
539.607626,-796.654035,328.338000
541.499317,-793.984678,332.874000
516.975071,-771.231691,331.404000
503.528066,-794.764561,329.940000
523.292975,-799.102922,333.000000
563.215355,-807.534901,326.637000
569.514017,-777.033712,336.452000
533.452963,-754.430437,333.280000
543.216659,-792.229652,330.095000
572.797813,-794.293584,339.000000
584.783483,-748.357643,331.244000
590.125870,-732.664229,329.774000
570.293614,-742.076673,328.310000
572.991288,-755.997223,326.846000
566.596767,-746.943843,332.000000
627.310069,-734.432693,331.990000
613.137326,-707.492060,329.550000
610.272629,-707.053034,327.100000
592.420782,-729.579730,334.660000
601.719235,-725.426448,335.000000
569.947165,-739.830458,341.292000
610.195061,-702.683226,333.240000
585.585082,-707.865729,325.188000
560.287608,-737.982615,350.103000
589.719097,-713.261601,357.000000
667.011169,-717.752319,332.000000
674.055614,-669.818964,327.100000
625.078839,-673.216116,342.220000
640.440573,-723.648789,337.340000
677.303986,-680.218212,345.000000
335.888184,-1020.038594,327.100000
274.699978,-923.669292,336.172000
227.114293,-934.409413,333.232000
234.885790,-946.008571,330.304000
302.489927,-1012.688887,337.000000
337.684774,-999.763699,326.000000
390.005366,-952.795154,352.460000
361.403579,-948.387600,343.920000
327.732415,-988.714581,335.345000
366.346208,-975.814241,361.000000
339.321628,-962.852495,348.172000
337.024942,-901.152826,342.782000
274.041345,-872.885113,337.414000
305.746808,-948.334397,332.046000
302.159012,-871.826083,352.000000
381.351640,-867.184207,412.932000
359.739658,-815.478168,380.724000
320.268395,-824.001755,348.384000
316.911395,-827.739313,448.176000
335.754237,-841.757035,459.000000
411.225022,-833.822701,337.472000
411.248840,-829.943135,332.104000
371.157675,-789.063025,348.736000
363.881836,-819.120228,343.346000
381.332154,-819.503887,349.000000
453.610711,-796.366476,331.228000
456.886696,-766.990213,327.798000
422.670776,-745.502328,338.382000
434.678468,-782.468761,334.966000
452.617649,-772.572946,341.000000
494.568648,-762.817476,326.000000
481.411026,-724.588312,326.000000
451.104060,-723.382350,326.000000
479.788627,-768.666272,326.000000
478.447412,-764.752019,326.000000
581.520426,-684.460126,340.232000
569.203432,-661.185650,336.328000
566.489515,-661.889409,332.424000
549.673721,-683.149922,328.504000
554.293456,-672.634146,341.000000
543.602557,-717.832028,328.890000
556.735265,-693.866541,327.665000
529.270151,-677.967799,326.445000
528.685186,-705.309034,325.220000
535.318889,-683.363704,330.000000
529.666033,-675.934276,334.648000
543.762388,-654.395049,330.744000
516.745223,-668.382708,326.824000
513.754770,-685.666403,338.920000
541.736967,-654.900280,341.000000
592.741484,-639.159590,334.128000
583.055748,-614.779401,327.784000
558.100286,-629.848095,347.440000
560.322798,-632.787208,341.070000
573.853194,-637.594717,349.000000
279.060556,-843.078539,335.890000
290.528030,-829.172119,327.315000
272.261579,-812.436771,353.775000
269.046638,-829.875554,345.200000
282.225381,-831.091425,362.000000
256.749535,-862.728273,321.106000
248.211557,-812.588260,331.690000
199.434905,-786.929417,328.260000
231.141972,-850.565205,324.844000
266.007627,-843.103768,334.000000
327.190501,-797.960749,326.000000
309.667645,-757.663802,326.000000
279.241396,-765.901293,326.000000
277.988144,-769.301451,326.000000
283.474936,-767.654185,326.000000
301.371140,-699.739533,326.920000
302.183916,-697.707593,325.940000
288.903555,-693.531528,324.964000
271.934710,-715.022743,327.984000
282.884609,-703.419722,328.000000
345.691834,-713.072457,328.885000
353.741867,-700.596117,327.177000
342.423991,-702.503467,325.462000
339.834936,-713.542922,330.754000
349.162028,-702.066519,332.000000
338.422954,-695.577169,325.900000
341.562349,-686.263245,324.680000
328.692871,-694.998756,328.455000
330.481412,-702.294082,327.235000
329.877195,-699.581675,329.000000
372.969459,-684.947988,324.824000
357.343267,-660.922389,327.844000
355.015760,-662.156119,326.868000
343.918434,-680.704944,325.888000
360.367931,-686.890573,328.000000
398.579798,-688.213121,326.124000
404.100436,-658.471914,329.144000
385.476474,-666.763097,328.168000
388.200259,-689.838788,327.192000
404.292375,-670.643030,330.000000
429.416174,-652.230072,342.264000
428.120126,-625.460481,337.628000
402.239167,-640.203673,332.973000
415.610890,-663.476232,328.337000
420.814377,-620.999954,345.000000
401.909731,-604.257095,356.369000
369.384444,-641.880432,344.413000
365.396545,-646.721702,332.457000
373.086426,-642.135754,369.452000
377.657787,-635.371675,372.000000
543.101140,-608.136455,334.168000
579.869955,-572.819263,328.288000
557.178131,-572.827126,322.432000
534.373002,-602.607192,340.576000
558.780609,-582.549730,346.000000
562.900000,-546.719000,329.968000
543.220000,-533.300000,324.112000
522.900000,-546.404000,342.232000
553.100000,-554.300000,336.376000
548.700000,-535.673000,346.000000
510.547916,-648.474497,329.553000
505.785974,-624.449673,351.477000
477.400645,-641.042363,344.401000
476.423195,-643.906809,337.296000
494.715291,-655.415367,354.000000
499.242193,-597.436760,321.000000
497.970316,-593.875953,321.000000
471.084545,-572.482252,321.000000
458.020685,-599.592180,321.000000
486.055197,-607.504802,321.000000
470.500000,-568.324000,321.000000
466.510000,-563.200000,321.000000
460.500000,-566.917000,321.000000
467.130000,-570.200000,321.000000
462.190000,-564.642000,321.000000
452.201579,-579.249329,321.000000
448.677914,-569.412064,321.000000
440.186798,-582.124317,321.000000
447.951889,-588.594394,321.000000
442.875874,-584.621466,321.000000
434.540599,-575.113169,322.836000
435.821157,-571.524547,321.856000
424.130148,-571.550107,324.880000
417.892156,-596.879138,323.904000
424.644804,-586.614313,325.000000
479.100000,-554.750000,321.000000
466.206000,-546.500000,321.000000
437.100000,-550.880000,321.000000
461.040000,-556.500000,321.000000
466.248000,-549.490000,321.000000
409.852023,-569.327983,321.000000
411.549863,-547.605832,321.000000
397.429421,-573.912888,321.000000
401.910355,-586.723807,321.000000
401.929493,-586.559997,321.000000
399.679242,-549.167182,321.000000
392.984474,-540.596547,321.000000
391.766390,-541.406666,321.000000
385.042877,-566.416182,321.000000
386.479710,-558.175293,321.000000
1323.542131,-506.010727,346.560000
1359.902640,-480.717535,332.896000
1337.416670,-474.309510,319.176000
1314.774964,-498.312990,305.512000
1337.662986,-479.407249,360.000000
1269.500000,-513.080000,325.380000
1235.960000,-494.600000,318.548000
1204.500000,-514.040000,311.716000
1255.135000,-524.600000,332.856000
1229.980000,-497.270000,337.000000
1269.000000,-428.407000,315.631000
1246.914000,-416.200000,310.486000
1242.000000,-453.250000,326.362000
1244.187000,-455.200000,321.217000
1257.309000,-446.893000,328.000000
1188.300000,-496.752000,313.304000
1182.008000,-496.400000,323.888000
1136.300000,-504.464000,320.458000
1156.268000,-528.400000,317.042000
1174.884000,-511.920000,324.000000
1131.300000,-514.920000,313.183000
1120.725000,-486.600000,315.451000
1106.300000,-508.800000,314.716000
1123.450000,-526.600000,313.984000
1129.200000,-493.880000,316.000000
1190.100000,-457.008000,319.096000
1135.000000,-449.700000,317.136000
1114.100000,-465.126000,315.184000
1189.264000,-467.700000,313.224000
1121.016000,-465.540000,320.000000
1203.900000,-411.144000,332.208000
1201.268000,-407.400000,323.912000
1109.900000,-413.124000,315.582000
1137.254000,-443.400000,341.286000
1134.904000,-428.208000,342.000000
963.800000,-514.623000,325.611000
952.580000,-496.200000,324.879000
929.800000,-506.826000,324.144000
949.962000,-519.200000,326.412000
944.760000,-502.525000,327.000000
1005.000000,-448.570000,331.438000
960.690000,-433.600000,325.068000
935.000000,-456.520000,344.724000
997.720000,-463.600000,338.354000
978.050000,-462.790000,348.000000
912.300000,-500.810000,343.800000
865.550000,-494.900000,419.300000
862.300000,-496.880000,394.900000
872.200000,-524.900000,370.500000
901.800000,-515.000000,425.000000
911.700000,-480.060000,322.325000
905.538000,-444.300000,341.225000
885.700000,-459.060000,335.100000
898.700000,-484.300000,329.000000
910.764000,-459.020000,347.000000
914.100000,-419.960000,408.256000
887.100000,-402.200000,382.776000
864.100000,-422.330000,357.400000
904.250000,-432.200000,331.920000
871.050000,-404.180000,425.000000
864.200000,-478.610000,383.456000
811.996000,-473.100000,364.101000
802.200000,-491.606000,344.825000
808.710000,-492.100000,404.549000
821.668000,-487.597000,410.000000
863.600000,-451.953000,369.631000
854.672000,-433.200000,350.355000
801.600000,-438.444000,331.000000
826.834000,-452.200000,390.724000
831.856000,-441.959000,410.000000
772.000000,-483.570000,360.318000
772.000000,-501.382000,333.783000
721.042000,-400.000000,339.090000
658.000000,-470.516000,404.862000
658.000000,-428.670000,371.889000
738.940000,-522.000000,383.547000
733.582000,-419.398000,420.000000
671.110000,-485.400000,420.000000
634.400000,-445.368000,334.240000
590.209000,-398.000000,384.070000
575.400000,-507.244000,367.966000
576.108000,-522.000000,351.862000
624.842000,-504.144000,391.000000
574.200000,-409.140000,359.530000
571.293000,-399.300000,349.282000
517.200000,-421.809000,338.992000
535.155000,-522.300000,328.744000
517.884000,-467.442000,361.000000
480.900000,-500.042000,341.120000
470.280000,-469.700000,334.288000
450.900000,-488.615000,327.456000
469.410000,-508.700000,320.596000
456.510000,-479.528000,347.000000
405.300000,-495.650000,321.928000
388.244000,-475.700000,319.968000
379.300000,-508.796000,318.016000
403.194000,-517.700000,324.064000
388.712000,-515.558000,325.000000
499.500000,-409.053000,316.118000
455.386000,-398.500000,316.606000
453.500000,-403.990000,315.096000
463.712000,-459.500000,315.584000
478.202000,-437.967000,315.000000
1271.200000,-354.383000,329.610000
1262.065000,-290.800000,308.870000
1236.200000,-319.416000,373.130000
1254.540000,-363.800000,352.305000
1261.085000,-315.912000,392.000000
1217.300000,-328.964000,321.004000
1189.150000,-315.900000,386.689000
1167.300000,-331.885000,365.461000
1208.600000,-338.900000,344.233000
1211.600000,-316.866000,400.000000
1167.900000,-303.930000,392.779000
1133.260000,-276.000000,371.551000
1127.900000,-380.685000,350.236000
1133.060000,-381.000000,329.008000
1130.340000,-353.700000,400.000000
1100.100000,-343.380000,430.236000
1083.300000,-300.000000,391.684000
1041.600000,-300.000000,361.506000
1000.100000,-313.500000,353.132000
1043.200000,-345.000000,314.422000
1065.200000,-345.000000,430.710000
1023.600000,-319.665000,471.000000
997.200000,-372.835000,380.912000
969.000000,-349.700000,354.207000
937.200000,-370.770000,327.611000
981.180000,-384.700000,409.906000
961.800000,-354.425000,428.000000
998.100000,-271.565000,361.837000
951.720000,-259.000000,335.241000
938.100000,-290.640000,417.536000
940.260000,-294.000000,390.940000
973.200000,-288.155000,428.000000
879.400000,-360.188000,340.478000
877.675000,-358.900000,394.154000
856.400000,-363.661000,376.830000
864.174000,-381.900000,359.435000
873.857000,-371.090000,396.000000
830.200000,-374.228000,331.168000
818.136000,-350.100000,385.528000
798.200000,-366.388000,367.960000
818.712000,-382.100000,350.320000
828.088000,-357.396000,400.000000
889.700000,-320.756000,394.258000
846.860000,-296.800000,374.250000
826.700000,-339.783000,354.160000
886.109000,-349.800000,334.152000
833.567000,-345.878000,405.000000
918.300000,-266.468000,330.634000
824.028000,-261.700000,327.950000
822.300000,-265.348000,325.255000
845.820000,-293.700000,333.571000
849.468000,-281.636000,334.000000
775.600000,-345.245000,385.680000
763.345000,-315.600000,358.975000
732.600000,-330.160000,332.379000
756.164000,-350.600000,414.674000
752.294000,-326.835000,438.000000
769.600000,-289.360000,356.705000
744.946000,-263.200000,334.900000
727.600000,-297.664000,402.184000
763.300000,-311.200000,380.468000
754.186000,-264.064000,415.000000
706.400000,-269.146000,325.720000
662.839000,-253.900000,337.816000
657.400000,-255.223000,333.896000
664.848000,-316.900000,329.992000
696.943000,-299.008000,339.000000
646.650000,-371.180000,374.780000
620.787600,-247.100000,361.305000
511.950000,-289.736000,347.885000
573.238500,-379.100000,334.410000
644.225400,-301.748000,375.000000
579.704100,-372.104000,375.000000
502.100000,-332.654000,346.766000
439.362000,-247.800000,335.496000
375.100000,-331.058000,324.272000
471.239000,-380.800000,313.048000
395.039000,-262.563000,355.000000
381.450000,-375.480000,355.000000
1095.100000,-185.610000,344.840000
980.476000,-156.800000,335.080000
951.100000,-236.608000,325.280000
959.596000,-242.800000,355.520000
998.764000,-226.374000,359.000000
1037.068000,-240.478000,359.000000
921.400000,-162.575000,443.221000
921.400000,-168.875000,571.231000
913.975000,-160.100000,381.977000
890.200000,-160.100000,375.200000
846.400000,-177.350000,571.733000
846.400000,-231.275000,429.918000
873.550000,-235.100000,510.238000
882.550000,-235.100000,484.887000
994.700000,-83.486000,321.673000
975.853000,-70.200000,319.468000
947.700000,-79.900600,326.272000
978.908000,-88.400000,324.076000
979.707000,-73.912800,328.000000
999.513351,-52.652914,323.294000
972.084978,-39.498680,343.706000
956.974654,-50.950945,337.091000
996.172645,-61.949825,330.503000
991.906212,-59.354932,347.000000
857.755526,-108.520914,342.887000
858.849853,-106.465907,337.763000
827.889662,-89.144869,332.639000
827.175645,-107.674484,327.494000
824.105069,-96.851636,344.000000
884.871951,-92.373566,325.638000
879.623850,-65.317825,324.168000
838.113514,-52.090832,322.704000
860.381385,-82.183670,321.240000
850.574928,-55.746336,327.000000
920.162563,-20.842352,329.568000
899.477476,1.355781,325.664000
876.678761,-11.855472,321.744000
910.637497,-31.199549,333.840000
890.138949,-23.837745,336.000000
879.330666,15.379176,320.499000
864.228733,30.216898,317.327000
861.906247,29.122183,327.155000
852.373010,-9.076040,323.970000
864.054842,0.198281,328.000000
783.200000,-234.452000,345.173000
774.600000,-191.400000,326.308000
743.200000,-207.709000,384.520000
762.320000,-238.400000,365.732000
772.360000,-209.730000,403.000000
712.800000,-218.200000,320.444000
689.490000,-187.500000,324.980000
667.800000,-219.950000,323.510000
702.945000,-237.500000,322.046000
708.480000,-191.900000,326.000000
638.700000,-202.040000,342.071000
578.020000,-195.800000,334.995000
564.700000,-214.840000,327.919000
570.842000,-215.800000,320.814000
570.472000,-211.500000,345.000000
423.000000,-189.860000,369.525000
418.974000,-189.500000,347.720000
390.000000,-199.660000,326.004000
402.705000,-229.500000,393.199000
398.349000,-208.820000,394.000000
776.400000,-108.320000,323.950000
753.025000,-65.900000,321.754000
721.400000,-99.260000,319.549000
759.240000,-125.900000,326.353000
744.940000,-76.760000,328.000000
769.250000,-14.860000,330.000000
691.097500,1.300000,318.288000
661.750000,-33.060000,354.576000
768.175000,-38.700000,342.816000
726.465000,-33.820000,360.000000
507.800000,1.304000,307.623000
506.060000,6.200000,324.988000
447.800000,-1.528000,319.376000
465.380000,-41.800000,313.741000
494.420000,-21.448000,326.000000
236.869848,-585.779394,322.026000
243.819294,-568.970052,322.782000
227.024801,-565.925957,322.537000
227.886057,-582.735299,322.293000
243.967786,-577.255929,323.000000
296.500000,-337.928000,312.851000
290.794000,-326.000000,312.607000
287.500000,-344.384000,312.362000
295.573000,-350.000000,312.118000
288.634000,-349.304000,313.000000
283.000000,-312.255000,312.677000
260.512000,-310.500000,312.432000
259.000000,-311.112000,312.188000
263.800000,-319.500000,312.943000
266.224000,-316.521000,313.000000
150.846192,-570.511358,326.016000
178.441300,-545.989745,324.064000
151.780419,-526.264622,322.104000
138.215281,-555.149309,328.152000
160.350860,-542.732629,330.000000
137.783378,-303.965359,313.654000
134.824137,-280.146467,313.166000
111.567395,-280.683868,314.676000
125.684781,-306.362451,314.188000
138.419775,-286.004847,315.000000
127.278559,-605.692003,336.311000
127.617971,-576.706282,401.996000
75.331667,-623.697771,380.768000
75.874725,-626.786413,359.453000
100.176571,-626.854295,410.000000
-18.978219,-421.875909,329.780000
78.775824,-560.608966,327.330000
84.247249,-500.041738,324.890000
1.519080,-405.693596,322.450000
30.390042,-497.896364,330.000000
136.180160,-448.748173,337.666000
168.611349,-393.765168,332.298000
112.433516,-406.060318,326.908000
105.866010,-455.936463,321.540000
146.384373,-388.661429,342.000000
84.803403,-355.788663,335.386000
124.984778,-366.287805,327.056000
80.687772,-301.100682,318.760000
73.601614,-293.352692,344.430000
73.675471,-310.118071,348.000000
65.918553,-277.336281,326.982000
67.270541,-271.187280,318.897000
15.518810,-237.226356,343.845000
-9.368520,-290.714741,335.793000
21.585786,-278.586446,345.000000
364.000000,-206.772000,307.743000
323.530000,-131.500000,303.595000
250.000000,-178.739000,316.430000
320.566000,-228.500000,312.282000
329.572000,-155.750000,320.000000
280.210000,-160.406000,320.000000
297.108538,-58.349211,304.456000
301.855880,-27.107609,315.040000
264.628240,-45.376000,311.624000
275.330223,-74.025387,308.194000
276.344499,-71.165711,317.000000
209.000000,-16.245000,310.930000
172.520000,0.000000,310.685000
171.000000,-8.740000,310.441000
179.474000,-95.000000,310.197000
172.824000,-61.275000,311.000000
170.000000,-186.835000,323.305000
125.290000,0.000000,320.621000
0.000000,-84.710000,317.926000
89.420000,-215.000000,315.242000
37.740000,-73.745000,326.000000
154.020000,-72.455000,326.000000
102.680000,-130.290000,326.000000
68.510000,-17.845000,326.000000
