1522.700000,-1088.151000,305.590000
1510.409000,-1072.200000,305.100000
1505.700000,-1105.506000,304.612000
1522.462000,-1111.200000,304.124000
1508.811000,-1106.637000,306.000000
1493.900000,-1080.582000,306.872000
1486.484000,-1052.600000,306.384000
1469.900000,-1067.594000,307.894000
1483.628000,-1086.600000,307.406000
1482.884000,-1062.664000,308.000000
1570.100000,-968.120000,301.546000
1541.460000,-963.400000,306.831000
1538.100000,-963.940000,305.123000
1543.188000,-983.400000,303.408000
1566.900000,-977.600000,308.000000
1526.200000,-972.400000,315.380000
1518.970000,-952.900000,310.500000
1511.200000,-971.290000,305.600000
1522.375000,-982.900000,320.720000
1515.085000,-956.590000,321.000000
1508.400000,-958.064000,304.240000
1505.544000,-956.300000,302.044000
1466.400000,-961.900000,308.848000
1480.302000,-984.300000,306.643000
1492.314000,-971.336000,310.000000
1501.252630,-734.849066,300.054000
1474.376687,-729.913009,320.466000
1502.188618,-759.516251,313.851000
1521.465293,-752.322604,307.263000
1520.153559,-749.927034,327.000000
1427.300000,-619.730000,319.574000
1421.516000,-569.000000,315.182000
1403.300000,-590.261000,310.790000
1415.396000,-626.000000,324.380000
1411.316000,-589.748000,326.000000
1390.800000,-626.256000,310.280000
1341.120000,-622.000000,308.320000
1330.800000,-635.426000,314.368000
1336.260000,-636.000000,312.416000
1372.380000,-632.892000,316.000000
1366.100000,-607.582000,318.186000
1359.062000,-574.600000,315.502000
1349.100000,-599.716000,312.807000
1360.609000,-620.600000,310.123000
1349.967000,-583.386000,319.000000
1347.700000,-585.971000,309.136000
1347.675000,-580.600000,308.646000
1322.700000,-586.012000,308.158000
1329.300000,-621.600000,309.668000
1332.950000,-605.405000,310.000000
1448.900000,-1094.388000,307.045000
1427.181000,-1079.700000,310.825000
1411.900000,-1099.113000,309.600000
1443.350000,-1106.700000,308.380000
1440.353000,-1080.186000,311.000000
1344.200000,-1106.472000,308.000000
1340.720000,-1073.900000,308.000000
1324.200000,-1084.270000,308.000000
1332.940000,-1107.900000,308.000000
1326.740000,-1088.588000,308.000000
1442.100000,-1049.640000,310.872000
1416.260000,-1042.200000,306.952000
1408.100000,-1060.040000,303.048000
1408.882000,-1062.200000,315.144000
1424.624000,-1059.100000,319.000000
1434.000000,-1023.270000,305.660000
1403.206000,-1006.000000,320.780000
1345.000000,-1016.516000,315.880000
1399.290000,-1028.000000,311.000000
1420.116000,-1011.698000,323.000000
1344.900000,-1021.041000,319.175000
1287.054000,-1009.300000,315.010000
1282.900000,-1013.076000,310.862000
1295.052000,-1068.300000,306.697000
1295.486000,-1048.948000,323.000000
1446.100000,-963.108000,307.824000
1433.644000,-942.300000,304.408000
1422.100000,-964.434000,314.978000
1440.868000,-976.300000,311.562000
1435.564000,-945.224000,316.000000
1399.000000,-955.658000,303.171000
1394.230000,-954.800000,305.439000
1354.000000,-962.621000,304.707000
1370.605000,-987.800000,303.972000
1395.400000,-971.300000,306.000000
1337.700000,-965.787000,306.796000
1326.628000,-951.300000,305.820000
1321.700000,-978.492000,304.840000
1336.980000,-984.300000,307.864000
1326.164000,-981.429000,308.000000
1430.300000,-930.754000,315.940000
1417.187000,-915.400000,305.936000
1383.300000,-922.780000,336.932000
1408.774000,-933.400000,326.887000
1413.239000,-921.286000,343.000000
1308.000000,-855.652000,355.136000
1292.430000,-836.500000,343.376000
1290.000000,-908.284000,331.664000
1292.304000,-908.500000,319.952000
1307.928000,-889.780000,356.000000
1302.100000,-770.880000,325.067000
1295.320000,-753.200000,317.991000
1287.100000,-768.358000,310.886000
1297.825000,-779.200000,332.810000
1292.410000,-757.204000,336.000000
1356.800000,-781.195000,314.685000
1354.064000,-779.800000,307.580000
1284.800000,-782.350000,329.504000
1306.472000,-794.800000,322.399000
1336.136000,-788.305000,336.000000
1451.000000,-769.205000,332.616000
1385.375000,-761.600000,323.832000
1346.000000,-772.940000,315.012000
1439.240000,-776.600000,306.228000
1353.560000,-776.315000,336.000000
1446.700000,-757.240000,319.692000
1443.746000,-723.200000,310.908000
1432.700000,-735.891000,302.124000
1439.336000,-760.200000,329.304000
1438.720000,-737.778000,336.000000
1445.200000,-710.910000,309.072000
1378.168000,-705.900000,345.312000
1361.200000,-719.835000,333.600000
1366.324000,-720.900000,321.888000
1427.476000,-718.020000,348.000000
1359.800000,-729.176000,346.860000
1353.656000,-701.500000,336.612000
1343.800000,-720.592000,326.322000
1354.152000,-738.500000,316.074000
1346.152000,-709.677000,354.000000
1342.600000,-701.354000,331.824000
1306.710000,-699.100000,321.534000
1305.600000,-700.528000,353.286000
1314.258000,-713.100000,342.996000
1324.322000,-707.990000,354.000000
1302.800000,-721.600000,316.746000
1293.331000,-703.200000,348.498000
1285.800000,-725.216000,338.208000
1299.740000,-735.200000,327.960000
1300.488000,-704.736000,354.000000
1268.400000,-1097.240000,319.835000
1264.825000,-1042.900000,315.670000
1243.400000,-1058.025000,311.522000
1253.550000,-1097.900000,307.357000
1248.975000,-1068.310000,324.000000
1228.600000,-1085.962000,308.980000
1221.300000,-1073.500000,307.760000
1218.600000,-1100.191000,311.535000
1228.530000,-1104.500000,310.315000
1224.420000,-1100.656000,312.000000
1220.900000,-1102.650000,309.111000
1211.104000,-1094.500000,311.379000
1189.900000,-1098.980000,310.647000
1207.849000,-1104.500000,309.912000
1219.040000,-1097.390000,312.000000
1216.600000,-1060.135000,307.679000
1209.376000,-1056.700000,307.434000
1208.600000,-1057.210000,307.190000
1209.928000,-1071.700000,307.946000
1210.992000,-1067.245000,308.000000
1195.000000,-1074.112000,309.960000
1190.110000,-1051.000000,309.228000
1185.000000,-1073.356000,311.493000
1192.520000,-1087.000000,310.761000
1191.570000,-1055.176000,312.000000
1187.000000,-1079.156000,320.582000
1185.860000,-1077.700000,317.887000
1172.000000,-1083.082000,315.203000
1177.085000,-1103.700000,312.508000
1172.240000,-1091.480000,321.000000
1148.400000,-1089.325000,311.000000
1115.300000,-1077.600000,311.000000
1098.400000,-1097.450000,311.000000
1144.650000,-1102.600000,311.000000
1117.150000,-1101.175000,311.000000
1231.100000,-1017.426000,309.488000
1225.622000,-998.000000,309.000000
1209.100000,-1006.360000,310.512000
1220.364000,-1020.000000,310.022000
1225.226000,-1005.854000,311.000000
1206.100000,-1016.836000,313.430000
1194.410000,-1004.700000,312.205000
1192.100000,-1044.347000,310.985000
1193.472000,-1045.700000,309.765000
1193.388000,-1036.270000,314.000000
1143.300000,-1033.270000,319.378000
1127.264000,-999.900000,315.962000
1105.300000,-1025.891000,312.532000
1131.330000,-1046.900000,323.116000
1122.400000,-1008.548000,326.000000
1268.000000,-926.440000,309.183000
1267.768000,-925.200000,314.468000
1239.000000,-926.600000,312.760000
1246.859000,-935.200000,311.045000
1262.461000,-931.170000,315.000000
1238.900000,-965.021000,313.240000
1231.178000,-947.300000,312.264000
1225.900000,-971.258000,311.284000
1237.054000,-980.300000,310.308000
1228.071000,-947.663000,314.000000
1224.200000,-976.028000,311.808000
1222.028000,-949.400000,310.828000
1212.200000,-958.136000,313.852000
1217.528000,-977.400000,312.872000
1218.512000,-961.272000,314.000000
1179.800000,-969.668000,310.372000
1162.159000,-965.300000,313.396000
1156.800000,-976.088000,312.416000
1157.490000,-977.300000,311.440000
1177.155000,-975.356000,314.000000
1190.200000,-958.140000,322.478000
1166.836000,-934.800000,318.330000
1124.200000,-949.350000,314.182000
1164.922000,-964.800000,310.017000
1140.238000,-942.360000,327.000000
1268.300000,-857.702000,310.880000
1255.140000,-853.500000,309.655000
1254.300000,-855.084000,313.435000
1257.142000,-875.500000,312.215000
1262.728000,-868.130000,314.000000
1257.000000,-842.805000,311.034000
1250.676000,-830.100000,312.546000
1245.000000,-843.918000,312.056000
1254.480000,-851.100000,311.568000
1256.520000,-831.759000,313.000000
1157.500000,-843.140000,316.000000
1156.031000,-842.600000,316.000000
1144.500000,-849.950000,316.000000
1149.388000,-872.600000,316.000000
1148.647000,-857.360000,316.000000
1145.100000,-864.180000,316.000000
1120.600000,-857.700000,316.000000
1110.100000,-870.165000,316.000000
1143.805000,-872.700000,316.000000
1133.830000,-871.290000,316.000000
1259.300000,-797.705000,310.059000
1253.580000,-790.100000,310.303000
1239.300000,-793.862000,310.547000
1250.280000,-799.100000,310.792000
1240.020000,-792.971000,310.000000
1213.100000,-764.899000,313.000000
1201.751000,-749.100000,313.000000
1200.100000,-749.344000,313.000000
1201.868000,-810.100000,313.000000
1205.235000,-793.813000,313.000000
1200.200000,-789.492000,316.808000
1194.233000,-748.500000,329.660000
1187.200000,-784.551000,325.495000
1196.586000,-809.500000,321.347000
1196.989000,-757.406000,330.000000
1142.500000,-783.236000,324.062000
1140.798000,-781.000000,322.347000
1105.500000,-785.602000,320.639000
1116.933000,-807.000000,318.924000
1109.644000,-795.560000,325.000000
1270.600000,-746.300000,314.028000
1239.000000,-739.800000,313.052000
1220.600000,-749.732000,312.072000
1265.350000,-752.800000,315.096000
1244.100000,-752.449000,316.000000
1238.100000,-729.072000,319.533000
1228.508000,-688.900000,332.368000
1194.100000,-704.300000,328.220000
1215.308000,-732.900000,324.055000
1230.576000,-705.928000,334.000000
1172.300000,-707.064000,318.580000
1151.370000,-696.600000,318.092000
1146.300000,-726.552000,317.602000
1148.068000,-728.600000,317.114000
1151.188000,-722.200000,319.000000
1138.700000,-696.600000,320.293000
1127.752000,-685.500000,319.561000
1110.700000,-693.345000,321.829000
1129.012000,-700.500000,321.094000
1125.988000,-688.710000,322.000000
1202.900000,-644.888000,319.679000
1122.704000,-641.500000,337.044000
1120.900000,-643.898000,331.432000
1140.662000,-663.500000,325.820000
1195.110000,-655.316000,341.000000
1148.800000,-624.748000,320.998000
1126.240000,-599.800000,319.290000
1108.800000,-630.424000,317.575000
1141.880000,-643.800000,322.867000
1119.320000,-601.604000,323.000000
1251.400000,-634.588000,313.916000
1236.602000,-587.500000,311.221000
1153.400000,-601.036000,319.537000
1193.972000,-635.500000,316.842000
1214.356000,-609.340000,321.000000
1253.000000,-572.274000,337.904000
1190.355000,-564.000000,330.096000
1168.000000,-582.249000,322.256000
1168.000000,-585.000000,314.448000
1251.385000,-582.228000,338.000000
994.600000,-1089.672000,358.746000
977.104000,-1062.200000,342.398000
940.600000,-1077.670000,326.050000
972.298000,-1096.200000,376.635000
958.906000,-1071.788000,383.000000
1076.100000,-1010.134000,317.040000
1045.160000,-998.200000,312.630000
1042.100000,-1000.468000,326.238000
1047.982000,-1052.200000,321.846000
1065.832000,-1035.730000,330.000000
1024.800000,-1029.590000,326.289000
976.094000,-995.300000,324.093000
926.800000,-1029.212000,321.888000
1001.280000,-1049.300000,319.692000
932.288000,-1001.186000,327.000000
995.200000,-933.716000,358.973000
989.971000,-931.700000,341.578000
932.200000,-940.730000,324.254000
953.998000,-973.700000,377.930000
958.345000,-953.624000,390.000000
1073.100000,-906.352000,317.856000
1031.560000,-885.100000,328.440000
1011.100000,-921.946000,325.010000
1068.946000,-931.100000,321.594000
1059.026000,-928.156000,329.000000
1021.800000,-864.020000,325.076000
1013.352000,-824.600000,323.606000
988.800000,-842.060000,322.142000
1005.927000,-869.600000,320.672000
993.156000,-840.305000,326.000000
1078.200000,-767.006000,340.889000
1052.940000,-751.400000,329.421000
1048.200000,-803.996000,364.906000
1051.380000,-805.400000,353.438000
1062.930000,-792.602000,365.000000
1028.200000,-791.844000,322.816000
1009.324000,-758.100000,339.448000
984.200000,-784.980000,334.080000
1014.648000,-806.100000,328.690000
1021.556000,-766.548000,342.000000
986.200000,-750.160000,340.170000
985.360000,-743.200000,335.025000
930.200000,-752.020000,329.901000
945.768000,-803.200000,324.777000
941.848000,-778.600000,345.000000
1023.800000,-712.260000,333.220000
968.416000,-679.400000,328.340000
931.800000,-724.846000,343.440000
1011.380000,-741.400000,338.560000
983.872000,-679.648000,345.000000
1083.800000,-661.180000,319.371000
1075.340000,-604.600000,324.656000
1038.800000,-623.800000,322.948000
1059.095000,-664.600000,321.233000
1080.425000,-629.620000,326.000000
987.100000,-627.463000,325.388000
973.150000,-606.400000,324.900000
969.100000,-659.854000,324.410000
969.784000,-665.400000,325.922000
974.212000,-655.429000,326.000000
965.000000,-654.690000,331.695000
959.224000,-626.200000,327.547000
949.000000,-644.441000,340.399000
958.984000,-663.200000,336.234000
959.272000,-635.228000,343.000000
1066.900000,-551.936000,339.586000
937.972000,-542.000000,335.176000
930.900000,-546.266000,330.784000
959.596000,-596.000000,326.392000
931.036000,-577.532000,340.000000
813.700000,-1083.877000,325.798000
795.544000,-1059.400000,323.114000
779.700000,-1086.706000,320.419000
806.798000,-1100.400000,328.735000
791.906000,-1062.311000,330.000000
892.700000,-989.833000,328.160000
883.867000,-988.700000,324.240000
819.700000,-1014.656000,336.336000
847.732000,-1091.700000,332.432000
872.114000,-1038.655000,340.000000
809.800000,-1021.240000,335.713000
789.297000,-995.800000,332.541000
780.800000,-1046.140000,329.356000
808.930000,-1055.800000,326.184000
783.004000,-1049.680000,337.000000
773.400000,-1093.150000,330.688000
758.112000,-1072.200000,326.768000
721.400000,-1082.825000,322.864000
750.364000,-1097.200000,334.944000
744.020000,-1080.000000,338.000000
772.800000,-1014.312000,344.872000
750.800000,-1000.200000,426.520000
747.800000,-1000.872000,400.060000
751.375000,-1056.200000,373.708000
767.650000,-1040.800000,433.000000
840.300000,-956.145000,387.350000
814.204000,-920.900000,368.318000
784.300000,-952.594000,349.286000
825.124000,-973.900000,330.176000
792.812000,-928.267000,401.000000
844.200000,-829.414000,339.807000
840.914000,-824.200000,334.662000
782.200000,-836.344000,350.538000
801.792000,-890.200000,345.414000
813.882000,-860.698000,351.000000
769.300000,-848.808000,336.804000
757.798000,-824.700000,384.432000
751.300000,-862.479000,368.997000
767.536000,-873.700000,353.625000
766.942000,-872.034000,393.000000
741.898340,-868.369394,377.250000
755.665371,-830.783721,361.815000
737.756275,-839.692650,346.443000
732.739008,-868.614601,331.008000
740.621882,-842.166583,393.000000
869.700000,-749.718000,332.038000
829.100000,-742.700000,327.646000
819.700000,-763.468000,341.236000
823.450000,-764.700000,336.844000
849.050000,-760.146000,343.000000
907.900000,-780.080000,325.576000
893.935000,-736.100000,339.184000
872.900000,-767.900000,334.792000
896.070000,-796.100000,330.382000
905.975000,-748.520000,343.000000
838.192275,-779.983029,465.104000
801.527425,-754.399832,417.084000
798.774415,-758.244173,369.260000
792.428178,-794.737642,517.436000
801.660509,-782.402552,529.000000
909.000000,-648.980000,334.560000
872.964000,-630.500000,328.704000
846.000000,-653.699000,346.824000
898.605000,-663.500000,340.968000
887.706000,-631.622000,351.000000
840.600000,-664.179000,400.861000
832.384000,-641.800000,382.976000
788.600000,-648.470000,365.164000
810.492000,-664.800000,347.352000
789.692000,-652.081000,404.000000
897.700000,-606.532000,453.570000
836.610000,-592.600000,401.110000
832.510000,-592.600000,375.095000
815.700000,-624.136000,348.435000
816.356000,-628.600000,510.975000
886.302000,-628.600000,469.265000
906.700000,-575.443000,328.600000
866.318000,-541.000000,339.925000
784.700000,-560.909000,336.265000
857.168000,-584.000000,332.590000
874.736000,-552.782000,340.000000
556.785820,-1133.461419,351.430000
534.126880,-1109.659460,344.110000
530.814310,-1109.375558,336.760000
518.517113,-1138.935731,329.440000
521.837192,-1128.755933,355.000000
529.939574,-1169.945040,408.998000
512.613151,-1137.048084,370.202000
515.630848,-1139.083546,387.851000
475.942530,-1133.759993,331.406000
511.559246,-1170.111319,451.451000
497.925724,-1160.915392,457.493000
508.822368,-1137.902353,485.000000
509.451763,-1091.006288,336.004000
509.324428,-1089.024852,382.059000
494.185421,-1080.207056,367.175000
481.254775,-1098.854157,352.291000
497.030518,-1096.756744,387.000000
587.554237,-1070.732602,412.745000
585.265128,-1023.802657,386.149000
535.578011,-1040.763585,359.444000
559.603503,-1089.043148,332.848000
535.903510,-1052.894068,434.000000
616.685173,-1036.005189,340.304000
618.350022,-1018.751386,332.464000
592.253375,-995.311969,356.656000
601.229008,-1019.854915,348.816000
608.535967,-1014.240245,358.000000
647.807588,-992.149275,326.968000
640.017134,-962.364255,335.284000
602.594889,-986.298732,332.589000
604.277165,-989.734778,329.905000
628.946632,-1002.751639,337.000000
655.164338,-960.746424,355.431000
670.492775,-939.918293,345.915000
649.277644,-946.211982,336.399000
643.789894,-964.147548,365.844000
662.781640,-940.063406,366.000000
449.780641,-1084.705377,328.371000
452.629171,-1080.948504,328.126000
417.475136,-1047.814640,328.882000
398.680881,-1081.066576,328.638000
422.190396,-1082.268387,329.000000
453.534054,-1047.445939,328.780000
456.550841,-1024.628442,377.920000
431.725485,-1031.650421,361.995000
439.552451,-1054.485682,346.135000
441.173623,-1056.284268,393.000000
511.733280,-1033.543073,367.856000
531.445971,-1011.779339,352.176000
511.930649,-1003.787776,336.560000
502.360788,-1025.121617,384.944000
514.620748,-1011.198309,390.000000
509.444401,-997.411220,342.455000
507.618282,-975.746324,330.499000
479.601971,-991.981674,367.494000
477.914108,-994.680274,355.538000
491.948700,-1002.167600,377.000000
543.781916,-1008.520723,359.858000
546.066137,-981.031026,351.528000
514.908349,-962.417059,343.232000
526.671471,-996.806001,334.902000
521.411399,-959.999879,362.000000
610.310554,-952.111982,330.890000
598.267365,-920.083280,329.670000
593.180192,-922.234050,328.445000
554.563124,-963.042996,332.225000
575.049425,-954.415985,333.000000
568.282692,-939.360710,341.483000
590.464316,-909.564057,384.575000
553.649555,-929.335477,370.667000
546.760074,-952.523774,356.702000
590.629173,-915.971157,386.000000
668.774786,-898.830067,343.498000
665.317764,-894.217773,339.088000
629.754069,-872.524240,334.696000
609.730243,-911.379750,330.304000
623.918878,-884.024273,346.000000
696.938263,-853.488375,394.766000
697.415039,-820.946167,362.314000
658.242268,-839.787188,329.729000
673.777855,-871.207462,430.277000
666.956141,-854.123211,461.000000
723.564942,-816.499097,338.936000
734.595663,-797.109100,391.031000
714.325323,-789.238685,374.195000
712.873141,-810.009413,357.290000
730.963798,-804.740365,398.000000
763.900000,-680.136000,372.465000
745.273000,-675.500000,360.509000
742.900000,-675.861000,348.504000
746.050000,-694.500000,336.548000
746.953000,-689.142000,383.000000
737.726717,-711.875004,347.040000
734.019191,-687.430717,337.280000
710.189885,-676.269710,367.520000
725.228815,-706.766805,357.720000
732.778095,-689.883342,370.000000
766.000000,-583.738000,337.448000
761.620000,-578.200000,364.628000
693.000000,-593.176000,355.844000
716.579000,-656.200000,347.060000
759.430000,-620.710000,371.000000
765.700000,-557.000000,348.180000
726.880000,-537.600000,343.300000
705.700000,-568.720000,338.420000
760.300000,-577.600000,353.520000
721.780000,-575.960000,354.000000
708.600000,-574.116000,401.465000
698.814000,-536.400000,348.790000
666.600000,-551.730000,511.330000
687.432000,-578.400000,458.870000
431.701453,-1014.990709,368.680000
413.689446,-977.874545,358.920000
385.966866,-988.974629,349.120000
387.383907,-993.060382,339.360000
420.187887,-1023.368443,369.000000
468.440180,-977.879767,379.988000
471.906234,-945.294822,359.898000
437.219359,-929.816594,339.890000
449.727908,-968.755373,401.800000
457.989553,-938.228004,410.000000
507.749501,-941.613109,329.375000
479.744442,-900.403546,328.155000
476.633197,-902.472617,331.930000
464.265102,-928.958625,330.710000
487.353077,-939.021428,333.000000
546.008288,-913.115618,348.236000
549.931400,-865.236716,343.112000
500.881720,-872.452817,337.988000
519.199276,-922.626647,332.843000
535.125732,-849.432103,350.000000
584.210805,-884.652988,337.370000
626.139049,-844.330705,333.695000
596.525832,-836.077688,330.035000
571.845169,-872.624291,341.375000
597.787357,-851.269296,344.000000
574.737531,-849.091636,328.393000
569.399527,-824.384971,333.685000
544.130787,-835.273702,331.970000
541.686199,-837.832332,330.262000
559.518556,-852.845900,334.000000
577.904062,-824.151957,356.435000
594.859684,-804.767543,347.860000
577.755478,-807.544404,339.320000
569.491962,-824.289519,330.745000
583.924637,-804.840435,362.000000
633.996613,-787.824124,341.424000
627.019393,-769.669114,333.616000
624.813327,-769.525411,357.776000
605.904424,-789.675755,349.968000
616.970415,-788.641131,358.000000
670.945823,-805.527268,328.722000
666.267110,-771.179035,339.306000
633.926884,-760.872559,335.890000
654.132543,-802.275549,332.460000
677.471323,-789.346743,341.000000
735.062011,-745.432851,354.715000
733.563719,-740.341022,347.120000
694.503384,-713.938601,339.556000
669.911844,-757.078447,331.992000
688.196222,-732.750029,362.000000
429.468160,-922.890843,336.308000
414.243621,-880.650532,331.916000
380.986990,-882.371028,345.524000
413.218077,-931.821610,341.114000
400.573380,-912.064145,347.000000
448.143218,-905.501324,328.912000
460.542336,-879.768683,343.257000
430.525100,-861.864014,338.621000
431.705671,-891.828839,333.985000
458.424222,-893.122638,347.000000
516.021886,-852.489324,339.024000
511.000355,-820.164832,335.120000
461.914751,-853.841352,331.200000
463.893943,-857.334201,343.296000
479.133343,-852.127374,344.000000
467.569397,-839.613178,338.261000
483.854445,-812.714096,330.666000
456.241860,-817.903807,354.102000
452.717826,-842.591250,346.507000
479.815282,-818.795228,359.000000
552.036077,-819.014645,355.188000
553.815521,-816.878830,348.112000
539.428351,-806.062508,341.007000
525.163682,-824.400179,333.931000
530.830363,-813.163992,356.000000
530.048731,-804.394676,330.678000
528.853753,-778.368707,329.214000
503.219587,-782.370662,327.750000
516.173630,-810.380532,332.280000
505.389291,-796.538607,333.000000
560.277743,-809.913732,329.315000
574.271679,-782.908935,326.130000
536.367261,-752.070485,335.958000
538.458997,-786.354428,332.786000
562.105116,-787.048011,339.000000
588.243336,-745.555908,331.376000
588.733813,-730.945182,329.912000
566.833761,-744.878407,328.442000
565.581670,-746.847106,326.978000
569.832219,-743.909489,332.000000
614.300645,-744.967516,330.380000
624.354333,-721.343909,327.930000
599.967673,-715.397822,325.490000
601.342028,-740.596551,333.040000
615.309902,-721.091505,335.000000
604.411257,-711.921987,329.907000
603.341762,-694.220107,354.855000
598.526894,-697.385656,346.770000
557.701102,-734.788545,338.718000
580.043458,-727.775061,357.000000
667.524085,-717.336967,341.400000
673.633340,-669.297499,336.520000
624.612552,-673.593708,331.640000
640.862847,-724.170254,326.740000
659.689269,-657.512439,345.000000
311.233229,-1040.003784,330.544000
334.595546,-997.634158,327.604000
251.769249,-914.444223,336.676000
259.948474,-976.958409,333.748000
288.508479,-974.329053,337.000000
369.632468,-973.892967,329.605000
380.895953,-941.545966,356.065000
329.455886,-974.258332,347.525000
336.841828,-999.963769,338.950000
341.496038,-992.624106,361.000000
333.572302,-967.508207,346.390000
346.595017,-912.970884,341.000000
279.790671,-868.229401,335.632000
296.176733,-936.516338,330.264000
302.067906,-883.469115,352.000000
386.035499,-863.391293,377.952000
353.033620,-807.196901,345.744000
347.447521,-801.992533,445.404000
323.572122,-835.964626,413.196000
352.400217,-852.736111,459.000000
397.982455,-844.546321,327.616000
394.974615,-809.846141,344.226000
361.085863,-797.219017,338.858000
380.156061,-839.217223,333.468000
408.357857,-832.284207,349.000000
468.613514,-784.217446,336.366000
467.431589,-780.012071,332.950000
428.650914,-740.659707,329.520000
424.133576,-769.446903,340.104000
433.010837,-760.588025,341.000000
494.568648,-762.817476,326.000000
481.447527,-724.633387,326.000000
451.104060,-723.382350,326.000000
479.752127,-768.621198,326.000000
471.731305,-756.458317,326.000000
565.383767,-697.527334,340.232000
581.369454,-676.209436,336.312000
560.088941,-667.072492,332.408000
554.499350,-689.109077,328.504000
560.688484,-667.490297,341.000000
556.381168,-707.484112,327.965000
542.437106,-676.209785,326.745000
516.469002,-688.333964,325.520000
517.810529,-691.879952,329.300000
530.214603,-696.967624,330.000000
524.720276,-679.939271,328.760000
545.075150,-656.016175,340.840000
521.690980,-664.377713,336.936000
512.450818,-684.056156,333.016000
540.033469,-662.909131,341.000000
595.810875,-636.682904,345.776000
598.789990,-634.279061,339.432000
577.622516,-614.095642,333.062000
562.799484,-635.856599,326.718000
568.782300,-625.029665,349.000000
285.253345,-838.742302,345.095000
283.541869,-819.194847,336.555000
266.068789,-816.773009,328.015000
276.032799,-839.852826,354.440000
284.026870,-820.483759,362.000000
248.178411,-869.546054,322.226000
265.716668,-834.595202,332.810000
208.006029,-780.111636,329.380000
213.636860,-828.558263,325.964000
252.705392,-843.973726,334.000000
326.890816,-798.200842,326.000000
310.080305,-758.178886,326.000000
279.541082,-765.661200,326.000000
277.575484,-768.786367,326.000000
286.751639,-772.358341,326.000000
283.122052,-716.461742,325.768000
299.786246,-695.090996,324.788000
282.085215,-699.779386,327.812000
274.323597,-717.629756,326.836000
292.232359,-699.932230,328.000000
353.494440,-705.922686,325.581000
349.985585,-696.496855,330.873000
348.629654,-696.817024,329.158000
336.835315,-710.269411,327.450000
346.138395,-711.225538,332.000000
336.181631,-697.630963,327.625000
342.314281,-687.083835,326.400000
330.934194,-692.944961,325.180000
329.729480,-701.473492,328.955000
340.017320,-687.023891,329.000000
375.171837,-683.099974,325.464000
373.672643,-680.382982,324.488000
352.813382,-664.004133,327.508000
346.229898,-683.459639,326.532000
359.587774,-681.488112,328.000000
403.779740,-674.875961,326.028000
396.479202,-655.500519,329.052000
380.276533,-680.100257,328.076000
395.821494,-692.810183,327.096000
397.194387,-690.114767,330.000000
422.476972,-661.607866,338.331000
435.276863,-630.756189,333.676000
409.178369,-630.825879,329.040000
408.454153,-658.180525,343.404000
418.724039,-633.965719,345.000000
401.962588,-604.301447,337.210000
370.248351,-640.850869,325.254000
367.641821,-648.605712,362.249000
372.258515,-643.122419,350.293000
391.785122,-618.642718,372.000000
553.897770,-599.077006,344.368000
576.850139,-569.220386,338.488000
546.422867,-581.851864,332.632000
537.392818,-606.206069,326.752000
564.659914,-567.630041,346.000000
562.900000,-535.274000,335.752000
561.420000,-533.300000,329.896000
522.900000,-536.849000,324.016000
534.900000,-554.300000,342.160000
539.100000,-545.228000,346.000000
505.963140,-652.321581,331.206000
508.753725,-627.986500,353.130000
481.985421,-637.195279,346.054000
490.810710,-661.053182,338.949000
489.141265,-658.083509,354.000000
474.778399,-616.549971,321.000000
495.396236,-590.581280,321.000000
467.967962,-574.917193,321.000000
460.594766,-602.886853,321.000000
469.285298,-579.616326,321.000000
470.500000,-565.545000,321.000000
462.530000,-563.200000,321.000000
460.500000,-569.696000,321.000000
461.100000,-570.200000,321.000000
465.300000,-568.863000,321.000000
450.011099,-584.537615,321.000000
451.625090,-570.632824,321.000000
442.377278,-576.836030,321.000000
445.004713,-587.373634,321.000000
452.146900,-575.174204,321.000000
434.176317,-576.097952,324.120000
425.855149,-567.838009,323.144000
424.494431,-570.565323,322.164000
417.541385,-596.749384,321.188000
420.958519,-586.370250,325.000000
479.100000,-552.250000,321.000000
455.748000,-546.500000,321.000000
437.100000,-553.380000,321.000000
471.498000,-556.500000,321.000000
460.452000,-546.990000,321.000000
403.263252,-586.764659,321.000000
415.909032,-549.253025,321.000000
404.018192,-556.476212,321.000000
397.551186,-585.076614,321.000000
409.905235,-566.782463,321.000000
398.087512,-553.816245,321.000000
394.706350,-541.186077,321.000000
384.612350,-562.301907,321.000000
392.781855,-569.065826,321.000000
387.063977,-563.569366,321.000000
1327.824269,-503.637099,323.376000
1358.864177,-478.844100,309.656000
1333.134532,-476.683137,351.992000
1315.813426,-500.186425,338.328000
1346.160059,-484.637565,360.000000
1269.500000,-501.500000,336.636000
1210.870000,-494.600000,329.804000
1204.500000,-495.620000,322.944000
1215.225000,-524.600000,316.112000
1268.850000,-515.690000,337.000000
1269.000000,-441.277000,320.209000
1255.824000,-416.200000,315.064000
1242.000000,-440.380000,309.940000
1262.304000,-455.200000,325.795000
1251.423000,-420.763000,328.000000
1188.300000,-498.224000,313.780000
1184.400000,-496.400000,310.364000
1136.300000,-502.992000,320.934000
1153.876000,-528.400000,317.518000
1173.116000,-513.360000,324.000000
1131.300000,-505.400000,315.733000
1114.775000,-486.600000,315.001000
1106.300000,-518.320000,314.269000
1129.400000,-526.600000,313.534000
1107.950000,-524.360000,316.000000
1190.100000,-465.612000,316.424000
1171.252000,-449.700000,314.472000
1114.100000,-456.522000,312.512000
1152.936000,-467.700000,318.560000
1146.400000,-456.144000,320.000000
1203.900000,-418.092000,314.596000
1125.504000,-407.400000,340.300000
1109.900000,-442.176000,332.004000
1119.018000,-443.400000,323.674000
1183.502000,-435.156000,342.000000
963.800000,-512.553000,326.508000
949.486000,-496.200000,325.773000
929.800000,-508.896000,325.041000
953.056000,-519.200000,324.309000
934.628000,-500.455000,327.000000
1005.000000,-437.320000,334.402000
1004.510000,-433.600000,328.058000
935.000000,-437.770000,347.688000
953.900000,-463.600000,341.344000
970.000000,-451.540000,348.000000
912.300000,-511.040000,336.900000
882.600000,-494.900000,412.400000
862.300000,-516.650000,388.000000
905.150000,-524.900000,363.500000
905.250000,-495.260000,425.000000
911.700000,-482.340000,341.000000
907.020000,-444.300000,334.900000
885.700000,-456.780000,328.775000
897.218000,-484.300000,322.675000
891.368000,-461.300000,347.000000
914.100000,-413.150000,362.704000
875.750000,-402.200000,337.328000
864.100000,-429.140000,415.952000
865.600000,-432.200000,390.472000
892.900000,-427.370000,425.000000
864.200000,-487.882000,334.397000
842.314000,-473.100000,394.042000
802.200000,-482.315000,374.766000
840.392000,-492.100000,355.490000
860.170000,-477.888000,410.000000
863.600000,-436.848000,385.036000
805.320000,-433.200000,365.760000
801.600000,-434.549000,346.405000
814.186000,-452.200000,406.129000
819.766000,-445.854000,410.000000
772.000000,-473.932000,361.362000
772.000000,-416.836000,392.073000
712.036000,-400.000000,340.047000
658.000000,-480.276000,405.819000
658.000000,-513.094000,343.179000
747.946000,-522.000000,384.504000
732.328000,-409.638000,420.000000
708.730000,-400.854000,420.000000
634.400000,-400.356000,388.822000
627.792000,-398.000000,372.718000
575.400000,-428.256000,356.548000
597.584000,-522.000000,340.444000
575.990000,-459.132000,391.000000
574.200000,-452.559000,344.536000
534.357000,-399.300000,334.288000
517.200000,-501.390000,324.040000
572.034000,-522.300000,355.750000
538.233000,-510.738000,361.000000
480.900000,-502.694000,326.000000
472.350000,-469.700000,319.168000
450.900000,-485.963000,340.308000
467.340000,-508.700000,333.476000
472.740000,-482.180000,347.000000
405.300000,-486.620000,324.128000
382.628000,-475.700000,322.176000
379.300000,-475.826000,320.224000
382.810000,-517.700000,318.264000
381.536000,-506.528000,325.000000
499.500000,-439.553000,315.934000
478.432000,-398.500000,316.424000
453.500000,-434.490000,316.912000
486.666000,-459.500000,315.400000
473.970000,-407.467000,315.000000
1271.200000,-297.151000,321.790000
1269.625000,-290.800000,386.050000
1236.200000,-303.648000,365.225000
1246.980000,-363.800000,344.485000
1264.305000,-331.753000,392.000000
1217.300000,-327.400000,383.992000
1185.750000,-315.900000,362.677000
1167.300000,-333.449000,341.449000
1212.000000,-338.900000,320.134000
1175.400000,-338.302000,400.000000
1167.900000,-371.970000,352.759000
1159.180000,-276.000000,331.531000
1127.900000,-312.645000,397.216000
1147.140000,-381.000000,375.988000
1148.740000,-316.740000,400.000000
1100.100000,-314.715000,328.484000
1019.700000,-300.000000,447.932000
1064.700000,-300.000000,370.512000
1000.100000,-342.120000,409.380000
1006.800000,-345.000000,370.670000
1042.100000,-345.000000,439.716000
1088.000000,-336.045000,471.000000
997.200000,-375.635000,399.660000
973.740000,-349.700000,372.955000
937.200000,-367.970000,346.359000
976.440000,-384.700000,319.763000
951.480000,-357.225000,428.000000
998.100000,-264.390000,360.529000
939.480000,-259.000000,333.933000
938.100000,-262.815000,416.228000
952.500000,-294.000000,389.632000
973.860000,-280.980000,428.000000
879.400000,-371.964000,326.633000
866.428000,-358.900000,380.238000
856.400000,-374.885000,362.914000
875.421000,-381.900000,345.519000
878.365000,-359.866000,396.000000
830.200000,-381.524000,375.808000
825.400000,-350.100000,358.240000
798.200000,-359.124000,340.600000
811.416000,-382.100000,395.032000
808.216000,-364.660000,400.000000
889.700000,-317.735000,348.092000
843.332000,-296.800000,328.002000
826.700000,-342.804000,389.994000
826.700000,-349.800000,369.904000
869.036000,-342.857000,405.000000
918.300000,-287.588000,333.417000
887.292000,-261.700000,330.733000
822.300000,-276.228000,328.038000
878.556000,-293.700000,325.354000
825.276000,-270.724000,334.000000
775.600000,-323.370000,393.092000
736.513000,-315.600000,366.496000
732.600000,-317.035000,339.900000
739.996000,-350.600000,422.195000
749.327000,-339.960000,438.000000
769.600000,-293.728000,346.470000
748.768000,-263.200000,413.665000
727.600000,-293.296000,391.949000
759.478000,-311.200000,370.233000
759.016000,-268.480000,415.000000
706.400000,-256.987000,336.936000
702.382000,-253.900000,333.032000
657.400000,-267.382000,329.112000
674.305000,-316.900000,325.208000
662.594000,-286.849000,339.000000
646.650000,-308.216000,348.215000
556.535700,-247.100000,334.740000
511.950000,-352.700000,321.320000
637.490400,-379.100000,362.845000
574.585500,-370.784000,375.000000
574.046700,-361.940000,375.000000
502.100000,-364.308000,316.084000
469.715000,-247.800000,350.860000
375.100000,-299.271000,339.590000
440.886000,-380.800000,328.366000
479.748000,-294.350000,355.000000
427.043000,-334.516000,355.000000
1095.100000,-181.740000,350.800000
973.852000,-156.800000,341.040000
951.100000,-240.478000,331.280000
966.220000,-242.800000,321.480000
977.308000,-222.504000,359.000000
1002.508000,-194.124000,359.000000
921.400000,-212.825000,434.687000
921.400000,-186.200000,530.569000
889.300000,-160.100000,373.192000
907.525000,-160.100000,334.538000
846.400000,-202.100000,562.948000
846.400000,-213.950000,389.507000
898.225000,-235.100000,501.704000
865.225000,-235.100000,444.476000
994.700000,-72.329400,319.702000
993.995000,-70.200000,326.506000
947.700000,-72.857200,324.301000
960.766000,-88.400000,322.105000
989.953000,-80.956200,328.000000
999.159649,-54.360875,339.440000
976.279968,-40.367421,332.825000
957.328356,-49.242984,326.237000
991.936527,-61.072567,346.622000
970.467140,-39.233494,347.000000
849.492074,-121.100818,330.581000
853.434489,-102.908679,325.457000
826.051095,-91.943821,341.312000
832.591008,-111.231712,336.188000
843.379916,-105.506178,344.000000
890.909056,-82.712178,321.018000
855.517235,-50.254340,325.548000
832.063426,-61.772997,324.084000
832.757067,-64.922079,322.614000
883.474813,-91.731657,327.000000
917.920475,-27.209105,330.304000
909.894427,-2.312607,326.400000
878.920848,-5.488719,322.480000
900.262048,-27.545777,334.576000
894.997631,-4.079807,336.000000
879.793699,16.694029,318.705000
863.555272,30.454061,315.533000
861.443214,27.807330,325.361000
853.046471,-9.313203,322.176000
867.251334,0.550530,328.000000
783.200000,-219.506000,397.379000
761.880000,-191.400000,378.514000
743.200000,-222.655000,359.726000
775.040000,-238.400000,340.938000
745.240000,-194.784000,403.000000
712.800000,-188.100000,323.408000
707.400000,-187.500000,321.944000
667.800000,-200.050000,320.474000
685.035000,-237.500000,325.010000
686.205000,-211.800000,326.000000
638.700000,-204.300000,322.090000
586.456000,-195.800000,343.985000
564.700000,-212.560000,336.909000
636.406000,-215.800000,329.804000
621.532000,-213.780000,345.000000
423.000000,-223.060000,380.739000
413.331000,-189.500000,359.023000
390.000000,-206.460000,337.218000
408.348000,-229.500000,315.502000
394.191000,-202.020000,394.000000
776.400000,-81.020000,323.428000
728.055000,-65.900000,321.232000
721.400000,-66.560000,319.036000
729.210000,-125.900000,325.831000
748.075000,-109.460000,328.000000
769.250000,-25.340000,318.432000
719.155000,1.300000,354.672000
661.750000,-22.580000,342.960000
740.117500,-38.700000,331.248000
752.480000,-4.300000,360.000000
507.800000,2.408000,320.825000
504.680000,6.200000,315.213000
447.800000,-2.632000,309.578000
466.700000,-41.800000,303.966000
459.920000,-20.344000,326.000000
241.428566,-581.220677,322.417000
239.260577,-564.411334,322.172000
222.466083,-570.484674,322.928000
232.444774,-587.294017,322.683000
227.871208,-581.740400,323.000000
296.500000,-347.744000,312.058000
294.475000,-326.000000,312.814000
287.500000,-334.568000,312.569000
291.892000,-350.000000,312.325000
295.771000,-335.120000,313.000000
283.000000,-313.380000,312.700000
263.512000,-310.500000,312.455000
259.000000,-318.987000,312.211000
260.800000,-319.500000,312.966000
265.672000,-317.646000,313.000000
156.512994,-567.623978,324.728000
175.626105,-540.464614,322.776000
146.077977,-529.170161,328.816000
141.030476,-560.674440,326.864000
168.868268,-545.439879,330.000000
145.614586,-296.134151,314.964000
123.860446,-269.182776,314.476000
121.413856,-270.837406,313.988000
111.924483,-292.602153,313.498000
137.111627,-304.389623,315.000000
113.379668,-619.590894,377.288000
132.250934,-581.339246,355.973000
89.230558,-609.798880,334.745000
88.212324,-639.124012,400.517000
129.247145,-581.797451,410.000000
-17.854084,-423.606925,322.650000
79.181741,-560.345361,320.210000
83.216792,-498.454973,327.760000
1.113163,-405.957202,325.320000
42.048132,-492.581462,330.000000
156.130600,-432.137888,339.954000
159.520481,-382.846222,334.564000
92.483076,-422.670603,329.196000
84.244487,-429.967077,323.806000
95.542828,-424.557696,342.000000
60.803000,-327.186095,332.632000
114.664627,-374.947440,324.336000
104.688176,-329.703250,316.006000
59.408342,-305.262260,341.710000
104.833299,-351.282960,348.000000
59.331146,-283.923688,318.237000
28.170365,-232.087104,343.185000
22.106217,-230.638949,335.133000
-15.523177,-284.560084,327.048000
26.945656,-297.121129,345.000000
364.000000,-192.416000,317.127000
306.658000,-131.500000,312.962000
250.000000,-193.095000,308.814000
337.324000,-228.500000,304.666000
266.758000,-141.394000,320.000000
256.954000,-227.530000,320.000000
313.671093,-43.951602,309.608000
313.445032,-40.439403,306.192000
286.404932,-26.445810,316.762000
263.741072,-60.693594,313.346000
285.398589,-48.130602,317.000000
209.000000,-43.225000,310.114000
183.312000,0.000000,310.869000
171.000000,-76.760000,310.625000
206.682000,-95.000000,310.381000
203.832000,-88.255000,311.000000
170.000000,-186.835000,323.305000
125.290000,0.000000,320.621000
0.000000,-84.710000,317.926000
89.420000,-215.000000,315.242000
37.740000,-73.745000,326.000000
154.020000,-72.455000,326.000000
102.680000,-130.290000,326.000000
68.510000,-17.845000,326.000000
