1522.700000,-1102.737000,305.098000
1516.784000,-1072.200000,304.608000
1505.700000,-1090.920000,304.120000
1516.087000,-1111.200000,305.630000
1512.993000,-1082.223000,306.000000
1493.900000,-1065.554000,307.206000
1475.900000,-1052.600000,306.716000
1469.900000,-1082.588000,306.228000
1470.236000,-1086.600000,307.738000
1478.900000,-1081.670000,308.000000
1570.100000,-982.980000,305.599000
1565.204000,-963.400000,303.884000
1538.100000,-969.080000,302.176000
1551.412000,-983.400000,307.461000
1548.372000,-972.460000,308.000000
1526.200000,-970.210000,315.220000
1517.875000,-952.900000,310.320000
1511.200000,-973.510000,305.440000
1523.470000,-982.900000,320.540000
1515.205000,-954.400000,321.000000
1508.400000,-961.172000,307.885000
1468.206000,-956.300000,305.680000
1466.400000,-958.792000,303.484000
1475.640000,-984.300000,301.279000
1475.346000,-974.444000,310.000000
1513.188631,-744.007882,322.113000
1477.788795,-725.466264,315.498000
1490.252617,-750.357435,308.910000
1518.053186,-756.769350,302.295000
1482.178736,-740.354241,327.000000
1427.300000,-590.090000,323.714000
1409.012000,-569.000000,319.304000
1403.300000,-619.901000,314.912000
1403.900000,-626.000000,310.520000
1405.820000,-617.108000,326.000000
1390.800000,-635.538000,315.416000
1380.960000,-622.000000,313.456000
1330.800000,-626.144000,311.504000
1356.420000,-636.000000,309.552000
1333.860000,-628.174000,316.000000
1366.100000,-600.590000,318.791000
1356.478000,-574.600000,316.096000
1349.100000,-606.708000,313.412000
1363.193000,-620.600000,310.728000
1366.049000,-576.394000,319.000000
1347.700000,-587.283000,308.070000
1323.475000,-580.600000,309.580000
1322.700000,-584.700000,309.092000
1328.500000,-621.600000,308.604000
1346.275000,-606.717000,310.000000
1448.900000,-1100.247000,306.445000
1435.173000,-1079.700000,310.220000
1411.900000,-1093.254000,309.000000
1435.358000,-1106.700000,307.780000
1444.793000,-1086.018000,311.000000
1344.200000,-1086.072000,308.000000
1328.740000,-1073.900000,308.000000
1324.200000,-1104.670000,308.000000
1324.920000,-1107.900000,308.000000
1340.900000,-1102.188000,308.000000
1442.100000,-1061.320000,306.152000
1436.150000,-1042.200000,318.232000
1408.100000,-1048.340000,314.328000
1423.026000,-1062.200000,310.424000
1434.654000,-1050.800000,319.000000
1434.000000,-1018.188000,308.020000
1382.558000,-1006.000000,303.120000
1345.000000,-1021.598000,318.240000
1419.849000,-1028.000000,313.360000
1409.703000,-1006.616000,323.000000
1344.900000,-1018.209000,311.185000
1284.140000,-1009.300000,307.020000
1282.900000,-1015.908000,319.872000
1297.966000,-1068.300000,315.724000
1324.626000,-1046.175000,323.000000
1446.100000,-967.766000,307.026000
1436.932000,-942.300000,303.596000
1422.100000,-959.776000,314.180000
1437.580000,-976.300000,310.764000
1436.956000,-949.882000,316.000000
1399.000000,-966.251000,304.239000
1363.675000,-954.800000,303.504000
1354.000000,-985.028000,305.772000
1356.160000,-987.800000,305.040000
1379.425000,-981.893000,306.000000
1337.700000,-982.485000,305.868000
1334.708000,-951.300000,304.888000
1321.700000,-961.794000,307.912000
1328.900000,-984.300000,306.936000
1329.876000,-965.127000,308.000000
1430.300000,-925.156000,323.361000
1402.617000,-915.400000,313.316000
1383.300000,-928.378000,303.312000
1423.344000,-933.400000,334.308000
1404.779000,-915.688000,343.000000
1308.000000,-846.580000,335.600000
1290.162000,-836.500000,323.840000
1290.000000,-845.356000,312.128000
1294.590000,-908.500000,348.416000
1297.254000,-880.708000,356.000000
1302.100000,-772.388000,325.241000
1296.190000,-753.200000,318.136000
1287.100000,-766.850000,311.060000
1296.955000,-779.200000,332.984000
1292.335000,-758.712000,336.000000
1356.800000,-784.840000,326.807000
1299.488000,-779.800000,319.702000
1284.800000,-793.720000,312.626000
1289.048000,-794.800000,334.550000
1306.040000,-791.935000,336.000000
1451.000000,-775.595000,326.532000
1430.210000,-761.600000,317.712000
1346.000000,-766.550000,308.928000
1394.405000,-776.600000,300.144000
1371.305000,-767.705000,336.000000
1446.700000,-742.847000,328.476000
1438.286000,-723.200000,319.656000
1432.700000,-750.284000,310.872000
1444.796000,-760.200000,302.088000
1435.318000,-723.385000,336.000000
1445.200000,-707.835000,340.560000
1444.948000,-705.900000,328.800000
1361.200000,-707.910000,317.088000
1383.544000,-720.900000,305.376000
1372.372000,-714.945000,348.000000
1359.800000,-728.362000,349.758000
1353.320000,-701.500000,339.510000
1343.800000,-721.369000,329.220000
1354.488000,-738.500000,318.972000
1345.064000,-708.900000,354.000000
1342.600000,-703.636000,352.026000
1312.741000,-699.100000,341.778000
1305.600000,-712.246000,331.488000
1308.190000,-713.100000,321.240000
1306.525000,-710.272000,354.000000
1302.800000,-732.704000,312.294000
1299.230000,-703.200000,344.046000
1285.800000,-714.112000,333.756000
1293.841000,-735.200000,323.508000
1302.307000,-715.872000,354.000000
1268.400000,-1071.500000,308.037000
1253.100000,-1042.900000,320.889000
1243.400000,-1083.765000,316.724000
1265.275000,-1097.900000,312.576000
1266.325000,-1097.515000,324.000000
1228.600000,-1077.127000,307.575000
1228.460000,-1073.500000,311.355000
1218.600000,-1078.026000,310.130000
1221.370000,-1104.500000,308.910000
1227.230000,-1091.821000,312.000000
1220.900000,-1101.650000,309.507000
1208.004000,-1094.500000,311.775000
1189.900000,-1099.980000,311.040000
1210.980000,-1104.500000,310.308000
1214.979000,-1096.390000,312.000000
1216.600000,-1061.395000,307.223000
1210.048000,-1056.700000,307.979000
1208.600000,-1070.950000,307.734000
1209.256000,-1071.700000,307.490000
1214.640000,-1068.505000,308.000000
1195.000000,-1083.796000,309.831000
1192.790000,-1051.000000,309.099000
1185.000000,-1063.708000,311.364000
1189.840000,-1087.000000,310.632000
1192.010000,-1064.824000,312.000000
1187.000000,-1090.908000,313.641000
1177.655000,-1077.700000,310.957000
1172.000000,-1097.330000,319.262000
1185.290000,-1103.700000,316.578000
1181.705000,-1103.232000,321.000000
1148.400000,-1080.250000,311.000000
1147.100000,-1077.600000,311.000000
1098.400000,-1081.525000,311.000000
1112.850000,-1102.600000,311.000000
1128.050000,-1092.100000,311.000000
1231.100000,-1013.488000,309.878000
1221.684000,-998.000000,309.390000
1209.100000,-1010.298000,310.900000
1224.302000,-1020.000000,310.412000
1220.958000,-1001.916000,311.000000
1206.100000,-1017.041000,311.465000
1194.480000,-1004.700000,310.245000
1192.100000,-1044.142000,309.020000
1193.402000,-1045.700000,312.800000
1198.890000,-1036.475000,314.000000
1143.300000,-1042.153000,319.658000
1134.484000,-999.900000,316.242000
1105.300000,-1017.008000,312.812000
1124.110000,-1046.900000,323.396000
1121.678000,-1017.431000,326.000000
1268.000000,-930.170000,312.207000
1249.585000,-925.200000,310.499000
1239.000000,-932.860000,308.784000
1265.042000,-935.200000,314.076000
1249.933000,-934.910000,315.000000
1238.900000,-950.435000,312.620000
1238.419000,-947.300000,311.644000
1225.900000,-952.844000,310.664000
1229.800000,-980.300000,313.688000
1230.099000,-966.044000,314.000000
1224.200000,-968.776000,312.836000
1218.932000,-949.400000,311.860000
1212.200000,-965.388000,310.880000
1220.624000,-977.400000,313.904000
1215.428000,-954.048000,314.000000
1179.800000,-968.780000,313.052000
1160.434000,-965.300000,312.076000
1156.800000,-976.976000,311.096000
1159.215000,-977.300000,310.120000
1161.745000,-974.468000,314.000000
1190.200000,-961.440000,323.889000
1174.096000,-934.800000,319.741000
1124.200000,-946.050000,315.576000
1157.662000,-964.800000,311.428000
1134.760000,-945.660000,327.000000
1268.300000,-864.170000,313.355000
1259.256000,-853.500000,312.135000
1254.300000,-870.616000,310.910000
1267.026000,-875.500000,309.690000
1255.784000,-874.598000,314.000000
1257.000000,-831.843000,312.850000
1256.424000,-830.100000,312.362000
1245.000000,-833.880000,311.872000
1248.732000,-851.100000,311.384000
1245.624000,-841.797000,313.000000
1157.500000,-863.030000,316.000000
1151.637000,-842.600000,316.000000
1144.500000,-860.060000,316.000000
1153.782000,-872.600000,316.000000
1157.474000,-847.250000,316.000000
1145.100000,-861.885000,316.000000
1115.245000,-857.700000,316.000000
1110.100000,-872.460000,316.000000
1114.160000,-872.700000,316.000000
1143.140000,-868.995000,316.000000
1259.300000,-797.984000,310.913000
1254.200000,-790.100000,310.157000
1239.300000,-793.583000,310.402000
1249.660000,-799.100000,310.646000
1257.100000,-793.250000,310.000000
1213.100000,-778.014000,313.000000
1204.559000,-749.100000,313.000000
1200.100000,-797.229000,313.000000
1212.073000,-810.100000,313.000000
1210.968000,-806.928000,313.000000
1200.200000,-752.892000,316.315000
1199.420000,-748.500000,329.167000
1187.200000,-760.151000,325.002000
1191.399000,-809.500000,320.854000
1197.366000,-781.806000,330.000000
1142.500000,-798.420000,319.743000
1125.406000,-781.000000,318.035000
1105.500000,-796.444000,323.320000
1132.325000,-807.000000,321.612000
1132.436000,-784.718000,325.000000
1270.600000,-743.271000,313.212000
1227.400000,-739.800000,312.236000
1220.600000,-752.748000,315.256000
1226.950000,-752.800000,314.280000
1254.300000,-749.433000,316.000000
1238.100000,-726.960000,323.069000
1226.352000,-688.900000,318.921000
1194.100000,-706.412000,331.756000
1217.420000,-732.900000,327.608000
1221.380000,-703.816000,334.000000
1172.300000,-711.416000,317.822000
1154.906000,-696.600000,317.334000
1146.300000,-722.200000,318.844000
1170.532000,-728.600000,318.356000
1161.016000,-726.584000,319.000000
1138.700000,-686.400000,320.395000
1136.712000,-685.500000,319.663000
1110.700000,-688.545000,321.928000
1120.052000,-700.500000,321.196000
1125.036000,-693.510000,322.000000
1202.900000,-655.976000,329.937000
1164.114000,-641.500000,324.325000
1120.900000,-654.810000,318.690000
1181.252000,-663.500000,336.078000
1158.456000,-644.404000,341.000000
1148.800000,-611.064000,320.011000
1113.760000,-599.800000,318.303000
1108.800000,-600.108000,316.588000
1114.360000,-643.800000,321.880000
1124.960000,-631.920000,323.000000
1251.400000,-628.492000,316.897000
1224.156000,-587.500000,314.213000
1153.400000,-607.132000,311.518000
1206.418000,-635.500000,319.834000
1187.700000,-603.196000,321.000000
1253.000000,-573.471000,327.792000
1195.200000,-564.000000,319.984000
1168.000000,-581.052000,312.144000
1248.155000,-585.000000,336.336000
1193.160000,-583.425000,338.000000
994.600000,-1063.866000,365.245000
990.172000,-1062.200000,348.897000
940.600000,-1069.476000,332.482000
959.284000,-1096.200000,316.134000
953.668000,-1079.982000,383.000000
1076.100000,-1033.138000,326.202000
1059.610000,-998.200000,321.810000
1042.100000,-1031.464000,317.400000
1067.532000,-1052.200000,313.008000
1048.492000,-1004.734000,330.000000
1024.800000,-1008.530000,325.587000
937.874000,-995.300000,323.391000
926.800000,-996.326000,321.195000
941.500000,-1049.300000,318.990000
939.932000,-1034.072000,327.000000
995.200000,-967.064000,382.687000
976.993000,-931.700000,365.363000
932.200000,-949.382000,348.039000
966.976000,-973.700000,330.644000
937.240000,-944.972000,390.000000
1073.100000,-905.340000,328.314000
1030.196000,-885.100000,324.898000
1011.100000,-922.958000,321.482000
1070.310000,-931.100000,318.052000
1012.712000,-927.144000,329.000000
1021.800000,-826.310000,320.030000
1018.698000,-824.600000,324.566000
988.800000,-834.725000,323.102000
1000.581000,-869.600000,321.632000
1020.876000,-847.640000,326.000000
1078.200000,-785.690000,320.773000
1063.320000,-751.400000,356.305000
1048.200000,-785.312000,344.837000
1070.970000,-805.400000,333.322000
1075.740000,-757.286000,365.000000
1028.200000,-769.284000,322.486000
988.688000,-758.100000,339.118000
984.200000,-759.540000,333.750000
991.284000,-806.100000,328.360000
1022.216000,-792.036000,342.000000
986.200000,-793.060000,327.507000
969.344000,-743.200000,343.383000
930.200000,-769.120000,338.259000
961.784000,-803.200000,333.114000
975.560000,-761.500000,345.000000
1023.800000,-705.998000,329.420000
959.124000,-679.400000,344.540000
931.800000,-731.108000,339.660000
1020.672000,-741.400000,334.760000
1001.352000,-735.324000,345.000000
1083.800000,-606.160000,320.925000
1079.075000,-604.600000,319.217000
1038.800000,-618.820000,324.509000
1055.360000,-664.600000,322.794000
1070.390000,-634.600000,326.000000
987.100000,-643.216000,324.658000
977.956000,-606.400000,324.170000
969.100000,-644.101000,325.682000
982.978000,-665.400000,325.192000
980.764000,-612.182000,326.000000
965.000000,-634.414000,332.511000
950.440000,-626.200000,328.363000
949.000000,-627.717000,341.215000
951.768000,-663.200000,337.050000
958.504000,-651.952000,343.000000
1066.900000,-586.226000,329.866000
1024.468000,-542.000000,325.474000
930.900000,-565.976000,339.082000
1009.100000,-596.000000,334.672000
1004.340000,-557.822000,340.000000
813.700000,-1076.497000,324.401000
789.424000,-1059.400000,321.717000
779.700000,-1094.086000,319.033000
812.918000,-1100.400000,327.338000
796.224000,-1095.931000,330.000000
892.700000,-990.245000,332.720000
884.159000,-988.700000,328.816000
819.700000,-1014.244000,324.912000
847.440000,-1091.700000,336.992000
851.236000,-1039.067000,340.000000
809.800000,-1032.580000,331.787000
794.749000,-995.800000,328.615000
780.800000,-1034.800000,325.443000
803.478000,-1055.800000,335.258000
791.762000,-1000.960000,337.000000
773.400000,-1077.450000,332.448000
725.508000,-1072.200000,328.544000
721.400000,-1073.525000,324.640000
730.968000,-1097.200000,336.720000
738.248000,-1089.300000,338.000000
772.800000,-1045.448000,401.356000
764.725000,-1000.200000,375.004000
747.800000,-1025.680000,348.652000
762.475000,-1056.200000,430.192000
754.550000,-1015.992000,433.000000
840.300000,-942.418000,382.358000
799.644000,-920.900000,363.326000
784.300000,-966.321000,344.294000
839.684000,-973.900000,325.184000
796.396000,-967.540000,401.000000
844.200000,-824.464000,347.115000
836.264000,-824.200000,341.991000
782.200000,-841.360000,336.867000
806.442000,-890.200000,331.722000
792.244000,-855.682000,351.000000
769.300000,-854.149000,384.810000
759.760000,-824.700000,369.375000
751.300000,-857.138000,354.003000
765.574000,-873.700000,338.568000
753.244000,-828.375000,393.000000
755.192588,-840.245194,388.212000
745.438389,-825.949449,372.777000
743.265773,-828.037217,357.405000
728.500669,-866.611147,341.970000
732.595419,-852.632251,393.000000
869.700000,-760.234000,342.604000
852.950000,-742.700000,338.194000
819.700000,-752.952000,333.802000
849.600000,-764.700000,329.392000
869.700000,-748.662000,343.000000
907.900000,-759.740000,325.576000
882.105000,-736.100000,339.166000
872.900000,-788.240000,334.774000
872.900000,-796.100000,330.364000
906.010000,-788.180000,343.000000
822.619114,-810.026702,349.856000
835.326557,-771.919638,497.836000
795.939584,-763.713116,450.012000
798.580738,-797.926827,401.992000
827.986935,-789.110495,529.000000
909.000000,-649.970000,330.360000
874.854000,-630.500000,348.480000
846.000000,-652.709000,342.624000
896.715000,-663.500000,336.744000
898.794000,-632.612000,351.000000
840.600000,-646.124000,345.162000
791.512000,-641.800000,400.277000
788.600000,-643.525000,382.465000
799.364000,-664.800000,364.580000
829.368000,-657.003000,404.000000
897.700000,-620.860000,378.320000
869.328000,-592.600000,325.645000
834.642000,-592.600000,506.030000
815.700000,-609.808000,488.185000
865.638000,-628.600000,435.510000
884.088000,-628.600000,385.200000
906.700000,-557.469000,329.530000
815.444000,-541.000000,325.855000
784.700000,-578.840000,337.195000
786.164000,-584.000000,333.520000
867.172000,-577.851000,340.000000
542.632089,-1154.445189,335.680000
556.353377,-1124.651421,328.330000
526.514676,-1115.750028,351.010000
525.277914,-1143.495949,343.660000
541.370392,-1132.656633,355.000000
530.706786,-1168.807600,391.190000
509.972666,-1135.267054,352.235000
512.343714,-1136.866346,420.764000
475.159660,-1134.920645,472.439000
514.199731,-1171.892348,433.484000
501.158970,-1163.096244,331.406000
515.678862,-1140.872185,485.000000
506.514152,-1093.385119,354.304000
499.525909,-1076.924689,339.359000
497.123032,-1077.828225,385.475000
479.725526,-1096.965693,370.530000
490.694576,-1094.938986,387.000000
572.431753,-1082.978548,381.462000
596.507308,-1037.685593,354.757000
550.700494,-1028.517639,328.161000
548.361323,-1075.160213,410.456000
578.336610,-1039.285280,434.000000
622.081675,-1031.635188,344.304000
603.649727,-1000.598034,336.464000
586.856874,-999.681970,328.656000
586.351244,-1001.482407,352.816000
599.355167,-1014.114997,358.000000
623.782121,-1011.604715,332.886000
654.305224,-980.008577,330.191000
626.620357,-966.843292,327.507000
610.756648,-997.736273,335.812000
628.719779,-980.090212,337.000000
658.745427,-957.846515,353.520000
669.284480,-938.426173,343.965000
645.696555,-949.111890,334.449000
644.998189,-965.639668,363.894000
666.834719,-937.746358,366.000000
447.952793,-1086.185538,328.734000
423.519327,-1045.000841,328.489000
419.302983,-1046.334478,328.245000
396.954026,-1078.934087,328.000000
409.168827,-1069.925454,329.000000
447.540705,-1052.299258,379.220000
460.477801,-1029.477833,363.295000
437.718835,-1026.797103,347.435000
435.625492,-1049.636291,331.575000
447.393007,-1025.319705,393.000000
525.609998,-1022.305928,379.888000
523.123208,-1001.501583,364.208000
498.053931,-1015.024921,348.592000
496.209182,-1017.525016,332.976000
501.684760,-1016.109717,390.000000
492.879535,-1010.825184,371.904000
516.418699,-986.613934,359.899000
496.166837,-978.567710,347.943000
483.588060,-1001.687022,335.987000
493.899321,-982.830736,377.000000
547.803646,-1005.263990,360.300000
539.031594,-972.344088,351.970000
510.886619,-965.673792,343.674000
533.706015,-1005.492939,335.378000
524.991347,-956.197589,362.000000
611.448295,-951.190657,328.020000
597.775237,-919.475552,331.795000
592.089856,-923.116987,330.575000
555.055253,-963.650725,329.355000
588.421578,-968.699829,333.000000
560.650342,-945.541265,332.306000
592.186765,-911.691106,375.341000
561.281906,-923.154922,361.433000
545.026926,-950.383514,347.525000
584.729971,-924.291973,386.000000
654.296557,-910.554306,330.016000
646.768546,-871.311396,343.606000
602.266416,-894.783303,339.214000
599.960043,-899.314559,334.822000
630.609927,-921.976200,346.000000
676.343895,-870.165365,350.078000
709.066906,-835.335024,450.493000
678.836636,-823.110198,418.041000
662.125988,-856.818604,385.589000
692.680763,-848.469152,461.000000
729.140965,-811.983723,344.180000
729.736051,-791.107979,396.275000
708.749301,-793.754059,379.439000
717.732753,-816.010534,362.603000
735.248455,-798.630288,398.000000
763.900000,-678.198000,347.426000
743.131000,-675.500000,335.421000
742.900000,-677.799000,372.465000
748.213000,-694.500000,360.509000
757.684000,-687.204000,383.000000
736.515923,-712.855485,343.120000
736.341384,-690.298386,333.320000
711.400678,-675.289229,363.560000
722.906623,-703.899137,353.800000
734.370924,-694.326008,370.000000
766.000000,-604.564000,348.752000
708.038000,-578.200000,339.932000
693.000000,-650.428000,367.148000
697.161000,-656.200000,358.364000
736.508000,-641.458000,371.000000
765.700000,-575.000000,342.720000
753.940000,-537.600000,337.820000
705.700000,-550.720000,352.940000
733.240000,-577.600000,348.060000
738.220000,-553.960000,354.000000
708.600000,-558.786000,431.350000
683.442000,-536.400000,378.675000
666.600000,-567.060000,326.215000
702.804000,-578.400000,488.755000
435.921355,-1011.573499,350.760000
438.944702,-1009.062190,340.960000
405.061342,-973.512227,331.200000
392.965350,-999.952890,361.440000
407.416768,-998.969069,369.000000
468.365574,-977.940181,377.036000
472.013848,-945.427714,356.946000
437.293965,-929.756179,336.938000
449.620294,-968.622481,398.930000
459.206312,-939.883122,410.000000
503.389712,-945.143597,331.260000
485.660053,-907.708718,330.035000
457.678607,-917.821741,328.815000
458.349490,-921.653453,332.595000
471.130599,-927.902714,333.000000
528.709018,-927.124290,343.826000
563.940072,-882.535986,338.681000
518.227618,-858.406386,333.557000
505.190604,-905.327378,349.433000
525.747030,-873.317202,350.000000
604.913973,-867.887892,340.400000
617.737622,-833.955807,336.725000
575.822664,-852.842783,333.065000
580.227716,-882.975875,329.405000
568.094714,-867.516161,344.000000
580.822584,-844.164057,332.698000
583.370440,-841.637611,330.990000
561.360113,-821.321669,329.275000
546.594898,-843.894071,327.567000
553.988213,-833.622173,334.000000
579.794081,-822.621450,357.380000
594.237916,-803.999723,348.840000
575.865459,-809.074911,340.265000
570.121912,-825.067442,331.725000
585.593765,-803.037150,362.000000
631.562592,-789.795156,355.504000
628.378725,-771.347749,347.696000
604.710116,-785.804671,339.856000
604.545092,-787.997120,332.048000
608.998375,-783.773278,358.000000
664.342414,-810.874603,340.664000
676.925280,-784.340779,337.248000
640.507756,-755.543474,333.818000
643.474373,-789.113805,330.402000
639.791954,-756.272383,341.000000
712.866722,-763.406241,331.930000
717.106990,-720.018655,355.366000
670.069915,-733.724434,347.771000
686.368573,-777.400814,340.207000
689.128458,-779.283534,362.000000
438.162092,-915.850636,330.512000
439.995412,-912.451345,344.120000
397.938875,-868.643663,339.710000
387.466287,-900.020797,335.318000
421.870082,-920.587063,347.000000
451.756947,-902.574984,330.622000
456.152826,-874.348090,344.986000
426.911372,-864.790354,340.331000
436.095181,-897.249432,335.695000
459.489203,-887.048857,347.000000
514.669652,-853.584341,331.072000
511.602615,-820.908560,343.168000
463.266985,-852.746334,339.248000
463.291684,-856.590473,335.344000
488.123360,-865.994008,344.000000
460.451517,-845.377123,335.626000
487.086634,-816.705517,328.062000
463.359739,-812.139861,351.467000
449.485636,-838.599828,343.903000
473.981215,-826.144552,359.000000
543.684866,-825.777322,335.700000
546.984877,-808.443687,328.624000
526.796620,-816.291482,350.519000
531.994325,-832.835322,343.443000
530.091411,-829.327026,356.000000
539.794141,-796.502998,329.124000
541.306745,-793.746872,327.660000
516.765242,-771.401608,332.190000
503.720638,-795.002367,330.726000
520.721208,-795.498020,333.000000
565.756622,-805.477024,331.304000
565.436021,-771.997806,328.132000
530.911696,-756.488314,337.947000
547.294655,-797.265557,334.775000
561.783519,-775.495982,339.000000
589.331341,-744.674860,328.772000
588.284478,-730.390300,327.308000
565.745756,-745.759456,331.838000
566.022194,-747.391108,330.374000
574.752785,-747.761259,332.000000
611.176519,-747.497384,330.160000
627.052859,-724.676311,327.720000
603.091800,-712.867954,325.270000
598.643502,-737.264149,332.830000
612.605502,-724.187363,335.000000
589.336180,-724.129544,342.810000
606.343620,-697.927093,334.758000
566.196068,-723.566643,326.673000
564.139049,-742.738748,351.621000
561.277416,-735.424657,357.000000
690.745206,-698.532874,337.480000
692.942778,-693.142669,332.600000
648.020188,-654.638578,327.700000
621.553409,-700.325084,342.820000
643.844176,-685.806532,345.000000
322.179329,-1031.139806,333.136000
307.918655,-964.690941,330.208000
240.823148,-923.308201,327.268000
286.625365,-1009.901626,336.340000
281.103597,-942.803499,337.000000
376.750347,-968.129022,351.620000
378.866395,-939.039670,343.080000
322.338006,-980.022278,334.505000
323.138377,-983.041415,360.965000
338.773032,-974.594858,361.000000
331.264178,-969.377289,347.292000
350.437018,-917.715360,341.924000
282.098795,-866.360320,336.534000
292.334732,-931.771862,331.166000
296.825890,-881.715142,352.000000
378.420246,-869.558003,437.880000
363.908277,-820.625983,405.672000
323.199789,-821.627958,373.332000
358.053845,-878.546007,341.124000
324.213739,-833.499474,459.000000
411.411537,-833.671664,346.668000
410.946766,-829.570105,341.300000
370.971160,-789.214062,335.910000
364.183910,-819.493258,330.542000
365.735314,-799.862029,349.000000
455.855886,-794.548370,340.272000
452.876667,-762.038239,336.856000
420.404618,-747.337426,333.426000
438.688498,-787.420735,330.010000
430.860760,-741.071855,341.000000
499.256392,-759.021416,326.000000
473.855406,-715.257898,326.000000
446.416316,-727.178411,326.000000
450.843665,-732.922221,326.000000
487.661229,-766.545192,326.000000
565.924661,-697.089327,325.896000
580.961654,-675.705845,337.992000
559.548047,-667.510499,334.072000
554.907150,-689.612668,330.168000
576.436905,-685.832022,341.000000
552.775211,-710.404159,325.550000
546.464756,-681.183519,329.330000
520.097497,-685.395668,328.105000
538.955694,-717.992056,326.885000
538.744578,-714.920381,330.000000
546.642010,-662.187401,327.624000
548.105957,-659.758910,339.720000
533.186523,-655.068806,335.800000
509.411200,-680.302541,331.896000
529.154660,-672.979642,341.000000
583.894416,-646.298274,328.668000
590.212643,-623.649038,348.324000
566.969923,-622.691200,341.954000
571.376832,-646.486622,335.610000
591.376903,-631.280184,349.000000
289.485085,-835.779206,336.520000
278.751358,-812.353289,327.980000
276.581786,-809.411729,354.405000
264.189592,-822.938974,345.865000
277.589133,-833.665114,362.000000
251.160931,-867.173650,324.564000
259.625362,-826.937381,321.148000
205.023509,-782.484040,331.718000
219.728166,-836.216084,328.302000
245.781534,-829.087864,334.000000
324.867940,-799.821471,326.000000
312.865761,-761.655704,326.000000
281.563957,-764.040571,326.000000
309.178374,-808.233222,326.000000
299.171868,-792.006912,326.000000
301.546612,-699.578743,325.736000
302.122437,-697.640501,324.760000
288.728083,-693.692318,327.780000
271.996188,-715.089835,326.804000
285.650969,-706.086390,328.000000
347.190719,-711.698983,328.416000
353.018985,-699.807230,326.708000
340.925106,-703.876942,331.993000
340.557817,-714.331809,330.285000
351.106803,-701.179647,332.000000
341.322666,-692.920072,326.710000
340.583419,-685.194931,325.490000
339.801428,-684.819638,324.265000
326.731211,-698.201456,328.045000
332.010787,-696.088506,329.000000
360.759477,-695.193380,326.384000
370.280010,-676.339799,325.408000
349.606720,-666.694842,324.428000
349.622531,-687.502822,327.452000
358.488402,-673.665672,328.000000
403.754312,-674.941179,328.600000
396.516470,-655.515049,327.624000
380.301960,-680.035039,326.644000
395.784226,-692.795653,329.668000
385.187410,-685.508575,330.000000
440.853427,-636.773512,339.376000
439.612867,-633.964663,334.740000
413.405180,-625.113672,330.085000
404.118149,-654.972051,344.449000
413.191765,-638.711933,345.000000
402.812897,-605.014941,360.142000
383.566910,-624.978428,348.186000
366.791512,-647.892218,336.230000
394.900066,-616.139270,324.225000
373.491120,-637.504342,372.000000
572.347184,-583.596109,341.488000
571.701410,-563.084370,335.632000
569.339852,-562.622229,329.776000
530.971370,-598.553285,323.896000
543.078413,-588.535253,346.000000
562.900000,-550.793000,342.784000
550.940000,-533.300000,336.928000
522.900000,-542.330000,331.072000
545.380000,-554.300000,325.192000
527.340000,-539.747000,346.000000
508.027630,-650.589268,351.680000
507.417369,-626.393894,344.604000
479.894119,-638.950090,337.528000
492.147065,-662.645788,330.423000
478.979749,-641.726359,354.000000
499.407675,-597.307471,321.000000
497.833640,-593.701014,321.000000
470.919062,-572.611541,321.000000
458.157362,-599.767119,321.000000
463.623440,-578.452367,321.000000
470.500000,-567.582000,321.000000
465.440000,-563.200000,321.000000
460.500000,-567.659000,321.000000
468.190000,-570.200000,321.000000
469.990000,-563.900000,321.000000
453.620569,-575.823584,321.000000
446.774722,-568.623736,321.000000
445.656109,-568.920230,321.000000
440.616285,-585.555887,321.000000
449.385440,-583.304306,321.000000
427.317399,-594.640017,321.544000
432.664223,-570.356761,324.568000
420.945279,-580.159927,323.592000
421.049090,-598.046923,322.612000
431.151676,-579.233339,325.000000
479.100000,-550.690000,321.000000
449.196000,-546.500000,321.000000
437.100000,-554.940000,321.000000
478.050000,-556.500000,321.000000
470.154000,-555.430000,321.000000
417.006354,-550.394596,321.000000
416.170956,-549.351998,321.000000
404.414084,-555.428514,321.000000
397.289261,-584.977641,321.000000
407.806836,-567.186837,321.000000
396.224663,-559.257182,321.000000
396.712051,-541.872782,321.000000
386.475199,-556.860970,321.000000
390.776154,-568.379121,321.000000
397.796750,-544.755559,321.000000
1353.181244,-489.581499,323.712000
1352.725033,-467.768790,310.048000
1349.759303,-467.467876,352.384000
1311.771568,-492.894720,338.664000
1329.464021,-493.724257,360.000000
1269.500000,-518.900000,320.368000
1248.635000,-494.600000,313.536000
1204.500000,-508.190000,334.704000
1242.525000,-524.600000,327.844000
1241.615000,-503.120000,337.000000
1269.000000,-432.112000,316.660000
1249.452000,-416.200000,311.536000
1242.000000,-449.545000,327.412000
1268.649000,-455.200000,322.267000
1255.959000,-450.598000,328.000000
1188.300000,-496.592000,317.196000
1181.748000,-496.400000,313.780000
1136.300000,-504.656000,310.364000
1156.528000,-528.400000,320.934000
1160.376000,-511.728000,324.000000
1131.300000,-510.720000,314.704000
1118.100000,-486.600000,313.972000
1106.300000,-513.000000,313.240000
1126.075000,-526.600000,315.505000
1116.525000,-489.680000,316.000000
1190.100000,-453.318000,316.976000
1119.344000,-449.700000,315.024000
1114.100000,-450.816000,313.072000
1128.844000,-467.700000,319.112000
1141.080000,-461.850000,320.000000
1203.900000,-436.164000,330.984000
1172.598000,-407.400000,322.688000
1109.900000,-424.104000,314.392000
1165.924000,-443.400000,340.062000
1138.194000,-417.228000,342.000000
963.800000,-505.308000,326.190000
938.810000,-496.200000,325.458000
929.800000,-516.141000,324.726000
963.732000,-519.200000,326.991000
938.198000,-516.210000,327.000000
1005.000000,-463.420000,342.410000
995.410000,-433.600000,336.040000
935.000000,-441.670000,329.696000
963.000000,-463.600000,323.326000
948.510000,-447.640000,348.000000
912.300000,-512.660000,408.900000
885.300000,-494.900000,384.400000
862.300000,-515.030000,360.000000
902.450000,-524.900000,335.500000
869.250000,-496.880000,425.000000
911.700000,-451.900000,344.325000
887.208000,-444.300000,338.200000
885.700000,-447.220000,332.100000
891.030000,-484.300000,325.975000
887.910000,-470.820000,347.000000
914.100000,-425.810000,419.488000
896.900000,-402.200000,394.008000
864.100000,-416.480000,368.632000
894.450000,-432.200000,343.152000
865.650000,-410.030000,425.000000
864.200000,-480.415000,331.079000
817.948000,-473.100000,390.724000
802.200000,-489.782000,371.448000
802.820000,-492.100000,352.093000
862.774000,-489.421000,410.000000
863.600000,-451.877000,335.345000
854.362000,-433.200000,394.990000
801.600000,-438.520000,375.714000
827.144000,-452.200000,356.359000
858.826000,-441.883000,410.000000
772.000000,-470.760000,342.483000
772.000000,-468.076000,353.793000
709.186000,-400.000000,408.168000
658.000000,-483.326000,386.940000
658.000000,-461.976000,391.899000
750.796000,-522.000000,365.625000
757.066000,-406.588000,420.000000
758.890000,-452.094000,420.000000
634.400000,-420.072000,335.758000
578.173000,-398.000000,385.588000
575.400000,-408.540000,369.484000
588.144000,-522.000000,353.314000
623.485000,-478.848000,391.000000
574.200000,-494.748000,328.114000
553.908000,-399.300000,359.824000
517.200000,-459.201000,349.576000
552.483000,-522.300000,339.286000
560.577000,-430.050000,361.000000
480.900000,-484.286000,326.588000
458.160000,-469.700000,319.728000
450.900000,-504.371000,340.896000
451.530000,-508.700000,334.036000
472.110000,-502.772000,347.000000
405.300000,-516.482000,319.600000
401.140000,-475.700000,317.640000
379.300000,-487.964000,323.688000
390.298000,-517.700000,321.728000
396.278000,-494.390000,325.000000
499.500000,-433.209000,316.242000
473.648000,-398.500000,316.732000
453.500000,-440.834000,315.220000
491.496000,-459.500000,315.710000
481.054000,-401.123000,315.000000
1271.200000,-302.991000,343.805000
1237.425000,-290.800000,322.980000
1236.200000,-297.808000,387.240000
1244.180000,-363.800000,366.415000
1255.275000,-337.593000,392.000000
1217.300000,-333.495000,355.369000
1198.950000,-315.900000,334.054000
1167.300000,-327.377000,399.826000
1198.800000,-338.900000,378.511000
1191.850000,-321.374000,400.000000
1167.900000,-314.010000,360.067000
1137.140000,-276.000000,338.752000
1127.900000,-370.605000,317.524000
1129.180000,-381.000000,383.209000
1145.380000,-363.780000,400.000000
1100.100000,-343.200000,407.010000
1082.900000,-300.000000,368.300000
1080.500000,-300.000000,426.602000
1000.100000,-313.635000,329.748000
1043.600000,-345.000000,449.038000
1026.200000,-345.000000,337.806000
1038.400000,-319.530000,471.000000
997.200000,-369.230000,389.741000
962.760000,-349.700000,363.036000
937.200000,-374.375000,336.440000
987.420000,-384.700000,418.735000
956.940000,-350.820000,428.000000
998.100000,-264.425000,395.627000
939.540000,-259.000000,368.922000
938.100000,-262.780000,342.326000
952.440000,-294.000000,424.730000
954.600000,-281.015000,428.000000
879.400000,-376.219000,378.747000
870.706000,-358.900000,361.352000
856.400000,-370.630000,344.028000
871.143000,-381.900000,326.704000
861.483000,-364.121000,396.000000
830.200000,-361.332000,386.392000
805.208000,-350.100000,368.752000
798.200000,-379.284000,351.184000
799.608000,-382.100000,333.616000
803.544000,-376.500000,400.000000
889.700000,-347.097000,393.930000
878.171000,-296.800000,373.840000
826.700000,-313.442000,353.832000
854.798000,-349.800000,333.824000
833.819000,-319.166000,405.000000
918.300000,-279.172000,333.109000
862.140000,-261.700000,330.414000
822.300000,-284.644000,327.730000
903.708000,-293.700000,325.046000
827.964000,-262.340000,334.000000
775.600000,-320.640000,435.057000
733.159000,-315.600000,408.352000
732.600000,-319.765000,381.756000
743.393000,-350.600000,355.160000
732.815000,-337.230000,438.000000
769.600000,-298.816000,328.403000
753.220000,-263.200000,395.598000
727.600000,-288.208000,373.882000
755.026000,-311.200000,352.166000
767.542000,-273.568000,415.000000
706.400000,-275.320000,324.296000
667.592000,-253.900000,336.376000
657.400000,-312.112000,332.472000
660.095000,-316.900000,328.568000
701.353000,-305.119000,339.000000
646.650000,-370.784000,327.425000
620.518200,-247.100000,368.950000
511.950000,-290.132000,355.530000
573.507900,-379.100000,342.110000
625.502100,-301.352000,375.000000
571.756800,-344.648000,375.000000
502.100000,-318.955000,317.694000
426.281000,-247.800000,352.424000
375.100000,-344.624000,341.200000
484.320000,-380.800000,329.976000
475.303000,-248.997000,355.000000
441.902000,-313.236000,355.000000
1095.100000,-168.238000,328.720000
951.244000,-156.800000,358.920000
951.100000,-167.980000,349.160000
988.828000,-242.800000,339.400000
1056.940000,-209.002000,359.000000
1038.652000,-177.870000,359.000000
921.400000,-214.850000,399.547000
921.400000,-169.850000,433.934000
891.325000,-160.100000,338.052000
891.175000,-160.100000,488.903000
846.400000,-200.075000,527.808000
846.400000,-230.300000,543.872000
896.200000,-235.100000,466.564000
881.575000,-235.100000,347.841000
994.700000,-76.169600,322.159000
956.959000,-70.200000,319.954000
947.700000,-87.217000,326.758000
950.802000,-88.400000,324.562000
977.169000,-84.796400,328.000000
997.786455,-60.991780,330.935000
992.525275,-43.731662,324.320000
958.701550,-42.612079,344.732000
975.691221,-57.708326,338.144000
982.049063,-48.547275,347.000000
853.734923,-114.641699,332.639000
840.937498,-94.699689,327.494000
821.808246,-98.402940,343.370000
845.087999,-119.440701,338.246000
834.644636,-112.514650,344.000000
893.986032,-77.787987,324.078000
895.039669,-74.950698,322.608000
841.982455,-45.899233,321.144000
844.965567,-72.550797,325.680000
860.156030,-70.342454,327.000000
918.386830,-25.884820,329.072000
907.694832,-1.538007,325.152000
878.454494,-6.813004,321.248000
902.420141,-28.305762,333.344000
898.659624,-3.880884,336.000000
877.996043,11.589308,323.073000
866.169885,29.533310,319.888000
849.622264,-5.760078,316.716000
850.431858,-8.392453,326.544000
858.804488,-2.256110,328.000000
783.200000,-234.358000,377.975000
774.520000,-191.400000,359.110000
743.200000,-207.803000,340.322000
762.400000,-238.400000,398.534000
755.320000,-209.636000,403.000000
712.800000,-213.100000,324.374000
684.945000,-187.500000,322.910000
667.800000,-225.050000,321.440000
707.490000,-237.500000,325.976000
679.005000,-236.800000,326.000000
638.700000,-198.000000,338.707000
637.072000,-195.800000,331.631000
564.700000,-198.860000,324.526000
585.790000,-215.800000,317.450000
579.130000,-207.480000,345.000000
423.000000,-217.820000,379.493000
409.008000,-189.500000,357.777000
390.000000,-211.700000,335.972000
412.671000,-229.500000,314.256000
394.653000,-196.780000,394.000000
776.400000,-84.200000,327.019000
730.970000,-65.900000,324.823000
721.400000,-123.380000,322.618000
726.295000,-125.900000,320.422000
726.185000,-112.640000,328.000000
769.250000,-34.820000,357.360000
744.740000,1.300000,345.648000
661.750000,-13.100000,333.888000
714.640000,-38.700000,322.176000
665.297500,-13.780000,360.000000
507.800000,-17.848000,325.977000
469.940000,6.200000,320.365000
447.800000,-30.376000,314.730000
501.440000,-41.800000,309.118000
506.540000,-40.600000,326.000000
247.279167,-575.370075,322.053000
248.259217,-573.409975,322.809000
231.449875,-561.500883,322.564000
223.446133,-578.295376,322.320000
239.141783,-581.280073,323.000000
296.500000,-342.704000,312.107000
292.585000,-326.000000,312.863000
287.500000,-339.608000,312.618000
293.782000,-350.000000,312.374000
295.339000,-330.080000,313.000000
283.000000,-313.146000,312.161000
262.888000,-310.500000,312.917000
259.000000,-319.221000,312.672000
261.424000,-319.500000,312.428000
278.608000,-317.412000,313.000000
150.881832,-570.493198,323.720000
178.423594,-545.954996,329.768000
151.744779,-526.282782,327.808000
138.232986,-555.184058,325.856000
165.432376,-552.705665,330.000000
139.568823,-302.179914,313.538000
132.324514,-277.646845,313.050000
109.781950,-282.469313,314.560000
128.184404,-308.862073,314.072000
123.987725,-303.357247,315.000000
137.511809,-595.458754,351.101000
141.194421,-590.282732,329.873000
116.010106,-583.019332,395.558000
79.268837,-630.180526,374.330000
107.524824,-613.736050,410.000000
9.218833,-465.295561,323.770000
89.883177,-553.395767,321.330000
56.143875,-456.766337,328.880000
-9.588273,-412.906796,326.440000
73.217117,-531.610082,330.000000
163.231604,-426.225753,329.482000
156.295680,-378.972947,324.114000
85.382072,-428.582738,340.724000
87.469288,-433.840352,335.356000
117.330559,-436.148100,342.000000
56.288638,-321.806088,330.490000
112.728067,-376.572407,322.194000
109.202538,-335.083256,347.864000
61.344903,-303.637293,339.568000
98.774591,-347.198813,348.000000
46.685249,-296.569585,329.787000
40.117641,-244.034380,321.735000
-13.331146,-266.076312,313.650000
17.829635,-317.912896,338.598000
-1.494179,-293.973089,345.000000
364.000000,-138.872000,313.081000
357.616000,-131.500000,308.933000
250.000000,-149.639000,304.768000
286.366000,-228.500000,317.620000
293.890000,-184.850000,320.000000
325.240000,-138.969000,320.000000
289.440689,-65.014771,312.058000
305.936568,-31.801902,308.642000
272.257750,-38.743768,305.212000
271.249536,-69.331094,315.796000
295.975170,-31.725138,317.000000
209.000000,-25.745000,310.701000
176.320000,0.000000,310.457000
171.000000,-94.240000,310.212000
175.674000,-95.000000,310.968000
181.488000,-70.775000,311.000000
170.000000,-186.835000,323.305000
125.290000,0.000000,320.621000
0.000000,-84.710000,317.926000
89.420000,-215.000000,315.242000
37.740000,-73.745000,326.000000
154.020000,-72.455000,326.000000
102.680000,-130.290000,326.000000
68.510000,-17.845000,326.000000
