1522.700000,-1103.907000,304.400000
1517.277000,-1072.200000,305.912000
1505.700000,-1089.750000,305.424000
1515.594000,-1111.200000,304.934000
1518.909000,-1083.393000,306.000000
1493.900000,-1084.594000,306.742000
1489.340000,-1052.600000,306.254000
1469.900000,-1063.548000,307.764000
1480.772000,-1086.600000,307.276000
1484.468000,-1066.710000,308.000000
1570.100000,-964.800000,304.794000
1568.116000,-963.400000,303.079000
1538.100000,-967.260000,301.371000
1548.500000,-983.400000,306.656000
1552.052000,-974.280000,308.000000
1526.200000,-958.840000,315.240000
1512.205000,-952.900000,310.360000
1511.200000,-954.850000,305.460000
1514.140000,-982.900000,320.580000
1515.175000,-973.060000,321.000000
1508.400000,-965.456000,308.947000
1474.590000,-956.300000,306.742000
1466.400000,-982.508000,304.546000
1469.256000,-984.300000,302.350000
1470.390000,-978.728000,310.000000
1500.402949,-734.197083,301.431000
1474.133792,-730.229557,321.843000
1503.038300,-760.168234,315.255000
1521.708189,-752.006056,308.640000
1518.661960,-750.027837,327.000000
1427.300000,-602.288000,312.032000
1414.172000,-569.000000,325.622000
1403.300000,-607.703000,321.230000
1422.740000,-626.000000,316.838000
1421.396000,-572.306000,326.000000
1390.800000,-631.982000,311.152000
1365.660000,-622.000000,309.200000
1330.800000,-629.700000,315.248000
1371.720000,-636.000000,313.288000
1365.780000,-624.618000,316.000000
1366.100000,-613.286000,314.215000
1361.170000,-574.600000,311.531000
1349.100000,-594.012000,308.836000
1358.501000,-620.600000,317.152000
1356.104000,-589.090000,319.000000
1347.700000,-620.370000,309.472000
1343.650000,-580.600000,308.982000
1322.700000,-592.613000,308.494000
1333.325000,-621.600000,308.004000
1328.750000,-598.804000,310.000000
1448.900000,-1082.346000,310.530000
1447.679000,-1079.700000,309.310000
1411.900000,-1084.155000,308.085000
1422.852000,-1106.700000,306.865000
1414.527000,-1095.144000,311.000000
1344.200000,-1081.618000,308.000000
1326.100000,-1073.900000,308.000000
1324.200000,-1075.124000,308.000000
1327.560000,-1107.900000,308.000000
1342.220000,-1097.734000,308.000000
1442.100000,-1049.320000,306.952000
1415.716000,-1042.200000,303.048000
1408.100000,-1060.360000,315.144000
1409.426000,-1062.200000,311.224000
1432.920000,-1058.780000,319.000000
1434.000000,-1016.648000,311.360000
1376.417000,-1006.000000,306.480000
1345.000000,-1023.138000,321.580000
1425.990000,-1028.000000,316.700000
1394.840000,-1027.076000,323.000000
1344.900000,-1045.467000,316.013000
1312.722000,-1009.300000,311.848000
1282.900000,-1047.650000,307.700000
1331.384000,-1068.300000,320.535000
1307.018000,-1014.433000,323.000000
1446.100000,-967.494000,312.626000
1436.740000,-942.300000,309.210000
1422.100000,-960.048000,305.780000
1437.772000,-976.300000,302.364000
1427.332000,-949.610000,316.000000
1399.000000,-983.510000,305.790000
1387.210000,-954.800000,305.055000
1354.000000,-967.769000,304.323000
1377.625000,-987.800000,303.591000
1356.160000,-966.152000,306.000000
1337.700000,-984.234000,304.400000
1335.572000,-951.300000,307.424000
1321.700000,-960.045000,306.448000
1328.036000,-984.300000,305.468000
1335.732000,-966.876000,308.000000
1430.300000,-917.686000,313.111000
1430.065000,-915.400000,303.107000
1383.300000,-917.848000,334.062000
1395.896000,-933.400000,324.058000
1416.529000,-926.218000,343.000000
1308.000000,-854.932000,329.216000
1292.232000,-836.500000,317.456000
1290.000000,-837.076000,353.744000
1292.502000,-908.500000,341.984000
1299.648000,-888.988000,356.000000
1302.100000,-763.184000,324.748000
1290.895000,-753.200000,317.672000
1287.100000,-776.054000,310.567000
1287.265000,-779.200000,332.491000
1292.575000,-775.508000,336.000000
1356.800000,-787.495000,329.707000
1312.232000,-779.800000,322.602000
1284.800000,-791.050000,315.526000
1348.304000,-794.800000,308.450000
1298.840000,-794.605000,336.000000
1451.000000,-771.215000,334.308000
1399.550000,-761.600000,325.524000
1346.000000,-770.930000,316.740000
1425.065000,-776.600000,307.920000
1348.520000,-763.325000,336.000000
1446.700000,-751.690000,304.464000
1441.632000,-723.200000,331.680000
1432.700000,-741.441000,322.860000
1441.450000,-760.200000,314.076000
1444.656000,-732.228000,336.000000
1445.200000,-719.370000,314.160000
1425.628000,-705.900000,302.400000
1361.200000,-711.375000,338.688000
1402.864000,-720.900000,326.928000
1418.572000,-711.480000,348.000000
1359.800000,-702.499000,331.530000
1358.120000,-701.500000,321.282000
1343.800000,-710.232000,352.992000
1349.688000,-738.500000,342.744000
1351.992000,-720.037000,354.000000
1342.600000,-701.284000,338.712000
1306.488000,-699.100000,328.422000
1305.600000,-700.612000,318.174000
1314.443000,-713.100000,349.926000
1318.254000,-707.906000,354.000000
1302.800000,-712.288000,345.852000
1288.401000,-703.200000,335.604000
1285.800000,-734.528000,325.356000
1287.687000,-735.200000,315.066000
1288.707000,-727.456000,354.000000
1268.400000,-1065.615000,323.609000
1250.425000,-1042.900000,319.461000
1243.400000,-1089.650000,315.296000
1267.950000,-1097.900000,311.148000
1243.425000,-1091.630000,324.000000
1228.600000,-1090.271000,307.740000
1222.700000,-1073.500000,311.515000
1218.600000,-1095.882000,310.295000
1227.130000,-1104.500000,309.070000
1226.900000,-1073.965000,312.000000
1220.900000,-1101.200000,309.954000
1206.578000,-1094.500000,309.222000
1189.900000,-1100.430000,311.487000
1212.375000,-1104.500000,310.755000
1210.329000,-1095.940000,312.000000
1216.600000,-1068.670000,307.489000
1213.936000,-1056.700000,307.244000
1208.600000,-1063.675000,307.000000
1213.368000,-1071.700000,307.756000
1212.512000,-1060.780000,308.000000
1195.000000,-1084.372000,310.977000
1192.950000,-1051.000000,310.245000
1185.000000,-1063.096000,309.513000
1189.680000,-1087.000000,311.778000
1188.180000,-1065.436000,312.000000
1187.000000,-1079.130000,319.130000
1185.860000,-1077.700000,316.446000
1172.000000,-1083.108000,313.751000
1177.085000,-1103.700000,311.067000
1174.220000,-1091.454000,321.000000
1148.400000,-1082.200000,311.000000
1101.050000,-1077.600000,311.000000
1098.400000,-1079.575000,311.000000
1108.950000,-1102.600000,311.000000
1147.250000,-1094.050000,311.000000
1231.100000,-1004.886000,309.342000
1213.082000,-998.000000,310.854000
1209.100000,-1018.900000,310.364000
1210.904000,-1020.000000,309.876000
1226.832000,-1015.292000,311.000000
1206.100000,-1022.781000,310.710000
1196.440000,-1004.700000,309.485000
1192.100000,-1038.402000,313.265000
1205.442000,-1045.700000,312.045000
1201.004000,-1042.215000,314.000000
1143.300000,-1026.690000,319.168000
1121.944000,-999.900000,315.752000
1105.300000,-1032.471000,312.336000
1136.650000,-1046.900000,322.906000
1122.970000,-1001.968000,326.000000
1268.000000,-932.180000,312.781000
1255.443000,-925.200000,311.073000
1239.000000,-930.850000,309.358000
1259.184000,-935.200000,314.650000
1247.555000,-926.920000,315.000000
1238.900000,-974.591000,313.416000
1234.935000,-947.300000,312.436000
1225.900000,-961.688000,311.460000
1233.284000,-980.300000,310.480000
1227.512000,-957.233000,314.000000
1224.200000,-976.140000,310.096000
1222.088000,-949.400000,313.120000
1212.200000,-958.024000,312.140000
1217.468000,-977.400000,311.164000
1223.636000,-961.412000,314.000000
1179.800000,-966.308000,310.780000
1178.696000,-965.300000,313.800000
1156.800000,-967.448000,312.824000
1163.953000,-977.300000,311.848000
1174.809000,-971.996000,314.000000
1190.200000,-941.190000,316.205000
1129.546000,-934.800000,312.057000
1124.200000,-936.300000,324.909000
1136.212000,-964.800000,320.744000
1164.592000,-955.380000,327.000000
1268.300000,-861.002000,311.680000
1257.240000,-853.500000,310.460000
1254.300000,-873.784000,309.235000
1255.042000,-875.500000,313.015000
1260.488000,-871.430000,314.000000
1257.000000,-839.970000,312.414000
1249.056000,-830.100000,311.924000
1245.000000,-846.753000,311.436000
1256.100000,-851.100000,312.946000
1248.252000,-849.924000,313.000000
1157.500000,-860.540000,316.000000
1150.571000,-842.600000,316.000000
1144.500000,-862.550000,316.000000
1154.848000,-872.600000,316.000000
1145.800000,-844.760000,316.000000
1145.100000,-868.605000,316.000000
1130.925000,-857.700000,316.000000
1110.100000,-865.740000,316.000000
1133.480000,-872.700000,316.000000
1142.650000,-860.715000,316.000000
1259.300000,-797.795000,310.782000
1253.780000,-790.100000,310.026000
1239.300000,-793.772000,310.270000
1250.080000,-799.100000,310.515000
1254.480000,-793.061000,310.000000
1213.100000,-809.124000,313.000000
1211.176000,-749.100000,313.000000
1200.100000,-766.119000,313.000000
1205.443000,-810.100000,313.000000
1207.757000,-777.038000,313.000000
1200.200000,-755.393000,322.520000
1199.953000,-748.500000,318.355000
1187.200000,-757.711000,314.207000
1190.866000,-809.500000,327.042000
1192.634000,-784.246000,330.000000
1142.500000,-787.266000,323.110000
1109.570000,-781.000000,321.402000
1105.500000,-781.572000,319.687000
1111.161000,-807.000000,324.979000
1114.639000,-799.590000,325.000000
1270.600000,-744.610000,315.604000
1232.500000,-739.800000,314.624000
1220.600000,-751.409000,313.648000
1221.850000,-752.800000,312.672000
1224.450000,-750.772000,316.000000
1238.100000,-710.812000,318.207000
1210.248000,-688.900000,331.059000
1194.100000,-722.560000,326.911000
1233.524000,-732.900000,322.746000
1233.964000,-731.668000,334.000000
1172.300000,-716.664000,317.484000
1159.170000,-696.600000,318.996000
1146.300000,-716.952000,318.506000
1166.268000,-728.600000,318.018000
1165.436000,-699.832000,319.000000
1138.700000,-696.825000,320.239000
1128.172000,-685.500000,319.504000
1110.700000,-693.120000,321.772000
1128.592000,-700.500000,321.037000
1126.520000,-688.935000,322.000000
1202.900000,-660.948000,331.409000
1182.564000,-641.500000,325.797000
1120.900000,-649.838000,320.162000
1162.802000,-663.500000,337.550000
1153.208000,-649.376000,341.000000
1148.800000,-600.372000,321.278000
1144.040000,-599.800000,319.563000
1108.800000,-610.844000,317.855000
1124.080000,-643.800000,316.147000
1117.760000,-621.184000,323.000000
1251.400000,-594.268000,320.164000
1154.380000,-587.500000,317.480000
1153.400000,-593.356000,314.796000
1178.292000,-635.500000,312.101000
1158.594000,-617.020000,321.000000
1253.000000,-569.670000,309.040000
1179.730000,-564.000000,333.232000
1168.000000,-584.853000,325.392000
1178.625000,-585.000000,317.584000
1243.055000,-579.624000,338.000000
994.600000,-1075.732000,333.822000
955.018000,-1062.200000,317.407000
940.600000,-1091.610000,368.059000
994.384000,-1096.200000,351.644000
979.048000,-1091.848000,383.000000
1076.100000,-1026.658000,319.848000
1055.530000,-998.200000,315.456000
1042.100000,-1037.944000,329.046000
1071.612000,-1052.200000,324.654000
1060.494000,-998.254000,330.000000
1024.800000,-1030.670000,323.463000
978.152000,-995.300000,321.258000
926.800000,-1028.132000,319.062000
999.222000,-1049.300000,325.866000
963.158000,-1002.266000,327.000000
995.200000,-964.628000,374.167000
973.276000,-931.700000,356.843000
932.200000,-951.818000,339.519000
970.693000,-973.700000,322.124000
944.800000,-942.536000,390.000000
1073.100000,-927.098000,328.272000
1059.522000,-885.100000,324.842000
1011.100000,-901.246000,321.426000
1040.984000,-931.100000,318.010000
1012.960000,-902.856000,329.000000
1021.800000,-826.445000,320.708000
1018.830000,-824.600000,325.244000
988.800000,-834.590000,323.780000
1000.482000,-869.600000,322.310000
1017.147000,-847.775000,326.000000
1078.200000,-760.580000,331.583000
1049.340000,-751.400000,320.115000
1048.200000,-756.422000,355.600000
1054.950000,-805.400000,344.132000
1068.840000,-786.122000,365.000000
1028.200000,-772.404000,330.120000
991.548000,-758.100000,324.730000
984.200000,-804.420000,341.362000
988.424000,-806.100000,335.972000
1006.992000,-795.156000,342.000000
986.200000,-768.820000,337.230000
946.720000,-743.200000,332.106000
930.200000,-793.360000,326.961000
984.408000,-803.200000,342.837000
949.632000,-797.260000,345.000000
1023.800000,-713.810000,341.020000
970.808000,-679.400000,336.120000
931.800000,-723.296000,331.240000
1008.988000,-741.400000,326.360000
948.084000,-681.198000,345.000000
1083.800000,-645.640000,325.797000
1063.640000,-604.600000,324.089000
1038.800000,-639.340000,322.381000
1070.795000,-664.600000,320.666000
1039.070000,-614.080000,326.000000
987.100000,-654.308000,324.284000
981.358000,-606.400000,325.796000
969.100000,-633.009000,325.306000
979.576000,-665.400000,324.818000
984.148000,-623.274000,326.000000
965.000000,-661.017000,331.321000
961.960000,-626.200000,327.156000
949.000000,-638.114000,340.008000
956.264000,-663.200000,335.843000
959.640000,-641.555000,343.000000
1066.900000,-545.780000,330.694000
1058.468000,-542.000000,326.302000
930.900000,-552.422000,339.892000
975.100000,-596.000000,335.500000
998.084000,-571.322000,340.000000
813.700000,-1067.518000,326.194000
781.978000,-1059.400000,323.499000
779.700000,-1062.065000,320.815000
786.364000,-1100.400000,329.131000
790.716000,-1086.952000,330.000000
892.700000,-1022.381000,337.184000
833.935000,-988.700000,333.280000
819.700000,-1085.108000,329.376000
824.664000,-1091.700000,325.456000
830.869000,-1071.203000,340.000000
809.800000,-1023.100000,336.935000
790.196000,-995.800000,333.763000
780.800000,-1044.280000,330.578000
808.031000,-1055.800000,327.406000
809.307000,-1051.540000,337.000000
773.400000,-1086.800000,324.656000
744.904000,-1072.200000,336.736000
721.400000,-1089.175000,332.832000
763.572000,-1097.200000,328.912000
763.624000,-1073.650000,338.000000
772.800000,-1040.072000,361.288000
762.325000,-1000.200000,334.936000
747.800000,-1031.056000,416.476000
764.850000,-1056.200000,390.124000
763.825000,-1010.616000,433.000000
840.300000,-965.473000,362.546000
824.004000,-920.900000,343.436000
784.300000,-943.266000,324.404000
815.324000,-973.900000,383.372000
810.676000,-937.595000,401.000000
844.200000,-888.220000,344.217000
834.156000,-824.200000,339.093000
782.200000,-843.538000,333.969000
808.550000,-890.200000,349.824000
800.800000,-853.438000,351.000000
769.300000,-829.502000,383.424000
768.706000,-824.700000,368.052000
751.300000,-832.785000,352.617000
756.628000,-873.700000,337.245000
753.640000,-852.728000,393.000000
754.666083,-841.359023,331.197000
745.843418,-826.140905,378.762000
743.792278,-826.923388,363.390000
728.095641,-866.419691,347.955000
745.160029,-859.934222,393.000000
869.700000,-750.510000,328.402000
830.900000,-742.700000,342.010000
819.700000,-762.676000,337.600000
821.650000,-764.700000,333.208000
859.100000,-760.938000,343.000000
907.900000,-765.140000,331.480000
885.220000,-736.100000,327.070000
872.900000,-782.840000,340.678000
904.785000,-796.100000,336.286000
894.530000,-793.580000,343.000000
829.614151,-796.531908,436.880000
820.144914,-764.050221,389.056000
788.944547,-777.207910,341.232000
813.762382,-805.796243,489.212000
817.203469,-766.400201,529.000000
909.000000,-654.953000,343.824000
884.367000,-630.500000,337.968000
846.000000,-647.726000,332.088000
887.202000,-663.500000,350.232000
863.451000,-637.595000,351.000000
840.600000,-661.810000,394.656000
826.976000,-641.800000,376.771000
788.600000,-650.862000,358.959000
815.900000,-664.800000,341.074000
794.112000,-649.689000,404.000000
897.700000,-628.528000,334.030000
886.794000,-592.600000,496.570000
835.626000,-592.600000,530.540000
815.700000,-602.140000,443.895000
848.172000,-628.600000,391.435000
883.186000,-628.600000,409.710000
906.700000,-546.461000,328.195000
906.090000,-541.000000,339.520000
784.700000,-546.848000,335.860000
817.396000,-584.000000,332.200000
878.030000,-566.843000,340.000000
556.029232,-1134.583107,336.490000
535.316548,-1110.461901,329.170000
531.570898,-1108.253870,351.850000
517.298427,-1138.113718,344.500000
535.501713,-1139.604782,355.000000
533.759980,-1164.281055,414.086000
499.464615,-1128.179284,375.290000
523.013427,-1144.063159,479.753000
472.122124,-1139.423977,336.335000
470.820340,-1142.632580,456.539000
490.489257,-1155.899431,390.395000
495.299205,-1154.347860,485.000000
499.202762,-1099.305765,370.225000
503.332039,-1081.624868,355.280000
482.674335,-1089.528550,340.396000
487.247164,-1106.254141,386.451000
480.426639,-1097.208601,387.000000
578.736739,-1077.872872,422.555000
591.820129,-1031.897410,395.959000
544.395509,-1033.623315,369.254000
553.048501,-1080.948396,342.658000
571.320141,-1017.728978,434.000000
617.751417,-1035.141761,328.112000
615.421794,-1015.135326,352.272000
591.176251,-996.184207,344.464000
604.157236,-1023.470975,336.656000
620.882331,-1027.284360,358.000000
626.265102,-1009.594037,328.596000
652.830726,-978.187724,336.912000
624.137375,-968.853970,334.228000
612.251913,-999.582771,331.533000
639.281346,-988.055756,337.000000
673.853144,-945.612527,342.873000
673.617351,-943.776823,333.357000
658.566092,-938.690344,362.802000
640.665318,-960.289018,353.286000
656.542249,-951.350316,366.000000
448.279195,-1085.921224,328.578000
423.241796,-1044.658119,328.333000
418.976582,-1046.598793,328.089000
397.231556,-1079.276809,328.844000
414.305753,-1075.601643,329.000000
459.452798,-1042.653035,376.620000
452.640244,-1019.799257,360.760000
425.806742,-1036.443325,344.835000
427.100718,-1039.109072,328.975000
435.049691,-1036.619899,393.000000
524.357239,-1023.320393,384.816000
523.875876,-1002.431050,369.136000
499.306690,-1014.010457,353.520000
509.930883,-1034.469906,337.904000
499.317475,-1015.747856,390.000000
504.221980,-1001.640253,332.361000
510.382887,-979.160327,369.405000
484.824391,-987.752641,357.449000
489.623872,-1009.140629,345.444000
516.908108,-988.052537,377.000000
545.608209,-1007.041820,336.840000
542.905690,-977.128199,328.544000
513.082056,-963.895962,354.214000
529.831918,-1000.708828,345.918000
546.244387,-986.931878,362.000000
580.871487,-975.951267,330.155000
611.576233,-936.518363,328.930000
575.260760,-936.744920,332.710000
562.672547,-973.057299,331.485000
596.114200,-943.789291,333.000000
552.306902,-952.297649,363.257000
594.058994,-914.003115,349.349000
569.625345,-916.398538,335.384000
543.154698,-948.071505,378.476000
570.613983,-923.822922,386.000000
666.634526,-900.563215,341.896000
666.790374,-896.036294,337.486000
631.894329,-870.791092,333.094000
608.257633,-909.561228,328.702000
624.257081,-888.903875,346.000000
705.992013,-846.156792,453.286000
692.260905,-814.581342,420.834000
688.045816,-815.652751,388.382000
656.905775,-850.372178,355.797000
666.318358,-834.823581,461.000000
733.648411,-808.333665,336.797000
725.793988,-786.239937,388.961000
704.241854,-797.404117,372.056000
704.683166,-799.895636,355.220000
722.145359,-812.958414,398.000000
763.900000,-683.879000,347.916000
749.389000,-675.500000,335.911000
742.900000,-691.118000,372.955000
762.934000,-694.500000,360.950000
757.474000,-692.885000,383.000000
739.040870,-710.810823,348.160000
731.527083,-684.353219,338.400000
708.875731,-677.333891,368.600000
727.720924,-709.844303,358.840000
733.299305,-687.839957,370.000000
766.000000,-632.644000,357.500000
734.318000,-578.200000,348.680000
693.000000,-622.270000,339.896000
743.881000,-656.200000,367.112000
718.769000,-591.616000,371.000000
765.700000,-570.680000,349.900000
747.400000,-537.600000,345.020000
705.700000,-555.040000,340.140000
739.780000,-577.600000,335.240000
716.620000,-549.600000,354.000000
708.600000,-576.510000,533.690000
701.208000,-536.400000,481.230000
666.600000,-549.336000,428.555000
685.038000,-578.400000,376.095000
437.017131,-1010.686158,334.480000
437.495377,-1007.272423,364.680000
403.965566,-974.399569,354.920000
394.414674,-1001.742657,345.120000
421.063080,-1013.580349,369.000000
481.197808,-967.548843,353.174000
453.504276,-922.570297,333.166000
449.330402,-920.009265,395.076000
432.258603,-947.182579,375.068000
457.572542,-962.476259,410.000000
503.039996,-945.426791,330.390000
486.100578,-908.252720,329.165000
458.028322,-917.538547,332.945000
457.908966,-921.109451,331.725000
476.255971,-934.947078,333.000000
549.925103,-909.943843,342.608000
546.797385,-861.366530,337.484000
497.011534,-875.586833,332.360000
522.333291,-926.496834,348.215000
502.486633,-896.553818,350.000000
601.370188,-870.757593,341.285000
619.172472,-835.727699,337.625000
579.366449,-849.973082,333.950000
578.792866,-881.203982,330.290000
610.019161,-831.288849,344.000000
566.647442,-855.642861,333.923000
575.950753,-832.475060,332.215000
552.197562,-828.741356,330.507000
554.014585,-853.056622,328.792000
578.707564,-845.413533,334.000000
576.362204,-825.400528,332.600000
595.366916,-805.393923,359.060000
579.297335,-806.295832,350.485000
568.984730,-823.663139,341.945000
587.945972,-812.958977,362.000000
616.485183,-802.004601,336.592000
636.799032,-781.745962,328.752000
619.787525,-773.595226,352.944000
608.711193,-793.141826,345.136000
623.896766,-786.918297,358.000000
682.394738,-796.256120,334.014000
684.225397,-793.355672,330.598000
645.015203,-751.893415,327.168000
636.174257,-780.098912,337.752000
652.585784,-781.287738,341.000000
725.409858,-753.249010,351.832000
708.611165,-709.527185,344.237000
704.155536,-706.122442,336.673000
663.398378,-749.034987,360.109000
681.470409,-744.179917,362.000000
431.468534,-921.270973,344.156000
411.200228,-876.892255,339.764000
378.986616,-883.990899,335.372000
377.243606,-887.396838,330.962000
385.561964,-889.436464,347.000000
456.606338,-898.648025,328.247000
450.262387,-867.074004,342.611000
422.061981,-868.717313,337.956000
441.985619,-904.523518,333.320000
444.564142,-906.372956,347.000000
499.561934,-865.818330,330.944000
518.310541,-829.192159,343.024000
478.328074,-840.550105,339.120000
477.351331,-873.952691,335.200000
519.857170,-840.636181,344.000000
465.330439,-841.426250,338.974000
484.881496,-813.982398,331.410000
458.480817,-816.090735,354.815000
451.705878,-841.341599,347.251000
477.213836,-820.160664,359.000000
535.606434,-832.319107,342.225000
551.346068,-813.829309,335.120000
534.875052,-809.749697,328.044000
527.633135,-827.449700,349.968000
540.447173,-815.729720,356.000000
541.775864,-794.898231,331.170000
539.509406,-791.527343,329.706000
514.806834,-772.987495,328.242000
505.517977,-797.221896,332.772000
515.361879,-784.875480,333.000000
578.649474,-795.036598,337.258000
544.517411,-746.165474,334.086000
541.333223,-748.049128,330.901000
530.454042,-776.469131,327.729000
534.068268,-762.579197,339.000000
589.831823,-744.269577,326.222000
588.090648,-730.150939,330.752000
565.245274,-746.164738,329.288000
566.216024,-747.630469,327.818000
578.997723,-751.979995,332.000000
622.647193,-738.208615,327.070000
617.144838,-712.440925,334.630000
591.621125,-722.156723,332.180000
608.551522,-749.499535,329.740000
606.964379,-741.437757,335.000000
587.439944,-725.665085,336.474000
606.711772,-698.381723,328.389000
568.044898,-722.069490,353.337000
563.770897,-742.284118,345.285000
561.241029,-739.159991,357.000000
664.166814,-720.055631,335.960000
676.435704,-672.758130,331.080000
627.969822,-670.875044,326.200000
638.098872,-720.757029,341.300000
666.773682,-673.125509,345.000000
318.647201,-1034.000067,333.628000
316.499439,-975.287326,330.700000
244.355277,-920.447940,327.760000
278.044582,-999.305241,336.832000
274.123152,-941.333938,337.000000
341.933431,-996.323205,357.150000
388.809657,-951.318576,348.575000
357.154922,-951.828095,340.035000
328.928124,-990.191158,331.460000
356.608219,-955.101677,361.000000
366.389622,-940.933266,331.320000
361.753457,-931.689999,347.952000
288.939233,-860.821041,342.562000
281.018293,-917.797223,337.194000
340.699865,-949.881505,352.000000
388.202182,-861.636748,357.492000
349.997779,-803.447949,457.152000
345.280838,-803.747078,424.944000
326.607964,-839.713578,392.736000
361.635427,-859.710469,459.000000
406.189116,-837.900697,335.822000
381.645609,-793.386189,330.454000
352.879202,-803.864641,347.086000
355.725844,-809.048417,341.696000
379.128190,-827.079040,349.000000
461.017689,-790.368424,335.008000
443.779840,-750.804594,331.592000
415.263797,-751.500380,328.162000
447.785324,-798.654380,338.746000
429.016613,-771.186609,341.000000
492.810744,-764.240999,326.000000
484.294572,-728.149195,326.000000
452.861964,-721.958828,326.000000
476.941582,-765.150464,326.000000
476.742382,-720.159379,326.000000
570.048974,-693.749524,339.608000
577.852182,-671.865967,335.704000
555.423733,-670.850303,331.784000
558.016622,-693.452546,327.880000
566.021911,-664.491588,341.000000
544.954791,-716.737010,325.420000
555.224896,-692.001391,329.195000
527.917917,-679.062816,327.975000
530.195554,-707.174184,326.755000
554.141057,-703.842258,330.000000
517.268224,-685.973824,329.064000
547.031078,-658.431545,325.160000
529.143032,-658.343160,337.256000
510.486079,-681.629906,333.336000
532.405207,-668.726084,341.000000
597.232725,-635.535615,334.050000
597.660912,-632.879780,327.706000
576.200665,-615.242930,347.336000
563.928562,-637.255880,340.992000
578.394710,-634.079230,349.000000
290.369769,-835.159743,347.860000
277.753335,-810.927964,339.285000
275.697102,-810.031192,330.745000
265.187615,-824.364299,357.170000
273.101127,-825.372654,362.000000
266.507877,-854.966138,330.724000
228.340889,-787.607408,327.308000
189.676563,-794.691552,323.878000
191.873748,-801.198282,320.462000
206.121910,-807.223406,334.000000
324.817993,-799.861487,326.000000
312.900149,-761.698627,326.000000
281.613905,-764.000555,326.000000
309.143986,-808.190298,326.000000
280.002001,-768.181366,326.000000
288.185672,-711.821788,324.428000
298.012146,-693.154905,327.452000
277.021594,-704.419339,326.476000
276.097696,-719.565846,325.496000
300.254460,-698.470564,328.000000
346.308198,-712.507664,326.946000
353.451363,-700.279088,325.238000
341.807627,-703.068260,330.523000
340.125439,-713.859952,328.815000
351.649777,-703.543983,332.000000
332.987746,-700.557620,326.245000
343.392523,-688.260530,325.020000
334.128079,-690.018305,328.800000
328.651238,-700.296798,327.575000
338.128675,-691.374968,329.000000
358.557099,-697.041394,326.476000
372.610115,-679.116710,325.500000
351.809098,-664.846828,324.520000
347.292426,-684.725911,327.544000
355.857285,-675.002734,328.000000
408.127857,-663.723617,329.160000
408.740259,-660.280905,328.180000
388.642208,-658.643408,327.204000
383.560437,-688.029796,326.228000
386.970854,-673.281174,330.000000
436.649219,-642.455173,344.240000
420.660334,-619.940526,339.604000
417.609388,-619.432012,334.968000
399.758833,-651.746327,330.313000
403.019724,-639.977629,345.000000
402.164824,-604.471143,329.419000
373.380012,-637.118700,366.463000
367.439585,-648.436016,354.458000
369.090858,-646.897486,342.502000
397.746735,-611.948656,372.000000
562.046951,-592.239031,329.248000
574.570814,-566.503992,323.368000
538.232320,-588.724549,341.512000
539.672143,-608.922462,335.632000
538.731906,-604.189541,346.000000
562.900000,-546.152000,333.328000
542.140000,-533.300000,327.472000
522.900000,-546.971000,345.592000
554.180000,-554.300000,339.736000
543.100000,-535.106000,346.000000
499.716048,-657.563513,343.647000
512.797502,-632.805686,336.542000
488.232513,-631.953346,329.466000
486.766933,-656.233996,351.390000
502.277675,-631.975466,354.000000
476.212578,-615.429467,321.000000
494.211703,-589.065147,321.000000
466.533783,-576.037697,321.000000
461.779299,-604.402986,321.000000
471.676216,-579.720391,321.000000
470.500000,-570.186000,321.000000
469.160000,-563.200000,321.000000
460.500000,-565.055000,321.000000
464.470000,-570.200000,321.000000
470.440000,-566.504000,321.000000
454.295623,-574.193860,321.000000
455.117355,-572.079367,321.000000
444.981056,-570.549954,321.000000
441.512449,-585.927090,321.000000
449.395301,-581.399051,321.000000
433.208366,-578.714662,322.300000
426.814609,-568.192924,321.324000
425.462381,-567.948613,324.344000
416.581925,-596.394469,323.368000
424.684702,-590.723373,325.000000
479.100000,-550.340000,321.000000
447.684000,-546.500000,321.000000
437.100000,-555.300000,321.000000
437.562000,-556.500000,321.000000
457.344000,-555.070000,321.000000
410.007552,-568.916387,321.000000
411.456318,-547.570484,321.000000
397.273892,-574.324484,321.000000
402.013254,-586.762689,321.000000
396.860460,-584.216965,321.000000
395.997273,-559.921334,321.000000
396.958033,-541.957000,321.000000
386.702589,-556.196818,321.000000
390.530172,-568.294903,321.000000
392.470675,-543.702579,321.000000
1329.797411,-502.543369,304.448000
1358.395851,-477.999217,346.728000
1331.161389,-477.776868,333.064000
1316.281752,-501.031308,319.344000
1351.574380,-489.751885,360.000000
1269.500000,-521.540000,313.984000
1254.290000,-494.600000,335.152000
1204.500000,-505.550000,328.292000
1236.805000,-524.600000,321.460000
1256.435000,-505.760000,337.000000
1269.000000,-417.214000,314.329000
1266.165000,-416.200000,309.184000
1242.000000,-425.443000,325.060000
1251.936000,-455.200000,319.936000
1258.983000,-435.700000,328.000000
1188.300000,-501.360000,317.266000
1137.496000,-496.400000,313.850000
1136.300000,-499.856000,310.434000
1148.780000,-528.400000,321.004000
1160.116000,-516.528000,324.000000
1131.300000,-497.920000,315.070000
1110.100000,-486.600000,314.338000
1106.300000,-525.800000,313.603000
1109.075000,-526.600000,315.871000
1113.500000,-516.880000,316.000000
1190.100000,-457.116000,318.888000
1135.456000,-449.700000,316.928000
1114.100000,-465.018000,314.976000
1188.808000,-467.700000,313.016000
1122.992000,-465.648000,320.000000
1203.900000,-426.876000,309.054000
1148.346000,-407.400000,334.758000
1109.900000,-433.392000,326.428000
1190.176000,-443.400000,318.132000
1198.824000,-407.904000,342.000000
963.800000,-511.587000,324.606000
948.092000,-496.200000,326.871000
929.800000,-509.862000,326.139000
954.450000,-519.200000,325.407000
956.184000,-499.489000,327.000000
1005.000000,-457.540000,331.672000
981.620000,-433.600000,325.328000
935.000000,-447.550000,344.984000
976.790000,-463.600000,338.614000
977.350000,-441.760000,348.000000
912.300000,-522.680000,379.300000
902.050000,-494.900000,354.900000
862.300000,-505.010000,330.400000
885.700000,-524.900000,406.000000
884.050000,-506.900000,425.000000
911.700000,-446.500000,339.825000
909.698000,-444.300000,333.725000
885.700000,-452.620000,327.625000
894.540000,-484.300000,346.500000
892.564000,-465.460000,347.000000
914.100000,-407.690000,412.936000
866.700000,-402.200000,387.560000
864.100000,-404.600000,362.080000
874.650000,-432.200000,336.704000
868.750000,-421.910000,425.000000
864.200000,-479.028000,335.345000
813.360000,-473.100000,394.990000
802.200000,-491.169000,375.714000
807.346000,-492.100000,356.438000
859.426000,-488.034000,410.000000
863.600000,-441.579000,348.775000
820.758000,-433.200000,408.499000
801.600000,-448.818000,389.144000
860.748000,-452.200000,369.868000
848.224000,-450.566000,410.000000
772.000000,-469.418000,367.452000
772.000000,-421.106000,337.263000
707.932000,-400.000000,346.137000
658.000000,-484.668000,411.909000
658.000000,-508.824000,375.369000
752.050000,-522.000000,390.681000
724.348000,-405.246000,420.000000
666.550000,-405.124000,420.000000
634.400000,-484.552000,362.356000
608.794000,-398.000000,346.252000
575.400000,-468.060000,330.148000
616.523000,-522.000000,379.978000
599.649000,-419.328000,391.000000
574.200000,-500.898000,349.954000
556.815000,-399.300000,339.706000
517.200000,-453.051000,329.416000
549.576000,-522.300000,319.168000
530.937000,-436.200000,361.000000
480.900000,-506.945000,344.424000
475.590000,-469.700000,337.564000
450.900000,-481.712000,330.732000
464.100000,-508.700000,323.872000
453.000000,-486.431000,347.000000
405.300000,-479.186000,317.624000
404.052000,-475.700000,323.672000
379.300000,-483.260000,321.712000
387.386000,-517.700000,319.760000
402.674000,-499.094000,325.000000
499.500000,-411.432000,316.502000
457.180000,-398.500000,316.992000
453.500000,-401.611000,315.480000
461.918000,-459.500000,315.968000
487.034000,-440.346000,315.000000
1271.200000,-315.693000,342.615000
1243.515000,-290.800000,321.875000
1236.200000,-358.179000,386.135000
1238.090000,-363.800000,365.310000
1255.730000,-350.222000,392.000000
1217.300000,-326.687000,364.330000
1184.200000,-315.900000,343.102000
1167.300000,-334.162000,321.787000
1213.550000,-338.900000,387.559000
1186.700000,-337.589000,400.000000
1167.900000,-338.790000,379.207000
1146.540000,-276.000000,357.892000
1127.900000,-345.825000,336.664000
1159.780000,-381.000000,315.349000
1136.580000,-283.560000,400.000000
1100.100000,-332.670000,460.098000
1059.600000,-300.000000,421.546000
1098.100000,-300.000000,360.242000
1000.100000,-324.165000,382.836000
1066.900000,-345.000000,344.284000
1008.600000,-345.000000,429.446000
1004.700000,-309.000000,471.000000
997.200000,-379.625000,330.118000
980.580000,-349.700000,412.413000
937.200000,-363.980000,385.817000
969.600000,-384.700000,359.221000
989.760000,-361.215000,428.000000
998.100000,-293.405000,348.648000
989.220000,-259.000000,322.052000
938.100000,-268.800000,404.456000
962.760000,-294.000000,377.751000
980.400000,-274.995000,428.000000
879.400000,-361.476000,356.453000
878.940000,-358.900000,339.129000
856.400000,-362.373000,392.734000
862.909000,-381.900000,375.410000
868.705000,-372.378000,396.000000
830.200000,-357.812000,372.208000
801.688000,-350.100000,354.568000
798.200000,-350.836000,337.000000
803.128000,-382.100000,391.360000
809.848000,-372.948000,400.000000
889.700000,-316.357000,387.288000
841.694000,-296.800000,367.280000
826.700000,-344.182000,347.190000
828.338000,-349.800000,327.182000
838.859000,-341.479000,405.000000
918.300000,-277.636000,333.505000
857.436000,-261.700000,330.810000
822.300000,-286.180000,328.126000
908.412000,-293.700000,325.442000
824.508000,-292.804000,334.000000
775.600000,-337.510000,342.625000
753.885000,-315.600000,425.029000
732.600000,-337.895000,398.433000
765.624000,-350.600000,371.728000
769.236000,-319.100000,438.000000
769.600000,-299.440000,352.344000
753.766000,-263.200000,330.628000
727.600000,-287.584000,397.823000
754.480000,-311.200000,376.107000
756.244000,-274.192000,415.000000
706.400000,-309.529000,330.472000
694.248000,-253.900000,326.552000
657.400000,-277.840000,338.648000
682.439000,-316.900000,334.728000
682.439000,-276.391000,339.000000
646.650000,-248.684000,355.035000
630.486000,-247.100000,341.615000
511.950000,-280.232000,328.140000
563.540100,-379.100000,369.720000
557.748000,-311.252000,375.000000
513.297000,-362.072000,375.000000
502.100000,-266.553000,346.168000
376.243000,-247.800000,334.898000
375.100000,-264.159000,323.674000
407.358000,-380.800000,312.450000
396.690000,-329.462000,355.000000
375.862000,-250.460000,355.000000
1095.100000,-179.934000,358.120000
970.972000,-156.800000,348.360000
951.100000,-242.284000,338.600000
969.244000,-242.800000,328.800000
1094.956000,-220.698000,359.000000
951.532000,-171.248000,359.000000
921.400000,-189.950000,362.399000
921.400000,-193.700000,356.375000
866.350000,-160.100000,552.155000
915.100000,-160.100000,411.344000
846.400000,-224.975000,490.660000
846.400000,-206.375000,466.313000
921.175000,-235.100000,429.416000
857.650000,-235.100000,521.282000
994.700000,-79.773200,321.880000
966.265000,-70.200000,319.675000
947.700000,-83.613400,326.479000
988.496000,-88.400000,324.274000
978.626000,-88.400000,328.000000
998.726191,-56.453963,333.230000
981.379761,-41.423537,326.642000
957.761813,-47.149895,320.027000
986.836735,-60.016451,340.439000
979.451847,-43.276991,347.000000
851.118499,-118.624822,336.881000
848.673731,-99.781445,331.736000
824.424669,-94.419817,326.612000
837.351766,-114.358946,342.488000
836.109673,-97.186164,344.000000
883.716462,-94.222735,325.986000
884.176172,-68.162432,324.522000
839.269003,-50.241663,323.058000
855.829063,-79.339063,321.588000
846.367314,-55.688325,327.000000
924.476340,-8.592719,320.032000
921.058410,-6.244066,332.128000
881.333335,1.361907,328.208000
889.056562,-23.599703,324.304000
919.229298,-20.313321,336.000000
880.011597,17.312783,317.249000
863.258157,30.558692,327.064000
861.225316,27.188576,323.892000
853.363394,-9.424809,320.707000
869.693880,0.342394,328.000000
783.200000,-205.406000,352.411000
749.840000,-191.400000,333.623000
743.200000,-236.755000,391.758000
747.080000,-238.400000,372.970000
768.560000,-227.637000,403.000000
712.800000,-208.800000,323.084000
681.075000,-187.500000,321.614000
667.800000,-229.350000,320.150000
711.360000,-237.500000,324.686000
688.680000,-232.500000,326.000000
638.700000,-206.900000,335.836000
596.002000,-195.800000,328.760000
564.700000,-209.960000,321.684000
626.860000,-215.800000,343.579000
586.382000,-196.380000,345.000000
423.000000,-216.820000,381.095000
408.216000,-189.500000,359.379000
390.000000,-212.700000,337.574000
413.463000,-229.500000,315.858000
394.059000,-195.780000,394.000000
776.400000,-114.620000,319.234000
758.800000,-65.900000,326.029000
721.400000,-92.960000,323.833000
753.465000,-125.900000,321.628000
773.760000,-83.060000,328.000000
769.250000,-36.300000,321.408000
748.717500,1.300000,357.696000
661.750000,-11.620000,345.936000
710.555000,-38.700000,334.224000
745.707500,-15.260000,360.000000
507.800000,2.888000,311.441000
504.020000,6.200000,305.806000
447.800000,-3.112000,323.194000
467.360000,-41.800000,317.582000
484.460000,-19.864000,326.000000
245.809092,-576.840150,322.537000
234.880050,-560.030808,322.293000
232.934799,-560.015958,322.049000
221.976058,-576.825301,322.804000
230.469825,-575.548266,323.000000
296.500000,-333.824000,312.708000
289.255000,-326.000000,312.464000
287.500000,-348.488000,312.219000
288.112000,-350.000000,312.975000
289.930000,-345.200000,313.000000
283.000000,-314.595000,312.879000
266.752000,-310.500000,312.634000
259.000000,-317.772000,312.390000
281.560000,-319.500000,312.145000
261.376000,-318.861000,313.000000
161.894673,-564.881876,322.392000
172.970260,-535.252226,328.440000
140.731938,-531.894104,326.480000
143.686320,-565.886828,324.528000
179.366645,-552.827969,330.000000
135.626703,-306.122035,313.440000
137.818734,-283.141064,314.950000
113.724070,-278.527192,314.462000
122.690184,-303.367854,313.974000
138.935962,-290.834386,315.000000
99.175307,-633.795255,356.930000
137.002692,-586.091003,335.702000
103.434919,-595.594519,401.474000
83.460566,-634.372255,380.159000
118.946013,-600.006865,410.000000
-17.385694,-424.328181,325.610000
79.403150,-560.201576,323.170000
82.748403,-497.733717,320.720000
0.891754,-406.100986,328.280000
53.402466,-486.233304,330.000000
175.742896,-415.809134,336.104000
181.326279,-409.036938,330.714000
140.431760,-382.749613,325.346000
93.151080,-440.664694,341.956000
120.597421,-414.628093,342.000000
93.660695,-366.344372,344.668000
128.759845,-363.120148,336.372000
128.974299,-358.646324,328.042000
69.826547,-296.520349,319.746000
89.249441,-315.037818,348.000000
52.599490,-290.655344,314.409000
34.506042,-238.422780,339.324000
-19.245388,-271.990554,331.272000
-21.858854,-278.224407,323.220000
25.508815,-309.147601,345.000000
364.000000,-178.351000,307.131000
290.128000,-131.500000,319.983000
250.000000,-207.160000,315.835000
353.854000,-228.500000,311.670000
333.676000,-224.329000,320.000000
354.424000,-217.830000,320.000000
291.817722,-62.948447,308.796000
304.671555,-30.346671,305.380000
269.919056,-40.776764,315.950000
272.514549,-70.786325,312.534000
303.088268,-35.184465,317.000000
209.000000,-70.300000,310.585000
194.142000,0.000000,310.340000
171.000000,-49.685000,310.096000
195.852000,-95.000000,310.851000
185.934000,-20.330000,311.000000
170.000000,-186.835000,323.305000
125.290000,0.000000,320.621000
0.000000,-84.710000,317.926000
89.420000,-215.000000,315.242000
37.740000,-73.745000,326.000000
154.020000,-72.455000,326.000000
102.680000,-130.290000,326.000000
68.510000,-17.845000,326.000000
