1522.700000,-1093.221000,304.642000
1522.700000,-1096.809000,304.072000
1512.619000,-1072.200000,304.154000
1507.383000,-1072.200000,304.510000
1505.700000,-1100.436000,305.666000
1505.700000,-1089.126000,304.948000
1520.252000,-1111.200000,305.176000
1522.139000,-1111.200000,305.386000
1516.852000,-1072.707000,306.000000
1507.196000,-1091.700000,306.000000
1493.900000,-1073.068000,307.240000
1493.900000,-1062.902000,306.782000
1481.204000,-1052.600000,306.750000
1488.404000,-1052.600000,307.220000
1469.900000,-1075.074000,306.262000
1469.900000,-1078.508000,307.658000
1488.908000,-1086.600000,307.774000
1476.980000,-1086.600000,306.096000
1478.492000,-1055.184000,308.000000
1487.492000,-1058.448000,308.000000
1570.100000,-976.720000,307.426000
1570.100000,-982.900000,306.222000
1555.188000,-963.400000,305.718000
1552.244000,-963.400000,307.755000
1538.100000,-975.360000,304.003000
1538.100000,-965.200000,302.288000
1561.428000,-983.400000,302.295000
1558.036000,-983.400000,303.821000
1539.988000,-966.180000,308.000000
1550.196000,-980.280000,308.000000
1526.200000,-974.770000,305.340000
1526.200000,-972.310000,303.020000
1520.155000,-952.900000,320.440000
1512.910000,-952.900000,307.400000
1511.200000,-968.920000,315.560000
1511.200000,-965.470000,311.780000
1521.190000,-982.900000,310.660000
1525.465000,-982.900000,316.160000
1522.615000,-958.990000,321.000000
1511.545000,-968.380000,321.000000
1508.400000,-978.476000,305.635000
1508.400000,-965.232000,305.095000
1494.162000,-956.300000,303.430000
1499.412000,-956.300000,307.066000
1466.400000,-969.488000,301.234000
1466.400000,-977.216000,309.037000
1491.684000,-984.300000,308.038000
1478.118000,-984.300000,302.008000
1485.846000,-963.748000,310.000000
1494.498000,-961.564000,310.000000
1516.587357,-746.615816,321.951000
1522.049595,-750.807138,321.870000
1478.760378,-724.200072,315.363000
1475.683698,-728.209680,300.783000
1486.853892,-747.749501,308.748000
1473.420833,-737.441953,306.696000
1517.081602,-758.035542,302.160000
1517.879689,-756.995455,312.609000
1485.635294,-742.886806,327.000000
1508.814604,-757.080571,327.000000
1427.300000,-621.383000,310.016000
1427.300000,-606.791000,310.970000
1422.212000,-569.000000,323.606000
1406.420000,-569.000000,314.912000
1403.300000,-588.608000,319.214000
1403.300000,-591.971000,318.854000
1414.700000,-626.000000,314.804000
1425.764000,-626.000000,322.796000
1424.084000,-591.401000,326.000000
1426.316000,-599.267000,326.000000
1390.800000,-635.762000,311.280000
1390.800000,-626.676000,312.160000
1381.860000,-622.000000,309.328000
1378.920000,-622.000000,313.912000
1330.800000,-625.934000,315.368000
1330.800000,-632.234000,315.664000
1355.520000,-636.000000,313.416000
1346.640000,-636.000000,309.416000
1364.880000,-628.384000,316.000000
1367.040000,-624.842000,316.000000
1366.100000,-576.716000,315.788000
1366.100000,-574.876000,317.625000
1364.638000,-574.600000,313.104000
1357.141000,-574.600000,309.034000
1349.100000,-584.582000,310.420000
1349.100000,-577.314000,311.443000
1355.033000,-620.600000,318.725000
1359.164000,-620.600000,313.852000
1353.673000,-598.520000,319.000000
1353.350000,-614.850000,319.000000
1347.700000,-585.069000,308.014000
1347.700000,-608.398000,308.458000
1347.150000,-580.600000,309.524000
1326.325000,-580.600000,308.896000
1322.700000,-586.914000,309.036000
1322.700000,-596.467000,309.334000
1329.825000,-621.600000,308.548000
1345.700000,-621.600000,309.772000
1346.975000,-604.503000,310.000000
1345.075000,-603.027000,310.000000
1448.900000,-1084.371000,307.525000
1448.900000,-1089.150000,308.920000
1413.417000,-1079.700000,306.305000
1442.129000,-1079.700000,310.015000
1411.900000,-1082.130000,310.080000
1411.900000,-1099.032000,306.110000
1420.114000,-1106.700000,308.860000
1421.076000,-1106.700000,307.205000
1436.764000,-1097.169000,311.000000
1431.880000,-1085.613000,311.000000
1344.200000,-1081.924000,308.000000
1344.200000,-1074.648000,308.000000
1326.300000,-1073.900000,308.000000
1333.980000,-1073.900000,308.000000
1324.200000,-1074.818000,308.000000
1324.200000,-1075.396000,308.000000
1327.360000,-1107.900000,308.000000
1335.740000,-1107.900000,308.000000
1331.680000,-1098.040000,308.000000
1327.900000,-1104.194000,308.000000
1442.100000,-1048.200000,317.432000
1442.100000,-1056.080000,307.704000
1413.812000,-1042.200000,313.528000
1413.574000,-1042.200000,311.208000
1408.100000,-1061.460000,309.608000
1408.100000,-1049.640000,314.712000
1411.330000,-1062.200000,305.704000
1438.870000,-1062.200000,318.216000
1410.684000,-1057.660000,319.000000
1436.320000,-1053.460000,319.000000
1434.000000,-1013.986000,307.000000
1434.000000,-1014.030000,315.980000
1365.559000,-1006.000000,322.120000
1419.137000,-1006.000000,320.360000
1345.000000,-1025.800000,317.240000
1345.000000,-1021.400000,304.740000
1347.848000,-1028.000000,312.340000
1365.737000,-1028.000000,309.100000
1414.153000,-1024.414000,323.000000
1387.364000,-1011.148000,323.000000
1344.900000,-1034.434000,314.483000
1344.900000,-1011.483000,306.051000
1301.190000,-1009.300000,310.318000
1314.210000,-1009.300000,309.774000
1282.900000,-1058.683000,306.170000
1282.900000,-1010.952000,313.497000
1342.916000,-1068.300000,319.005000
1317.682000,-1068.300000,317.220000
1312.598000,-1062.400000,323.000000
1290.402000,-1062.754000,323.000000
1446.100000,-958.960000,313.158000
1446.100000,-966.406000,307.012000
1430.692000,-942.300000,309.742000
1426.324000,-942.300000,310.078000
1422.100000,-968.582000,306.312000
1422.100000,-954.404000,313.144000
1443.820000,-976.300000,302.896000
1443.436000,-976.300000,302.210000
1426.444000,-975.076000,316.000000
1440.484000,-961.952000,316.000000
1399.000000,-973.049000,303.285000
1399.000000,-967.373000,305.139000
1372.990000,-954.800000,305.553000
1392.160000,-954.800000,305.796000
1354.000000,-978.230000,304.821000
1354.000000,-977.405000,303.453000
1391.845000,-987.800000,304.086000
1363.765000,-987.800000,304.110000
1393.690000,-955.691000,306.000000
1372.495000,-963.050000,306.000000
1337.700000,-971.661000,305.576000
1337.700000,-953.049000,304.272000
1329.460000,-951.300000,304.596000
1330.020000,-951.300000,305.148000
1321.700000,-972.618000,307.620000
1321.700000,-951.729000,306.024000
1334.148000,-984.300000,306.644000
1330.436000,-984.300000,306.900000
1331.044000,-954.270000,308.000000
1322.596000,-981.726000,308.000000
1430.300000,-927.640000,330.372000
1430.300000,-928.450000,319.343000
1409.103000,-915.400000,320.368000
1392.324000,-915.400000,328.281000
1383.300000,-925.894000,310.323000
1383.300000,-921.538000,337.260000
1416.905000,-933.400000,341.319000
1424.378000,-933.400000,305.239000
1396.695000,-918.172000,343.000000
1416.294000,-926.092000,343.000000
1308.000000,-889.996000,355.568000
1308.000000,-865.012000,345.296000
1301.016000,-836.500000,343.808000
1305.552000,-836.500000,355.808000
1290.000000,-873.940000,332.096000
1290.000000,-884.668000,318.320000
1301.718000,-908.500000,320.336000
1293.636000,-908.500000,328.832000
1307.766000,-852.124000,356.000000
1296.246000,-855.580000,356.000000
1302.100000,-774.182000,315.381000
1302.100000,-754.968000,310.828000
1297.225000,-753.200000,308.305000
1295.140000,-753.200000,317.179000
1287.100000,-765.056000,330.200000
1287.100000,-779.122000,323.530000
1295.920000,-779.200000,323.124000
1295.050000,-779.200000,329.881000
1297.435000,-760.506000,336.000000
1301.980000,-777.562000,336.000000
1356.800000,-792.850000,324.023000
1356.800000,-790.900000,321.123000
1338.008000,-779.800000,316.947000
1299.704000,-779.800000,327.474000
1284.800000,-785.695000,309.871000
1284.800000,-784.675000,333.825000
1322.528000,-794.800000,331.766000
1346.576000,-794.800000,311.176000
1312.880000,-784.960000,336.000000
1330.664000,-788.935000,336.000000
1451.000000,-775.610000,331.896000
1451.000000,-767.780000,330.312000
1430.210000,-761.600000,323.076000
1438.295000,-761.600000,302.196000
1346.000000,-766.535000,314.292000
1346.000000,-771.410000,310.080000
1394.405000,-776.600000,305.508000
1365.530000,-776.600000,317.964000
1355.660000,-767.720000,336.000000
1375.610000,-765.815000,336.000000
1446.700000,-760.089000,306.624000
1446.700000,-726.308000,307.056000
1444.824000,-723.200000,333.840000
1440.414000,-723.200000,314.940000
1432.700000,-733.042000,325.020000
1432.700000,-759.534000,322.824000
1438.272000,-760.200000,316.236000
1439.896000,-760.200000,330.708000
1443.802000,-740.627000,336.000000
1445.692000,-758.461000,336.000000
1445.200000,-706.815000,323.136000
1445.200000,-717.240000,326.448000
1439.236000,-705.900000,311.424000
1379.932000,-705.900000,336.960000
1361.200000,-708.945000,347.712000
1361.200000,-710.550000,347.472000
1389.256000,-720.900000,335.952000
1432.012000,-720.900000,309.984000
1402.780000,-713.910000,348.000000
1409.332000,-715.275000,348.000000
1359.800000,-706.088000,344.802000
1359.800000,-717.336000,350.052000
1359.672000,-701.500000,334.512000
1358.120000,-701.500000,317.250000
1343.800000,-706.643000,324.264000
1343.800000,-725.106000,326.448000
1348.136000,-738.500000,314.016000
1346.536000,-738.500000,335.646000
1346.952000,-723.626000,354.000000
1347.288000,-712.452000,354.000000
1342.600000,-701.718000,315.318000
1342.600000,-700.486000,322.962000
1307.672000,-699.100000,347.070000
1326.579000,-699.100000,332.160000
1305.600000,-700.164000,336.780000
1305.600000,-712.624000,341.358000
1313.259000,-713.100000,326.532000
1324.063000,-713.100000,350.556000
1338.826000,-708.354000,354.000000
1337.531000,-712.652000,354.000000
1302.800000,-711.232000,327.876000
1302.800000,-727.872000,337.872000
1287.823000,-703.200000,317.586000
1289.846000,-703.200000,347.070000
1285.800000,-703.584000,349.338000
1285.800000,-712.608000,314.268000
1288.248000,-735.200000,339.048000
1299.859000,-735.200000,323.424000
1296.000000,-726.400000,354.000000
1294.453000,-723.680000,354.000000
1268.400000,-1060.170000,318.492000
1268.400000,-1067.265000,323.490000
1247.975000,-1042.900000,314.344000
1266.150000,-1042.900000,310.213000
1243.400000,-1095.095000,310.179000
1243.400000,-1077.110000,313.936000
1245.400000,-1097.900000,323.031000
1247.275000,-1097.900000,317.659000
1250.950000,-1086.240000,324.000000
1247.250000,-1060.060000,324.000000
1228.600000,-1085.218000,311.870000
1228.600000,-1077.065000,308.625000
1221.060000,-1073.500000,310.650000
1224.420000,-1073.500000,309.720000
1218.600000,-1100.966000,309.430000
1218.600000,-1102.981000,310.815000
1218.770000,-1104.500000,308.205000
1223.430000,-1104.500000,311.910000
1218.630000,-1099.881000,312.000000
1226.590000,-1104.004000,312.000000
1220.900000,-1098.910000,309.819000
1220.900000,-1102.370000,311.040000
1199.479000,-1094.500000,309.084000
1197.774000,-1094.500000,311.697000
1189.900000,-1102.720000,311.352000
1189.900000,-1097.290000,309.354000
1219.474000,-1104.500000,310.620000
1215.072000,-1104.500000,310.011000
1211.755000,-1103.650000,312.000000
1203.664000,-1101.060000,312.000000
1216.600000,-1064.260000,307.571000
1216.600000,-1063.585000,307.035000
1211.584000,-1056.700000,307.327000
1216.008000,-1056.700000,307.254000
1208.600000,-1068.085000,307.082000
1208.600000,-1065.805000,307.473000
1215.720000,-1071.700000,307.838000
1209.720000,-1071.700000,307.692000
1211.848000,-1071.370000,308.000000
1209.312000,-1061.620000,308.000000
1195.000000,-1071.448000,311.610000
1195.000000,-1055.680000,310.170000
1189.360000,-1051.000000,310.875000
1190.980000,-1051.000000,310.827000
1185.000000,-1076.020000,310.143000
1185.000000,-1084.660000,311.481000
1193.270000,-1087.000000,309.408000
1189.680000,-1087.000000,309.138000
1186.080000,-1052.512000,312.000000
1192.350000,-1086.964000,312.000000
1187.000000,-1094.106000,311.848000
1187.000000,-1098.552000,318.184000
1179.500000,-1077.700000,320.153000
1176.035000,-1077.700000,320.593000
1172.000000,-1094.132000,317.469000
1172.000000,-1084.538000,312.002000
1183.445000,-1103.700000,314.785000
1183.940000,-1103.700000,314.411000
1184.150000,-1080.430000,321.000000
1177.700000,-1095.146000,321.000000
1148.400000,-1094.975000,311.000000
1148.400000,-1089.450000,311.000000
1126.550000,-1077.600000,311.000000
1145.450000,-1077.600000,311.000000
1098.400000,-1091.800000,311.000000
1098.400000,-1092.375000,311.000000
1133.400000,-1102.600000,311.000000
1104.600000,-1102.600000,311.000000
1123.950000,-1081.800000,311.000000
1099.650000,-1086.175000,311.000000
1231.100000,-1014.676000,310.530000
1231.100000,-1001.212000,309.908000
1222.872000,-998.000000,310.040000
1222.586000,-998.000000,310.346000
1209.100000,-1009.110000,309.552000
1209.100000,-1018.240000,310.784000
1223.114000,-1020.000000,309.062000
1219.044000,-1020.000000,309.222000
1213.786000,-1003.104000,311.000000
1223.840000,-998.330000,311.000000
1206.100000,-1038.361000,309.315000
1206.100000,-1038.238000,313.045000
1201.760000,-1004.700000,313.095000
1196.090000,-1004.700000,309.140000
1192.100000,-1022.822000,311.870000
1192.100000,-1014.868000,310.235000
1200.122000,-1045.700000,310.650000
1203.034000,-1045.700000,311.330000
1204.910000,-1016.795000,314.000000
1196.510000,-1032.867000,314.000000
1143.300000,-1041.495000,317.054000
1143.300000,-1022.930000,314.296000
1133.914000,-999.900000,313.638000
1141.666000,-999.900000,317.348000
1105.300000,-1017.666000,324.222000
1105.300000,-1026.972000,320.414000
1124.680000,-1046.900000,320.792000
1109.442000,-1046.900000,323.480000
1128.708000,-1016.773000,326.000000
1141.818000,-1016.773000,326.000000
1268.000000,-934.680000,312.620000
1268.000000,-926.810000,311.626000
1262.693000,-925.200000,310.905000
1257.241000,-925.200000,313.159000
1239.000000,-928.350000,309.197000
1239.000000,-934.240000,314.692000
1251.934000,-935.200000,314.489000
1251.673000,-935.200000,309.225000
1248.222000,-929.420000,315.000000
1256.574000,-925.500000,315.000000
1238.900000,-947.696000,313.832000
1238.900000,-974.789000,313.492000
1237.340000,-947.300000,312.856000
1229.813000,-947.300000,310.368000
1225.900000,-955.583000,311.876000
1225.900000,-954.956000,311.244000
1230.879000,-980.300000,310.900000
1235.845000,-980.300000,312.120000
1226.147000,-963.305000,314.000000
1229.163000,-970.466000,314.000000
1224.200000,-951.500000,311.028000
1224.200000,-963.540000,310.912000
1223.516000,-949.400000,310.048000
1223.864000,-949.400000,311.788000
1212.200000,-954.664000,313.072000
1212.200000,-965.080000,312.664000
1216.040000,-977.400000,312.092000
1213.316000,-977.400000,313.540000
1220.852000,-964.772000,314.000000
1222.952000,-959.872000,314.000000
1179.800000,-966.956000,312.220000
1179.800000,-967.424000,312.332000
1156.961000,-965.300000,311.244000
1171.612000,-965.300000,313.208000
1156.800000,-966.800000,310.264000
1156.800000,-975.968000,310.084000
1162.688000,-977.300000,313.288000
1166.483000,-977.300000,310.960000
1166.529000,-972.644000,314.000000
1169.266000,-965.852000,314.000000
1190.200000,-940.860000,324.501000
1190.200000,-960.270000,325.929000
1128.820000,-934.800000,320.353000
1145.056000,-934.800000,312.652000
1124.200000,-936.630000,316.205000
1124.200000,-941.310000,316.375000
1136.938000,-964.800000,312.040000
1173.634000,-964.800000,320.098000
1132.384000,-955.080000,327.000000
1136.542000,-956.340000,327.000000
1268.300000,-859.330000,309.760000
1268.300000,-864.962000,310.460000
1256.176000,-853.500000,313.535000
1268.132000,-853.500000,311.555000
1254.300000,-875.456000,312.315000
1254.300000,-865.490000,312.650000
1256.106000,-875.500000,311.090000
1255.392000,-875.500000,313.745000
1265.864000,-869.758000,314.000000
1265.948000,-862.080000,314.000000
1257.000000,-837.009000,311.900000
1257.000000,-834.153000,312.294000
1247.364000,-830.100000,311.412000
1252.920000,-830.100000,312.732000
1245.000000,-849.714000,312.922000
1245.000000,-848.433000,311.170000
1245.792000,-851.100000,312.434000
1249.872000,-851.100000,311.608000
1251.336000,-846.963000,313.000000
1250.724000,-831.381000,313.000000
1157.500000,-854.360000,316.000000
1157.500000,-868.520000,316.000000
1147.893000,-842.600000,316.000000
1148.816000,-842.600000,316.000000
1144.500000,-868.730000,316.000000
1144.500000,-848.630000,316.000000
1144.539000,-872.600000,316.000000
1154.042000,-872.600000,316.000000
1147.477000,-868.580000,316.000000
1146.086000,-864.590000,316.000000
1145.100000,-864.525000,316.000000
1145.100000,-865.740000,316.000000
1121.440000,-857.700000,316.000000
1110.205000,-857.700000,316.000000
1110.100000,-869.820000,316.000000
1110.100000,-865.635000,316.000000
1142.965000,-872.700000,316.000000
1112.270000,-872.700000,316.000000
1142.685000,-871.635000,316.000000
1136.980000,-863.775000,316.000000
1259.300000,-794.771000,310.655000
1259.300000,-791.972000,310.289000
1247.040000,-790.100000,310.899000
1252.800000,-790.100000,310.070000
1239.300000,-796.796000,310.144000
1239.300000,-797.813000,310.851000
1256.820000,-799.100000,310.388000
1247.100000,-799.100000,310.632000
1251.940000,-799.037000,310.000000
1247.560000,-790.793000,310.000000
1213.100000,-784.602000,313.000000
1213.100000,-802.780000,313.000000
1205.963000,-749.100000,313.000000
1204.611000,-749.100000,313.000000
1200.100000,-790.641000,313.000000
1200.100000,-760.446000,313.000000
1210.656000,-810.100000,313.000000
1209.434000,-810.100000,313.000000
1204.442000,-752.516000,313.000000
1200.854000,-794.789000,313.000000
1200.200000,-787.906000,329.014000
1200.200000,-782.172000,320.157000
1193.882000,-748.500000,324.866000
1187.447000,-748.500000,323.880000
1187.200000,-786.137000,320.701000
1187.200000,-779.854000,327.603000
1196.937000,-809.500000,316.553000
1187.811000,-809.500000,314.326000
1187.668000,-755.820000,330.000000
1196.339000,-774.181000,330.000000
1142.500000,-799.434000,319.680000
1142.500000,-786.824000,323.432000
1126.886000,-781.000000,324.972000
1131.067000,-781.000000,324.965000
1105.500000,-795.404000,323.264000
1105.500000,-802.892000,319.498000
1130.845000,-807.000000,321.549000
1119.375000,-807.000000,321.031000
1132.769000,-785.758000,325.000000
1118.376000,-783.418000,325.000000
1270.600000,-749.849000,314.156000
1270.600000,-751.435000,312.524000
1252.650000,-739.800000,313.176000
1238.750000,-739.800000,313.396000
1220.600000,-746.183000,312.200000
1220.600000,-742.010000,314.272000
1251.700000,-752.800000,315.224000
1255.750000,-752.800000,315.148000
1242.550000,-742.998000,316.000000
1270.300000,-749.732000,316.000000
1238.100000,-725.684000,331.229000
1238.100000,-713.848000,325.245000
1225.076000,-688.900000,327.081000
1195.596000,-688.900000,328.968000
1194.100000,-707.688000,322.916000
1194.100000,-710.812000,332.691000
1218.696000,-732.900000,318.768000
1195.464000,-732.900000,319.414000
1200.260000,-702.540000,334.000000
1222.216000,-708.084000,334.000000
1172.300000,-725.368000,317.270000
1172.300000,-704.248000,318.680000
1166.268000,-696.600000,318.782000
1164.656000,-696.600000,317.118000
1146.300000,-708.248000,318.294000
1146.300000,-723.032000,317.556000
1159.170000,-728.600000,317.804000
1155.634000,-728.600000,317.994000
1168.192000,-708.536000,319.000000
1153.684000,-700.056000,319.000000
1138.700000,-699.945000,320.302000
1138.700000,-699.165000,319.585000
1133.968000,-685.500000,319.567000
1121.284000,-685.500000,320.242000
1110.700000,-690.000000,321.835000
1110.700000,-687.825000,320.899000
1122.796000,-700.500000,321.103000
1129.936000,-700.500000,321.556000
1125.932000,-692.055000,322.000000
1136.712000,-697.200000,322.000000
1202.900000,-642.072000,334.836000
1202.900000,-654.326000,330.650000
1194.290000,-641.500000,329.224000
1125.000000,-641.500000,335.687000
1120.900000,-646.714000,323.589000
1120.900000,-652.126000,340.724000
1151.076000,-663.500000,340.977000
1122.212000,-663.500000,322.761000
1140.990000,-652.500000,341.000000
1167.968000,-651.444000,341.000000
1148.800000,-603.760000,316.217000
1148.800000,-611.020000,322.328000
1147.120000,-599.800000,321.502000
1137.680000,-599.800000,316.861000
1108.800000,-607.456000,319.794000
1108.800000,-635.484000,318.394000
1121.000000,-643.800000,318.079000
1122.560000,-643.800000,319.927000
1146.680000,-624.572000,323.000000
1117.600000,-605.256000,323.000000
1251.400000,-594.844000,313.619000
1251.400000,-631.948000,312.849000
1155.458000,-587.500000,310.935000
1192.012000,-587.500000,315.258000
1153.400000,-592.780000,319.240000
1153.400000,-594.172000,317.667000
1177.116000,-635.500000,316.556000
1219.256000,-635.500000,320.076000
1217.002000,-617.596000,321.000000
1238.170000,-625.660000,321.000000
1253.000000,-568.536000,326.064000
1253.000000,-576.558000,325.648000
1175.225000,-564.000000,318.256000
1173.610000,-564.000000,332.656000
1168.000000,-564.987000,310.448000
1168.000000,-573.807000,307.664000
1183.130000,-585.000000,334.608000
1168.000000,-585.000000,314.672000
1197.750000,-578.490000,338.000000
1211.350000,-573.807000,338.000000
994.600000,-1071.720000,378.042000
994.600000,-1071.380000,380.923000
948.592000,-1062.200000,361.627000
980.398000,-1062.200000,328.596000
940.600000,-1095.622000,345.279000
940.600000,-1089.230000,343.269000
946.810000,-1096.200000,328.931000
958.312000,-1096.200000,357.942000
943.408000,-1087.836000,383.000000
948.970000,-1066.926000,383.000000
1076.100000,-1016.722000,316.032000
1076.100000,-1049.068000,317.832000
1049.308000,-998.200000,329.640000
1056.006000,-998.200000,321.774000
1042.100000,-1047.880000,325.230000
1042.100000,-1004.896000,325.716000
1043.834000,-1052.200000,320.838000
1064.404000,-1052.200000,329.658000
1067.702000,-1042.318000,330.000000
1069.334000,-1041.994000,330.000000
1024.800000,-1017.278000,322.707000
1024.800000,-1028.456000,324.102000
953.750000,-995.300000,320.502000
934.738000,-995.300000,326.073000
926.800000,-1041.524000,318.306000
926.800000,-1019.708000,319.044000
1023.624000,-1049.300000,325.101000
1023.232000,-1049.300000,321.015000
971.390000,-1042.820000,327.000000
970.508000,-1021.382000,327.000000
959.826000,-1016.630000,327.000000
995.200000,-951.440000,377.291000
995.200000,-943.712000,321.343000
953.494000,-931.700000,359.896000
979.639000,-931.700000,336.892000
932.200000,-965.006000,342.572000
932.200000,-964.460000,352.441000
990.475000,-973.700000,325.248000
951.919000,-973.700000,367.990000
942.091000,-971.348000,390.000000
937.933000,-938.210000,390.000000
1073.100000,-909.618000,316.666000
1073.100000,-929.168000,320.432000
1036.024000,-885.100000,327.250000
1037.450000,-885.100000,323.498000
1011.100000,-918.680000,323.820000
1011.100000,-890.068000,326.564000
1064.482000,-931.100000,320.404000
1050.842000,-931.100000,315.630000
1064.296000,-885.422000,329.000000
1056.732000,-923.096000,329.000000
1021.800000,-851.465000,322.508000
1021.800000,-852.905000,324.458000
1004.145000,-824.600000,321.038000
992.001000,-824.600000,325.772000
988.800000,-854.570000,325.574000
988.800000,-844.220000,321.086000
1015.134000,-869.600000,324.104000
1020.777000,-869.600000,322.400000
1007.280000,-827.795000,326.000000
1001.373000,-847.010000,326.000000
1078.200000,-787.040000,351.652000
1078.200000,-767.654000,322.606000
1064.070000,-751.400000,340.184000
1071.240000,-751.400000,332.899000
1048.200000,-783.962000,328.669000
1048.200000,-792.656000,343.145000
1070.220000,-805.400000,364.201000
1057.110000,-805.400000,353.438000
1056.060000,-758.636000,365.000000
1049.010000,-760.580000,365.000000
1028.200000,-792.852000,320.308000
1028.200000,-804.804000,329.944000
1010.248000,-758.100000,336.940000
1003.560000,-758.100000,334.762000
984.200000,-783.972000,331.572000
984.200000,-762.516000,339.580000
1013.724000,-806.100000,326.182000
1011.700000,-806.100000,322.398000
1026.572000,-767.556000,342.000000
1013.768000,-798.516000,342.000000
986.200000,-790.420000,330.573000
986.200000,-781.900000,340.947000
966.936000,-743.200000,325.428000
936.472000,-743.200000,324.546000
930.200000,-771.760000,341.304000
930.200000,-768.460000,329.145000
964.248000,-803.200000,336.180000
983.568000,-803.200000,333.744000
967.440000,-758.860000,345.000000
947.952000,-774.040000,345.000000
1023.800000,-732.100000,337.220000
1023.800000,-699.054000,328.240000
997.948000,-679.400000,332.340000
1003.928000,-679.400000,332.620000
931.800000,-705.006000,327.440000
931.800000,-725.838000,337.000000
981.848000,-741.400000,342.560000
957.744000,-741.400000,341.380000
965.472000,-699.488000,345.000000
1020.304000,-690.932000,345.000000
976.144000,-721.002000,345.000000
1083.800000,-659.440000,325.370000
1083.800000,-663.940000,322.619000
1073.990000,-604.600000,323.655000
1059.320000,-604.600000,324.152000
1038.800000,-625.540000,321.947000
1038.800000,-609.220000,325.685000
1060.445000,-664.600000,320.232000
1066.250000,-664.600000,320.218000
1041.860000,-627.880000,326.000000
1066.115000,-656.080000,326.000000
987.100000,-664.043000,324.416000
987.100000,-645.340000,325.744000
984.328000,-606.400000,325.928000
971.404000,-606.400000,324.180000
969.100000,-623.274000,325.438000
969.100000,-630.295000,324.618000
976.606000,-665.400000,324.950000
985.984000,-665.400000,325.056000
982.960000,-633.009000,326.000000
973.654000,-637.611000,326.000000
965.000000,-627.717000,334.602000
965.000000,-638.484000,329.842000
963.544000,-626.200000,330.454000
961.784000,-626.200000,333.565000
949.000000,-634.414000,326.306000
949.000000,-653.321000,337.288000
954.664000,-663.200000,339.141000
953.256000,-663.200000,341.011000
956.536000,-645.255000,343.000000
963.368000,-633.637000,343.000000
1066.900000,-547.616000,336.490000
1066.900000,-542.216000,332.458000
1063.228000,-542.000000,332.080000
994.956000,-542.000000,336.400000
930.900000,-550.586000,327.688000
930.900000,-545.294000,322.342000
970.476000,-596.000000,323.296000
1011.684000,-596.000000,326.284000
954.428000,-573.212000,340.000000
1004.748000,-589.142000,340.000000
988.292000,-571.322000,340.000000
813.700000,-1066.288000,320.133000
813.700000,-1087.116000,329.296000
780.924000,-1059.400000,328.449000
784.562000,-1059.400000,320.705000
779.700000,-1063.336000,325.754000
779.700000,-1075.390000,323.114000
787.418000,-1100.400000,323.070000
811.048000,-1100.400000,325.523000
809.450000,-1085.681000,330.000000
786.092000,-1081.745000,330.000000
892.700000,-1012.493000,330.416000
892.700000,-1024.544000,328.656000
826.927000,-988.700000,326.512000
879.195000,-988.700000,332.160000
819.700000,-991.996000,338.608000
819.700000,-1062.654000,335.664000
831.672000,-1091.700000,334.688000
838.023000,-1091.700000,339.168000
861.748000,-1061.315000,340.000000
880.509000,-1011.051000,340.000000
884.743000,-1038.037000,340.000000
809.800000,-1013.440000,333.100000
809.800000,-997.000000,332.385000
785.527000,-995.800000,329.915000
794.923000,-995.800000,335.232000
780.800000,-1053.940000,326.743000
780.800000,-998.560000,325.079000
783.700000,-1055.800000,336.571000
797.591000,-1055.800000,327.926000
788.862000,-1041.880000,337.000000
794.691000,-1049.140000,337.000000
773.400000,-1081.150000,337.968000
773.400000,-1089.475000,322.000000
733.152000,-1072.200000,334.064000
729.668000,-1072.200000,325.504000
721.400000,-1094.825000,330.144000
721.400000,-1081.550000,329.008000
723.324000,-1097.200000,326.240000
768.564000,-1097.200000,332.512000
772.308000,-1093.000000,338.000000
727.848000,-1086.200000,338.000000
772.800000,-1023.776000,357.076000
772.800000,-1020.528000,363.340000
772.800000,-1033.688000,345.196000
755.050000,-1000.200000,330.616000
768.575000,-1000.200000,386.992000
747.800000,-1047.352000,412.264000
747.800000,-1039.512000,410.644000
747.800000,-1042.760000,383.860000
772.125000,-1056.200000,385.804000
753.675000,-1056.200000,326.296000
764.825000,-1050.320000,433.000000
767.025000,-1013.192000,433.000000
840.300000,-946.605000,369.410000
840.300000,-922.755000,378.380000
804.068000,-920.900000,350.378000
812.412000,-920.900000,395.462000
784.300000,-962.187000,331.268000
784.300000,-922.490000,334.544000
835.260000,-973.900000,390.236000
815.828000,-973.900000,351.626000
805.748000,-971.674000,401.000000
807.484000,-968.812000,401.000000
844.200000,-860.368000,348.753000
844.200000,-870.862000,331.365000
807.992000,-824.200000,343.629000
792.988000,-824.200000,335.964000
782.200000,-871.390000,338.505000
782.200000,-847.894000,340.563000
834.714000,-890.200000,333.360000
837.442000,-890.200000,345.141000
787.408000,-825.652000,351.000000
785.920000,-862.216000,351.000000
769.300000,-854.639000,342.096000
769.300000,-843.271000,356.397000
759.940000,-824.700000,389.661000
766.528000,-824.700000,370.194000
751.300000,-856.648000,374.289000
751.300000,-858.363000,383.991000
765.394000,-873.700000,358.917000
755.242000,-873.700000,334.788000
765.448000,-828.865000,393.000000
763.990000,-836.852000,393.000000
746.242005,-859.180299,360.870000
757.975542,-834.357808,378.762000
752.323882,-829.204206,345.498000
751.962249,-829.033263,392.559000
733.412610,-848.881745,330.063000
744.187156,-826.088015,343.356000
736.080498,-870.194116,377.691000
733.592462,-869.018027,357.153000
748.712066,-834.748459,393.000000
732.232629,-864.481787,393.000000
869.700000,-758.936000,339.184000
869.700000,-758.606000,327.322000
850.050000,-742.700000,334.792000
829.200000,-742.700000,331.264000
819.700000,-754.250000,330.400000
819.700000,-750.246000,335.206000
852.500000,-764.700000,325.990000
863.500000,-764.700000,339.148000
829.150000,-747.364000,343.000000
869.450000,-755.702000,343.000000
907.900000,-784.220000,326.566000
907.900000,-759.740000,333.712000
896.350000,-736.100000,340.156000
903.070000,-736.100000,337.654000
872.900000,-763.760000,335.764000
872.900000,-776.360000,341.596000
893.655000,-796.100000,331.372000
880.040000,-796.100000,327.538000
904.085000,-752.600000,343.000000
895.300000,-751.880000,343.000000
824.956929,-805.516600,408.460000
839.664914,-777.142020,497.444000
824.791257,-805.836213,341.232000
830.212740,-769.268887,360.636000
822.222402,-765.127089,344.368000
808.718730,-758.127450,474.316000
793.601769,-768.223218,508.616000
782.538566,-789.566300,387.096000
792.018682,-771.277303,411.400000
803.694555,-800.577577,460.792000
803.774458,-800.618995,430.020000
789.032284,-792.977378,348.680000
818.339242,-778.387696,529.000000
795.142862,-793.216264,529.000000
909.000000,-661.124000,343.416000
909.000000,-654.854000,331.632000
896.211000,-630.500000,337.536000
858.915000,-630.500000,336.888000
846.000000,-641.555000,331.680000
846.000000,-641.291000,342.144000
875.358000,-663.500000,349.800000
900.180000,-663.500000,347.400000
864.522000,-643.766000,351.000000
904.653000,-650.531000,351.000000
840.600000,-664.616000,402.686000
840.600000,-651.230000,371.004000
833.320000,-641.800000,384.874000
834.204000,-641.800000,386.991000
788.600000,-648.033000,366.989000
788.600000,-656.888000,402.978000
809.556000,-664.800000,349.177000
798.376000,-664.800000,345.965000
840.392000,-652.518000,404.000000
818.552000,-648.217000,404.000000
897.700000,-594.580000,385.200000
897.700000,-595.552000,519.145000
897.700000,-602.572000,504.955000
891.468000,-592.600000,332.740000
860.718000,-592.600000,351.230000
864.818000,-592.600000,435.940000
881.956000,-592.600000,483.885000
874.740000,-592.600000,450.130000
815.700000,-600.088000,495.280000
815.700000,-628.024000,398.315000
815.700000,-595.480000,367.140000
843.498000,-628.600000,442.605000
858.094000,-628.600000,445.400000
877.938000,-628.600000,513.125000
894.338000,-628.600000,492.055000
844.318000,-628.600000,473.135000
906.700000,-546.117000,333.685000
906.700000,-573.422000,328.870000
905.114000,-541.000000,330.010000
811.662000,-541.000000,332.155000
784.700000,-547.192000,326.350000
784.700000,-554.416000,335.440000
818.372000,-584.000000,337.690000
887.790000,-584.000000,338.725000
833.378000,-566.456000,340.000000
890.352000,-567.746000,340.000000
806.782000,-542.290000,340.000000
557.376328,-1132.585956,351.310000
552.892160,-1139.234008,343.360000
533.198357,-1109.033164,343.990000
557.630095,-1125.512578,349.930000
530.223803,-1110.251022,336.640000
519.908371,-1125.544278,326.500000
519.445635,-1139.562027,329.320000
518.284982,-1138.779157,333.070000
522.514749,-1127.939185,355.000000
541.149589,-1126.099064,355.000000
535.936358,-1161.054441,353.984000
538.253654,-1157.618909,479.753000
492.028148,-1123.163324,474.029000
516.277497,-1139.519716,355.574000
485.992754,-1119.092400,375.449000
515.199748,-1138.792766,370.043000
485.603146,-1119.437540,435.233000
470.728615,-1141.489939,390.395000
478.256807,-1147.648540,396.278000
497.225187,-1160.442874,425.216000
489.357620,-1155.136133,432.530000
482.244478,-1150.338258,376.244000
517.845037,-1164.860615,485.000000
479.220258,-1147.150076,485.000000
503.620060,-1095.728708,354.914000
493.610420,-1103.834355,345.642000
501.021175,-1078.771188,339.969000
501.689513,-1079.596517,359.001000
478.257037,-1093.105607,386.085000
492.575174,-1081.511008,372.360000
478.230261,-1095.119194,371.201000
486.646792,-1105.512744,385.719000
487.687206,-1097.142689,387.000000
494.218094,-1098.756259,387.000000
591.488927,-1067.546353,409.148000
588.217919,-1070.195163,398.793000
579.874480,-1076.951547,342.658000
582.375289,-1020.234003,382.552000
605.881664,-1049.261959,422.664000
606.938922,-1050.567564,416.778000
531.643321,-1043.949834,355.847000
544.253291,-1033.738481,337.535000
538.754206,-1038.191552,381.789000
527.251400,-1049.091629,329.251000
532.009062,-1054.966852,361.406000
541.242451,-1066.369138,346.800000
541.001184,-1051.143985,434.000000
574.939299,-1041.099607,434.000000
621.385352,-1032.199059,328.272000
624.899606,-1029.353272,327.024000
605.542722,-1002.935689,352.432000
613.706266,-1013.016826,334.032000
587.553197,-999.118099,344.624000
586.182311,-1000.228220,341.040000
614.036307,-1035.670613,336.784000
600.045885,-1018.393881,348.048000
613.477452,-1032.978324,358.000000
588.617549,-1003.880629,358.000000
640.218758,-998.294589,330.059000
630.216889,-1006.393942,330.246000
644.544465,-967.955043,327.375000
642.135426,-964.980129,332.655000
610.183720,-980.153418,335.680000
627.074987,-966.475139,335.064000
620.538175,-1009.815452,332.996000
618.835234,-1007.712495,326.473000
615.522114,-1001.690479,337.000000
629.357061,-995.964895,337.000000
658.885313,-957.733238,353.013000
661.850902,-955.331751,355.899000
669.237281,-938.367887,343.497000
673.891105,-944.114881,364.440000
645.556669,-949.225168,333.981000
648.130576,-947.140859,333.981000
645.045388,-965.697954,363.426000
638.531922,-957.654493,342.522000
667.087883,-937.772966,366.000000
659.691562,-945.171390,366.000000
432.905693,-1098.370440,328.966000
449.160478,-1085.207574,328.096000
437.735045,-1062.555791,328.721000
440.880388,-1066.439966,328.315000
401.709953,-1060.581033,328.477000
391.917913,-1068.510470,328.534000
413.575007,-1099.459289,328.233000
404.354834,-1088.073324,328.753000
419.607743,-1046.844303,329.000000
390.822933,-1071.162602,329.000000
449.380986,-1050.809027,345.160000
446.620564,-1053.044373,357.315000
459.283351,-1028.002810,329.300000
454.521912,-1022.122924,371.550000
435.878553,-1028.287333,378.375000
443.562973,-1022.064613,385.785000
436.819942,-1051.111314,362.515000
438.341639,-1052.990453,335.020000
457.765918,-1034.417243,393.000000
444.527878,-1043.798967,393.000000
516.142029,-1029.972938,362.032000
522.911747,-1024.490928,377.584000
528.797161,-1008.508331,346.352000
533.400010,-1014.192377,327.600000
507.521900,-1007.357911,330.736000
505.498212,-1008.996661,341.552000
505.009598,-1028.392625,379.056000
497.540824,-1019.169457,355.568000
520.346665,-1009.254741,390.000000
516.210692,-1009.762821,390.000000
496.741950,-1007.697462,370.189000
515.020423,-992.895846,335.840000
514.377813,-984.093649,358.233000
513.306709,-982.770947,346.571000
492.304421,-981.695432,346.228000
479.384370,-992.157884,357.302000
485.628946,-1004.207307,334.272000
483.834125,-1001.990886,368.033000
498.268339,-980.328616,377.000000
518.062560,-989.366936,377.000000
541.508764,-1010.361485,333.406000
542.752197,-1009.354572,345.510000
550.042183,-985.941034,359.110000
534.239948,-966.426899,352.956000
517.162073,-960.592030,350.814000
519.765512,-958.483807,360.402000
522.695425,-991.895993,342.484000
531.802950,-1003.142849,333.848000
545.562701,-994.432398,362.000000
532.009880,-990.884888,362.000000
573.997631,-981.517606,330.290000
595.567317,-964.050819,332.350000
614.657386,-940.323269,329.065000
617.738538,-944.128176,328.445000
582.134616,-931.178581,332.845000
569.903893,-941.082825,329.540000
559.569997,-969.225970,331.625000
552.273657,-960.215739,330.635000
588.662628,-948.642210,333.000000
585.862814,-939.272001,333.000000
595.967740,-916.941800,372.092000
588.714636,-922.815247,341.825000
594.914869,-915.060034,358.184000
592.261655,-911.783586,354.308000
573.370411,-913.365843,344.219000
542.603980,-938.280008,366.791000
542.298822,-947.014586,330.311000
542.844443,-947.688372,379.274000
565.173950,-924.859437,386.000000
593.844267,-916.451988,386.000000
666.005038,-901.072965,328.972000
634.069002,-926.934257,338.440000
667.186846,-896.525896,342.580000
649.062419,-874.144093,342.364000
632.523817,-870.281342,338.188000
630.803216,-871.674658,328.306000
607.861161,-909.071626,333.778000
620.378344,-924.529059,332.248000
643.932615,-914.488239,346.000000
626.681197,-906.570381,346.000000
707.973735,-844.552025,374.949000
693.596535,-856.194452,452.222000
704.126863,-847.667161,373.619000
691.159595,-813.221336,342.364000
712.480969,-839.551041,348.349000
686.064093,-817.257518,442.912000
669.238883,-830.882305,377.476000
686.258380,-817.100188,421.233000
658.007086,-851.732184,410.460000
654.350734,-847.216966,406.603000
681.295546,-849.266878,461.000000
680.845608,-830.040316,461.000000
735.882706,-806.524369,373.919000
736.310136,-806.178242,348.941000
723.822957,-783.805916,357.083000
733.627139,-795.913073,364.052000
721.416780,-783.496136,340.178000
705.407573,-796.460136,379.163000
706.654197,-802.329657,392.342000
710.477318,-807.050818,394.274000
715.240582,-799.823580,398.000000
736.051667,-800.655033,398.000000
763.900000,-680.440000,380.550000
763.900000,-691.593000,365.556000
745.588000,-675.500000,368.545000
749.494000,-675.500000,376.287000
742.900000,-675.557000,356.589000
742.900000,-679.661000,338.018000
745.735000,-694.500000,344.584000
758.692000,-694.500000,348.749000
743.488000,-689.446000,383.000000
752.980000,-689.104000,383.000000
742.673251,-707.869380,339.920000
739.779159,-710.212969,369.960000
724.560506,-675.750213,330.160000
747.046124,-703.517638,338.720000
705.243351,-680.275334,360.360000
711.046300,-675.576199,347.480000
706.368083,-683.475741,350.600000
706.622958,-683.790485,356.240000
728.028031,-704.094716,370.000000
716.948751,-678.034511,370.000000
766.000000,-608.386000,354.656000
766.000000,-593.020000,347.708000
711.615000,-578.200000,345.872000
741.034000,-578.200000,355.592000
693.000000,-646.528000,337.088000
693.000000,-646.450000,363.476000
693.584000,-656.200000,364.268000
722.784000,-656.200000,335.360000
724.463000,-645.358000,371.000000
749.283000,-582.802000,371.000000
757.240000,-608.542000,371.000000
765.700000,-555.600000,350.900000
765.700000,-572.080000,348.160000
724.840000,-537.600000,346.000000
725.440000,-537.600000,352.540000
705.700000,-570.120000,341.120000
705.700000,-545.720000,336.920000
762.340000,-577.600000,336.240000
749.860000,-577.600000,341.300000
713.680000,-574.560000,354.000000
730.660000,-566.840000,354.000000
708.600000,-557.988000,356.745000
708.600000,-558.828000,339.545000
708.600000,-538.080000,526.595000
682.644000,-536.400000,519.285000
666.642000,-536.400000,386.630000
681.762000,-536.400000,457.580000
666.600000,-567.858000,466.610000
666.600000,-558.702000,433.715000
666.600000,-549.756000,388.780000
703.602000,-578.400000,414.150000
669.288000,-578.400000,480.800000
708.432000,-578.400000,534.765000
425.523142,-1019.993806,346.640000
434.172777,-1012.989470,345.720000
421.861171,-987.965786,336.880000
428.891938,-996.648060,354.480000
392.145176,-983.971532,367.120000
388.088474,-987.256584,363.240000
410.048881,-1021.049294,357.320000
396.912447,-1004.827149,332.000000
423.478277,-992.393940,369.000000
428.160971,-999.320676,369.000000
470.554017,-976.168015,388.680000
464.635274,-980.960919,391.386000
468.857177,-941.529550,368.590000
462.974290,-934.264789,409.344000
435.105522,-931.528345,348.582000
445.923394,-922.768205,345.302000
452.776965,-972.520645,328.574000
451.593214,-971.058834,363.178000
456.301036,-931.820737,410.000000
444.648492,-949.618145,410.000000
494.576876,-952.280090,328.190000
498.167291,-949.372630,328.635000
497.522743,-922.357920,331.970000
480.059102,-900.792119,329.730000
466.491442,-910.685248,330.745000
467.493960,-909.873425,330.825000
477.952820,-945.861550,329.525000
457.751636,-920.915164,331.920000
504.920813,-939.979119,333.000000
501.127076,-946.782829,333.000000
536.029733,-921.196092,336.077000
561.489035,-900.579555,339.122000
558.049633,-875.261899,330.932000
560.050872,-877.733223,343.721000
510.906903,-864.334584,346.808000
494.680096,-877.474794,348.320000
511.081043,-912.601464,341.663000
501.641237,-900.944275,331.919000
547.000899,-884.595016,350.000000
554.079600,-878.940002,350.000000
590.505687,-879.555492,338.525000
587.614704,-881.896564,341.555000
623.571422,-841.159950,334.865000
617.190113,-833.279690,329.840000
590.230950,-841.175183,331.190000
602.354427,-831.357785,333.125000
574.393916,-875.771732,342.530000
577.055942,-879.059059,336.410000
602.628509,-844.376594,344.000000
580.261908,-860.326954,344.000000
562.753941,-858.795756,333.531000
570.424371,-852.584364,328.344000
579.122527,-836.391876,331.823000
565.321531,-819.349065,329.877000
556.114378,-825.569581,330.115000
553.060194,-828.042811,331.410000
550.861690,-849.163120,328.400000
542.026032,-838.251991,332.943000
556.968395,-826.576534,334.000000
572.194741,-848.525757,334.000000
573.825600,-827.454630,335.120000
591.731043,-812.955088,346.145000
596.201395,-806.424418,361.545000
595.203293,-805.191865,353.810000
581.833940,-804.241730,353.005000
568.827625,-814.774036,361.440000
568.150251,-822.632644,344.465000
567.528483,-821.864824,334.105000
584.828505,-814.295773,362.000000
591.536387,-806.053555,362.000000
638.188538,-784.429570,342.960000
618.175476,-800.635829,354.832000
637.264729,-782.321050,335.152000
630.807902,-774.347532,329.840000
620.621402,-772.919965,327.312000
622.537067,-771.368690,336.848000
608.245496,-792.566738,351.504000
612.210215,-797.462757,343.856000
620.545607,-784.484974,358.000000
611.348214,-786.168192,358.000000
683.025780,-795.745112,338.606000
671.824775,-804.815506,330.584000
683.203380,-792.093587,335.176000
650.170353,-751.301196,333.650000
644.384160,-752.404424,331.760000
637.487767,-757.989013,336.716000
637.196273,-781.360997,328.330000
626.538103,-768.199253,339.782000
641.281136,-766.037379,341.000000
669.959076,-796.474889,341.000000
729.746332,-749.737402,334.937000
724.850313,-753.702121,349.941000
705.684825,-705.913456,358.342000
727.836903,-733.268994,356.730000
699.819062,-709.634050,350.778000
667.272189,-735.989988,332.519000
666.324718,-752.648715,343.214000
669.439854,-756.495588,339.308000
702.955864,-761.845537,362.000000
715.681357,-729.794399,362.000000
435.520573,-917.989696,336.650000
417.235106,-932.796976,346.388000
405.035405,-869.279333,332.258000
417.208979,-884.312444,332.330000
400.580394,-866.504603,345.848000
398.297916,-868.352917,336.272000
383.447447,-895.057943,341.456000
402.566200,-918.667637,340.214000
405.884453,-906.247520,347.000000
387.741666,-889.506296,347.000000
461.805444,-894.437871,341.756000
454.321528,-900.498227,334.080000
443.947157,-859.275344,337.101000
441.681604,-856.477619,338.241000
416.839560,-872.946346,332.465000
428.963037,-863.128948,342.402000
419.981432,-877.350610,346.810000
416.639741,-873.223965,346.563000
429.651457,-877.279138,347.000000
451.825106,-891.170570,347.000000
513.037645,-854.905914,328.352000
516.301658,-852.262769,338.800000
512.308712,-821.780518,340.448000
523.294758,-835.347155,342.304000
464.898992,-851.424762,336.528000
470.820844,-846.629340,329.808000
462.585586,-855.718515,332.624000
468.255134,-862.719823,333.312000
490.021841,-871.675370,344.000000
510.967093,-833.185465,344.000000
477.160155,-831.846735,337.920000
459.148243,-846.432493,328.930000
479.534790,-807.379766,330.356000
481.603995,-809.935022,335.719000
446.651101,-825.670250,353.792000
471.246217,-805.753518,342.508000
457.037481,-847.925579,346.197000
451.977745,-841.677326,349.297000
456.139801,-838.276077,359.000000
449.841964,-825.989270,359.000000
544.398286,-825.199606,344.951000
541.313794,-827.697379,338.165000
546.599733,-807.968074,337.846000
543.722481,-804.414963,344.516000
526.083200,-816.869198,330.770000
533.301332,-811.024070,350.867000
532.379469,-833.310935,352.694000
533.025152,-834.108287,328.218000
527.191274,-824.286938,356.000000
541.106012,-821.820441,356.000000
529.745644,-804.640110,332.502000
535.434352,-800.033485,331.440000
529.153309,-778.738629,331.038000
536.727810,-788.092358,332.754000
503.522674,-782.125227,329.568000
502.426899,-783.012569,328.068000
515.874074,-810.010610,328.104000
504.084385,-795.451558,329.382000
521.895928,-769.871850,333.000000
525.352761,-781.291254,333.000000
568.134689,-803.551303,328.808000
559.671569,-810.404602,327.222000
561.546820,-767.195044,338.623000
560.149729,-765.469780,330.069000
528.510315,-758.432914,335.451000
541.612996,-747.822573,332.916000
551.183855,-802.068319,332.266000
545.142380,-794.607718,335.763000
571.434671,-782.504103,339.000000
526.099306,-762.701478,339.000000
581.432429,-751.071272,329.084000
582.041712,-750.577885,328.694000
591.482685,-734.339756,327.620000
587.702986,-729.672217,330.008000
573.644668,-739.363043,326.150000
577.343883,-736.367478,331.322000
571.634473,-754.321696,330.686000
573.669695,-756.834986,326.636000
588.155815,-735.970938,332.000000
582.028875,-744.733524,332.000000
615.186592,-744.250091,333.120000
624.955316,-736.339533,333.040000
623.609217,-720.423768,330.680000
627.213965,-724.875261,325.230000
599.081727,-716.115247,328.240000
593.929249,-720.287641,327.420000
602.087143,-741.516692,325.790000
594.495022,-732.141203,329.610000
610.634514,-713.554075,335.000000
614.315488,-716.955608,335.000000
575.351438,-735.454164,327.663000
566.391722,-742.709599,329.247000
609.118923,-701.354306,352.578000
607.117684,-698.882982,336.474000
580.180809,-712.242023,344.526000
598.479488,-697.424045,343.701000
561.363746,-739.311534,336.474000
561.495904,-739.474735,350.928000
599.031449,-713.711384,357.000000
572.271502,-737.272698,357.000000
655.307351,-727.229884,333.180000
664.726360,-719.602521,335.280000
683.729527,-681.765252,328.300000
660.542847,-653.132086,339.660000
636.829286,-663.700792,343.400000
636.596142,-663.889588,344.040000
630.766660,-711.702501,338.520000
646.390797,-730.996704,328.400000
663.288615,-686.936588,345.000000
655.901583,-696.215166,345.000000
314.275755,-1037.539994,333.484000
335.048867,-1020.718260,335.416000
327.119220,-988.401664,330.556000
327.544011,-988.926238,326.044000
248.726723,-916.908013,327.628000
234.843010,-928.150821,328.672000
267.424800,-986.190903,336.688000
250.263233,-964.998133,331.300000
270.686247,-946.027927,337.000000
276.421202,-938.951876,337.000000
283.552590,-978.863390,337.000000
338.622789,-999.004109,326.210000
337.850306,-999.629654,333.805000
389.737905,-952.464867,352.635000
383.664963,-944.965408,341.470000
360.465564,-949.147190,344.095000
372.163165,-939.674660,349.135000
327.999877,-989.044868,335.555000
330.973415,-992.716883,356.800000
367.205558,-974.957508,361.000000
343.520973,-991.852909,361.000000
366.641417,-940.729366,336.688000
340.496672,-961.900962,342.716000
361.404185,-931.258683,331.320000
307.057334,-864.145912,347.534000
288.687438,-861.024941,347.930000
281.175545,-867.107952,330.352000
281.367566,-918.228539,342.562000
321.953067,-968.347459,335.170000
323.907147,-928.629384,352.000000
314.280231,-918.285656,352.000000
344.050758,-957.451787,352.000000
390.432591,-859.830598,406.596000
383.072241,-865.790891,450.156000
370.040281,-876.343965,400.788000
392.091761,-855.429688,374.256000
384.388879,-845.917421,347.064000
350.994622,-804.678948,358.548000
343.050429,-805.553228,342.048000
324.856665,-820.286247,375.972000
328.552771,-817.293200,448.176000
329.825050,-843.686348,441.708000
328.556340,-842.119622,404.880000
329.915672,-843.798257,405.804000
347.010119,-837.089242,459.000000
350.589638,-817.143614,459.000000
409.359872,-835.333070,346.822000
413.090172,-832.312332,333.336000
376.548114,-787.091307,341.454000
393.086653,-807.514703,338.132000
373.022825,-787.552656,336.064000
373.885457,-786.854110,342.950000
360.823339,-815.343299,330.696000
374.567696,-832.316167,347.768000
363.457093,-801.243663,349.000000
386.675224,-841.118227,349.000000
465.214277,-786.970094,329.786000
455.813920,-794.582353,335.988000
436.316730,-741.588420,340.370000
438.061835,-743.743446,339.054000
432.050150,-737.907060,336.954000
424.601206,-743.939096,328.120000
418.118532,-762.018942,333.524000
446.151608,-796.636909,331.186000
447.046508,-784.828087,341.000000
439.329395,-768.605312,341.000000
498.805647,-759.386421,326.000000
497.521025,-760.426688,326.000000
474.585417,-716.159387,326.000000
498.493299,-745.683162,326.000000
446.867060,-726.813405,326.000000
452.591517,-722.177831,326.000000
450.150154,-732.065806,326.000000
455.515740,-738.691753,326.000000
469.142696,-744.598337,326.000000
468.608394,-718.685891,326.000000
577.531336,-687.690427,337.736000
585.081309,-681.576580,330.632000
572.227946,-664.920614,333.832000
576.713742,-670.460110,334.136000
547.941372,-676.909399,329.912000
567.391004,-661.159398,337.640000
546.649208,-679.414959,326.008000
555.807707,-690.724764,325.144000
552.932526,-679.156037,341.000000
561.622357,-692.651972,341.000000
553.879535,-709.509895,325.470000
547.726871,-714.492224,328.535000
545.231288,-679.660313,329.250000
542.034341,-675.712412,329.630000
518.993172,-686.289932,328.030000
529.608209,-677.694045,325.725000
540.189162,-719.515262,326.805000
538.427065,-717.339254,326.820000
540.251668,-714.523490,330.000000
536.003497,-693.978392,330.000000
532.707006,-673.471745,331.288000
536.650244,-670.278574,325.976000
542.969444,-653.415845,327.368000
547.198477,-658.638266,329.480000
513.704251,-670.845239,339.464000
516.377633,-668.680377,332.984000
514.547713,-686.645606,335.560000
508.574204,-679.268937,336.488000
513.210865,-681.783336,341.000000
532.772482,-656.539011,341.000000
586.534995,-644.167596,340.966000
598.045211,-634.880022,333.816000
588.063753,-620.985890,334.622000
589.684526,-622.994536,339.510000
564.329344,-624.821879,328.252000
579.834283,-612.310971,345.204000
573.525721,-649.149770,347.908000
568.299185,-642.672453,324.898000
585.403713,-618.474344,349.000000
573.115115,-644.115156,349.000000
284.353916,-839.372088,361.650000
282.894187,-840.394202,353.985000
284.556525,-820.643927,353.075000
279.516509,-813.446038,361.650000
266.968218,-816.143222,344.535000
271.332660,-813.087207,334.315000
275.034776,-838.427501,335.960000
276.764682,-840.898064,341.980000
291.910043,-833.656402,362.000000
274.063733,-823.671959,362.000000
256.575796,-862.866471,324.032000
265.031095,-856.140823,321.764000
248.625529,-813.108695,320.616000
266.722029,-835.859114,324.830000
199.608644,-786.791218,331.186000
196.857776,-788.979357,327.896000
230.727999,-850.044770,327.770000
200.981138,-812.647839,330.962000
253.473860,-827.703281,334.000000
268.706119,-852.974799,334.000000
317.875284,-805.423645,326.000000
334.957345,-791.738334,326.000000
322.460109,-773.631408,326.000000
319.537100,-769.982896,326.000000
288.556614,-758.438397,326.000000
301.368159,-748.174413,326.000000
299.584026,-796.257517,326.000000
295.732531,-791.450066,326.000000
310.068986,-768.759045,326.000000
301.037858,-793.824247,326.000000
282.871377,-716.691443,327.540000
284.776502,-714.945717,327.340000
299.882856,-695.196426,326.560000
295.693521,-690.624570,324.216000
282.335889,-699.549685,325.584000
285.394115,-696.747337,325.092000
274.226987,-717.524325,324.608000
276.686136,-720.208014,325.968000
288.090961,-695.915950,328.000000
281.815855,-705.121984,328.000000
344.234974,-714.407424,326.281000
350.790844,-708.400076,326.330000
354.444480,-701.362885,331.573000
355.329504,-702.328719,327.863000
343.880851,-701.168501,329.858000
340.098618,-704.634278,329.396000
339.132322,-712.776154,328.150000
336.909630,-710.350512,330.929000
350.211608,-706.136784,332.000000
352.180038,-706.231929,332.000000
331.839068,-701.610189,326.410000
343.872171,-690.583881,326.725000
343.785041,-688.688888,325.185000
342.550738,-687.341882,327.820000
335.276757,-688.965735,328.965000
340.025561,-684.614259,328.915000
328.258720,-699.868440,327.740000
328.556656,-700.193579,325.010000
336.823935,-692.257226,329.000000
329.708021,-699.565795,329.000000
358.239957,-697.307508,327.120000
362.662331,-693.596696,327.600000
372.927010,-679.494370,326.144000
360.773181,-665.010002,324.476000
352.108622,-664.595498,325.164000
351.174813,-665.379056,325.352000
346.975532,-684.348251,324.188000
355.438473,-694.433992,326.228000
352.575227,-671.699618,328.000000
350.505131,-674.420912,328.000000
408.738119,-662.158375,326.312000
404.186581,-673.832467,327.020000
407.845835,-659.932184,329.336000
407.044581,-659.619788,327.896000
388.031946,-660.208649,328.356000
382.374308,-674.719740,328.768000
384.454861,-688.378518,327.380000
381.585252,-687.259704,329.644000
400.829765,-676.881365,330.000000
403.429691,-668.616209,330.000000
439.203388,-639.003411,333.163000
439.949296,-637.995375,337.571000
441.337944,-635.241153,328.508000
431.197290,-627.737463,341.732000
415.055219,-622.883773,342.872000
396.158888,-648.420698,326.893000
402.393072,-653.695561,338.217000
407.941292,-657.801028,331.054000
419.188013,-646.599787,345.000000
409.000811,-656.174154,345.000000
401.755756,-604.127894,356.075000
403.074885,-605.234775,370.236000
366.972705,-644.754631,344.119000
373.236028,-637.290294,331.967000
365.550520,-646.850902,332.114000
366.074494,-647.290569,342.698000
375.498165,-639.261555,369.158000
398.139715,-612.278406,353.429000
377.755785,-634.942185,372.000000
372.537100,-641.016890,372.000000
572.140352,-583.769662,345.352000
564.570301,-590.121689,329.656000
571.759261,-563.153314,339.496000
580.807139,-573.936155,334.912000
569.546684,-562.448677,333.640000
543.940883,-583.934495,340.168000
530.913519,-598.484341,327.760000
531.156493,-598.773905,345.424000
541.008783,-586.488809,346.000000
567.733115,-582.885794,346.000000
562.900000,-539.684000,328.528000
562.900000,-535.295000,338.176000
529.780000,-533.300000,322.648000
545.380000,-533.300000,343.432000
522.900000,-553.460000,340.792000
522.900000,-553.670000,324.688000
526.540000,-554.300000,334.936000
543.020000,-554.300000,329.944000
551.140000,-549.617000,346.000000
540.900000,-553.544000,346.000000
509.743570,-649.149424,341.530000
499.018947,-658.148450,325.841000
506.306632,-625.070169,334.454000
506.289277,-625.049486,332.163000
478.204991,-640.367436,327.349000
494.211490,-626.936389,338.514000
475.902537,-643.286313,349.273000
489.838815,-659.894922,344.865000
486.743220,-647.548133,354.000000
486.842101,-636.503656,354.000000
488.320364,-605.969828,321.000000
488.072140,-606.163762,321.000000
484.211514,-576.265488,321.000000
498.038655,-593.963422,321.000000
454.425997,-585.497336,321.000000
460.107555,-581.058416,321.000000
471.779488,-617.202644,321.000000
453.442011,-593.731744,321.000000
454.950753,-590.205302,321.000000
485.785286,-595.789447,321.000000
470.500000,-566.658000,321.000000
470.500000,-563.977000,321.000000
464.120000,-563.200000,321.000000
466.280000,-563.200000,321.000000
460.500000,-568.583000,321.000000
460.500000,-569.885000,321.000000
469.510000,-570.200000,321.000000
465.380000,-570.200000,321.000000
468.610000,-569.976000,321.000000
464.360000,-570.060000,321.000000
451.326764,-581.361318,321.000000
449.776897,-585.103030,321.000000
449.860480,-569.901898,321.000000
448.234452,-569.228376,321.000000
441.061612,-580.012328,321.000000
443.975364,-572.977909,321.000000
446.769323,-588.104559,321.000000
446.575308,-588.024195,321.000000
450.441479,-570.746531,321.000000
441.726871,-579.216319,321.000000
429.399013,-589.012683,324.056000
431.137160,-584.313859,322.792000
430.590550,-569.589687,323.076000
435.057715,-571.242141,323.668000
418.863665,-585.787261,322.100000
419.186315,-584.915024,324.544000
423.122762,-598.813998,321.124000
416.623192,-596.409734,321.420000
426.775078,-571.185053,325.000000
429.168298,-579.395293,325.000000
479.100000,-553.340000,321.000000
479.100000,-547.760000,321.000000
460.284000,-546.500000,321.000000
462.006000,-546.500000,321.000000
437.100000,-552.290000,321.000000
437.100000,-555.890000,321.000000
466.962000,-556.500000,321.000000
456.924000,-556.500000,321.000000
475.572000,-548.080000,321.000000
450.624000,-556.450000,321.000000
406.684889,-577.709561,321.000000
405.963800,-579.617867,321.000000
413.654612,-548.401150,321.000000
410.371203,-547.160454,321.000000
400.596556,-565.531310,321.000000
404.103026,-556.251705,321.000000
399.805606,-585.928489,321.000000
401.236835,-586.469305,321.000000
410.539249,-556.674010,321.000000
407.507312,-574.599494,321.000000
394.510492,-564.263866,321.000000
397.492800,-555.553258,321.000000
398.566378,-542.507660,321.000000
401.007278,-543.343367,321.000000
388.189370,-551.854286,321.000000
386.929979,-555.532666,321.000000
388.921827,-567.744243,321.000000
384.607677,-566.267180,321.000000
392.667926,-548.621684,321.000000
394.967685,-550.950154,321.000000
1325.389328,-504.986809,357.592000
1356.119966,-487.952538,352.552000
1359.464856,-479.927753,343.928000
1358.100602,-477.466574,308.816000
1335.569473,-475.333427,330.208000
1313.109239,-487.783338,321.080000
1315.212747,-499.102771,316.544000
1314.571344,-497.945649,333.344000
1337.494344,-474.746662,360.000000
1354.055090,-471.257364,360.000000
1269.500000,-522.740000,316.168000
1269.500000,-519.020000,315.216000
1256.890000,-494.600000,309.308000
1222.765000,-494.600000,321.348000
1204.500000,-504.350000,330.476000
1204.500000,-502.160000,327.480000
1234.205000,-524.600000,323.616000
1255.525000,-524.600000,333.584000
1251.430000,-506.960000,337.000000
1263.195000,-515.060000,337.000000
1269.000000,-416.239000,318.634000
1269.000000,-435.115000,319.096000
1265.490000,-416.200000,313.510000
1267.731000,-416.200000,323.695000
1242.000000,-426.418000,308.365000
1242.000000,-438.820000,307.294000
1252.638000,-455.200000,324.241000
1245.051000,-455.200000,311.893000
1253.448000,-434.725000,328.000000
1256.796000,-430.006000,328.000000
1188.300000,-498.448000,321.928000
1188.300000,-501.424000,323.034000
1184.816000,-496.400000,318.512000
1168.748000,-496.400000,312.100000
1136.300000,-502.768000,315.096000
1136.300000,-525.456000,315.166000
1153.460000,-528.400000,311.666000
1159.232000,-528.400000,318.232000
1142.800000,-513.616000,324.000000
1146.336000,-497.232000,324.000000
1131.300000,-491.720000,313.453000
1131.300000,-519.760000,313.858000
1131.200000,-486.600000,315.718000
1113.700000,-486.600000,314.515000
1106.300000,-492.000000,314.986000
1106.300000,-496.040000,315.172000
1112.975000,-526.600000,314.254000
1125.525000,-526.600000,315.829000
1126.975000,-510.680000,316.000000
1127.250000,-514.520000,316.000000
1190.100000,-453.138000,315.592000
1190.100000,-458.718000,317.128000
1118.660000,-449.700000,313.640000
1187.668000,-449.700000,318.880000
1114.100000,-450.996000,319.680000
1114.100000,-459.870000,312.632000
1129.528000,-467.700000,317.728000
1121.472000,-467.700000,314.384000
1154.228000,-461.670000,320.000000
1150.808000,-456.360000,320.000000
1203.900000,-416.580000,333.398000
1203.900000,-413.628000,341.864000
1121.462000,-407.400000,325.102000
1170.060000,-407.400000,315.276000
1109.900000,-407.688000,316.806000
1109.900000,-439.548000,322.722000
1123.060000,-443.400000,308.476000
1149.944000,-443.400000,330.168000
1131.520000,-433.644000,342.000000
1122.026000,-408.912000,342.000000
963.800000,-503.514000,324.138000
963.800000,-515.635000,325.050000
936.158000,-496.200000,326.403000
940.408000,-496.200000,325.707000
929.800000,-517.935000,325.671000
929.800000,-501.283000,326.364000
932.418000,-519.200000,324.939000
955.436000,-519.200000,324.021000
961.488000,-514.416000,327.000000
956.116000,-512.622000,327.000000
1005.000000,-445.060000,330.944000
1005.000000,-449.080000,340.330000
952.500000,-433.600000,324.600000
1003.880000,-433.600000,346.024000
935.000000,-460.060000,344.230000
935.000000,-450.070000,325.718000
935.910000,-463.600000,337.886000
940.740000,-463.600000,331.412000
979.310000,-459.250000,348.000000
964.330000,-445.150000,348.000000
912.300000,-508.250000,389.300000
912.300000,-500.540000,331.000000
877.950000,-494.900000,364.800000
895.100000,-494.900000,352.900000
881.000000,-494.900000,329.500000
862.300000,-519.440000,340.400000
862.300000,-521.210000,374.800000
909.800000,-524.900000,415.900000
882.800000,-524.900000,396.700000
911.500000,-524.900000,365.400000
879.050000,-522.470000,425.000000
865.500000,-496.610000,425.000000
911.700000,-464.620000,345.525000
911.700000,-478.700000,332.375000
895.502000,-444.300000,339.425000
894.202000,-444.300000,337.850000
885.700000,-474.500000,333.300000
885.700000,-452.500000,343.325000
908.736000,-484.300000,327.200000
904.888000,-484.300000,323.800000
886.662000,-483.580000,347.000000
904.134000,-473.460000,347.000000
914.100000,-419.360000,345.856000
914.100000,-418.160000,400.976000
886.100000,-402.200000,424.480000
914.050000,-402.200000,423.752000
879.600000,-402.200000,380.904000
864.100000,-422.930000,399.104000
864.100000,-418.220000,342.528000
905.250000,-432.200000,373.624000
867.400000,-432.200000,365.304000
866.500000,-432.200000,418.136000
901.000000,-403.580000,425.000000
881.850000,-414.230000,425.000000
864.200000,-485.165000,373.502000
864.200000,-476.976000,340.796000
833.448000,-473.100000,354.147000
843.802000,-473.100000,358.097000
802.200000,-485.032000,334.871000
802.200000,-489.478000,375.398000
849.258000,-492.100000,394.595000
826.690000,-492.100000,392.699000
829.480000,-475.171000,410.000000
864.200000,-474.487000,410.000000
863.600000,-446.481000,397.044000
863.600000,-449.844000,368.841000
836.754000,-433.200000,377.768000
822.866000,-433.200000,386.142000
801.600000,-443.935000,358.413000
801.600000,-436.810000,403.443000
844.752000,-452.200000,339.137000
846.426000,-452.200000,341.744000
810.342000,-436.468000,410.000000
841.590000,-447.355000,410.000000
772.000000,-492.964000,344.745000
772.000000,-466.734000,405.558000
772.000000,-447.824000,393.117000
772.000000,-432.452000,366.408000
729.820000,-400.000000,410.430000
659.710000,-400.000000,337.611000
739.396000,-400.000000,365.277000
658.000000,-461.122000,389.202000
658.000000,-463.196000,356.664000
658.000000,-517.730000,337.350000
658.000000,-461.122000,369.801000
730.162000,-522.000000,367.887000
663.814000,-522.000000,375.717000
731.416000,-522.000000,396.423000
754.102000,-428.792000,420.000000
691.060000,-450.752000,420.000000
725.374000,-482.594000,420.000000
719.332000,-489.304000,420.000000
634.400000,-500.300000,353.578000
634.400000,-425.156000,337.474000
634.400000,-504.640000,388.096000
616.346000,-398.000000,337.474000
615.933000,-398.000000,351.928000
575.400000,-452.312000,387.304000
575.400000,-502.904000,366.382000
575.400000,-459.628000,345.790000
608.971000,-522.000000,371.200000
597.761000,-522.000000,380.836000
607.555000,-435.076000,391.000000
630.624000,-408.912000,391.000000
594.634000,-415.980000,391.000000
574.200000,-508.647000,349.702000
574.200000,-508.893000,341.806000
574.200000,-439.644000,328.282000
560.349000,-399.300000,339.454000
537.606000,-399.300000,351.004000
517.200000,-445.302000,329.164000
517.200000,-420.702000,360.202000
517.200000,-402.867000,343.360000
546.042000,-522.300000,360.916000
557.499000,-522.300000,327.400000
531.222000,-443.949000,361.000000
550.317000,-492.780000,361.000000
520.677000,-474.699000,361.000000
480.900000,-506.828000,319.840000
480.900000,-491.657000,344.144000
475.530000,-469.700000,340.980000
451.800000,-469.700000,322.276000
450.900000,-481.829000,334.148000
450.900000,-489.317000,328.408000
464.160000,-508.700000,327.288000
451.950000,-508.700000,334.540000
479.340000,-486.314000,347.000000
457.680000,-486.548000,347.000000
405.300000,-476.372000,319.624000
405.300000,-485.570000,319.024000
402.284000,-475.700000,317.672000
397.552000,-475.700000,320.776000
379.300000,-486.074000,323.712000
379.300000,-510.602000,322.528000
389.154000,-517.700000,321.760000
388.738000,-517.700000,324.280000
396.200000,-496.238000,325.000000
401.946000,-480.068000,325.000000
499.500000,-403.319000,315.748000
499.500000,-453.827000,315.784000
497.062000,-398.500000,316.236000
470.704000,-398.500000,315.346000
453.500000,-409.724000,316.724000
453.500000,-408.199000,316.908000
468.036000,-459.500000,315.214000
485.332000,-459.500000,316.470000
469.646000,-432.233000,315.000000
477.236000,-445.836000,315.000000
1271.200000,-301.166000,385.625000
1271.200000,-333.067000,388.855000
1271.200000,-305.400000,330.970000
1236.585000,-290.800000,364.800000
1237.810000,-290.800000,322.470000
1236.200000,-299.633000,344.060000
1236.200000,-326.351000,341.000000
1236.200000,-302.334000,361.400000
1245.020000,-363.800000,323.320000
1236.900000,-363.800000,359.615000
1238.055000,-335.768000,392.000000
1241.870000,-323.431000,392.000000
1217.300000,-320.638000,332.401000
1217.300000,-321.650000,340.579000
1171.000000,-315.900000,398.173000
1203.200000,-315.900000,359.632000
1167.300000,-317.211000,376.858000
1167.300000,-334.645000,378.685000
1176.750000,-338.900000,355.630000
1184.700000,-338.900000,397.738000
1205.000000,-331.540000,400.000000
1207.650000,-318.637000,400.000000
1167.900000,-304.245000,358.414000
1167.900000,-372.810000,371.464000
1167.900000,-290.280000,383.644000
1133.420000,-276.000000,337.099000
1143.460000,-276.000000,390.517000
1127.900000,-380.370000,315.871000
1127.900000,-291.015000,322.570000
1127.900000,-299.310000,327.790000
1132.900000,-381.000000,381.556000
1154.940000,-381.000000,341.623000
1146.140000,-354.015000,400.000000
1145.980000,-359.055000,400.000000
1100.100000,-314.985000,442.560000
1100.100000,-326.730000,317.266000
1100.100000,-327.180000,325.166000
1020.200000,-300.000000,404.008000
1006.200000,-300.000000,351.868000
1092.600000,-300.000000,432.448000
1009.100000,-300.000000,395.160000
1016.700000,-300.000000,392.316000
1000.100000,-341.850000,365.298000
1000.100000,-321.195000,386.470000
1000.100000,-333.930000,381.730000
1006.300000,-345.000000,326.746000
1000.500000,-345.000000,421.072000
1043.400000,-345.000000,331.170000
1067.800000,-345.000000,401.322000
1090.500000,-345.000000,409.222000
1015.900000,-336.270000,471.000000
1009.800000,-320.835000,471.000000
997.200000,-363.560000,331.862000
997.200000,-359.010000,360.638000
953.100000,-349.700000,414.266000
981.180000,-349.700000,384.509000
960.780000,-349.700000,321.289000
937.200000,-380.045000,387.670000
937.200000,-377.700000,408.380000
997.140000,-384.700000,360.965000
957.120000,-384.700000,323.251000
995.100000,-384.700000,360.420000
988.740000,-380.150000,428.000000
981.720000,-354.425000,428.000000
998.100000,-275.065000,364.453000
998.100000,-291.830000,399.333000
957.780000,-259.000000,337.748000
962.400000,-259.000000,423.095000
989.760000,-259.000000,350.174000
938.100000,-287.140000,420.152000
938.100000,-263.480000,337.966000
994.200000,-294.000000,393.556000
977.760000,-294.000000,361.837000
967.920000,-294.000000,389.305000
971.760000,-291.655000,428.000000
961.380000,-287.245000,428.000000
879.400000,-370.929000,375.765000
879.400000,-372.930000,331.461000
865.393000,-358.900000,358.441000
858.171000,-358.900000,347.010000
856.400000,-375.920000,341.046000
856.400000,-369.388000,362.559000
876.456000,-381.900000,394.722000
879.147000,-381.900000,378.108000
862.449000,-381.831000,396.000000
857.159000,-369.917000,396.000000
830.200000,-368.852000,328.936000
830.200000,-359.092000,360.112000
812.760000,-350.100000,383.368000
822.168000,-350.100000,375.880000
798.200000,-371.764000,365.800000
798.200000,-375.188000,391.648000
824.056000,-382.100000,348.160000
808.344000,-382.100000,335.416000
829.048000,-352.020000,400.000000
819.896000,-354.900000,400.000000
889.700000,-331.250000,348.584000
889.700000,-347.309000,388.682000
859.334000,-296.800000,328.494000
853.223000,-296.800000,324.640000
843.395000,-296.800000,329.642000
826.700000,-329.289000,390.486000
826.700000,-302.736000,342.598000
873.635000,-349.800000,370.478000
867.335000,-349.800000,360.556000
832.559000,-349.800000,359.080000
868.658000,-303.372000,405.000000
847.049000,-340.366000,405.000000
918.300000,-284.516000,329.710000
918.300000,-281.700000,324.716000
878.172000,-261.700000,327.026000
831.132000,-261.700000,327.125000
822.300000,-279.300000,324.331000
822.300000,-275.780000,329.534000
887.772000,-293.700000,332.647000
915.708000,-293.700000,331.943000
857.532000,-267.684000,334.000000
915.324000,-277.508000,334.000000
775.600000,-342.760000,428.081000
775.600000,-325.995000,384.590000
760.335000,-315.600000,401.376000
765.452000,-315.600000,408.461000
732.600000,-332.645000,374.780000
732.600000,-342.515000,432.332000
759.174000,-350.600000,348.075000
745.543000,-350.600000,347.203000
735.567000,-324.350000,438.000000
759.002000,-321.410000,438.000000
769.600000,-303.520000,344.423000
769.600000,-309.712000,402.985000
757.336000,-263.200000,411.707000
745.912000,-263.200000,333.476000
727.600000,-283.504000,389.902000
727.600000,-267.856000,352.967000
750.910000,-311.200000,368.186000
754.060000,-311.200000,372.458000
759.982000,-278.272000,415.000000
738.478000,-303.424000,415.000000
706.400000,-310.789000,331.080000
706.400000,-294.283000,326.520000
695.228000,-253.900000,327.176000
662.692000,-253.900000,330.024000
657.400000,-276.580000,323.272000
657.400000,-280.675000,333.528000
681.459000,-316.900000,335.352000
704.342000,-316.900000,337.032000
680.528000,-277.651000,339.000000
701.696000,-286.030000,339.000000
646.650000,-374.744000,364.220000
646.650000,-288.284000,351.625000
646.650000,-284.456000,359.985000
624.424500,-247.100000,350.745000
617.016000,-247.100000,363.670000
593.308800,-247.100000,342.385000
511.950000,-286.172000,337.325000
511.950000,-346.496000,320.715000
511.950000,-256.868000,324.730000
569.601600,-379.100000,323.905000
550.474200,-379.100000,332.760000
613.379100,-379.100000,362.075000
535.387800,-305.312000,375.000000
585.900300,-270.992000,375.000000
586.708500,-322.076000,375.000000
618.632400,-342.800000,375.000000
570.679200,-346.496000,375.000000
502.100000,-251.790000,313.692000
502.100000,-378.672000,351.780000
502.100000,-347.683000,354.632000
489.273000,-247.800000,348.468000
432.504000,-247.800000,315.854000
384.244000,-247.800000,339.912000
375.100000,-278.789000,337.198000
375.100000,-258.573000,325.928000
375.100000,-328.398000,325.146000
421.328000,-380.800000,325.974000
453.078000,-380.800000,335.956000
411.295000,-380.800000,310.380000
486.225000,-314.832000,355.000000
399.865000,-361.249000,355.000000
411.930000,-252.588000,355.000000
410.533000,-288.232000,355.000000
419.042000,-277.326000,355.000000
1095.100000,-164.884000,335.000000
1095.100000,-213.216000,330.360000
1089.628000,-156.800000,325.240000
968.812000,-156.800000,339.120000
1028.860000,-156.800000,356.480000
951.100000,-171.420000,355.480000
951.100000,-191.974000,347.880000
994.444000,-242.800000,345.680000
1086.748000,-242.800000,356.640000
1068.748000,-242.800000,330.800000
1034.188000,-205.562000,359.000000
1072.060000,-201.950000,359.000000
954.700000,-200.144000,359.000000
1061.404000,-232.652000,359.000000
921.400000,-171.875000,500.449000
921.400000,-184.700000,485.389000
921.400000,-211.625000,456.022000
921.400000,-234.725000,492.919000
921.400000,-182.525000,480.620000
848.275000,-160.100000,438.954000
906.025000,-160.100000,540.358000
847.000000,-160.100000,375.702000
892.225000,-160.100000,372.439000
866.200000,-160.100000,494.174000
846.400000,-168.050000,377.710000
846.400000,-215.450000,344.327000
846.400000,-210.425000,546.131000
846.400000,-218.000000,502.708000
846.400000,-217.850000,507.477000
864.250000,-235.100000,567.466000
866.650000,-235.100000,399.296000
872.575000,-235.100000,465.560000
858.100000,-235.100000,382.228000
906.775000,-235.100000,521.031000
994.700000,-74.204000,327.973000
994.700000,-88.400000,327.946000
951.883000,-70.200000,325.777000
969.649000,-70.200000,320.917000
947.700000,-70.982600,323.572000
947.700000,-71.401200,322.888000
955.878000,-88.400000,321.376000
975.806000,-88.400000,324.859000
993.760000,-82.830800,328.000000
953.810000,-86.015800,328.000000
1000.012694,-50.241676,327.992000
998.667241,-56.738623,329.423000
966.121511,-38.263706,321.377000
965.586855,-38.152984,335.336000
956.475311,-53.362183,341.789000
958.503893,-43.566528,341.249000
960.967626,-54.659216,335.174000
994.527551,-61.609142,320.162000
985.290522,-55.470241,347.000000
989.867849,-52.628726,347.000000
855.522980,-111.919641,335.474000
855.553286,-111.873505,337.784000
835.700663,-91.259732,330.350000
853.404735,-102.889133,342.383000
820.020189,-101.124998,325.205000
821.979981,-98.141500,325.961000
820.570092,-103.335447,341.081000
826.759078,-107.400851,330.560000
832.405702,-107.169368,344.000000
839.658757,-98.526818,344.000000
890.220956,-83.813369,326.352000
895.362233,-75.585606,321.348000
858.258975,-51.967569,324.888000
868.812085,-58.561885,322.662000
832.751526,-60.671806,323.424000
843.176893,-43.987732,323.976000
881.746261,-95.533926,321.954000
861.002157,-82.571570,325.290000
836.746182,-64.063530,327.000000
835.763294,-63.449354,327.000000
920.584076,-19.645403,323.056000
918.673817,-25.069876,326.608000
897.526891,2.042690,335.136000
889.724554,4.790327,330.112000
876.257248,-13.052421,331.232000
879.943240,-2.585480,333.616000
912.588081,-31.886459,327.328000
912.173063,-31.740308,321.120000
907.493195,-28.603752,336.000000
907.854652,-17.509937,336.000000
874.999949,3.081439,321.357000
877.424061,9.965078,324.984000
870.547382,27.991751,318.185000
878.866606,25.062089,327.831000
852.618357,2.747791,315.000000
852.890729,3.521233,317.678000
865.862037,-13.826276,324.828000
853.620893,-9.515489,320.525000
872.021806,26.994376,328.000000
866.451956,19.523274,328.000000
783.200000,-219.647000,386.676000
783.200000,-192.857000,335.471000
761.960000,-191.400000,367.811000
763.120000,-191.400000,352.334000
743.200000,-222.514000,349.023000
743.200000,-193.045000,369.197000
774.960000,-238.400000,330.158000
765.880000,-238.400000,386.060000
750.800000,-194.925000,403.000000
743.240000,-233.700000,403.000000
712.800000,-220.700000,320.516000
712.800000,-222.650000,322.862000
691.785000,-187.500000,325.052000
675.450000,-187.500000,324.176000
667.800000,-217.450000,323.582000
667.800000,-205.650000,325.490000
700.650000,-237.500000,322.118000
708.120000,-237.500000,320.804000
707.940000,-194.400000,326.000000
696.915000,-216.100000,326.000000
638.700000,-210.360000,327.136000
638.700000,-203.300000,340.128000
608.804000,-195.800000,320.060000
627.008000,-195.800000,317.479000
564.700000,-206.500000,341.955000
564.700000,-209.620000,323.830000
614.058000,-215.800000,334.879000
581.276000,-215.800000,330.181000
608.582000,-199.820000,345.000000
586.308000,-200.680000,345.000000
423.000000,-221.140000,365.787000
423.000000,-191.340000,321.643000
411.747000,-189.500000,343.982000
406.962000,-189.500000,341.134000
390.000000,-208.380000,322.266000
390.000000,-190.260000,360.625000
409.932000,-229.500000,389.461000
408.216000,-229.500000,380.116000
399.735000,-200.100000,394.000000
420.921000,-226.100000,394.000000
776.400000,-117.140000,327.829000
776.400000,-108.980000,323.878000
761.165000,-65.900000,325.633000
731.575000,-65.900000,325.849000
721.400000,-90.440000,323.428000
721.400000,-86.720000,327.820000
751.100000,-125.900000,321.232000
769.800000,-125.900000,320.791000
776.235000,-85.580000,328.000000
753.410000,-101.120000,328.000000
769.250000,-35.420000,325.392000
769.250000,-14.300000,355.056000
746.245000,1.300000,313.680000
753.877500,1.300000,317.568000
728.830000,1.300000,330.336000
661.750000,-12.500000,349.968000
661.750000,-25.700000,328.080000
713.027500,-38.700000,338.208000
684.110000,-38.700000,338.592000
740.655000,-38.700000,347.568000
736.785000,-14.380000,360.000000
686.260000,-9.060000,360.000000
507.800000,-40.888000,316.294000
507.800000,3.224000,308.773000
498.800000,6.200000,310.659000
479.540000,6.200000,313.810000
447.800000,-7.336000,305.047000
447.800000,6.008000,318.847000
472.580000,-41.800000,322.435000
479.960000,-41.800000,323.884000
471.800000,-15.640000,326.000000
500.180000,-38.488000,326.000000
248.081026,-574.568216,322.876000
237.849898,-584.799344,322.606000
247.457358,-572.608116,322.632000
236.884698,-562.035455,322.825000
230.662865,-562.287892,322.387000
228.970052,-563.980706,322.044000
224.247992,-579.097235,322.143000
231.895352,-586.744595,322.263000
227.693017,-568.257288,323.000000
232.637814,-575.696758,323.000000
296.500000,-328.592000,312.175000
296.500000,-335.744000,312.961000
296.293000,-326.000000,312.930000
295.357000,-326.000000,312.180000
287.500000,-329.720000,312.686000
287.500000,-341.840000,312.399000
290.083000,-350.000000,312.441000
289.237000,-350.000000,312.618000
294.727000,-339.968000,313.000000
288.967000,-332.600000,313.000000
283.000000,-312.039000,312.473000
283.000000,-311.193000,312.316000
259.960000,-310.500000,312.229000
272.080000,-310.500000,312.535000
259.000000,-311.328000,312.984000
259.000000,-319.392000,312.754000
264.352000,-319.500000,312.740000
271.504000,-319.500000,312.973000
271.120000,-316.305000,313.000000
278.392000,-319.014000,313.000000
174.297484,-558.562328,328.168000
155.978390,-567.896373,327.368000
166.790996,-523.124736,326.216000
168.809437,-527.086151,329.120000
163.969388,-520.054032,324.264000
153.704993,-525.284003,322.864000
132.159955,-543.265063,322.304000
144.359134,-567.207300,324.616000
143.345730,-539.579080,330.000000
150.979990,-546.544369,330.000000
142.945258,-298.803479,313.140000
140.770905,-300.977833,313.050000
127.597505,-272.919836,314.650000
145.441345,-290.763675,313.488000
106.405515,-285.845748,314.162000
112.080047,-280.171216,313.926000
108.162675,-288.840345,313.674000
110.167323,-290.844993,314.364000
132.289159,-304.905811,315.000000
120.788067,-276.363446,315.000000
123.511094,-609.459468,355.016000
137.206338,-595.764224,356.060000
112.514170,-620.456393,371.546000
128.873792,-577.962104,333.788000
134.474078,-583.562390,375.113000
79.099132,-619.930306,399.473000
75.433490,-623.595947,394.166000
85.259446,-613.769991,402.779000
74.618903,-625.530591,378.245000
82.629009,-633.540697,326.219000
92.760435,-626.973089,410.000000
88.619617,-635.662017,410.000000
33.575091,-502.800909,326.660000
1.724600,-453.755454,327.350000
99.440667,-547.189061,324.220000
101.728560,-545.703285,329.540000
31.787618,-419.260989,321.780000
82.092657,-496.723957,321.730000
-19.182664,-419.137466,329.330000
-14.127158,-415.854382,323.920000
14.596897,-417.914498,330.000000
36.543227,-458.010304,330.000000
62.344529,-503.395947,330.000000
149.300110,-437.824799,341.230000
152.816798,-434.896885,321.980000
162.622432,-386.571943,335.840000
179.422110,-406.749861,326.798000
99.245937,-417.039998,330.472000
109.119714,-408.819314,331.616000
111.854926,-463.129688,325.104000
89.004907,-435.684769,336.434000
86.998648,-428.048777,342.000000
132.007976,-391.886664,342.000000
75.031810,-344.143332,322.942000
100.346522,-374.312230,329.130000
120.792983,-369.805139,314.646000
116.968889,-373.013935,336.542000
90.459365,-312.746013,340.316000
76.401986,-295.993081,343.988000
53.279987,-310.404561,332.020000
61.933225,-303.143632,317.434000
112.100298,-374.081850,348.000000
58.589983,-308.618112,348.000000
40.097842,-303.156992,330.546000
32.164104,-311.090730,338.367000
46.317553,-250.234292,322.461000
35.637412,-239.554151,312.594000
-6.743740,-259.488906,314.409000
10.710484,-242.034682,319.821000
11.584468,-311.667729,339.324000
13.349407,-313.432668,327.048000
38.960814,-251.436374,345.000000
7.915998,-274.244810,345.000000
364.000000,-197.363000,317.620000
364.000000,-175.344000,305.618000
312.358000,-131.500000,313.472000
354.766000,-131.500000,309.341000
250.000000,-188.148000,309.307000
250.000000,-190.961000,313.064000
331.624000,-228.500000,305.159000
266.644000,-228.500000,316.787000
263.452000,-146.341000,320.000000
360.580000,-162.637000,320.000000
295.486000,-151.094000,320.000000
357.388000,-165.159000,320.000000
286.833620,-67.281061,305.212000
310.527275,-46.684482,310.126000
307.344405,-33.421434,315.796000
306.936336,-32.952004,313.192000
274.903158,-36.444150,312.380000
258.800674,-50.441825,316.258000
269.841699,-67.711562,308.950000
266.209887,-63.533641,305.324000
303.307042,-45.502303,317.000000
269.355147,-66.609824,317.000000
209.000000,-76.570000,310.457000
209.000000,-75.620000,310.864000
196.612000,0.000000,310.212000
180.994000,0.000000,310.083000
171.000000,-43.510000,310.968000
171.000000,-25.650000,310.302000
193.382000,-95.000000,310.724000
201.476000,-95.000000,310.521000
190.798000,-26.505000,311.000000
180.880000,-63.175000,311.000000
170.000000,-186.835000,323.305000
170.000000,-100.620000,317.398000
125.290000,0.000000,320.621000
158.950000,0.000000,319.807000
0.000000,-84.710000,317.926000
0.000000,-128.570000,322.216000
89.420000,-215.000000,315.242000
22.270000,-215.000000,324.625000
37.740000,-73.745000,326.000000
154.020000,-72.455000,326.000000
102.680000,-130.290000,326.000000
68.510000,-17.845000,326.000000
124.610000,-178.020000,326.000000
163.540000,-138.675000,326.000000
155.210000,-143.190000,326.000000
59.160000,-12.040000,326.000000
91.970000,-78.690000,326.000000
