1522.700000,-1103.790000,304.588000
1517.243000,-1072.200000,304.100000
1505.700000,-1089.867000,305.610000
1515.645000,-1111.200000,305.122000
1517.311000,-1083.276000,306.000000
1493.900000,-1076.400000,306.194000
1483.532000,-1052.600000,307.706000
1469.900000,-1071.742000,307.216000
1486.580000,-1086.600000,306.728000
1491.020000,-1058.516000,308.000000
1570.100000,-975.180000,307.300000
1552.756000,-963.400000,305.592000
1538.100000,-976.880000,303.877000
1563.860000,-983.400000,302.169000
1540.564000,-964.660000,308.000000
1526.200000,-967.270000,315.060000
1516.405000,-952.900000,310.180000
1511.200000,-976.420000,305.280000
1524.940000,-982.900000,320.400000
1515.325000,-981.490000,321.000000
1508.400000,-966.632000,305.554000
1476.354000,-956.300000,303.358000
1466.400000,-981.332000,301.153000
1467.492000,-984.300000,307.957000
1486.224000,-979.876000,310.000000
1492.391667,-728.049810,308.343000
1471.855198,-733.199079,301.728000
1470.588561,-735.268674,322.140000
1512.420316,-764.110248,315.552000
1507.741690,-747.755408,327.000000
1427.300000,-577.436000,310.016000
1403.684000,-569.000000,323.606000
1403.300000,-575.555000,319.214000
1409.228000,-626.000000,314.822000
1424.084000,-604.454000,326.000000
1390.800000,-622.532000,315.320000
1385.160000,-622.000000,313.360000
1330.800000,-625.164000,311.408000
1352.220000,-636.000000,309.456000
1334.580000,-629.154000,316.000000
1366.100000,-617.242000,315.898000
1362.632000,-574.600000,313.203000
1349.100000,-590.056000,310.519000
1357.039000,-620.600000,318.824000
1353.520000,-593.046000,319.000000
1347.700000,-614.097000,309.042000
1339.825000,-580.600000,308.552000
1322.700000,-598.886000,308.064000
1337.150000,-621.600000,309.574000
1334.125000,-592.531000,310.000000
1448.900000,-1098.762000,307.615000
1433.175000,-1079.700000,306.395000
1411.900000,-1094.739000,310.175000
1437.356000,-1106.700000,308.950000
1436.098000,-1084.560000,311.000000
1344.200000,-1094.164000,308.000000
1333.500000,-1073.900000,308.000000
1324.200000,-1096.578000,308.000000
1340.160000,-1107.900000,308.000000
1341.220000,-1076.280000,308.000000
1442.100000,-1051.920000,317.864000
1420.136000,-1042.200000,313.960000
1408.100000,-1057.740000,310.056000
1439.006000,-1062.200000,306.136000
1409.732000,-1061.400000,319.000000
1434.000000,-1014.250000,317.640000
1366.716000,-1006.000000,312.760000
1345.000000,-1025.536000,307.860000
1346.691000,-1028.000000,322.980000
1366.805000,-1024.678000,323.000000
1344.900000,-1024.935000,315.095000
1291.208000,-1009.300000,310.947000
1282.900000,-1068.182000,306.782000
1290.960000,-1068.300000,319.634000
1310.304000,-1052.901000,323.000000
1446.100000,-947.570000,306.732000
1422.652000,-942.300000,303.316000
1422.100000,-945.972000,313.886000
1427.860000,-976.300000,310.470000
1437.436000,-963.686000,316.000000
1399.000000,-956.252000,303.423000
1395.085000,-954.800000,305.691000
1354.000000,-962.027000,304.956000
1369.750000,-987.800000,304.224000
1391.665000,-971.894000,306.000000
1337.700000,-982.122000,307.776000
1334.532000,-951.300000,306.800000
1321.700000,-962.157000,305.820000
1329.076000,-984.300000,304.844000
1322.244000,-964.764000,308.000000
1430.300000,-930.232000,332.627000
1415.824000,-915.400000,322.582000
1383.300000,-923.302000,312.578000
1410.137000,-933.400000,302.574000
1394.157000,-920.746000,343.000000
1308.000000,-887.836000,334.400000
1300.476000,-836.500000,322.640000
1290.000000,-876.100000,310.928000
1302.258000,-908.500000,347.216000
1297.704000,-849.964000,356.000000
1302.100000,-768.878000,317.237000
1294.165000,-753.200000,310.132000
1287.100000,-770.360000,332.056000
1298.980000,-779.200000,324.980000
1296.475000,-755.202000,336.000000
1356.800000,-787.195000,311.524000
1310.792000,-779.800000,333.419000
1284.800000,-791.365000,326.343000
1349.744000,-794.800000,319.238000
1343.984000,-794.290000,336.000000
1451.000000,-767.330000,334.524000
1372.355000,-761.600000,325.704000
1346.000000,-774.815000,316.920000
1347.260000,-776.600000,308.100000
1347.995000,-774.440000,336.000000
1446.700000,-733.264000,327.432000
1434.660000,-723.200000,318.612000
1432.700000,-759.867000,309.828000
1434.422000,-760.200000,301.008000
1435.724000,-750.802000,336.000000
1445.200000,-708.315000,327.072000
1363.720000,-705.900000,315.360000
1361.200000,-707.430000,303.648000
1380.772000,-720.900000,339.888000
1395.892000,-715.425000,348.000000
1359.800000,-703.387000,327.414000
1358.520000,-701.500000,317.166000
1343.800000,-709.344000,348.918000
1349.304000,-738.500000,338.628000
1353.560000,-720.925000,354.000000
1342.600000,-712.274000,319.140000
1335.533000,-699.100000,350.892000
1305.600000,-703.608000,340.602000
1322.398000,-713.100000,330.354000
1335.459000,-704.910000,354.000000
1302.800000,-729.760000,352.866000
1297.683000,-703.200000,342.618000
1285.800000,-717.056000,332.328000
1295.388000,-735.200000,322.080000
1285.868000,-712.928000,354.000000
1268.400000,-1082.500000,320.192000
1258.100000,-1042.900000,316.044000
1243.400000,-1072.765000,311.879000
1260.275000,-1097.900000,307.731000
1248.425000,-1053.570000,324.000000
1228.600000,-1092.410000,309.895000
1223.380000,-1073.500000,308.675000
1218.600000,-1093.743000,307.450000
1226.450000,-1104.500000,311.230000
1222.590000,-1076.104000,312.000000
1220.900000,-1099.490000,310.146000
1201.308000,-1094.500000,309.414000
1189.900000,-1102.140000,311.679000
1217.645000,-1104.500000,310.947000
1208.376000,-1104.230000,312.000000
1216.600000,-1062.535000,307.185000
1210.656000,-1056.700000,307.941000
1208.600000,-1069.810000,307.696000
1208.648000,-1071.700000,307.452000
1214.944000,-1069.645000,308.000000
1195.000000,-1061.044000,311.964000
1186.470000,-1051.000000,311.229000
1185.000000,-1086.424000,310.497000
1186.160000,-1087.000000,309.765000
1194.900000,-1078.072000,312.000000
1187.000000,-1082.068000,318.701000
1172.555000,-1077.700000,316.006000
1172.000000,-1080.170000,313.322000
1175.390000,-1103.700000,310.638000
1174.805000,-1094.392000,321.000000
1148.400000,-1079.050000,311.000000
1144.700000,-1077.600000,311.000000
1098.400000,-1082.725000,311.000000
1115.250000,-1102.600000,311.000000
1117.600000,-1090.900000,311.000000
1231.100000,-1018.856000,309.794000
1227.052000,-998.000000,309.304000
1209.100000,-1004.952000,310.816000
1218.934000,-1020.000000,310.326000
1221.882000,-1007.262000,311.000000
1206.100000,-1039.017000,310.000000
1201.984000,-1004.700000,313.775000
1192.100000,-1022.166000,312.555000
1199.898000,-1045.700000,311.330000
1202.992000,-1017.451000,314.000000
1143.300000,-1034.069000,312.028000
1127.910000,-999.900000,322.612000
1105.300000,-1025.092000,319.196000
1130.684000,-1046.900000,315.766000
1142.350000,-1009.347000,326.000000
1268.000000,-931.360000,313.635000
1253.065000,-925.200000,311.927000
1239.000000,-931.670000,310.219000
1261.562000,-935.200000,308.504000
1243.988000,-926.100000,315.000000
1238.900000,-963.998000,312.432000
1230.775000,-947.300000,311.456000
1225.900000,-972.281000,310.480000
1237.457000,-980.300000,313.500000
1230.697000,-979.640000,314.000000
1224.200000,-960.488000,311.644000
1215.368000,-949.400000,310.668000
1212.200000,-973.676000,313.688000
1224.188000,-977.400000,312.712000
1218.992000,-973.760000,314.000000
1179.800000,-968.720000,310.856000
1160.342000,-965.300000,313.880000
1156.800000,-977.036000,312.900000
1159.307000,-977.300000,311.924000
1174.349000,-974.408000,314.000000
1190.200000,-940.050000,310.289000
1127.038000,-934.800000,323.141000
1124.200000,-937.440000,318.976000
1138.720000,-964.800000,314.828000
1187.626000,-954.270000,327.000000
1268.300000,-854.930000,313.100000
1267.362000,-853.500000,311.880000
1254.300000,-857.856000,310.655000
1258.920000,-875.500000,309.435000
1256.512000,-865.336000,314.000000
1257.000000,-850.134000,312.246000
1254.876000,-830.100000,311.758000
1245.000000,-836.589000,311.268000
1250.280000,-851.100000,312.780000
1249.260000,-839.088000,313.000000
1157.500000,-867.920000,316.000000
1153.756000,-842.600000,316.000000
1144.500000,-855.170000,316.000000
1151.663000,-872.600000,316.000000
1151.676000,-852.140000,316.000000
1145.100000,-868.710000,316.000000
1131.170000,-857.700000,316.000000
1110.100000,-865.650000,316.000000
1133.235000,-872.700000,316.000000
1136.315000,-860.805000,316.000000
1259.300000,-795.707000,310.968000
1249.140000,-790.100000,310.213000
1239.300000,-795.860000,310.457000
1254.720000,-799.100000,310.701000
1258.220000,-790.973000,310.000000
1213.100000,-780.393000,313.000000
1205.053000,-749.100000,313.000000
1200.100000,-794.850000,313.000000
1211.566000,-810.100000,313.000000
1201.959000,-809.307000,313.000000
1200.200000,-773.022000,323.846000
1190.723000,-748.500000,319.681000
1187.200000,-801.021000,315.533000
1200.096000,-809.500000,328.368000
1191.620000,-801.936000,330.000000
1142.500000,-788.592000,321.080000
1111.457000,-781.000000,319.372000
1105.500000,-806.246000,324.664000
1109.274000,-807.000000,322.949000
1125.369000,-800.916000,325.000000
1270.600000,-742.166000,312.972000
1223.100000,-739.800000,315.996000
1220.600000,-740.853000,315.020000
1231.250000,-752.800000,314.040000
1257.300000,-748.328000,316.000000
1238.100000,-692.024000,317.782000
1235.460000,-688.900000,330.634000
1194.100000,-697.348000,326.486000
1208.312000,-732.900000,322.321000
1235.064000,-712.880000,334.000000
1172.300000,-727.352000,318.698000
1167.880000,-696.600000,318.210000
1146.300000,-706.264000,317.720000
1157.584000,-728.600000,317.232000
1149.628000,-710.520000,319.000000
1138.700000,-698.265000,320.956000
1130.832000,-685.500000,320.224000
1110.700000,-691.680000,319.489000
1125.932000,-700.500000,321.757000
1119.800000,-690.375000,322.000000
1202.900000,-657.780000,328.465000
1170.838000,-641.500000,322.853000
1120.900000,-653.006000,340.218000
1174.528000,-663.500000,334.606000
1163.704000,-646.208000,341.000000
1148.800000,-627.520000,317.806000
1128.720000,-599.800000,316.098000
1108.800000,-627.652000,321.383000
1139.400000,-643.800000,319.675000
1137.600000,-604.376000,323.000000
1251.400000,-612.460000,310.671000
1191.424000,-587.500000,318.987000
1153.400000,-623.164000,316.292000
1239.150000,-635.500000,313.608000
1243.266000,-635.164000,321.000000
1253.000000,-572.589000,333.648000
1191.630000,-564.000000,325.808000
1168.000000,-581.934000,318.000000
1251.725000,-585.000000,310.192000
1177.690000,-582.543000,338.000000
994.600000,-1072.366000,360.689000
949.618000,-1062.200000,344.274000
940.600000,-1094.976000,327.926000
945.784000,-1096.200000,378.578000
957.394000,-1088.482000,383.000000
1076.100000,-1008.406000,320.460000
1044.038000,-998.200000,316.050000
1042.100000,-1002.250000,329.658000
1049.104000,-1052.200000,325.266000
1059.372000,-1033.948000,330.000000
1024.800000,-999.512000,320.457000
1019.606000,-995.300000,318.252000
926.800000,-1005.290000,325.056000
957.768000,-1049.300000,322.851000
995.890000,-1025.108000,327.000000
995.200000,-972.356000,324.396000
984.868000,-931.700000,378.001000
932.200000,-944.090000,360.677000
959.101000,-973.700000,343.282000
989.026000,-950.264000,390.000000
1073.100000,-924.522000,327.292000
1056.112000,-885.100000,323.876000
1011.100000,-903.776000,320.460000
1044.394000,-931.100000,317.030000
1017.238000,-900.326000,329.000000
1021.800000,-858.215000,324.086000
1009.128000,-824.600000,322.622000
988.800000,-847.820000,321.158000
1010.184000,-869.600000,325.688000
998.568000,-834.545000,326.000000
1078.200000,-785.798000,340.748000
1063.350000,-751.400000,329.280000
1048.200000,-785.204000,364.812000
1070.940000,-805.400000,353.297000
1062.990000,-757.394000,365.000000
1028.200000,-783.348000,326.314000
1001.580000,-758.100000,320.946000
984.200000,-793.476000,337.556000
1022.392000,-806.100000,332.188000
1014.560000,-806.100000,342.000000
986.200000,-768.160000,325.890000
946.104000,-743.200000,341.766000
930.200000,-794.020000,336.621000
985.024000,-803.200000,331.497000
979.872000,-796.600000,345.000000
1023.800000,-698.372000,342.860000
947.808000,-679.400000,337.980000
931.800000,-738.734000,333.080000
939.988000,-741.400000,328.200000
939.528000,-727.760000,345.000000
1083.800000,-616.300000,323.872000
1041.680000,-604.600000,322.164000
1038.800000,-608.680000,320.449000
1047.755000,-664.600000,325.741000
1051.490000,-644.740000,326.000000
987.100000,-611.415000,324.998000
986.254000,-606.400000,324.510000
969.100000,-616.902000,324.020000
974.680000,-665.400000,325.532000
977.722000,-639.381000,326.000000
965.000000,-662.275000,331.134000
962.488000,-626.200000,326.969000
949.000000,-636.856000,339.821000
955.720000,-663.200000,335.673000
959.816000,-642.776000,343.000000
1066.900000,-588.656000,323.890000
1030.588000,-542.000000,337.480000
930.900000,-563.546000,333.088000
1002.980000,-596.000000,328.696000
1049.628000,-560.252000,340.000000
813.700000,-1090.314000,328.988000
800.848000,-1059.400000,326.293000
779.700000,-1080.269000,323.609000
801.494000,-1100.400000,320.925000
782.080000,-1068.748000,330.000000
892.700000,-1055.032000,335.376000
857.076000,-988.700000,331.456000
819.700000,-1052.560000,327.552000
874.523000,-1091.700000,339.632000
839.191000,-1000.751000,340.000000
809.800000,-1027.780000,330.682000
792.458000,-995.800000,327.497000
780.800000,-1039.600000,324.325000
805.769000,-1055.800000,334.140000
794.256000,-996.220000,337.000000
773.400000,-1082.775000,327.056000
736.532000,-1072.200000,323.152000
721.400000,-1093.200000,335.248000
771.944000,-1097.200000,331.328000
755.772000,-1094.625000,338.000000
772.800000,-1017.672000,337.852000
752.325000,-1000.200000,419.500000
747.800000,-1053.456000,393.148000
749.850000,-1056.200000,366.688000
769.250000,-1044.216000,433.000000
840.300000,-931.606000,394.916000
788.276000,-920.900000,375.884000
784.300000,-924.133000,356.852000
795.108000,-973.900000,337.742000
787.380000,-956.728000,401.000000
844.200000,-830.272000,345.225000
841.720000,-824.200000,340.101000
782.200000,-835.486000,334.956000
800.986000,-890.200000,350.832000
797.824000,-861.556000,351.000000
769.300000,-872.769000,363.264000
766.600000,-824.700000,347.892000
751.300000,-838.518000,332.457000
758.734000,-873.700000,380.085000
759.382000,-846.995000,393.000000
742.556471,-866.977106,350.853000
755.159085,-830.544400,335.481000
737.098144,-841.084937,383.046000
733.245295,-868.853922,367.674000
747.326517,-843.632465,393.000000
869.700000,-759.442000,327.412000
851.150000,-742.700000,341.020000
819.700000,-753.744000,336.610000
851.400000,-764.700000,332.218000
861.900000,-747.870000,343.000000
907.900000,-775.100000,341.866000
891.065000,-736.100000,337.474000
872.900000,-772.880000,333.064000
898.940000,-796.100000,328.672000
874.335000,-743.540000,343.000000
830.939527,-793.975000,478.040000
817.228440,-762.538465,430.020000
787.619172,-779.764818,382.196000
816.678855,-807.307999,334.372000
810.178940,-759.515113,529.000000
909.000000,-644.690000,340.032000
864.774000,-630.500000,334.152000
846.000000,-658.022000,328.296000
906.795000,-663.500000,346.440000
873.405000,-660.299000,351.000000
840.600000,-649.137000,356.258000
798.376000,-641.800000,338.373000
788.600000,-663.512000,393.561000
792.500000,-664.800000,375.749000
821.464000,-660.039000,404.000000
897.700000,-600.124000,357.035000
822.014000,-592.600000,519.360000
859.734000,-592.600000,396.380000
815.700000,-594.544000,466.900000
830.952000,-628.600000,414.225000
859.078000,-628.600000,490.550000
906.700000,-545.214000,339.280000
902.674000,-541.000000,335.605000
784.700000,-548.095000,331.945000
820.812000,-584.000000,328.270000
787.872000,-565.596000,340.000000
542.502915,-1154.636697,347.650000
556.585507,-1124.807995,340.300000
526.643850,-1115.558520,332.980000
525.045783,-1143.339375,325.630000
529.663709,-1125.039012,355.000000
526.025223,-1175.748303,414.563000
526.085011,-1146.134969,375.767000
529.641583,-1148.533906,341.423000
479.856880,-1127.956730,336.971000
498.087386,-1161.024434,457.016000
483.914989,-1151.465031,411.065000
503.006300,-1142.456665,485.000000
493.653940,-1103.799113,347.960000
506.220620,-1085.191968,333.076000
488.223157,-1085.035202,379.192000
484.358583,-1102.687041,364.247000
500.761211,-1089.172838,387.000000
577.978244,-1078.487088,342.767000
592.419242,-1032.637253,425.171000
545.154003,-1033.009099,398.466000
552.484630,-1080.252073,371.870000
596.358748,-1050.199962,434.000000
620.177667,-1033.177023,356.912000
608.825887,-1006.990059,349.104000
588.760881,-998.140135,341.264000
610.753143,-1031.616242,333.456000
596.647870,-992.418632,358.000000
642.421967,-996.510466,334.459000
643.236107,-966.339357,331.775000
607.980511,-981.937541,329.080000
621.825764,-1011.405493,326.396000
609.397526,-989.622383,337.000000
665.487945,-952.386532,349.308000
667.000047,-935.605133,339.792000
638.954037,-954.571874,330.237000
637.842816,-956.803518,359.721000
646.619482,-956.200884,366.000000
446.288147,-1087.533542,328.375000
425.091998,-1046.942929,328.131000
420.967629,-1044.986474,328.886000
395.381354,-1076.991999,328.642000
418.607195,-1084.917801,329.000000
463.904290,-1039.048288,339.570000
466.090080,-1036.408421,388.710000
446.223920,-1019.909820,372.785000
430.013213,-1042.705704,356.925000
448.844074,-1044.552660,393.000000
510.311880,-1034.694100,388.784000
532.299958,-1012.833926,373.104000
513.352049,-1002.636749,357.488000
501.506801,-1024.067030,341.872000
522.940599,-1024.378779,390.000000
494.865143,-1009.217271,366.416000
515.362070,-985.309106,354.411000
494.154029,-980.197650,342.455000
484.644689,-1002.991850,330.499000
497.533259,-983.202724,377.000000
543.568201,-1008.693786,347.958000
546.473937,-981.534616,339.628000
515.122065,-962.243996,331.332000
526.263672,-996.302411,357.002000
533.091840,-974.861000,362.000000
587.223878,-970.807203,329.950000
608.687652,-932.951263,328.725000
568.908369,-941.888984,332.505000
565.539731,-976.597976,331.280000
603.343864,-939.728568,333.000000
570.036710,-937.940333,340.001000
590.068473,-909.075233,383.036000
551.895537,-930.755854,369.128000
547.145218,-952.999387,355.163000
592.672050,-914.907491,386.000000
650.351764,-913.748736,345.910000
649.458890,-874.633695,341.518000
606.211209,-891.588872,337.126000
625.617436,-930.998799,332.716000
629.950187,-929.227332,346.000000
700.202276,-850.845229,434.134000
695.542811,-818.634158,401.682000
654.978255,-842.430334,369.230000
653.623869,-846.319362,336.645000
663.700395,-843.428833,461.000000
735.396990,-806.917694,370.469000
724.264739,-784.351472,353.633000
721.921925,-783.087078,336.728000
706.212414,-801.784100,388.892000
715.585020,-801.281785,398.000000
763.900000,-677.628000,353.796000
763.480000,-675.500000,341.840000
742.900000,-678.369000,378.835000
748.843000,-694.500000,366.879000
754.933000,-686.634000,383.000000
747.413064,-704.031155,338.280000
743.761071,-699.460937,368.520000
715.269311,-672.156472,358.720000
715.486936,-694.736586,348.960000
733.900621,-701.655353,370.000000
766.000000,-647.698000,335.360000
748.480000,-578.200000,362.576000
693.000000,-607.216000,353.756000
729.719000,-656.200000,344.972000
763.664000,-606.670000,371.000000
765.700000,-568.840000,350.260000
744.640000,-537.600000,345.380000
705.700000,-556.880000,340.480000
742.540000,-577.600000,335.600000
715.600000,-547.800000,354.000000
708.600000,-564.582000,458.440000
689.238000,-536.400000,405.980000
666.600000,-561.264000,353.305000
697.008000,-578.400000,515.845000
425.919487,-1019.672853,345.760000
421.367784,-987.356503,335.960000
391.748832,-984.292485,366.200000
410.542268,-1021.658577,356.440000
424.583866,-992.948830,369.000000
475.279065,-972.341747,346.204000
462.005766,-933.068762,408.114000
430.380475,-935.354613,388.106000
459.628376,-980.981434,368.098000
454.738727,-971.078733,410.000000
503.063310,-945.407911,328.125000
486.069112,-908.213863,331.900000
457.981694,-917.576306,330.680000
457.940432,-921.148308,329.455000
490.556706,-952.511674,333.000000
561.116005,-900.881629,346.388000
537.735171,-850.175628,341.243000
532.449389,-846.889823,336.119000
493.636281,-891.058978,330.974000
506.918634,-879.145057,350.000000
623.705363,-852.670925,338.465000
629.008750,-847.874491,334.790000
603.660032,-830.300527,331.130000
568.956588,-869.057191,342.455000
589.274945,-855.344508,344.000000
583.410480,-842.068420,330.031000
581.274803,-839.049715,328.323000
558.772217,-823.417306,333.615000
548.690535,-846.481967,331.900000
563.750362,-840.386000,334.000000
575.292852,-826.266473,335.260000
595.718706,-805.828347,361.720000
580.366688,-805.429887,353.180000
568.641121,-823.238818,344.605000
586.254851,-813.057102,362.000000
620.902481,-798.427544,327.248000
634.332096,-778.699550,351.440000
615.370227,-777.172283,343.632000
611.178129,-796.188238,335.792000
631.976708,-787.864229,358.000000
669.661201,-806.567534,338.788000
668.347643,-773.748280,335.372000
635.211507,-759.832292,331.942000
652.052010,-799.706305,328.526000
649.942782,-757.978468,341.000000
710.208883,-765.558517,350.995000
718.869088,-722.194664,343.431000
672.727754,-731.572159,335.836000
684.606476,-775.224805,359.272000
713.716308,-719.740490,362.000000
429.211702,-923.098519,337.064000
414.594782,-881.084180,332.672000
381.243448,-882.163353,346.262000
412.866916,-931.387962,341.870000
398.717189,-910.296315,347.000000
460.150123,-895.778324,332.769000
445.986155,-861.793297,328.133000
418.518195,-871.587014,342.478000
417.942434,-874.832657,337.842000
441.367907,-895.180022,347.000000
517.793778,-851.054473,328.864000
510.190420,-819.164645,340.960000
506.771616,-817.516979,337.040000
464.703879,-858.334388,333.136000
494.113412,-867.003263,344.000000
486.349906,-824.405021,354.567000
490.469861,-820.883454,346.972000
470.845209,-806.078247,339.408000
446.102410,-834.421891,331.844000
457.267391,-820.810097,359.000000
553.840610,-817.553363,346.140000
552.841333,-815.675808,339.035000
537.623818,-807.523790,331.959000
526.137870,-825.603201,353.883000
536.169159,-816.067162,356.000000
520.956123,-811.757724,329.778000
537.198541,-788.673663,328.308000
512.312195,-775.007614,332.844000
507.828842,-800.075576,331.380000
522.841993,-789.011911,333.000000
563.425184,-807.364985,329.458000
569.211943,-776.660682,326.273000
533.243134,-754.600353,336.101000
543.518733,-792.602682,332.916000
564.813891,-784.005227,339.000000
580.801387,-751.582280,326.414000
591.746999,-734.666157,330.944000
574.275710,-738.852035,329.480000
571.370158,-753.995295,328.010000
591.445438,-741.323566,332.000000
618.543862,-741.531427,333.710000
620.689171,-716.817811,331.270000
595.724456,-718.833911,328.830000
605.007190,-745.122649,326.380000
612.803628,-709.368159,335.000000
590.473921,-723.208219,346.242000
606.117064,-697.647320,338.190000
565.058326,-724.487968,330.138000
564.365605,-743.018521,355.053000
561.423978,-733.279327,357.000000
678.248699,-708.652346,334.540000
664.842364,-658.441547,329.660000
613.887937,-682.278330,344.780000
611.303668,-687.667708,339.880000
636.952396,-702.847266,345.000000
337.566819,-1018.679262,328.360000
270.537024,-918.528471,325.432000
260.407226,-907.449327,334.492000
239.048744,-951.149392,331.564000
295.247945,-1000.313510,337.000000
384.971775,-961.471441,328.905000
376.537910,-936.164230,355.365000
369.293942,-941.998111,346.790000
325.466862,-985.916855,338.250000
357.150005,-980.591153,361.000000
367.186973,-940.287583,349.492000
360.426221,-930.050998,344.124000
288.141882,-861.466724,338.734000
282.345529,-919.436224,333.366000
283.797347,-877.982417,352.000000
364.527984,-880.807735,417.948000
383.618591,-844.966195,385.740000
337.092051,-810.378227,353.400000
338.298220,-854.149841,453.192000
349.103608,-827.426353,459.000000
394.461984,-847.397142,337.824000
400.676257,-816.887083,332.456000
364.606335,-794.368196,327.066000
374.454418,-832.176280,343.698000
387.317106,-813.499285,349.000000
455.457210,-794.871211,331.130000
453.582135,-762.909420,327.700000
420.824277,-746.997593,338.284000
437.983030,-786.549554,334.868000
454.724057,-771.398642,341.000000
492.224775,-764.715506,326.000000
485.207087,-729.276057,326.000000
453.425395,-721.502570,326.000000
475.992567,-763.978528,326.000000
499.721827,-749.688667,326.000000
574.871942,-689.843962,339.416000
574.232961,-667.396601,335.496000
550.600765,-674.755865,331.592000
561.635843,-697.921913,327.688000
548.506000,-679.127345,341.000000
555.141620,-708.487878,328.520000
543.821611,-677.919506,327.295000
517.731087,-687.311948,326.075000
516.426024,-690.170231,329.850000
526.183508,-694.570198,330.000000
540.392979,-667.247767,333.112000
540.943033,-650.913435,329.192000
539.435554,-650.008441,325.288000
507.763639,-678.267973,337.368000
519.892443,-674.319032,341.000000
595.652892,-636.810380,331.034000
580.724749,-611.890562,324.690000
577.780499,-613.968165,344.346000
562.653797,-635.676047,337.976000
578.909133,-637.949436,349.000000
292.861629,-833.414924,330.920000
291.575954,-830.668710,357.380000
273.205242,-811.776011,348.840000
267.998714,-828.378963,340.265000
283.627072,-835.101698,362.000000
249.365627,-868.601699,332.810000
263.351112,-831.621291,329.394000
206.818813,-781.055991,325.978000
216.002416,-831.532174,322.548000
209.124468,-786.748106,334.000000
316.002251,-806.924228,326.000000
325.039235,-776.850684,326.000000
290.429647,-756.937814,326.000000
297.004900,-793.038242,326.000000
303.656691,-764.593702,326.000000
285.327985,-714.440376,326.084000
299.013371,-694.247550,325.108000
279.879281,-701.800752,324.128000
275.096472,-718.473201,327.152000
293.735679,-697.144095,328.000000
348.059232,-710.903137,327.268000
352.606875,-699.357491,325.560000
340.056594,-704.672787,330.845000
340.969927,-714.781548,329.137000
353.083283,-701.592936,332.000000
338.086756,-695.885238,324.635000
341.671119,-686.381947,328.415000
329.029069,-694.690687,327.190000
330.372642,-702.175380,325.970000
330.742196,-701.200623,329.000000
369.163750,-688.141357,327.720000
361.369688,-665.720891,326.744000
341.202447,-673.746865,325.764000
339.892012,-675.906441,324.788000
343.083872,-673.985289,328.000000
406.119078,-668.875869,328.932000
393.069212,-654.171019,327.952000
390.650988,-653.491156,326.976000
380.597659,-686.874658,326.000000
386.024202,-678.847533,330.000000
438.457481,-640.011448,336.184000
418.772074,-618.543287,331.529000
415.801126,-621.875737,326.893000
401.647093,-653.143565,341.257000
414.735521,-644.865095,345.000000
401.431719,-603.855995,339.611000
397.893360,-607.904829,327.606000
365.876855,-647.124730,364.650000
380.573616,-633.212868,352.694000
389.524142,-620.254465,372.000000
543.804369,-607.546376,325.408000
579.684832,-572.598642,343.528000
556.516268,-573.382494,337.672000
534.558125,-602.827813,331.792000
563.665586,-587.027273,346.000000
562.900000,-550.415000,344.680000
550.220000,-533.300000,338.800000
522.900000,-542.708000,332.944000
546.100000,-554.300000,327.064000
524.220000,-539.369000,346.000000
500.708075,-656.731104,346.663000
512.172712,-632.061090,339.587000
487.240485,-632.785756,332.511000
487.391723,-656.978591,325.406000
501.447399,-628.971320,354.000000
483.797182,-609.503725,321.000000
487.947348,-581.047137,321.000000
458.949179,-581.963439,321.000000
468.066434,-612.450152,321.000000
485.251821,-581.462781,321.000000
470.500000,-566.588000,321.000000
464.020000,-563.200000,321.000000
460.500000,-568.653000,321.000000
469.610000,-570.200000,321.000000
466.740000,-569.906000,321.000000
452.594212,-578.301429,321.000000
448.160542,-569.197761,321.000000
439.794165,-583.072217,321.000000
439.230466,-584.981862,321.000000
447.675413,-585.498965,321.000000
433.125102,-578.939756,324.836000
426.897144,-568.223454,323.860000
425.545646,-567.723520,322.880000
416.499391,-596.363939,321.904000
418.060600,-588.528938,325.000000
479.100000,-548.030000,321.000000
437.982000,-546.500000,321.000000
437.100000,-547.600000,321.000000
447.264000,-556.500000,321.000000
446.130000,-552.770000,321.000000
416.652879,-551.330040,321.000000
416.414172,-549.443901,321.000000
404.767559,-554.493070,321.000000
397.046046,-584.885738,321.000000
404.459940,-566.991161,321.000000
393.452254,-567.354727,321.000000
399.711141,-542.899600,321.000000
389.247608,-548.763425,321.000000
387.777063,-567.352303,321.000000
394.362796,-552.655145,321.000000
1327.572379,-503.776724,313.576000
1358.925263,-478.954302,355.856000
1333.386422,-476.543512,342.192000
1315.752340,-500.076223,328.528000
1347.731826,-487.968147,360.000000
1269.500000,-515.930000,336.272000
1242.200000,-494.600000,329.412000
1204.500000,-511.160000,322.580000
1248.895000,-524.600000,315.748000
1204.760000,-500.150000,337.000000
1269.000000,-439.639000,323.317000
1254.663000,-416.200000,318.172000
1242.000000,-442.018000,313.048000
1263.438000,-455.200000,307.924000
1247.427000,-419.125000,328.000000
1188.300000,-512.080000,318.120000
1154.968000,-496.400000,314.690000
1136.300000,-521.136000,311.274000
1183.308000,-528.400000,321.844000
1156.996000,-527.248000,324.000000
1131.300000,-501.800000,314.149000
1112.525000,-486.600000,313.414000
1106.300000,-521.920000,315.682000
1106.650000,-526.600000,314.947000
1121.175000,-520.760000,316.000000
1190.100000,-454.560000,313.488000
1124.588000,-449.700000,319.528000
1114.100000,-467.574000,317.576000
1123.600000,-467.700000,315.616000
1174.292000,-463.092000,320.000000
1203.900000,-413.124000,341.592000
1112.532000,-407.400000,333.296000
1109.900000,-411.144000,325.000000
1131.990000,-443.400000,316.670000
1202.866000,-430.188000,342.000000
963.800000,-497.327000,326.373000
961.012000,-496.200000,325.641000
929.800000,-501.122000,324.909000
941.564000,-519.200000,324.174000
936.124000,-508.229000,327.000000
1005.000000,-461.770000,337.444000
991.490000,-433.600000,331.100000
935.000000,-443.320000,324.730000
966.920000,-463.600000,344.386000
961.810000,-445.990000,348.000000
912.300000,-519.740000,364.700000
897.150000,-494.900000,340.300000
862.300000,-507.950000,415.800000
890.600000,-524.900000,391.400000
891.300000,-503.960000,425.000000
911.700000,-473.020000,327.000000
900.936000,-444.300000,345.900000
885.700000,-466.100000,339.775000
903.302000,-484.300000,333.675000
905.902000,-451.980000,347.000000
914.100000,-420.440000,321.312000
887.900000,-402.200000,399.936000
864.100000,-421.850000,374.456000
903.450000,-432.200000,349.080000
912.850000,-404.630000,425.000000
864.200000,-482.543000,394.674000
824.892000,-473.100000,375.398000
802.200000,-487.654000,356.043000
857.814000,-492.100000,336.767000
812.864000,-491.549000,410.000000
863.600000,-440.553000,379.111000
817.410000,-433.200000,359.835000
801.600000,-449.844000,340.480000
802.096000,-452.200000,400.204000
824.478000,-449.559000,410.000000
772.000000,-433.794000,368.844000
772.000000,-438.186000,338.133000
674.530000,-400.000000,347.529000
658.000000,-520.414000,413.301000
658.000000,-491.866000,376.239000
671.452000,-522.000000,392.073000
722.524000,-491.500000,420.000000
665.410000,-422.204000,420.000000
634.400000,-418.584000,339.190000
577.465000,-398.000000,389.020000
575.400000,-410.028000,372.916000
588.852000,-522.000000,356.812000
620.417000,-477.360000,391.000000
574.200000,-406.188000,319.756000
569.868000,-399.300000,351.466000
517.200000,-424.761000,341.218000
536.523000,-522.300000,330.928000
571.920000,-464.490000,361.000000
480.900000,-506.555000,341.988000
475.320000,-469.700000,335.128000
450.900000,-482.102000,328.296000
464.370000,-508.700000,321.436000
455.610000,-486.041000,347.000000
405.300000,-510.770000,321.992000
397.604000,-475.700000,320.032000
379.300000,-493.676000,318.080000
393.834000,-517.700000,324.120000
388.504000,-488.678000,325.000000
499.500000,-442.725000,316.148000
480.778000,-398.500000,316.636000
453.500000,-431.318000,315.124000
484.320000,-459.500000,315.614000
478.846000,-410.639000,315.000000
1271.200000,-335.622000,326.465000
1253.105000,-290.800000,390.725000
1236.200000,-338.177000,369.985000
1263.500000,-363.800000,349.160000
1262.380000,-297.224000,392.000000
1217.300000,-327.492000,315.784000
1185.950000,-315.900000,381.556000
1167.300000,-333.357000,360.328000
1211.850000,-338.900000,339.013000
1214.550000,-338.394000,400.000000
1167.900000,-317.370000,385.645000
1138.380000,-276.000000,364.417000
1127.900000,-367.245000,343.102000
1127.940000,-381.000000,321.874000
1133.580000,-367.140000,400.000000
1100.100000,-312.735000,413.804000
1015.300000,-300.000000,375.252000
1060.600000,-300.000000,403.534000
1000.100000,-344.100000,336.542000
1011.200000,-345.000000,455.990000
1046.200000,-345.000000,314.580000
1034.000000,-334.065000,471.000000
997.200000,-355.755000,367.069000
939.660000,-349.700000,340.473000
937.200000,-352.850000,422.768000
950.520000,-384.700000,396.172000
969.420000,-372.345000,428.000000
998.100000,-261.205000,345.596000
993.960000,-259.000000,319.000000
938.100000,-266.000000,401.295000
958.020000,-294.000000,374.699000
982.140000,-277.760000,428.000000
879.400000,-380.796000,328.337000
875.283000,-358.900000,382.013000
856.400000,-366.053000,364.618000
866.566000,-381.900000,347.294000
877.813000,-368.698000,396.000000
830.200000,-377.044000,389.200000
820.920000,-350.100000,371.560000
798.200000,-363.572000,353.992000
815.896000,-382.100000,336.424000
802.296000,-360.212000,400.000000
889.700000,-335.596000,376.546000
864.500000,-296.800000,356.456000
826.700000,-324.996000,336.448000
868.469000,-349.800000,398.440000
847.175000,-307.665000,405.000000
918.300000,-281.572000,328.016000
869.340000,-261.700000,325.321000
822.300000,-282.244000,333.637000
896.508000,-293.700000,330.953000
872.412000,-264.740000,334.000000
775.600000,-333.485000,357.231000
748.897000,-315.600000,330.526000
732.600000,-341.920000,412.930000
770.612000,-350.600000,386.225000
763.517000,-350.075000,438.000000
769.600000,-282.400000,331.518000
738.898000,-263.200000,398.713000
727.600000,-304.624000,376.997000
769.348000,-311.200000,355.192000
766.072000,-305.152000,415.000000
706.400000,-272.170000,336.824000
665.191000,-253.900000,332.920000
657.400000,-315.199000,329.016000
662.545000,-316.900000,325.096000
662.937000,-302.032000,339.000000
646.650000,-270.860000,356.685000
518.415600,-247.100000,343.265000
511.950000,-258.056000,329.845000
540.910500,-379.100000,371.370000
553.707000,-333.428000,375.000000
586.573800,-324.848000,375.000000
502.100000,-256.977000,330.620000
494.226000,-247.800000,319.396000
375.100000,-273.602000,354.172000
416.375000,-380.800000,342.902000
439.489000,-320.019000,355.000000
455.491000,-293.951000,355.000000
1095.100000,-239.274000,329.920000
1070.188000,-156.800000,320.160000
951.100000,-182.944000,350.360000
1013.884000,-242.800000,340.600000
1052.476000,-194.038000,359.000000
1053.484000,-165.830000,359.000000
921.400000,-223.775000,344.076000
921.400000,-234.725000,409.085000
900.175000,-160.100000,533.832000
881.050000,-160.100000,464.054000
846.400000,-191.150000,472.337000
846.400000,-165.425000,519.023000
887.350000,-235.100000,411.093000
891.700000,-235.100000,573.992000
994.700000,-83.631600,326.911000
976.229000,-70.200000,324.715000
947.700000,-79.755000,322.510000
978.532000,-88.400000,320.314000
952.306000,-74.058400,328.000000
998.819818,-56.001856,338.414000
980.269322,-41.193577,331.826000
957.668187,-47.602003,325.211000
987.947173,-60.246412,345.623000
971.690149,-41.198124,347.000000
853.795535,-114.549426,333.185000
840.758969,-94.582418,328.061000
821.747634,-98.495213,343.916000
845.266528,-119.557973,338.792000
833.931625,-111.914202,344.000000
890.272888,-83.730260,322.728000
858.103782,-51.870594,321.258000
832.712577,-60.734138,325.794000
881.901454,-95.630901,324.330000
868.082346,-83.557869,327.000000
922.171474,-15.137742,321.456000
890.181073,4.629561,333.536000
874.669850,-17.560083,329.632000
878.432102,-19.858240,325.728000
913.230772,-25.557600,336.000000
879.780080,16.655357,326.622000
863.594887,30.440110,323.437000
861.456833,27.846002,320.265000
853.006855,-9.299252,317.093000
855.181030,4.714219,328.000000
783.200000,-194.972000,379.669000
781.000000,-191.400000,360.804000
743.200000,-200.189000,342.016000
755.920000,-238.400000,400.151000
754.440000,-217.250000,403.000000
712.800000,-235.800000,323.000000
705.330000,-187.500000,321.530000
667.800000,-202.350000,320.066000
687.105000,-237.500000,324.596000
689.310000,-209.500000,326.000000
638.700000,-212.900000,324.758000
618.276000,-195.800000,317.682000
564.700000,-203.960000,339.606000
604.586000,-215.800000,332.501000
614.650000,-202.380000,345.000000
423.000000,-219.300000,314.345000
410.262000,-189.500000,381.629000
390.000000,-210.220000,359.913000
411.450000,-229.500000,338.108000
418.776000,-198.260000,394.000000
776.400000,-104.000000,327.172000
749.065000,-65.900000,324.976000
721.400000,-103.580000,322.780000
763.200000,-125.900000,320.575000
725.195000,-72.440000,328.000000
769.250000,-19.660000,346.128000
703.997500,1.300000,334.416000
661.750000,-28.260000,322.656000
755.275000,-38.700000,358.944000
690.345000,-38.620000,360.000000
507.800000,-13.672000,314.822000
464.720000,6.200000,309.210000
447.800000,-34.552000,303.575000
506.660000,-41.800000,320.963000
475.580000,-36.424000,326.000000
244.235073,-578.414170,322.317000
236.454070,-561.604827,322.073000
219.659577,-573.291181,322.828000
220.402039,-575.251281,322.584000
232.162639,-580.389119,323.000000
296.500000,-330.632000,312.120000
288.058000,-326.000000,312.876000
287.500000,-327.680000,312.631000
289.309000,-350.000000,312.387000
295.222000,-342.008000,313.000000
283.000000,-311.247000,312.923000
281.824000,-310.500000,312.679000
259.000000,-312.120000,312.434000
266.488000,-319.500000,312.190000
260.320000,-315.513000,313.000000
147.994971,-571.964127,327.808000
179.857750,-548.769686,325.848000
154.596000,-524.830012,323.896000
136.798830,-552.369368,329.944000
153.533578,-536.401565,330.000000
132.975052,-308.773685,314.058000
141.555793,-286.878124,313.568000
116.375721,-275.875542,313.080000
118.953125,-299.630794,314.592000
128.636952,-285.838677,315.000000
103.655536,-629.315027,351.884000
135.492312,-584.580623,330.569000
98.954690,-600.074747,396.341000
84.970946,-635.882635,375.113000
124.427505,-596.527900,410.000000
13.340662,-471.642620,321.350000
91.469942,-552.365310,328.900000
52.022047,-450.419278,326.460000
-11.175038,-413.937253,324.010000
68.408781,-543.756457,330.000000
146.459709,-440.189654,340.636000
163.943065,-388.158142,335.246000
102.153967,-414.618838,329.878000
110.534294,-461.543490,324.488000
152.548461,-375.159872,342.000000
82.517651,-353.064608,339.160000
124.004241,-367.110574,330.864000
82.973525,-303.824736,322.568000
50.068729,-313.099127,314.238000
74.135222,-305.090266,348.000000
54.763237,-288.491597,329.919000
32.514829,-236.431568,321.867000
-21.409134,-274.154300,313.815000
-19.867642,-280.215620,338.730000
6.357535,-285.668827,345.000000
364.000000,-150.900000,308.882000
257.866000,-131.500000,304.734000
250.000000,-137.611000,317.586000
272.230000,-228.500000,313.421000
321.934000,-196.878000,320.000000
326.494000,-137.514000,320.000000
311.830809,-45.551337,305.086000
314.424397,-41.566033,315.670000
288.245216,-24.846076,312.240000
262.761707,-59.566963,308.824000
290.148615,-57.311621,317.000000
209.000000,-93.005000,310.952000
203.224000,0.000000,310.708000
171.000000,-26.980000,310.463000
186.770000,-95.000000,310.219000
171.950000,-43.035000,311.000000
170.000000,-186.835000,323.305000
125.290000,0.000000,320.621000
0.000000,-84.710000,317.926000
89.420000,-215.000000,315.242000
37.740000,-73.745000,326.000000
154.020000,-72.455000,326.000000
102.680000,-130.290000,326.000000
68.510000,-17.845000,326.000000
