1522.700000,-1109.055000,305.266000
1519.538000,-1072.200000,304.778000
1505.700000,-1084.602000,304.288000
1513.333000,-1111.200000,305.800000
1511.565000,-1088.541000,306.000000
1493.900000,-1085.308000,307.656000
1489.844000,-1052.600000,307.168000
1469.900000,-1062.834000,306.678000
1480.268000,-1086.600000,306.190000
1473.476000,-1067.424000,308.000000
1570.100000,-983.000000,301.161000
1565.236000,-963.400000,306.453000
1538.100000,-969.060000,304.745000
1551.380000,-983.400000,303.030000
1568.628000,-972.480000,308.000000
1526.200000,-982.810000,305.380000
1524.190000,-952.900000,320.480000
1511.200000,-960.880000,315.600000
1517.155000,-982.900000,310.700000
1522.585000,-967.030000,321.000000
1508.400000,-956.720000,304.726000
1503.486000,-956.300000,302.521000
1466.400000,-963.244000,309.325000
1482.360000,-984.300000,307.129000
1490.088000,-969.964000,310.000000
1483.247476,-721.033225,316.443000
1480.796077,-721.547098,309.855000
1479.732752,-742.285259,303.240000
1515.045904,-760.688515,323.652000
1495.127559,-745.260937,327.000000
1427.300000,-571.793000,322.472000
1425.332000,-569.000000,318.080000
1403.300000,-581.198000,313.688000
1411.580000,-626.000000,309.278000
1407.452000,-598.811000,326.000000
1390.800000,-622.938000,308.000000
1386.900000,-622.000000,314.040000
1330.800000,-624.744000,312.088000
1350.480000,-636.000000,310.128000
1389.480000,-629.574000,316.000000
1366.100000,-578.464000,310.145000
1365.284000,-574.600000,318.450000
1349.100000,-582.834000,315.766000
1354.387000,-620.600000,313.082000
1362.411000,-600.268000,319.000000
1347.700000,-584.741000,308.780000
1346.950000,-580.600000,308.292000
1322.700000,-587.242000,309.802000
1330.025000,-621.600000,309.314000
1337.400000,-604.175000,310.000000
1448.900000,-1082.913000,308.925000
1448.419000,-1079.700000,307.705000
1411.900000,-1083.588000,306.480000
1422.112000,-1106.700000,310.260000
1426.404000,-1095.711000,311.000000
1344.200000,-1078.524000,308.000000
1324.300000,-1073.900000,308.000000
1324.200000,-1078.218000,308.000000
1329.380000,-1107.900000,308.000000
1328.140000,-1094.640000,308.000000
1442.100000,-1045.260000,318.616000
1408.848000,-1042.200000,314.696000
1408.100000,-1044.400000,310.792000
1416.294000,-1062.200000,306.888000
1408.168000,-1054.740000,319.000000
1434.000000,-1009.762000,306.420000
1348.471000,-1006.000000,321.540000
1345.000000,-1008.024000,316.640000
1364.936000,-1028.000000,311.760000
1416.823000,-1020.190000,323.000000
1344.900000,-1020.392000,312.222000
1286.434000,-1009.300000,308.074000
1282.900000,-1013.725000,320.909000
1295.672000,-1068.300000,316.761000
1320.782000,-1048.358000,323.000000
1446.100000,-949.304000,309.854000
1423.876000,-942.300000,306.438000
1422.100000,-944.272000,303.022000
1426.636000,-976.300000,313.592000
1432.084000,-965.386000,316.000000
1399.000000,-962.159000,305.271000
1358.095000,-954.800000,304.536000
1354.000000,-956.120000,303.804000
1361.740000,-987.800000,303.069000
1363.945000,-977.801000,306.000000
1337.700000,-959.220000,307.808000
1323.444000,-951.300000,306.828000
1321.700000,-952.059000,305.852000
1324.164000,-984.300000,304.876000
1322.116000,-974.862000,308.000000
1430.300000,-920.044000,308.027000
1389.222000,-915.400000,339.023000
1383.300000,-915.490000,328.978000
1389.739000,-933.400000,318.974000
1422.357000,-928.558000,343.000000
1308.000000,-856.300000,324.416000
1292.574000,-836.500000,312.704000
1290.000000,-907.636000,348.992000
1292.160000,-908.500000,337.232000
1301.430000,-890.428000,356.000000
1302.100000,-760.792000,322.602000
1289.515000,-753.200000,315.497000
1287.100000,-778.446000,308.421000
1288.630000,-779.200000,330.316000
1293.700000,-773.116000,336.000000
1356.800000,-784.450000,328.257000
1297.616000,-779.800000,321.152000
1284.800000,-794.095000,314.076000
1290.920000,-794.800000,307.000000
1302.440000,-791.560000,336.000000
1451.000000,-766.505000,333.408000
1366.580000,-761.600000,324.624000
1346.000000,-775.640000,315.804000
1353.140000,-776.600000,307.020000
1351.250000,-773.615000,336.000000
1446.700000,-735.928000,304.428000
1435.682000,-723.200000,331.644000
1432.700000,-757.203000,322.824000
1433.400000,-760.200000,314.040000
1444.656000,-753.466000,336.000000
1445.200000,-711.330000,315.264000
1380.520000,-705.900000,303.552000
1361.200000,-719.415000,339.840000
1363.972000,-720.900000,328.080000
1416.556000,-718.440000,348.000000
1359.800000,-715.523000,333.588000
1347.768000,-701.500000,323.298000
1343.800000,-734.208000,313.050000
1344.040000,-738.500000,344.802000
1351.224000,-733.061000,354.000000
1342.600000,-704.658000,341.778000
1315.405000,-699.100000,331.530000
1305.600000,-711.238000,321.240000
1342.526000,-713.100000,352.992000
1315.553000,-711.280000,354.000000
1302.800000,-716.448000,349.968000
1290.594000,-703.200000,339.720000
1285.800000,-730.368000,329.430000
1302.477000,-735.200000,319.182000
1287.041000,-731.616000,354.000000
1268.400000,-1066.605000,308.683000
1250.900000,-1042.900000,321.535000
1243.400000,-1088.660000,317.387000
1267.475000,-1097.900000,313.222000
1265.350000,-1092.675000,324.000000
1228.600000,-1087.419000,308.475000
1221.770000,-1073.500000,307.250000
1218.600000,-1098.734000,311.030000
1228.060000,-1104.500000,309.805000
1225.430000,-1102.082000,312.000000
1220.900000,-1099.160000,310.470000
1200.254000,-1094.500000,309.735000
1189.900000,-1102.470000,309.003000
1218.699000,-1104.500000,311.271000
1205.028000,-1103.900000,312.000000
1216.600000,-1063.945000,307.685000
1211.416000,-1056.700000,307.441000
1208.600000,-1068.400000,307.196000
1215.888000,-1071.700000,307.952000
1210.944000,-1071.055000,308.000000
1195.000000,-1069.036000,311.640000
1188.690000,-1051.000000,310.908000
1185.000000,-1078.432000,310.176000
1193.940000,-1087.000000,309.441000
1185.970000,-1086.100000,312.000000
1187.000000,-1091.168000,310.836000
1177.805000,-1077.700000,319.141000
1172.000000,-1097.070000,316.457000
1185.155000,-1103.700000,313.762000
1185.530000,-1103.492000,321.000000
1148.400000,-1090.975000,311.000000
1118.600000,-1077.600000,311.000000
1098.400000,-1095.800000,311.000000
1141.350000,-1102.600000,311.000000
1133.750000,-1077.825000,311.000000
1231.100000,-1010.166000,309.932000
1218.362000,-998.000000,309.444000
1209.100000,-1013.620000,310.954000
1227.624000,-1020.000000,310.466000
1220.364000,-998.594000,311.000000
1206.100000,-1028.070000,312.305000
1198.246000,-1004.700000,311.085000
1192.100000,-1033.113000,309.860000
1203.636000,-1045.700000,313.640000
1196.524000,-1006.504000,314.000000
1143.300000,-1027.536000,323.984000
1122.628000,-999.900000,320.568000
1105.300000,-1031.672000,317.152000
1135.966000,-1046.900000,313.722000
1109.898000,-1002.767000,326.000000
1268.000000,-931.250000,308.364000
1252.717000,-925.200000,313.649000
1239.000000,-931.780000,311.941000
1261.910000,-935.200000,310.233000
1265.854000,-925.990000,315.000000
1238.900000,-967.826000,310.988000
1232.283000,-947.300000,310.012000
1225.900000,-968.453000,313.032000
1235.936000,-980.300000,312.056000
1235.403000,-950.468000,314.000000
1224.200000,-967.320000,311.768000
1218.296000,-949.400000,310.792000
1212.200000,-966.844000,313.812000
1221.260000,-977.400000,312.836000
1218.620000,-952.564000,314.000000
1179.800000,-973.184000,312.548000
1168.875000,-965.300000,311.572000
1156.800000,-972.572000,310.596000
1173.774000,-977.300000,313.616000
1164.620000,-966.872000,314.000000
1190.200000,-955.020000,324.161000
1160.038000,-934.800000,319.996000
1124.200000,-952.470000,315.848000
1171.720000,-964.800000,311.683000
1133.770000,-939.240000,327.000000
1268.300000,-868.724000,309.140000
1262.140000,-853.500000,312.915000
1254.300000,-866.062000,311.695000
1264.142000,-875.500000,310.475000
1267.600000,-857.152000,314.000000
1257.000000,-844.989000,311.446000
1251.936000,-830.100000,312.958000
1245.000000,-841.734000,312.468000
1253.232000,-851.100000,311.980000
1254.048000,-833.943000,313.000000
1157.500000,-864.380000,316.000000
1152.235000,-842.600000,316.000000
1144.500000,-858.710000,316.000000
1153.184000,-872.600000,316.000000
1151.767000,-848.600000,316.000000
1145.100000,-868.860000,316.000000
1131.520000,-857.700000,316.000000
1110.100000,-865.485000,316.000000
1132.885000,-872.700000,316.000000
1122.840000,-860.970000,316.000000
1259.300000,-796.949000,310.191000
1251.900000,-790.100000,310.436000
1239.300000,-794.618000,310.680000
1251.960000,-799.100000,310.924000
1242.680000,-792.215000,310.000000
1213.100000,-796.619000,313.000000
1208.511000,-749.100000,313.000000
1200.100000,-778.685000,313.000000
1208.108000,-810.100000,313.000000
1212.762000,-764.472000,313.000000
1200.200000,-797.056000,316.383000
1195.832000,-748.500000,329.235000
1187.200000,-776.987000,325.070000
1194.987000,-809.500000,320.922000
1197.314000,-764.970000,330.000000
1142.500000,-802.138000,320.758000
1130.734000,-781.000000,319.050000
1105.500000,-792.700000,324.342000
1126.997000,-807.000000,322.627000
1127.071000,-788.462000,325.000000
1270.600000,-750.603000,314.360000
1255.550000,-739.800000,313.380000
1220.600000,-745.416000,312.404000
1248.800000,-752.800000,315.428000
1240.000000,-743.752000,316.000000
1238.100000,-726.212000,330.345000
1225.604000,-688.900000,326.197000
1194.100000,-707.160000,322.032000
1218.168000,-732.900000,317.884000
1202.592000,-703.068000,334.000000
1172.300000,-724.280000,318.960000
1165.384000,-696.600000,318.472000
1146.300000,-709.336000,317.982000
1160.054000,-728.600000,317.494000
1172.222000,-707.448000,319.000000
1138.700000,-698.745000,319.525000
1131.728000,-685.500000,321.793000
1110.700000,-691.200000,321.061000
1125.036000,-700.500000,320.326000
1133.156000,-690.855000,322.000000
1202.900000,-661.300000,326.533000
1183.958000,-641.500000,320.898000
1120.900000,-649.486000,338.286000
1161.490000,-663.500000,332.651000
1170.674000,-649.728000,341.000000
1148.800000,-640.148000,319.962000
1140.240000,-599.800000,318.247000
1108.800000,-615.024000,316.539000
1127.880000,-643.800000,321.831000
1125.280000,-617.004000,323.000000
1251.400000,-632.380000,318.371000
1232.094000,-587.500000,315.687000
1153.400000,-603.244000,312.992000
1198.480000,-635.500000,310.308000
1174.568000,-607.132000,321.000000
1253.000000,-583.992000,336.592000
1237.785000,-564.000000,328.784000
1168.000000,-570.531000,320.976000
1205.570000,-585.000000,313.136000
1169.785000,-572.946000,338.000000
994.600000,-1095.146000,326.184000
985.852000,-1062.200000,376.769000
940.600000,-1072.196000,360.421000
963.550000,-1096.200000,344.006000
985.204000,-1077.262000,383.000000
1076.100000,-1051.498000,318.246000
1071.170000,-998.200000,313.836000
1042.100000,-1013.104000,327.444000
1055.972000,-1052.200000,323.052000
1063.554000,-1023.094000,330.000000
1024.800000,-995.516000,322.878000
1012.354000,-995.300000,320.682000
926.800000,-1009.286000,318.477000
965.020000,-1049.300000,325.281000
969.528000,-1021.112000,327.000000
995.200000,-932.624000,371.327000
988.270000,-931.700000,354.003000
932.200000,-941.822000,336.608000
955.699000,-973.700000,319.284000
947.320000,-952.490000,390.000000
1073.100000,-886.894000,328.048000
1067.334000,-885.100000,324.632000
1011.100000,-895.404000,321.216000
1033.172000,-931.100000,317.786000
1013.890000,-908.698000,329.000000
1021.800000,-827.120000,320.768000
1019.325000,-824.600000,325.298000
988.800000,-833.915000,323.834000
999.954000,-869.600000,322.370000
1016.850000,-848.450000,326.000000
1078.200000,-755.396000,333.181000
1076.460000,-751.400000,321.713000
1048.200000,-761.606000,357.198000
1057.830000,-805.400000,345.730000
1067.850000,-780.992000,365.000000
1028.200000,-762.468000,331.396000
1026.396000,-758.100000,326.028000
984.200000,-766.356000,320.638000
997.576000,-806.100000,337.270000
1004.396000,-785.220000,342.000000
986.200000,-749.680000,338.973000
984.912000,-743.200000,333.849000
930.200000,-752.500000,328.725000
946.216000,-803.200000,344.580000
944.984000,-778.120000,345.000000
1023.800000,-687.212000,343.180000
1023.248000,-679.400000,338.280000
931.800000,-687.894000,333.400000
956.548000,-741.400000,328.500000
938.148000,-716.600000,345.000000
1083.800000,-613.180000,319.728000
1039.340000,-604.600000,325.013000
1038.800000,-611.800000,323.305000
1050.140000,-664.600000,321.597000
1078.130000,-641.620000,326.000000
987.100000,-615.840000,324.598000
969.622000,-606.400000,324.110000
969.100000,-612.477000,325.620000
973.312000,-665.400000,325.132000
981.304000,-643.806000,326.000000
965.000000,-632.786000,334.398000
949.736000,-626.200000,330.250000
949.000000,-629.345000,326.102000
952.472000,-663.200000,338.937000
956.728000,-650.324000,343.000000
1066.900000,-552.530000,334.420000
939.604000,-542.000000,330.010000
930.900000,-545.672000,325.618000
957.964000,-596.000000,339.208000
970.068000,-578.126000,340.000000
813.700000,-1068.133000,328.735000
782.454000,-1059.400000,326.040000
779.700000,-1061.491000,323.356000
785.888000,-1100.400000,320.672000
782.862000,-1087.526000,330.000000
892.700000,-1012.390000,325.280000
826.854000,-988.700000,337.376000
819.700000,-992.099000,333.456000
831.745000,-1091.700000,329.552000
885.254000,-1061.212000,340.000000
809.800000,-1010.620000,327.575000
784.164000,-995.800000,324.403000
780.800000,-996.760000,334.218000
785.063000,-1055.800000,331.046000
801.158000,-1039.060000,337.000000
773.400000,-1078.825000,329.520000
728.316000,-1072.200000,325.616000
721.400000,-1097.150000,337.712000
728.160000,-1097.200000,333.792000
747.764000,-1090.650000,338.000000
772.800000,-1015.992000,396.928000
751.550000,-1000.200000,370.468000
747.800000,-1055.136000,344.116000
750.625000,-1056.200000,425.764000
755.600000,-1042.536000,433.000000
840.300000,-936.747000,390.158000
793.708000,-920.900000,371.126000
784.300000,-971.992000,352.016000
789.620000,-973.900000,332.984000
790.852000,-961.869000,401.000000
844.200000,-845.122000,331.176000
793.670000,-824.200000,347.052000
782.200000,-886.636000,341.907000
787.036000,-890.200000,336.783000
839.302000,-876.406000,351.000000
769.300000,-841.066000,345.813000
754.954000,-824.700000,330.441000
751.300000,-870.221000,378.069000
752.398000,-873.700000,362.634000
764.368000,-864.292000,393.000000
752.334419,-846.291698,358.161000
747.651583,-826.995621,342.726000
727.320196,-861.770346,390.354000
726.287475,-865.564975,374.919000
736.637207,-861.940350,393.000000
869.700000,-750.818000,336.556000
831.550000,-742.700000,332.146000
819.700000,-762.368000,327.754000
821.000000,-764.700000,341.362000
836.500000,-761.246000,343.000000
907.900000,-759.260000,340.066000
881.825000,-736.100000,335.674000
872.900000,-788.720000,331.264000
873.180000,-796.100000,326.872000
877.800000,-787.700000,343.000000
833.443013,-789.145284,339.272000
811.795010,-759.722043,487.448000
785.097277,-784.630046,439.624000
822.112285,-810.124422,391.604000
822.538690,-804.803757,529.000000
909.000000,-644.393000,332.472000
864.207000,-630.500000,350.592000
846.000000,-658.286000,344.736000
907.362000,-663.500000,338.856000
893.250000,-660.035000,351.000000
840.600000,-651.874000,361.879000
804.564000,-641.800000,343.994000
788.600000,-660.775000,399.182000
838.312000,-664.800000,381.370000
817.460000,-662.776000,404.000000
897.700000,-609.016000,457.870000
842.268000,-592.600000,405.410000
839.644000,-592.600000,426.050000
815.700000,-621.652000,352.735000
892.698000,-628.600000,515.275000
879.086000,-628.600000,520.005000
906.700000,-561.339000,337.195000
826.302000,-541.000000,333.535000
784.700000,-574.970000,329.860000
897.184000,-584.000000,326.200000
804.708000,-581.721000,340.000000
551.692691,-1141.012293,325.240000
542.135382,-1115.061263,347.920000
517.454074,-1129.182924,340.600000
539.495908,-1153.086108,333.250000
542.046290,-1153.373375,355.000000
531.818462,-1167.159474,358.436000
506.146658,-1132.686379,478.481000
517.139696,-1140.101277,426.806000
474.063642,-1136.545559,439.685000
518.025739,-1174.473024,400.889000
496.416875,-1159.897660,337.448000
512.218292,-1169.947917,485.000000
498.919881,-1099.534838,350.339000
503.479300,-1081.806720,335.455000
482.957216,-1089.299477,381.510000
487.111230,-1106.086278,366.626000
483.836610,-1101.997966,387.000000
583.429923,-1074.072406,389.746000
588.366419,-1027.632433,363.150000
539.702324,-1037.423781,336.445000
556.502212,-1085.213373,418.849000
586.621150,-1027.028084,434.000000
620.036227,-1033.291559,351.248000
609.210402,-1007.464895,343.440000
588.902322,-998.025598,335.632000
610.368628,-1031.141406,327.792000
601.741746,-998.998245,358.000000
637.490976,-1000.503504,336.835000
646.164335,-969.955417,334.140000
612.911502,-977.944503,331.456000
618.897536,-1007.789433,328.761000
655.740648,-985.427969,337.000000
657.962064,-958.480870,334.020000
669.539354,-938.740917,363.465000
646.451941,-948.500191,353.949000
644.743314,-965.324924,344.433000
670.799236,-944.186652,366.000000
433.362655,-1098.000399,328.375000
437.303331,-1062.022669,328.131000
401.252991,-1060.951074,328.886000
414.006721,-1099.992411,328.642000
438.258357,-1068.941553,329.000000
450.873107,-1049.600732,365.050000
458.301611,-1026.790462,349.190000
434.386433,-1029.495628,333.330000
437.801682,-1052.323662,382.405000
454.251166,-1027.025975,393.000000
518.695730,-1027.904992,375.024000
527.262878,-1006.613649,359.344000
504.968199,-1009.425858,343.728000
506.543881,-1030.287307,328.048000
519.986161,-1003.538791,390.000000
500.876367,-1004.349478,375.089000
512.163234,-981.358873,363.084000
488.170005,-985.043417,351.128000
487.843525,-1006.942083,339.172000
500.955319,-975.193196,377.000000
545.375065,-1007.230616,333.304000
543.313490,-977.631789,359.008000
513.315200,-963.707166,350.678000
529.424119,-1000.205238,342.382000
549.545507,-991.485126,362.000000
585.564672,-972.150802,329.755000
609.436544,-933.876067,328.535000
570.567576,-940.545385,332.310000
564.790839,-975.673173,331.090000
602.497739,-942.076239,333.000000
562.309548,-944.197666,360.122000
591.812320,-911.228704,346.214000
559.622699,-924.498521,332.306000
545.412070,-950.859127,375.341000
581.157637,-916.487959,386.000000
638.181658,-923.603893,341.356000
657.671522,-884.775449,336.946000
618.381315,-881.733715,332.554000
617.376485,-920.822073,328.162000
638.619677,-879.010399,346.000000
683.959925,-863.998025,452.621000
704.749768,-830.003803,420.169000
671.220606,-829.277538,387.584000
666.443126,-862.149825,355.132000
683.275725,-821.361995,461.000000
724.788947,-815.507917,338.108000
733.542181,-795.808158,390.272000
713.101318,-790.229864,373.367000
713.926623,-811.310355,356.531000
732.374711,-803.979998,398.000000
763.900000,-690.434000,350.023000
756.634000,-675.500000,338.067000
742.900000,-684.582000,375.111000
755.689000,-694.500000,363.106000
756.550000,-680.421000,383.000000
735.585679,-713.608782,350.920000
738.125507,-692.501594,341.120000
712.330922,-674.535932,331.360000
721.122500,-701.695928,361.560000
727.918394,-688.259849,370.000000
766.000000,-642.160000,360.848000
743.297000,-578.200000,352.028000
693.000000,-612.754000,343.244000
734.902000,-656.200000,370.460000
711.980000,-601.132000,371.000000
765.700000,-571.120000,352.260000
748.060000,-537.600000,347.380000
705.700000,-554.600000,342.480000
739.120000,-577.600000,337.600000
709.540000,-550.040000,354.000000
708.600000,-572.310000,349.220000
696.966000,-536.400000,511.760000
666.600000,-553.536000,459.300000
689.280000,-578.400000,406.625000
418.645401,-1025.563292,341.160000
430.988834,-999.237511,331.360000
399.022918,-978.402046,361.600000
400.921218,-1009.777569,351.800000
420.856000,-1003.218486,369.000000
464.336850,-981.202578,368.918000
477.789121,-952.559582,348.828000
441.322690,-926.493782,328.820000
443.845021,-961.490613,390.812000
458.728843,-947.530954,410.000000
489.844058,-956.112651,331.470000
503.941811,-930.284808,330.250000
471.224261,-906.852687,329.025000
471.565218,-937.973518,332.805000
479.577751,-918.360150,333.000000
528.709018,-927.124290,347.669000
563.977831,-882.582614,342.545000
518.227618,-858.406386,337.400000
505.152844,-905.280749,332.276000
518.799333,-864.737511,350.000000
585.329895,-883.746766,330.260000
625.667058,-843.747846,341.600000
595.406742,-836.983910,337.940000
572.298279,-873.183836,334.265000
607.836503,-861.390776,344.000000
561.238506,-860.022931,328.960000
580.349702,-837.907310,327.245000
557.629812,-824.342407,332.537000
549.615636,-847.624371,330.829000
567.800227,-843.051313,334.000000
573.353095,-827.837257,343.625000
596.356837,-806.616373,335.085000
582.306444,-803.859103,361.510000
567.994809,-822.440689,352.970000
582.367977,-812.223396,362.000000
616.259811,-802.187104,347.440000
636.924896,-781.901391,339.632000
620.012897,-773.412723,331.792000
608.585329,-792.986397,355.984000
619.392015,-781.816207,358.000000
684.670998,-794.412840,339.110000
680.538838,-788.803151,335.694000
642.738942,-753.736695,332.278000
639.860815,-784.651433,328.848000
641.575832,-763.037353,341.000000
735.295155,-745.244055,332.891000
733.406389,-740.146736,356.296000
694.270240,-714.127398,348.732000
670.069175,-757.272734,341.137000
710.628073,-759.879012,362.000000
439.752133,-914.563047,333.608000
437.576304,-909.463996,329.198000
396.348834,-869.931252,342.806000
389.885394,-903.008146,338.414000
416.749050,-911.011988,347.000000
466.748092,-890.435394,336.569000
466.291178,-886.867912,331.933000
435.234605,-858.050332,346.278000
425.956829,-884.729611,341.642000
442.273673,-882.807806,347.000000
525.021236,-845.201794,338.336000
527.739019,-840.835360,334.432000
499.544158,-823.369659,330.528000
467.922853,-862.309490,342.608000
489.025699,-845.942614,344.000000
487.285590,-823.647319,354.102000
490.046957,-820.361212,346.507000
469.942943,-806.808888,338.943000
446.525313,-834.944133,331.348000
458.396213,-820.359229,359.000000
551.742316,-819.252528,328.073000
553.974110,-817.074670,349.968000
539.722112,-805.824625,342.892000
525.005093,-824.204339,335.816000
541.128064,-826.481242,356.000000
538.954824,-797.182664,328.392000
520.680140,-768.275136,332.928000
517.627874,-770.703062,331.458000
502.950350,-794.051141,329.994000
522.468997,-799.420167,333.000000
578.439644,-795.206515,331.551000
544.895003,-746.631762,328.379000
541.543053,-747.879211,338.194000
530.076449,-776.002844,335.022000
550.396978,-783.172510,339.000000
592.051352,-742.472238,329.732000
587.191978,-729.041174,328.268000
584.785832,-730.341106,326.804000
567.114694,-748.740234,331.334000
576.054307,-743.806951,332.000000
627.613156,-734.187258,333.180000
612.855391,-707.143898,330.730000
609.969542,-707.298468,328.290000
592.702717,-729.927891,325.850000
599.646008,-722.246510,335.000000
602.846862,-713.188809,324.429000
603.653275,-694.604794,349.377000
600.091289,-696.118835,341.292000
557.389588,-734.403858,333.240000
580.046071,-730.976977,357.000000
684.450324,-703.630369,329.160000
659.698299,-652.089156,344.280000
654.268442,-649.578842,339.380000
616.409344,-693.972693,334.500000
653.527168,-710.539718,345.000000
337.776649,-1018.509346,329.836000
270.027274,-917.898983,326.908000
260.197397,-907.619244,335.980000
239.558493,-951.778880,333.040000
285.007910,-987.239085,337.000000
378.240136,-966.922615,346.965000
378.457337,-938.534525,338.390000
376.025580,-936.546937,329.850000
323.547435,-983.546560,356.275000
342.315867,-976.036572,361.000000
356.695503,-948.783408,347.468000
308.035298,-865.353597,342.078000
256.667470,-886.954200,336.710000
264.881889,-897.870424,331.342000
279.844317,-894.466737,352.000000
384.378624,-864.733004,457.548000
355.389796,-810.106535,425.340000
317.241411,-826.452958,393.000000
321.215947,-833.054991,360.792000
368.731836,-876.291762,459.000000
406.002601,-838.051734,331.048000
381.985442,-793.805848,347.680000
353.065717,-803.713604,342.312000
355.386011,-808.628758,336.922000
387.135426,-837.348517,349.000000
463.157949,-788.635275,332.320000
439.955460,-746.081878,328.890000
413.123537,-753.233529,339.474000
414.479801,-757.525484,336.044000
438.285814,-778.256970,341.000000
497.633711,-760.335437,326.000000
476.483447,-718.503259,326.000000
448.038996,-725.864390,326.000000
448.252124,-729.721934,326.000000
465.160215,-742.076619,326.000000
577.396112,-687.799929,337.320000
572.329896,-665.046511,333.416000
548.076595,-676.799898,329.496000
546.547258,-679.289061,325.592000
553.256077,-679.832078,341.000000
554.781025,-708.779883,329.825000
544.224376,-678.416880,328.605000
518.091683,-687.019944,327.380000
516.023259,-689.672857,326.160000
519.227634,-686.717713,330.000000
535.580891,-671.144519,327.560000
542.211743,-652.480161,339.656000
510.830365,-673.172466,335.752000
506.494930,-676.701247,331.832000
518.128783,-681.980279,341.000000
589.514110,-641.763753,332.256000
585.659910,-618.006775,325.886000
561.327661,-627.243932,345.542000
575.929564,-652.128885,339.198000
571.955218,-641.846421,349.000000
286.978479,-837.534350,346.285000
281.579090,-816.391709,337.745000
264.343655,-817.980961,329.170000
277.995577,-842.655964,355.630000
270.458354,-828.816254,362.000000
263.062053,-857.707070,330.444000
235.378417,-796.454793,327.028000
193.122387,-791.950620,323.598000
243.975111,-866.698672,320.182000
203.858864,-811.451293,334.000000
324.618203,-800.021549,326.000000
313.175256,-762.042017,326.000000
281.813695,-763.840493,326.000000
308.868879,-807.846909,326.000000
279.655242,-768.106802,326.000000
290.792685,-709.432901,324.548000
297.098748,-692.158106,327.568000
274.414581,-706.808226,326.592000
277.011094,-720.562645,325.612000
277.514278,-718.796761,328.000000
349.319976,-709.747878,327.324000
351.998844,-698.693941,325.609000
338.795849,-705.828046,330.901000
341.577958,-715.445098,329.193000
340.288467,-713.222282,332.000000
337.554442,-696.373014,326.635000
341.850826,-686.578063,325.415000
329.561383,-694.202910,324.190000
330.192935,-701.979265,327.970000
328.313500,-699.618862,329.000000
366.256612,-690.580736,326.888000
364.464068,-669.408629,325.912000
344.109586,-671.307486,324.936000
355.457114,-694.456207,327.956000
361.636791,-666.253901,328.000000
402.393936,-678.430363,329.672000
398.528923,-656.299671,328.692000
381.662336,-676.545855,327.716000
393.771773,-692.011030,326.736000
391.565596,-654.448804,330.000000
428.941506,-652.871550,328.147000
428.586363,-625.805479,342.492000
402.713835,-639.562195,337.856000
415.144654,-663.131235,333.220000
437.683724,-634.475328,345.000000
402.691096,-604.912738,338.092000
381.659116,-627.252048,326.136000
366.913313,-647.994421,363.131000
396.807860,-613.865650,351.175000
389.603563,-618.054921,372.000000
557.165716,-596.334874,334.072000
575.936095,-568.131071,328.216000
543.113555,-584.628706,322.336000
538.306862,-607.295384,340.480000
572.879895,-570.789516,346.000000
562.900000,-546.299000,338.752000
542.380000,-533.300000,332.896000
522.900000,-546.824000,327.040000
553.940000,-554.300000,345.160000
534.060000,-535.253000,346.000000
502.531261,-655.201269,350.926000
510.992554,-630.654633,343.821000
485.417300,-634.315591,336.745000
488.571881,-658.385049,329.669000
500.736716,-624.421738,354.000000
482.142359,-610.796614,321.000000
489.291337,-582.767365,321.000000
460.604002,-580.670550,321.000000
466.699665,-610.700768,321.000000
494.148696,-596.204378,321.000000
470.500000,-567.897000,321.000000
465.890000,-563.200000,321.000000
460.500000,-567.344000,321.000000
467.740000,-570.200000,321.000000
467.430000,-564.215000,321.000000
450.424397,-583.539825,321.000000
451.070762,-570.403214,321.000000
441.963980,-577.833820,321.000000
445.559041,-587.603244,321.000000
449.409768,-572.871463,321.000000
428.514327,-591.404300,323.700000
431.467476,-569.914072,322.720000
419.748351,-583.395644,321.744000
422.245836,-598.489613,324.764000
426.798177,-573.944457,325.000000
479.100000,-553.730000,321.000000
461.964000,-546.500000,321.000000
437.100000,-551.900000,321.000000
465.324000,-556.500000,321.000000
441.636000,-548.470000,321.000000
406.783862,-577.447637,321.000000
413.589131,-548.376407,321.000000
400.497583,-565.793234,321.000000
399.871087,-585.953232,321.000000
413.397782,-557.454837,321.000000
394.974018,-562.910018,321.000000
398.064953,-542.335984,321.000000
387.725844,-553.208134,321.000000
389.423252,-567.915919,321.000000
396.896872,-548.557027,321.000000
1329.545521,-502.682994,329.536000
1358.456937,-478.109419,315.816000
1331.413280,-477.637243,358.152000
1316.220666,-500.921106,344.432000
1346.761400,-481.663088,360.000000
1269.500000,-518.390000,327.228000
1247.465000,-494.600000,320.368000
1204.500000,-508.730000,313.536000
1243.630000,-524.600000,334.704000
1225.755000,-502.580000,337.000000
1269.000000,-447.790000,324.766000
1260.306000,-416.200000,319.642000
1242.000000,-433.867000,314.497000
1257.795000,-455.200000,309.373000
1245.564000,-427.276000,328.000000
1188.300000,-522.864000,310.574000
1172.492000,-496.400000,321.158000
1136.300000,-510.352000,317.728000
1165.784000,-528.400000,314.312000
1184.972000,-506.032000,324.000000
1131.300000,-520.400000,313.708000
1124.125000,-486.600000,315.976000
1106.300000,-503.320000,315.244000
1120.050000,-526.600000,314.509000
1124.825000,-499.320000,316.000000
1190.100000,-465.216000,315.456000
1169.580000,-449.700000,313.496000
1114.100000,-456.918000,319.544000
1154.608000,-467.700000,317.592000
1155.596000,-455.748000,320.000000
1203.900000,-439.044000,329.318000
1180.212000,-407.400000,321.022000
1109.900000,-421.224000,312.692000
1158.310000,-443.400000,338.396000
1142.894000,-420.108000,342.000000
963.800000,-516.831000,326.466000
955.810000,-496.200000,325.734000
929.800000,-504.618000,324.999000
946.732000,-519.200000,324.267000
935.070000,-504.733000,327.000000
1005.000000,-461.020000,322.442000
989.810000,-433.600000,342.098000
935.000000,-444.070000,335.754000
968.670000,-463.600000,329.384000
1002.200000,-445.240000,348.000000
912.300000,-522.830000,346.300000
902.300000,-494.900000,421.800000
862.300000,-504.860000,397.400000
885.450000,-524.900000,372.900000
900.550000,-507.050000,425.000000
911.700000,-482.260000,332.200000
906.942000,-444.300000,326.075000
885.700000,-456.860000,344.975000
897.296000,-484.300000,338.875000
900.520000,-461.220000,347.000000
914.100000,-431.180000,383.712000
905.850000,-402.200000,358.336000
864.100000,-411.110000,332.856000
885.500000,-432.200000,411.480000
882.800000,-415.400000,425.000000
864.200000,-491.777000,394.042000
855.024000,-473.100000,374.766000
802.200000,-478.420000,355.490000
827.682000,-492.100000,336.135000
813.298000,-481.783000,410.000000
863.600000,-433.219000,409.526000
855.478000,-433.200000,390.171000
801.600000,-438.178000,370.895000
826.028000,-452.200000,351.540000
862.608000,-442.225000,410.000000
772.000000,-402.196000,349.443000
772.000000,-454.046000,349.878000
759.118000,-400.000000,415.128000
658.000000,-429.890000,393.900000
658.000000,-476.006000,387.984000
700.864000,-522.000000,372.672000
747.946000,-460.024000,420.000000
764.020000,-438.064000,420.000000
634.400000,-402.464000,350.344000
628.736000,-398.000000,334.240000
575.400000,-426.148000,384.070000
596.581000,-522.000000,367.966000
610.446000,-461.116000,391.000000
574.200000,-405.819000,343.318000
569.697000,-399.300000,333.070000
517.200000,-425.130000,322.780000
536.694000,-522.300000,354.532000
539.886000,-464.121000,361.000000
480.900000,-472.430000,340.672000
479.070000,-469.700000,333.840000
450.900000,-477.227000,327.008000
460.620000,-508.700000,320.148000
456.990000,-490.916000,347.000000
405.300000,-479.396000,324.760000
404.156000,-475.700000,322.800000
379.300000,-483.050000,320.848000
387.282000,-517.700000,318.896000
379.508000,-499.304000,325.000000
499.500000,-404.905000,316.670000
498.258000,-398.500000,315.158000
453.500000,-408.138000,315.648000
466.840000,-459.500000,316.136000
490.898000,-433.819000,315.000000
1271.200000,-299.706000,337.600000
1270.885000,-290.800000,316.860000
1236.200000,-301.093000,381.035000
1245.720000,-363.800000,360.295000
1257.795000,-334.308000,392.000000
1217.300000,-319.120000,361.285000
1167.700000,-315.900000,340.057000
1167.300000,-318.729000,318.829000
1180.050000,-338.900000,384.514000
1188.400000,-330.022000,400.000000
1167.900000,-292.485000,378.337000
1128.940000,-276.000000,357.022000
1127.900000,-287.130000,335.794000
1137.380000,-381.000000,314.479000
1136.980000,-342.255000,400.000000
1100.100000,-307.830000,462.468000
1004.400000,-300.000000,423.758000
1077.300000,-300.000000,456.306000
1000.100000,-304.005000,385.206000
1022.100000,-345.000000,346.654000
1029.500000,-345.000000,367.510000
1003.300000,-329.160000,471.000000
997.200000,-356.420000,334.369000
940.800000,-349.700000,416.773000
937.200000,-352.185000,390.068000
949.380000,-384.700000,363.472000
987.360000,-373.010000,428.000000
998.100000,-266.315000,355.624000
942.780000,-259.000000,329.028000
938.100000,-260.890000,411.432000
949.200000,-294.000000,384.727000
976.560000,-282.905000,428.000000
879.400000,-364.121000,362.772000
858.585000,-358.900000,345.377000
856.400000,-359.751000,328.053000
860.264000,-381.900000,381.658000
866.658000,-375.000000,396.000000
830.200000,-357.908000,380.344000
801.784000,-350.100000,362.704000
798.200000,-350.708000,345.136000
803.032000,-382.100000,399.568000
806.232000,-373.076000,400.000000
889.700000,-310.633000,398.604000
834.890000,-296.800000,378.596000
826.700000,-296.906000,358.506000
835.079000,-349.800000,338.498000
830.228000,-335.755000,405.000000
918.300000,-270.628000,324.287000
836.412000,-261.700000,332.603000
822.300000,-293.188000,329.908000
833.436000,-293.700000,327.224000
904.860000,-285.764000,334.000000
775.600000,-325.960000,363.008000
739.652000,-315.600000,336.412000
732.600000,-349.445000,418.816000
736.857000,-350.600000,392.111000
761.195000,-342.550000,438.000000
769.600000,-278.224000,371.212000
735.244000,-263.200000,349.407000
727.600000,-308.800000,327.691000
731.002000,-311.200000,394.975000
747.340000,-300.976000,415.000000
706.400000,-274.753000,334.248000
667.151000,-253.900000,330.344000
657.400000,-312.616000,326.424000
660.536000,-316.900000,338.520000
670.875000,-304.615000,339.000000
646.650000,-293.036000,369.390000
541.179900,-247.100000,355.970000
511.950000,-367.880000,342.495000
518.280900,-379.100000,329.075000
522.591300,-355.604000,375.000000
586.439100,-308.348000,375.000000
502.100000,-296.345000,313.278000
404.818000,-247.800000,348.054000
375.100000,-367.234000,336.830000
378.783000,-380.800000,325.560000
487.368000,-359.387000,355.000000
396.055000,-366.569000,355.000000
1095.100000,-189.738000,330.560000
987.244000,-156.800000,320.760000
951.100000,-232.480000,351.000000
952.828000,-242.800000,341.200000
1050.316000,-230.502000,359.000000
1062.988000,-184.492000,359.000000
921.400000,-190.100000,446.484000
921.400000,-226.250000,509.485000
866.575000,-160.100000,384.989000
872.650000,-160.100000,564.454000
846.400000,-224.825000,574.745000
846.400000,-173.825000,368.423000
920.950000,-235.100000,513.501000
900.100000,-235.100000,423.392000
994.700000,-77.807600,325.111000
961.142000,-70.200000,322.915000
947.700000,-85.597200,320.710000
993.619000,-88.400000,327.514000
961.706000,-86.416200,328.000000
999.489077,-52.770127,343.598000
972.331742,-39.549783,337.010000
956.998928,-50.833732,330.422000
995.884753,-61.890206,323.807000
960.954165,-53.067311,347.000000
854.462268,-113.534421,324.470000
838.824911,-93.311979,340.325000
821.080901,-99.510218,335.201000
847.200586,-120.828412,330.056000
846.936474,-119.025839,344.000000
889.454958,-85.039222,322.590000
861.311100,-53.874749,321.120000
833.530508,-59.425176,325.656000
878.694136,-93.626746,324.192000
868.467210,-85.589531,327.000000
920.467487,-19.976474,327.360000
898.066415,1.852694,323.456000
876.373837,-12.721350,335.536000
912.048558,-31.696463,331.632000
896.212623,-25.003364,336.000000
875.449363,4.357620,323.515000
869.893728,28.221938,320.343000
852.168943,1.471610,317.158000
866.515690,-14.056464,326.986000
855.564540,-9.243659,328.000000
783.200000,-215.934000,391.450000
758.800000,-191.400000,372.662000
743.200000,-226.227000,353.874000
778.120000,-238.400000,335.009000
748.280000,-238.212000,403.000000
712.800000,-214.450000,320.276000
686.160000,-187.500000,324.806000
667.800000,-223.700000,323.342000
706.320000,-237.500000,321.878000
709.740000,-188.150000,326.000000
638.700000,-206.920000,322.989000
596.150000,-195.800000,344.913000
564.700000,-209.940000,337.808000
626.712000,-215.800000,330.732000
619.238000,-196.400000,345.000000
423.000000,-212.460000,343.804000
404.586000,-189.500000,322.088000
390.000000,-217.060000,389.283000
417.093000,-229.500000,367.567000
407.853000,-191.420000,394.000000
776.400000,-101.360000,324.679000
746.700000,-65.900000,322.483000
721.400000,-106.220000,320.287000
765.565000,-125.900000,327.082000
740.430000,-69.800000,328.000000
769.250000,-23.060000,351.696000
713.027500,1.300000,339.936000
661.750000,-24.900000,328.224000
746.245000,-38.700000,316.464000
677.982500,-1.980000,360.000000
507.800000,-23.848000,303.506000
477.440000,6.200000,320.871000
447.800000,-24.376000,315.259000
493.940000,-41.800000,309.647000
505.160000,1.400000,326.000000
239.201180,-583.448063,322.217000
241.502812,-566.653570,322.973000
224.693470,-568.257288,322.728000
230.202539,-585.051781,322.484000
243.448063,-572.073543,323.000000
296.500000,-341.864000,312.412000
292.261000,-326.000000,312.168000
287.500000,-340.448000,312.924000
294.106000,-350.000000,312.679000
292.585000,-329.216000,313.000000
283.000000,-316.602000,312.608000
272.104000,-310.500000,312.363000
259.000000,-315.765000,312.119000
276.208000,-319.500000,312.874000
267.880000,-311.868000,313.000000
157.902964,-566.915753,328.424000
174.953291,-539.144142,326.464000
144.723648,-529.860227,324.512000
141.703290,-561.994912,322.560000
162.042597,-528.695658,330.000000
135.609025,-306.139712,314.996000
137.843482,-283.165813,314.508000
113.741748,-278.509515,314.018000
122.665435,-303.343105,313.530000
144.412504,-296.346283,315.000000
104.775593,-628.194970,339.791000
135.135930,-584.224242,405.563000
97.834633,-601.194804,384.248000
85.344299,-636.255987,363.020000
127.889500,-597.749780,410.000000
3.410803,-456.351978,323.880000
87.558382,-554.905506,321.440000
61.951906,-465.709920,329.000000
-7.263478,-411.397056,326.550000
67.851904,-522.378930,330.000000
130.634614,-453.365269,332.848000
171.099052,-396.753123,327.458000
117.979062,-401.443222,322.090000
103.378306,-452.948508,338.722000
147.595553,-401.393958,342.000000
61.888732,-328.480021,340.486000
115.130383,-374.556625,332.190000
103.602444,-328.409324,323.860000
58.942587,-305.653075,315.564000
111.581632,-347.825399,348.000000
31.202439,-312.052395,344.142000
54.644443,-258.561182,336.090000
2.103580,-250.641586,328.005000
3.257579,-303.340840,319.953000
11.423248,-241.593447,345.000000
364.000000,-210.749000,305.873000
328.090000,-131.500000,318.725000
250.000000,-174.762000,314.577000
315.892000,-228.500000,310.412000
342.112000,-159.727000,320.000000
257.980000,-136.253000,320.000000
283.306410,-70.347219,308.110000
309.221521,-35.580809,304.680000
278.430369,-33.377992,315.264000
267.964583,-65.552187,311.834000
295.576724,-43.733339,317.000000
209.000000,-80.940000,310.560000
198.360000,0.000000,310.315000
171.000000,-39.045000,310.071000
191.634000,-95.000000,310.827000
186.884000,-30.875000,311.000000
170.000000,-186.835000,323.305000
125.290000,0.000000,320.621000
0.000000,-84.710000,317.926000
89.420000,-215.000000,315.242000
37.740000,-73.745000,326.000000
154.020000,-72.455000,326.000000
102.680000,-130.290000,326.000000
68.510000,-17.845000,326.000000
