1522.700000,-1090.959000,304.942000
1511.650000,-1072.200000,304.454000
1505.700000,-1102.698000,305.964000
1521.221000,-1111.200000,305.476000
1514.319000,-1109.445000,306.000000
1493.900000,-1056.068000,306.440000
1493.204000,-1052.600000,307.952000
1469.900000,-1058.074000,307.462000
1476.908000,-1086.600000,306.974000
1488.092000,-1072.184000,308.000000
1570.100000,-977.880000,307.783000
1557.044000,-963.400000,306.075000
1538.100000,-974.180000,304.360000
1559.572000,-983.400000,302.652000
1538.356000,-967.340000,308.000000
1526.200000,-963.250000,315.360000
1514.395000,-952.900000,310.480000
1511.200000,-980.440000,305.580000
1511.950000,-982.900000,320.700000
1515.085000,-977.470000,321.000000
1508.400000,-983.348000,305.203000
1501.428000,-956.300000,303.007000
1466.400000,-964.616000,309.802000
1484.418000,-984.300000,307.606000
1487.820000,-968.620000,310.000000
1505.703342,-738.264218,305.832000
1475.660565,-728.239827,326.244000
1497.737906,-756.101099,319.629000
1520.181416,-753.995786,313.041000
1481.656460,-725.536201,327.000000
1427.300000,-580.856000,325.370000
1405.148000,-569.000000,320.978000
1403.300000,-572.135000,316.568000
1407.764000,-626.000000,312.176000
1403.588000,-607.874000,326.000000
1390.800000,-633.620000,313.712000
1372.680000,-622.000000,311.760000
1330.800000,-628.076000,309.808000
1364.700000,-636.000000,315.848000
1346.580000,-626.242000,316.000000
1366.100000,-595.346000,313.093000
1354.523000,-574.600000,310.409000
1349.100000,-611.952000,318.725000
1365.148000,-620.600000,316.030000
1357.838000,-617.150000,319.000000
1347.700000,-583.552000,308.424000
1346.200000,-580.600000,309.936000
1322.700000,-588.431000,309.448000
1330.775000,-621.600000,308.958000
1341.825000,-602.986000,310.000000
1448.900000,-1098.411000,310.805000
1432.694000,-1079.700000,309.585000
1411.900000,-1095.090000,308.365000
1437.874000,-1106.700000,307.140000
1412.492000,-1084.209000,311.000000
1344.200000,-1084.576000,308.000000
1327.860000,-1073.900000,308.000000
1324.200000,-1106.166000,308.000000
1325.800000,-1107.900000,308.000000
1329.540000,-1100.692000,308.000000
1442.100000,-1060.900000,310.360000
1435.436000,-1042.200000,306.440000
1408.100000,-1048.760000,318.536000
1423.706000,-1062.200000,314.616000
1425.712000,-1050.380000,319.000000
1434.000000,-1018.254000,307.180000
1382.825000,-1006.000000,322.280000
1345.000000,-1021.532000,317.400000
1419.582000,-1028.000000,312.500000
1413.441000,-1006.660000,323.000000
1344.900000,-1019.802000,322.286000
1285.752000,-1009.300000,318.121000
1282.900000,-1014.315000,313.973000
1296.354000,-1068.300000,309.808000
1284.140000,-1047.768000,323.000000
1446.100000,-969.466000,311.898000
1438.108000,-942.300000,308.468000
1422.100000,-958.076000,305.052000
1436.404000,-976.300000,315.636000
1428.604000,-951.582000,316.000000
1399.000000,-968.660000,304.368000
1367.005000,-954.800000,303.633000
1354.000000,-982.619000,305.901000
1397.830000,-987.800000,305.169000
1377.490000,-984.302000,306.000000
1337.700000,-952.653000,304.820000
1336.260000,-951.300000,307.840000
1321.700000,-958.626000,306.864000
1327.348000,-984.300000,305.888000
1334.068000,-968.295000,308.000000
1430.300000,-927.334000,341.114000
1408.257000,-915.400000,331.069000
1383.300000,-926.218000,321.065000
1417.704000,-933.400000,311.061000
1384.428000,-917.848000,343.000000
1308.000000,-856.948000,341.744000
1292.736000,-836.500000,329.984000
1290.000000,-906.988000,318.272000
1291.998000,-908.500000,354.560000
1294.950000,-891.076000,356.000000
1302.100000,-776.730000,320.108000
1298.695000,-753.200000,313.032000
1287.100000,-762.508000,334.927000
1294.450000,-779.200000,327.851000
1294.990000,-763.054000,336.000000
1356.800000,-787.690000,312.829000
1313.240000,-779.800000,334.753000
1284.800000,-790.855000,327.648000
1347.368000,-794.800000,320.572000
1340.744000,-794.800000,336.000000
1451.000000,-763.805000,334.200000
1347.680000,-761.600000,325.416000
1346.000000,-763.340000,316.596000
1371.935000,-776.600000,307.812000
1348.940000,-770.915000,336.000000
1446.700000,-751.616000,325.164000
1441.618000,-723.200000,316.380000
1432.700000,-741.515000,307.560000
1441.464000,-760.200000,334.776000
1436.606000,-732.154000,336.000000
1445.200000,-711.750000,321.504000
1382.872000,-705.900000,309.792000
1361.200000,-718.995000,346.032000
1361.620000,-720.900000,334.320000
1405.636000,-718.860000,348.000000
1359.800000,-701.907000,320.274000
1357.864000,-701.500000,352.026000
1343.800000,-710.824000,341.736000
1349.944000,-738.500000,331.488000
1356.280000,-719.445000,354.000000
1342.600000,-707.948000,351.732000
1324.100000,-699.100000,341.484000
1305.600000,-707.934000,331.194000
1333.831000,-713.100000,320.946000
1306.747000,-700.584000,354.000000
1302.800000,-711.296000,341.190000
1287.874000,-703.200000,330.942000
1285.800000,-703.520000,320.652000
1288.197000,-735.200000,352.404000
1290.594000,-726.464000,354.000000
1268.400000,-1090.970000,314.548000
1261.975000,-1042.900000,310.400000
1243.400000,-1064.295000,323.235000
1256.400000,-1097.900000,319.087000
1256.725000,-1062.040000,324.000000
1228.600000,-1088.876000,307.965000
1222.240000,-1073.500000,311.745000
1218.600000,-1097.277000,310.525000
1227.590000,-1104.500000,309.300000
1226.440000,-1103.539000,312.000000
1220.900000,-1095.670000,311.826000
1220.435000,-1094.500000,311.094000
1189.900000,-1095.960000,310.362000
1198.518000,-1104.500000,309.627000
1190.985000,-1100.410000,312.000000
1216.600000,-1067.770000,307.691000
1213.448000,-1056.700000,307.447000
1208.600000,-1064.575000,307.203000
1213.856000,-1071.700000,307.958000
1210.888000,-1059.880000,308.000000
1195.000000,-1063.924000,310.320000
1187.280000,-1051.000000,309.588000
1185.000000,-1083.544000,311.856000
1185.350000,-1087.000000,311.121000
1190.370000,-1080.988000,312.000000
1187.000000,-1103.180000,312.079000
1184.735000,-1077.700000,320.395000
1172.000000,-1085.058000,317.711000
1178.210000,-1103.700000,315.016000
1183.820000,-1089.504000,321.000000
1148.400000,-1092.650000,311.000000
1121.900000,-1077.600000,311.000000
1098.400000,-1094.150000,311.000000
1138.050000,-1102.600000,311.000000
1100.350000,-1079.475000,311.000000
1231.100000,-1002.906000,310.376000
1211.102000,-998.000000,309.886000
1209.100000,-998.880000,309.398000
1212.884000,-1020.000000,310.908000
1215.480000,-1013.334000,311.000000
1206.100000,-1039.304000,311.185000
1202.068000,-1004.700000,309.960000
1192.100000,-1021.879000,313.740000
1199.814000,-1045.700000,312.515000
1199.674000,-1017.738000,314.000000
1143.300000,-1021.755000,314.604000
1117.992000,-999.900000,325.174000
1105.300000,-1037.406000,321.758000
1140.640000,-1046.900000,318.328000
1135.396000,-1044.033000,326.000000
1268.000000,-926.060000,314.545000
1266.695000,-925.200000,312.830000
1239.000000,-926.970000,311.122000
1247.932000,-935.200000,309.414000
1240.247000,-930.800000,315.000000
1238.900000,-970.631000,312.736000
1233.388000,-947.300000,311.756000
1225.900000,-965.648000,310.780000
1234.831000,-980.300000,313.804000
1229.722000,-953.273000,314.000000
1224.200000,-958.612000,311.732000
1214.564000,-949.400000,310.752000
1212.200000,-975.552000,313.776000
1212.992000,-977.400000,312.800000
1218.740000,-971.856000,314.000000
1179.800000,-976.700000,310.728000
1175.614000,-965.300000,313.748000
1156.800000,-969.056000,312.772000
1167.035000,-977.300000,311.796000
1175.108000,-970.388000,314.000000
1190.200000,-951.930000,325.827000
1153.174000,-934.800000,321.662000
1124.200000,-955.560000,317.514000
1178.584000,-964.800000,313.366000
1127.302000,-936.150000,327.000000
1268.300000,-857.724000,312.400000
1255.154000,-853.500000,311.180000
1254.300000,-855.062000,309.955000
1257.128000,-875.500000,313.735000
1258.472000,-868.152000,314.000000
1257.000000,-847.173000,311.858000
1253.184000,-830.100000,311.370000
1245.000000,-839.550000,312.880000
1251.972000,-851.100000,312.392000
1251.588000,-836.127000,313.000000
1157.500000,-855.650000,316.000000
1148.439000,-842.600000,316.000000
1144.500000,-867.470000,316.000000
1156.980000,-872.600000,316.000000
1154.900000,-869.840000,316.000000
1145.100000,-858.540000,316.000000
1142.440000,-857.700000,316.000000
1110.100000,-860.805000,316.000000
1121.965000,-872.700000,316.000000
1111.885000,-865.650000,316.000000
1259.300000,-796.193000,310.324000
1250.200000,-790.100000,310.568000
1239.300000,-795.374000,310.813000
1253.660000,-799.100000,310.057000
1245.320000,-791.459000,310.000000
1213.100000,-767.278000,313.000000
1202.271000,-749.100000,313.000000
1200.100000,-807.965000,313.000000
1201.361000,-810.100000,313.000000
1207.276000,-796.192000,313.000000
1200.200000,-804.559000,315.958000
1197.444000,-748.500000,328.810000
1187.200000,-769.484000,324.645000
1193.375000,-809.500000,320.497000
1197.639000,-772.473000,330.000000
1142.500000,-795.040000,324.461000
1120.633000,-781.000000,322.753000
1105.500000,-799.798000,321.038000
1137.098000,-807.000000,319.330000
1107.498000,-781.364000,325.000000
1270.600000,-741.906000,314.688000
1222.100000,-739.800000,313.712000
1220.600000,-741.113000,312.736000
1232.250000,-752.800000,315.756000
1235.850000,-748.055000,316.000000
1238.100000,-723.352000,324.157000
1222.744000,-688.900000,320.009000
1194.100000,-710.020000,332.861000
1221.028000,-732.900000,328.696000
1218.564000,-700.208000,334.000000
1172.300000,-709.528000,317.340000
1153.372000,-696.600000,318.852000
1146.300000,-724.088000,318.364000
1172.066000,-728.600000,317.874000
1167.282000,-724.696000,319.000000
1138.700000,-685.875000,321.757000
1135.732000,-685.500000,321.025000
1110.700000,-689.070000,320.293000
1121.032000,-700.500000,319.558000
1112.324000,-692.985000,322.000000
1202.900000,-655.712000,333.364000
1163.130000,-641.500000,327.752000
1120.900000,-655.074000,322.140000
1182.236000,-663.500000,339.505000
1146.238000,-644.140000,341.000000
1148.800000,-611.592000,318.926000
1114.240000,-599.800000,317.211000
1108.800000,-643.624000,322.503000
1113.880000,-643.800000,320.788000
1131.200000,-632.404000,323.000000
1251.400000,-630.172000,311.837000
1227.586000,-587.500000,320.142000
1153.400000,-605.452000,317.458000
1202.988000,-635.500000,314.763000
1232.878000,-604.924000,321.000000
1253.000000,-574.710000,335.312000
1200.130000,-564.000000,327.472000
1168.000000,-579.813000,319.664000
1243.225000,-585.000000,311.824000
1173.270000,-584.664000,338.000000
994.600000,-1066.654000,360.555000
994.600000,-1062.200000,344.140000
940.600000,-1066.688000,327.792000
954.802000,-1096.200000,378.377000
957.502000,-1082.770000,383.000000
1076.100000,-1038.808000,319.452000
1063.214000,-998.200000,315.042000
1042.100000,-1025.794000,328.650000
1063.928000,-1052.200000,324.258000
1061.276000,-1010.404000,330.000000
1024.800000,-1015.442000,319.467000
950.516000,-995.300000,326.262000
926.800000,-1043.360000,324.066000
928.858000,-1049.300000,321.870000
1006.670000,-1041.038000,327.000000
995.200000,-973.490000,383.752000
986.569000,-931.700000,366.357000
932.200000,-942.956000,349.033000
957.400000,-973.700000,331.709000
936.358000,-951.398000,390.000000
1073.100000,-913.436000,324.254000
1041.108000,-885.100000,320.824000
1011.100000,-914.862000,317.408000
1059.398000,-931.100000,327.992000
1030.754000,-889.240000,329.000000
1021.800000,-835.265000,322.460000
992.298000,-824.600000,320.990000
988.800000,-825.770000,325.526000
994.014000,-869.600000,324.062000
1007.544000,-856.595000,326.000000
1078.200000,-797.732000,325.473000
1070.010000,-751.400000,361.005000
1048.200000,-773.270000,349.490000
1064.280000,-805.400000,338.022000
1072.770000,-769.328000,365.000000
1028.200000,-781.092000,339.976000
999.512000,-758.100000,334.608000
984.200000,-795.732000,329.218000
1024.460000,-806.100000,323.850000
987.280000,-803.844000,342.000000
986.200000,-749.260000,337.797000
984.464000,-743.200000,332.673000
930.200000,-752.920000,327.528000
946.664000,-803.200000,343.404000
948.176000,-777.640000,345.000000
1023.800000,-724.164000,333.120000
986.080000,-679.400000,328.240000
931.800000,-712.942000,343.340000
993.716000,-741.400000,338.460000
984.424000,-691.552000,345.000000
1083.800000,-625.180000,320.085000
1048.295000,-604.600000,325.377000
1038.800000,-659.800000,323.662000
1041.140000,-664.600000,321.954000
1075.790000,-653.620000,326.000000
987.100000,-663.276000,325.808000
984.094000,-606.400000,325.320000
969.100000,-624.041000,324.830000
976.840000,-665.400000,324.342000
970.414000,-632.242000,326.000000
965.000000,-647.845000,337.101000
956.264000,-626.200000,332.953000
949.000000,-651.286000,328.788000
961.944000,-663.200000,341.640000
954.184000,-628.383000,343.000000
1066.900000,-553.178000,329.236000
941.100000,-542.000000,324.844000
930.900000,-545.078000,338.434000
956.468000,-596.000000,334.042000
1009.100000,-578.720000,340.000000
813.700000,-1093.348000,320.661000
803.364000,-1059.400000,328.977000
779.700000,-1077.235000,326.282000
798.978000,-1100.400000,323.598000
807.784000,-1071.782000,330.000000
892.700000,-1034.947000,338.400000
842.841000,-988.700000,334.496000
819.700000,-1072.542000,330.592000
888.758000,-1091.700000,326.672000
825.321000,-1083.769000,340.000000
809.800000,-1000.000000,332.437000
808.031000,-995.800000,329.265000
780.800000,-1007.380000,326.093000
790.225000,-1055.800000,335.908000
790.312000,-1028.440000,337.000000
773.400000,-1089.475000,328.368000
750.520000,-1072.200000,324.464000
721.400000,-1086.500000,336.560000
757.956000,-1097.200000,332.640000
751.508000,-1076.325000,338.000000
772.800000,-1017.672000,340.876000
752.325000,-1000.200000,422.524000
747.800000,-1053.456000,396.172000
749.850000,-1056.200000,369.712000
768.550000,-1044.216000,433.000000
840.300000,-970.402000,392.966000
829.212000,-920.900000,373.856000
784.300000,-938.337000,354.824000
810.116000,-973.900000,335.714000
788.836000,-942.471000,401.000000
844.200000,-860.830000,343.566000
808.426000,-824.200000,338.421000
782.200000,-870.928000,333.297000
834.280000,-890.200000,349.152000
802.784000,-826.114000,351.000000
769.300000,-833.324000,354.885000
752.092000,-824.700000,339.450000
751.300000,-828.963000,387.078000
755.242000,-873.700000,371.643000
761.794000,-856.550000,393.000000
743.947948,-864.033414,339.072000
754.103116,-830.045246,386.637000
735.706667,-844.028630,371.265000
734.301263,-869.353075,355.830000
751.437475,-841.974265,393.000000
869.700000,-751.896000,341.074000
834.050000,-742.700000,336.664000
819.700000,-761.290000,332.272000
868.500000,-764.700000,327.862000
823.950000,-762.324000,343.000000
907.900000,-738.500000,336.556000
904.680000,-736.100000,332.146000
872.900000,-749.540000,327.754000
885.325000,-796.100000,341.362000
884.660000,-766.880000,343.000000
828.712160,-798.272026,409.636000
822.062595,-765.044253,361.616000
789.846539,-775.467792,509.792000
811.844700,-804.802211,461.968000
821.894714,-771.039578,529.000000
909.000000,-639.806000,330.360000
855.450000,-630.500000,348.480000
846.000000,-662.873000,342.624000
853.119000,-663.500000,336.768000
898.794000,-655.448000,351.000000
840.600000,-662.569000,395.897000
828.744000,-641.800000,378.012000
788.600000,-650.080000,360.200000
814.184000,-664.800000,342.388000
793.228000,-650.471000,404.000000
897.700000,-611.464000,462.170000
847.926000,-592.600000,409.710000
846.860000,-592.600000,476.790000
815.700000,-619.204000,357.035000
887.040000,-628.600000,519.575000
871.952000,-628.600000,355.960000
906.700000,-547.235000,330.805000
786.408000,-541.000000,327.145000
784.700000,-546.074000,338.470000
815.078000,-584.000000,334.810000
856.802000,-567.617000,340.000000
546.581109,-1148.590526,329.080000
550.143885,-1120.463067,351.760000
522.565656,-1121.604691,344.410000
531.487405,-1147.684304,337.090000
551.703001,-1131.107755,355.000000
533.697350,-1164.373908,466.715000
499.680165,-1128.324675,427.919000
518.648544,-1141.119008,465.920000
472.184753,-1139.331125,388.964000
470.604790,-1142.487189,350.168000
494.908027,-1158.879929,376.562000
477.399832,-1142.409677,485.000000
510.148086,-1090.442417,364.674000
508.950612,-1088.563227,349.790000
493.489098,-1080.770927,334.845000
481.628591,-1099.315782,380.961000
492.391462,-1089.604229,387.000000
579.258203,-1077.450598,366.747000
591.467710,-1031.462208,340.151000
543.874044,-1034.045589,422.446000
553.400921,-1081.383598,395.850000
589.885480,-1039.589033,434.000000
623.398160,-1030.569119,330.224000
600.100360,-996.214930,354.416000
596.420432,-991.937553,346.576000
589.900611,-1005.865511,338.768000
613.656420,-1029.083781,358.000000
627.139391,-1008.886051,335.691000
652.290769,-977.520933,333.007000
623.263086,-969.561956,330.312000
612.771102,-1000.223917,327.628000
626.795522,-970.777900,337.000000
660.787766,-956.192662,351.570000
668.585934,-937.563541,342.054000
643.654216,-950.765744,332.499000
645.696735,-966.502300,361.983000
641.362355,-959.319240,366.000000
449.584800,-1084.863965,328.379000
452.814191,-1081.176985,328.135000
417.670976,-1047.656051,328.891000
398.495861,-1080.838095,328.646000
421.717025,-1082.084255,329.000000
448.212159,-1051.755525,336.320000
460.052380,-1028.952482,385.460000
437.047381,-1027.340835,369.600000
436.050913,-1050.161642,353.675000
458.822368,-1038.111729,393.000000
525.682273,-1022.247401,382.128000
523.079785,-1001.447960,366.512000
497.981656,-1015.083448,350.896000
496.252605,-1017.578639,335.216000
501.235958,-1015.407714,390.000000
492.308332,-1011.287735,358.674000
516.722660,-986.989295,346.718000
496.710839,-978.127186,334.762000
483.284099,-1001.311661,371.757000
497.248924,-988.079463,377.000000
546.948786,-1005.956242,340.750000
540.526859,-974.190587,332.454000
511.741480,-964.981540,358.158000
532.210749,-1003.646440,349.828000
543.642901,-980.978258,362.000000
608.224694,-953.801078,328.625000
599.208829,-921.245890,332.400000
595.313457,-920.506566,331.180000
553.621661,-961.880386,329.955000
582.608952,-968.113072,333.000000
556.336404,-949.034623,378.818000
593.160324,-912.893351,364.853000
565.595843,-919.661564,350.945000
544.064066,-949.194480,336.980000
571.686101,-917.004761,386.000000
649.512446,-914.428402,339.214000
650.025279,-875.333126,334.804000
607.050527,-890.909206,330.412000
625.022728,-930.264396,344.002000
611.354594,-907.979825,346.000000
709.877743,-843.010190,377.476000
712.106524,-839.088639,344.891000
684.160086,-818.799353,445.439000
659.086370,-853.064989,412.854000
682.781055,-847.208241,461.000000
725.993524,-814.532470,337.349000
732.471707,-794.486233,389.444000
711.896742,-791.205311,372.608000
714.997097,-812.632281,355.772000
733.802616,-803.240614,398.000000
763.900000,-681.713000,376.630000
746.995000,-675.500000,364.625000
742.900000,-693.284000,352.669000
744.328000,-694.500000,340.713000
745.168000,-690.719000,383.000000
733.444642,-715.342559,354.760000
742.231823,-697.572472,344.960000
714.471959,-672.802155,335.200000
717.016184,-696.625051,365.440000
723.058692,-686.636356,370.000000
766.000000,-622.582000,348.248000
724.974000,-578.200000,339.428000
693.000000,-632.332000,366.644000
753.225000,-656.200000,357.860000
737.530000,-581.554000,371.000000
765.700000,-545.200000,336.340000
709.240000,-537.600000,351.440000
705.700000,-540.520000,346.560000
717.940000,-577.600000,341.680000
757.360000,-564.160000,354.000000
708.600000,-570.504000,512.190000
695.160000,-536.400000,459.730000
666.600000,-555.384000,407.055000
691.086000,-578.400000,354.595000
428.880413,-1017.275142,353.600000
417.420686,-982.482244,343.840000
388.787905,-986.690196,334.040000
414.489366,-1026.532836,364.280000
398.186420,-1001.967021,369.000000
485.127058,-964.366999,357.848000
483.672008,-959.824343,337.840000
445.401152,-923.191109,399.750000
437.962134,-954.225852,379.742000
459.493001,-956.813766,410.000000
495.252993,-951.732581,328.565000
496.641694,-921.269915,332.345000
465.815325,-911.232757,331.120000
478.865335,-946.988411,329.900000
503.268444,-936.556170,333.000000
557.991878,-903.411497,347.102000
540.265039,-853.299754,341.978000
488.944758,-882.119179,336.833000
491.106413,-887.934851,331.709000
502.472934,-880.042919,350.000000
586.495614,-882.802786,338.165000
625.213948,-843.188301,334.505000
594.241023,-837.927890,330.830000
572.751390,-873.743381,342.170000
599.052667,-848.160118,344.000000
571.030545,-852.093494,329.520000
572.401386,-828.091957,327.812000
547.837773,-832.271844,333.097000
557.563952,-857.439725,331.389000
576.086331,-833.214532,334.000000
593.645931,-811.404443,330.815000
589.672825,-798.362306,357.275000
586.882280,-800.153665,348.700000
566.497656,-820.591858,340.160000
580.778267,-819.616392,362.000000
621.060241,-798.299791,353.456000
634.243991,-778.590749,345.648000
615.212466,-777.300035,337.808000
611.266234,-796.297038,330.000000
621.826201,-775.006826,358.000000
675.858940,-801.548704,335.498000
658.309983,-761.352802,332.082000
629.013768,-764.851122,328.666000
662.089670,-812.101783,339.236000
642.180925,-781.802429,341.000000
735.574927,-745.017499,342.036000
733.249059,-739.952449,334.472000
693.990467,-714.353953,357.908000
670.226505,-757.467020,350.313000
701.547275,-748.188455,362.000000
424.390289,-927.002823,330.890000
421.930141,-890.142593,344.498000
386.039216,-878.279816,340.106000
405.531558,-922.329549,335.696000
432.911347,-909.890882,347.000000
462.015273,-894.267955,344.226000
443.692283,-858.960600,339.590000
416.653045,-873.097383,334.954000
420.236307,-877.665354,330.299000
426.128129,-872.546826,347.000000
487.438457,-875.635728,337.664000
523.710110,-835.860072,333.744000
490.498180,-830.694948,329.840000
471.951762,-867.284778,341.920000
498.964683,-839.720095,344.000000
473.584506,-834.742238,338.943000
481.150884,-809.375477,331.348000
450.226750,-822.774747,354.784000
455.421386,-845.929869,347.189000
452.080834,-840.574732,359.000000
551.448555,-819.490411,329.958000
554.132698,-817.270511,351.853000
540.015873,-805.586742,344.777000
524.846504,-824.008498,337.672000
540.097997,-825.809864,356.000000
524.569852,-808.831384,332.106000
533.903420,-784.604527,330.636000
508.698466,-777.933954,329.172000
511.123963,-804.144712,327.702000
518.153727,-775.833462,333.000000
573.263852,-799.397789,333.800000
553.239791,-756.936717,330.615000
523.404466,-762.567549,327.443000
521.731661,-765.697888,337.271000
538.726600,-779.343637,339.000000
574.077520,-757.027160,328.094000
594.460629,-738.017210,326.624000
580.999577,-733.407155,331.160000
568.656529,-750.644241,329.696000
582.254635,-743.722034,332.000000
617.611287,-742.286611,325.980000
621.514839,-717.837427,333.530000
596.657031,-718.078727,331.090000
604.201660,-744.127902,328.650000
627.458060,-729.371695,335.000000
601.282467,-714.455631,351.951000
603.964789,-694.989481,343.866000
601.655684,-694.852013,335.814000
557.078074,-734.019170,327.762000
570.608878,-722.521703,357.000000
654.794434,-727.645235,336.920000
684.151801,-682.286717,332.020000
637.342203,-663.285440,327.140000
630.344386,-711.181036,342.260000
655.597041,-678.487035,345.000000
329.348501,-1025.334325,329.140000
290.502213,-943.183427,326.212000
233.653977,-929.113682,335.272000
304.041807,-1031.409141,332.344000
281.627270,-1000.225713,337.000000
386.792628,-959.996944,329.290000
391.735997,-954.932305,355.750000
367.473089,-943.472608,347.175000
326.001784,-986.577429,338.635000
358.813528,-978.922369,361.000000
337.894788,-964.007927,348.546000
339.330143,-903.999511,343.178000
275.468185,-871.729681,337.788000
303.441608,-945.487711,332.420000
299.544644,-871.515041,352.000000
382.721749,-866.074715,405.144000
357.791282,-813.072124,372.936000
318.898286,-825.111247,340.596000
318.814460,-830.089402,440.388000
339.797698,-843.948859,459.000000
390.708369,-850.436759,334.502000
406.755492,-824.394313,329.134000
368.359950,-791.328578,345.744000
368.375183,-824.669050,340.376000
389.227375,-823.533216,349.000000
457.702384,-793.053105,328.260000
449.609235,-758.003297,338.844000
418.558119,-748.832691,335.414000
441.955929,-791.455677,331.998000
464.564715,-778.917273,341.000000
500.698775,-757.853397,326.000000
471.482868,-712.328057,326.000000
467.511166,-710.096138,326.000000
453.216203,-735.852061,326.000000
458.552624,-727.649846,326.000000
566.848687,-696.341065,334.408000
580.264997,-674.845545,330.504000
558.624020,-668.258761,326.584000
555.603807,-690.472969,338.680000
568.321373,-673.920835,341.000000
553.180881,-710.075654,326.685000
546.036818,-680.655060,325.465000
519.691827,-685.724173,329.240000
539.408805,-718.551601,328.020000
533.436019,-707.535390,330.000000
546.441506,-662.349766,326.376000
548.158820,-659.824191,338.472000
533.387027,-654.906441,334.568000
509.358337,-680.237261,330.648000
529.641374,-673.990650,341.000000
583.239914,-646.826391,344.710000
590.740760,-624.303541,338.366000
567.624426,-622.163083,332.022000
570.848715,-645.832120,325.652000
579.486258,-617.883197,349.000000
288.703614,-836.326398,347.440000
279.632945,-813.612326,338.900000
262.618521,-819.188913,330.360000
263.308005,-821.679938,356.785000
271.632687,-826.790294,362.000000
248.960236,-868.924161,324.662000
264.119918,-832.587812,321.246000
207.224204,-780.733529,331.830000
215.233610,-830.565653,328.400000
243.137911,-830.340974,334.000000
322.370563,-801.822248,326.000000
316.270207,-765.905147,326.000000
284.061335,-762.039794,326.000000
305.773928,-803.983778,326.000000
331.895991,-786.791178,326.000000
298.463318,-702.404061,327.328000
294.420033,-689.234802,326.348000
291.811377,-690.867000,325.372000
270.907137,-713.901344,324.392000
279.080954,-705.106620,328.000000
345.145512,-713.573070,329.067000
354.012103,-700.891028,327.352000
342.970314,-702.002854,325.644000
339.564700,-713.248012,330.929000
348.440052,-702.375439,332.000000
338.927252,-695.115065,325.650000
341.387371,-686.072291,324.425000
328.174565,-695.473696,328.205000
330.656390,-702.485037,326.980000
330.636686,-699.369943,329.000000
374.960409,-683.277383,324.316000
373.877692,-680.627350,327.336000
353.024811,-663.826724,326.360000
346.024849,-683.215271,325.380000
364.726267,-688.041310,328.000000
400.995419,-682.017374,329.312000
400.560010,-657.091559,328.332000
383.060853,-672.958844,327.356000
391.740686,-691.219142,326.380000
391.844123,-658.689668,330.000000
435.428643,-644.104687,336.963000
421.919174,-620.872019,332.308000
396.226698,-648.329058,327.672000
398.523305,-650.832084,342.036000
410.750897,-648.251090,345.000000
403.419605,-605.524029,338.974000
393.069882,-613.653227,326.969000
366.184805,-647.383130,364.013000
385.397094,-627.464471,352.057000
389.684141,-619.438384,372.000000
560.475028,-593.558032,323.800000
575.022051,-567.041755,341.920000
539.845609,-587.370838,336.064000
539.220906,-608.384699,330.208000
539.745047,-608.673310,346.000000
562.900000,-536.324000,341.776000
523.380000,-533.300000,335.896000
522.900000,-535.799000,330.040000
532.940000,-554.300000,324.184000
529.060000,-546.278000,346.000000
499.072571,-658.103455,341.617000
513.214028,-633.302082,334.541000
488.875990,-631.413405,327.436000
486.350407,-655.737599,349.360000
502.849066,-633.963231,354.000000
489.533900,-605.021710,321.000000
483.186437,-574.953450,321.000000
453.212461,-586.445454,321.000000
450.025090,-589.358284,321.000000
468.624663,-605.205733,321.000000
470.500000,-563.249000,321.000000
469.260000,-563.200000,321.000000
460.500000,-564.992000,321.000000
464.370000,-570.200000,321.000000
469.570000,-566.567000,321.000000
450.837695,-582.542036,321.000000
450.516435,-570.173604,321.000000
441.550682,-578.831610,321.000000
446.113369,-587.832854,321.000000
446.681876,-570.572550,321.000000
433.260407,-578.573979,323.276000
426.763025,-568.173842,322.300000
425.410341,-568.089297,321.320000
416.633509,-596.413550,324.344000
422.229857,-589.623378,325.000000
479.100000,-555.210000,321.000000
468.138000,-546.500000,321.000000
437.100000,-550.420000,321.000000
459.108000,-556.500000,321.000000
464.778000,-549.950000,321.000000
410.290332,-568.168032,321.000000
411.259875,-547.496255,321.000000
396.991113,-575.072839,321.000000
402.200343,-586.833384,321.000000
402.746549,-585.585924,321.000000
400.615040,-546.433941,321.000000
401.433017,-543.489130,321.000000
390.830593,-544.139906,321.000000
386.055188,-566.762773,321.000000
388.531889,-555.824274,321.000000
1331.266772,-501.728889,335.640000
1358.039516,-477.356372,321.976000
1329.692028,-478.591348,308.312000
1316.638087,-501.674153,350.592000
1347.362742,-478.688611,360.000000
1269.500000,-505.280000,317.792000
1219.060000,-494.600000,310.960000
1204.500000,-521.840000,332.128000
1207.035000,-524.600000,325.268000
1247.595000,-519.470000,337.000000
1269.000000,-454.303000,308.323000
1264.815000,-416.200000,324.199000
1242.000000,-427.354000,319.075000
1253.286000,-455.200000,313.930000
1266.678000,-433.789000,328.000000
1188.300000,-515.536000,321.368000
1160.532000,-496.400000,317.952000
1136.300000,-517.680000,314.536000
1177.744000,-528.400000,311.106000
1144.880000,-498.704000,324.000000
1131.300000,-495.360000,314.683000
1108.500000,-486.600000,313.951000
1106.300000,-488.360000,313.219000
1110.700000,-526.600000,315.484000
1116.700000,-514.320000,316.000000
1190.100000,-464.820000,314.488000
1167.984000,-449.700000,312.528000
1114.100000,-457.314000,318.576000
1156.204000,-467.700000,316.616000
1164.792000,-455.352000,320.000000
1203.900000,-423.996000,310.040000
1140.920000,-407.400000,335.710000
1109.900000,-436.272000,327.414000
1197.602000,-443.400000,319.084000
1196.192000,-441.060000,342.000000
963.800000,-498.109000,326.427000
962.134000,-496.200000,325.692000
929.800000,-500.340000,324.960000
940.408000,-519.200000,324.225000
935.546000,-508.988000,327.000000
1005.000000,-454.720000,336.508000
975.040000,-433.600000,330.138000
935.000000,-450.370000,323.794000
983.370000,-463.600000,343.424000
964.400000,-438.940000,348.000000
912.300000,-504.650000,355.700000
871.950000,-494.900000,331.200000
862.300000,-523.040000,406.800000
865.800000,-524.900000,382.400000
895.850000,-518.870000,425.000000
911.700000,-482.140000,323.400000
906.890000,-444.300000,342.275000
885.700000,-456.980000,336.175000
897.348000,-484.300000,330.075000
909.672000,-461.100000,347.000000
914.100000,-419.210000,404.720000
885.900000,-402.200000,379.240000
864.100000,-423.080000,353.864000
905.450000,-432.200000,328.488000
872.750000,-403.430000,425.000000
864.200000,-476.691000,374.766000
805.734000,-473.100000,355.411000
802.200000,-474.525000,336.135000
814.972000,-492.100000,395.859000
828.488000,-485.678000,410.000000
863.600000,-448.590000,354.937000
843.636000,-433.200000,335.582000
801.600000,-441.807000,395.306000
837.870000,-452.200000,376.030000
843.450000,-438.596000,410.000000
772.000000,-452.582000,337.524000
772.000000,-491.134000,394.683000
692.086000,-400.000000,403.296000
658.000000,-501.504000,381.981000
658.000000,-438.918000,345.789000
767.896000,-522.000000,360.753000
763.564000,-510.410000,420.000000
705.310000,-475.152000,420.000000
634.400000,-404.448000,377.866000
629.739000,-398.000000,361.762000
575.400000,-424.164000,345.592000
595.637000,-522.000000,329.488000
585.843000,-463.224000,391.000000
574.200000,-482.079000,342.100000
548.094000,-399.300000,331.852000
517.200000,-471.870000,321.562000
558.297000,-522.300000,353.314000
541.596000,-417.381000,361.000000
480.900000,-481.166000,327.372000
455.790000,-469.700000,320.540000
450.900000,-507.491000,341.680000
453.900000,-508.700000,334.848000
471.270000,-499.652000,347.000000
405.300000,-514.172000,317.384000
399.684000,-475.700000,323.432000
379.300000,-490.274000,321.472000
391.754000,-517.700000,319.520000
403.454000,-492.080000,325.000000
499.500000,-431.257000,315.406000
472.130000,-398.500000,315.894000
453.500000,-442.786000,316.384000
492.968000,-459.500000,316.872000
461.780000,-399.171000,315.000000
1271.200000,-302.334000,353.410000
1237.110000,-290.800000,332.670000
1236.200000,-298.465000,311.845000
1244.495000,-363.800000,376.105000
1251.285000,-336.936000,392.000000
1217.300000,-333.817000,338.665000
1199.700000,-315.900000,317.437000
1167.300000,-327.032000,383.122000
1198.050000,-338.900000,361.894000
1201.400000,-321.719000,400.000000
1167.900000,-318.000000,316.828000
1138.660000,-276.000000,382.600000
1127.900000,-366.615000,361.285000
1167.660000,-381.000000,340.057000
1165.220000,-367.770000,400.000000
1100.100000,-300.990000,438.294000
1089.100000,-300.000000,399.742000
1089.800000,-300.000000,384.100000
1000.100000,-310.890000,361.190000
1037.400000,-345.000000,322.480000
1016.900000,-345.000000,453.304000
1018.500000,-322.275000,471.000000
997.200000,-372.205000,378.078000
967.860000,-349.700000,351.482000
937.200000,-371.400000,324.886000
982.320000,-384.700000,407.181000
963.300000,-353.795000,428.000000
998.100000,-268.240000,350.719000
946.020000,-259.000000,324.123000
938.100000,-293.965000,406.527000
945.960000,-294.000000,379.822000
979.260000,-284.830000,428.000000
879.400000,-379.255000,327.840000
873.742000,-358.900000,381.516000
856.400000,-367.594000,364.192000
868.107000,-381.900000,346.797000
877.951000,-367.157000,396.000000
830.200000,-366.292000,384.808000
810.200000,-350.100000,367.240000
798.200000,-374.324000,349.672000
826.616000,-382.100000,332.032000
804.216000,-381.460000,400.000000
889.700000,-303.531000,367.198000
889.448000,-296.800000,347.108000
826.700000,-304.008000,327.100000
843.521000,-349.800000,389.010000
854.357000,-328.653000,405.000000
918.300000,-285.668000,326.168000
881.532000,-261.700000,323.473000
822.300000,-278.148000,331.789000
884.316000,-293.700000,329.094000
888.540000,-268.836000,334.000000
775.600000,-328.550000,333.033000
742.834000,-315.600000,415.328000
732.600000,-346.855000,388.732000
733.675000,-350.600000,362.027000
773.063000,-345.140000,438.000000
769.600000,-310.768000,395.954000
763.720000,-263.200000,374.149000
727.600000,-276.256000,352.433000
744.568000,-311.200000,330.628000
735.664000,-285.520000,415.000000
706.400000,-292.456000,331.560000
680.969000,-253.900000,327.640000
657.400000,-294.913000,323.736000
695.718000,-316.900000,335.832000
679.107000,-259.318000,339.000000
646.650000,-277.856000,335.620000
525.689400,-247.100000,322.145000
511.950000,-251.060000,363.725000
533.636700,-379.100000,350.305000
605.431800,-340.424000,375.000000
598.966200,-254.888000,375.000000
502.100000,-361.515000,310.518000
466.921000,-247.800000,345.248000
375.100000,-302.064000,334.024000
443.680000,-380.800000,322.800000
495.115000,-291.424000,355.000000
492.194000,-265.622000,355.000000
1095.100000,-197.736000,350.280000
1000.636000,-156.800000,340.480000
951.100000,-224.482000,330.720000
1083.436000,-242.800000,320.960000
979.324000,-238.500000,359.000000
979.468000,-174.860000,359.000000
921.400000,-167.375000,458.281000
921.400000,-191.375000,488.652000
918.775000,-160.100000,397.037000
912.775000,-160.100000,543.621000
846.400000,-172.550000,335.542000
846.400000,-208.700000,347.590000
868.750000,-235.100000,525.298000
859.975000,-235.100000,402.559000
994.700000,-83.267600,321.520000
975.289000,-70.200000,319.324000
947.700000,-80.119000,326.119000
979.472000,-88.400000,323.923000
980.506000,-73.694400,328.000000
999.821973,-51.162635,320.783000
968.424643,-38.740662,341.195000
956.666032,-52.441224,334.580000
958.664494,-54.182260,327.992000
996.080805,-58.665257,347.000000
849.320340,-121.362259,339.338000
853.940320,-103.240947,334.214000
826.212727,-91.697759,329.069000
832.085177,-110.899444,323.945000
830.840311,-97.621432,344.000000
888.000859,-87.366266,324.162000
867.104964,-57.495157,322.698000
834.984606,-57.098132,321.228000
872.900271,-90.006338,325.764000
866.377915,-58.658679,327.000000
923.014499,-12.743842,324.416000
886.279904,6.003379,320.512000
882.795176,5.513030,332.592000
882.333271,-21.232058,328.688000
906.354463,-20.445294,336.000000
871.091409,-8.017462,315.325000
876.232185,25.989815,325.153000
856.526897,13.846692,321.968000
860.197042,-11.831317,318.796000
877.304028,12.658897,328.000000
783.200000,-212.315000,385.598000
755.760000,-191.400000,366.810000
743.200000,-229.846000,347.945000
781.160000,-238.400000,329.157000
751.320000,-234.593000,403.000000
712.800000,-190.800000,323.138000
709.875000,-187.500000,321.674000
667.800000,-197.350000,320.204000
682.560000,-237.500000,324.740000
688.230000,-214.500000,326.000000
638.700000,-209.560000,323.888000
605.844000,-195.800000,316.812000
564.700000,-207.300000,338.736000
617.018000,-215.800000,331.631000
616.870000,-199.020000,345.000000
423.000000,-201.860000,306.869000
395.841000,-189.500000,374.153000
390.000000,-227.660000,352.437000
392.838000,-229.500000,330.632000
421.548000,-220.820000,394.000000
776.400000,-121.700000,325.930000
765.290000,-65.900000,323.734000
721.400000,-85.880000,321.538000
746.975000,-125.900000,319.333000
732.785000,-90.140000,328.000000
769.250000,-20.740000,336.912000
706.900000,1.300000,325.200000
661.750000,-27.180000,313.488000
752.372500,-38.700000,349.728000
710.985000,0.300000,360.000000
507.800000,-2.056000,309.164000
450.260000,6.200000,303.552000
447.800000,1.832000,320.940000
461.120000,-41.800000,315.305000
490.340000,-24.808000,326.000000
236.958944,-585.690298,322.018000
243.730198,-568.880956,322.773000
226.920856,-566.029902,322.529000
227.975152,-582.824395,322.284000
244.190525,-577.270778,323.000000
296.500000,-335.960000,312.767000
290.047000,-326.000000,312.522000
287.500000,-346.352000,312.278000
296.320000,-350.000000,312.033000
289.399000,-347.336000,313.000000
283.000000,-310.824000,312.516000
280.696000,-310.500000,312.271000
259.000000,-312.543000,312.027000
267.616000,-319.500000,312.782000
270.088000,-315.090000,313.000000
159.257294,-566.225688,324.120000
174.280477,-537.823671,322.160000
143.369318,-530.550292,328.208000
142.376104,-563.315383,326.248000
172.922555,-546.700691,330.000000
143.298811,-298.449926,313.028000
127.102530,-272.424861,314.538000
106.051962,-286.199301,314.050000
108.657650,-289.335320,313.562000
134.028641,-305.938187,315.000000
96.171518,-636.799045,389.381000
138.003955,-587.092267,368.066000
106.438708,-592.590729,346.838000
82.459303,-633.370991,325.610000
109.629174,-596.697605,410.000000
24.582011,-488.952781,325.120000
95.935024,-549.465652,322.670000
40.780697,-433.109118,320.230000
-15.640120,-416.836911,327.790000
-0.115916,-407.780808,330.000000
172.767237,-418.286600,325.742000
151.965233,-373.771692,320.352000
143.475047,-380.215841,336.984000
91.799735,-439.041607,331.616000
132.019670,-434.536270,342.000000
62.974465,-329.773946,314.340000
115.596138,-374.165810,340.010000
102.516711,-327.115398,331.714000
58.452319,-306.064459,323.418000
93.816543,-364.937043,348.000000
51.205075,-292.049759,337.047000
35.863687,-239.780425,328.995000
-17.850973,-270.596139,320.910000
-23.216499,-276.866762,312.858000
-6.930416,-279.497199,345.000000
364.000000,-131.985000,311.636000
349.636000,-131.500000,307.488000
250.000000,-156.526000,303.323000
294.346000,-228.500000,316.175000
303.580000,-177.963000,320.000000
259.120000,-142.073000,320.000000
291.242634,-63.448364,306.598000
304.977606,-30.698743,303.182000
270.494145,-40.276847,313.752000
272.208497,-70.434253,310.336000
305.754858,-39.336075,317.000000
209.000000,-23.560000,310.006000
175.408000,0.000000,310.762000
171.000000,-1.425000,310.517000
176.586000,-95.000000,310.273000
207.936000,-68.590000,311.000000
170.000000,-186.835000,323.305000
125.290000,0.000000,320.621000
0.000000,-84.710000,317.926000
89.420000,-215.000000,315.242000
37.740000,-73.745000,326.000000
154.020000,-72.455000,326.000000
102.680000,-130.290000,326.000000
68.510000,-17.845000,326.000000
