1522.700000,-1079.064000,304.974000
1506.465000,-1072.200000,304.486000
1505.700000,-1075.593000,305.998000
1509.406000,-1111.200000,305.508000
1514.030000,-1097.550000,306.000000
1493.900000,-1072.388000,307.128000
1480.724000,-1052.600000,306.638000
1469.900000,-1075.754000,306.150000
1489.388000,-1086.600000,307.662000
1479.836000,-1054.504000,308.000000
1570.100000,-983.160000,305.480000
1565.492000,-963.400000,303.772000
1538.100000,-968.900000,302.057000
1551.124000,-983.400000,307.349000
1548.884000,-972.640000,308.000000
1526.200000,-964.720000,315.340000
1515.130000,-952.900000,310.440000
1511.200000,-979.000000,305.560000
1511.215000,-982.900000,320.660000
1515.115000,-978.910000,321.000000
1508.400000,-978.672000,308.137000
1494.456000,-956.300000,305.941000
1466.400000,-969.292000,303.736000
1491.390000,-984.300000,301.540000
1474.170000,-963.944000,310.000000
1490.247233,-726.404328,323.463000
1471.230608,-734.013059,316.875000
1472.732995,-736.914157,310.287000
1513.044905,-763.296268,303.672000
1499.108468,-754.566279,327.000000
1427.300000,-603.827000,325.028000
1414.796000,-569.000000,320.618000
1403.300000,-606.164000,316.226000
1422.116000,-626.000000,311.834000
1404.068000,-573.845000,326.000000
1390.800000,-622.224000,308.176000
1383.900000,-622.000000,314.224000
1330.800000,-625.458000,312.264000
1353.480000,-636.000000,310.312000
1388.100000,-628.860000,316.000000
1366.100000,-594.012000,309.089000
1354.047000,-574.600000,317.394000
1349.100000,-613.286000,314.710000
1365.624000,-620.600000,312.015000
1364.043000,-615.816000,319.000000
1347.700000,-614.548000,308.350000
1340.100000,-580.600000,309.862000
1322.700000,-598.435000,309.372000
1336.875000,-621.600000,308.884000
1342.775000,-592.982000,310.000000
1448.900000,-1086.018000,307.255000
1415.674000,-1079.700000,306.035000
1411.900000,-1080.483000,309.815000
1417.857000,-1106.700000,308.590000
1438.762000,-1098.789000,311.000000
1344.200000,-1095.626000,308.000000
1334.360000,-1073.900000,308.000000
1324.200000,-1095.116000,308.000000
1339.300000,-1107.900000,308.000000
1337.200000,-1077.742000,308.000000
1442.100000,-1043.100000,309.464000
1439.176000,-1042.200000,305.560000
1408.100000,-1046.560000,317.640000
1420.000000,-1062.200000,313.736000
1427.582000,-1052.580000,319.000000
1434.000000,-1015.922000,312.620000
1373.391000,-1006.000000,307.720000
1345.000000,-1023.864000,322.840000
1429.016000,-1028.000000,317.940000
1389.233000,-1026.350000,323.000000
1344.900000,-1059.804000,315.469000
1327.850000,-1009.300000,311.321000
1282.900000,-1033.313000,307.156000
1316.256000,-1068.300000,320.008000
1309.002000,-1028.770000,323.000000
1446.100000,-951.208000,310.862000
1425.244000,-942.300000,307.446000
1422.100000,-942.334000,304.030000
1425.268000,-976.300000,314.600000
1430.356000,-967.324000,316.000000
1399.000000,-976.844000,305.130000
1378.120000,-954.800000,304.395000
1354.000000,-974.435000,303.663000
1386.715000,-987.800000,305.931000
1366.060000,-959.486000,306.000000
1337.700000,-953.742000,307.144000
1336.772000,-951.300000,306.168000
1321.700000,-957.537000,305.188000
1326.836000,-984.300000,304.212000
1324.756000,-969.351000,308.000000
1430.300000,-924.022000,337.383000
1399.656000,-915.400000,327.338000
1383.300000,-929.512000,317.334000
1426.305000,-933.400000,307.289000
1388.705000,-932.554000,343.000000
1308.000000,-900.220000,353.072000
1303.572000,-836.500000,341.360000
1290.000000,-863.716000,329.600000
1299.180000,-908.500000,317.888000
1290.702000,-862.348000,356.000000
1302.100000,-760.766000,307.435000
1289.485000,-753.200000,329.359000
1287.100000,-778.472000,322.283000
1288.660000,-779.200000,315.178000
1301.530000,-773.090000,336.000000
1356.800000,-790.255000,309.668000
1325.480000,-779.800000,331.563000
1284.800000,-788.305000,324.487000
1335.056000,-794.800000,317.411000
1348.592000,-782.350000,336.000000
1451.000000,-763.130000,306.048000
1447.955000,-761.600000,333.264000
1346.000000,-764.015000,324.444000
1376.660000,-776.600000,315.660000
1430.945000,-770.240000,336.000000
1446.700000,-741.996000,308.820000
1437.964000,-723.200000,300.000000
1432.700000,-751.135000,327.216000
1445.118000,-760.200000,318.432000
1442.962000,-759.534000,336.000000
1445.200000,-719.610000,315.408000
1426.888000,-705.900000,303.696000
1361.200000,-711.135000,339.936000
1401.604000,-720.900000,328.224000
1416.304000,-711.720000,348.000000
1359.800000,-713.303000,328.716000
1346.808000,-701.500000,318.426000
1343.800000,-736.428000,350.178000
1345.000000,-738.500000,339.888000
1353.080000,-730.841000,354.000000
1342.600000,-709.250000,331.908000
1327.578000,-699.100000,321.660000
1305.600000,-706.632000,353.370000
1330.390000,-713.100000,343.122000
1324.248000,-701.886000,354.000000
1302.800000,-707.392000,335.100000
1302.783000,-703.200000,324.852000
1285.800000,-707.424000,314.604000
1290.288000,-735.200000,346.314000
1293.059000,-722.560000,354.000000
1268.400000,-1072.435000,317.659000
1253.525000,-1042.900000,313.494000
1243.400000,-1082.885000,309.346000
1264.850000,-1097.900000,322.198000
1252.175000,-1043.450000,324.000000
1228.600000,-1102.702000,310.515000
1226.710000,-1073.500000,309.295000
1218.600000,-1083.451000,308.070000
1223.120000,-1104.500000,311.850000
1221.340000,-1086.396000,312.000000
1220.900000,-1097.980000,311.340000
1196.596000,-1094.500000,310.605000
1189.900000,-1103.650000,309.873000
1191.357000,-1104.500000,309.138000
1196.038000,-1102.720000,312.000000
1216.600000,-1068.010000,307.856000
1213.576000,-1056.700000,307.612000
1208.600000,-1064.335000,307.367000
1213.728000,-1071.700000,307.123000
1209.576000,-1060.120000,308.000000
1195.000000,-1056.724000,311.796000
1185.280000,-1051.000000,311.064000
1185.000000,-1054.744000,310.332000
1187.350000,-1087.000000,309.597000
1185.450000,-1073.788000,312.000000
1187.000000,-1092.390000,310.099000
1178.510000,-1077.700000,318.404000
1172.000000,-1095.848000,315.720000
1184.435000,-1103.700000,313.036000
1186.535000,-1078.714000,321.000000
1148.400000,-1101.875000,311.000000
1140.350000,-1077.600000,311.000000
1098.400000,-1084.900000,311.000000
1119.600000,-1102.600000,311.000000
1143.000000,-1088.725000,311.000000
1231.100000,-1006.294000,309.324000
1214.490000,-998.000000,310.834000
1209.100000,-1017.492000,310.346000
1209.496000,-1020.000000,309.856000
1227.052000,-1016.700000,311.000000
1206.100000,-1036.762000,310.190000
1201.214000,-1004.700000,313.970000
1192.100000,-1024.421000,312.745000
1200.668000,-1045.700000,311.525000
1202.460000,-1015.196000,314.000000
1143.300000,-1008.736000,316.396000
1107.428000,-999.900000,312.980000
1105.300000,-1003.425000,323.564000
1113.166000,-1046.900000,320.134000
1130.494000,-1031.014000,326.000000
1268.000000,-931.140000,310.737000
1252.398000,-925.200000,309.022000
1239.000000,-931.890000,314.314000
1262.229000,-935.200000,312.606000
1256.023000,-925.880000,315.000000
1238.900000,-980.267000,311.868000
1237.184000,-947.300000,310.892000
1225.900000,-956.012000,313.912000
1231.035000,-980.300000,312.936000
1232.530000,-962.909000,314.000000
1224.200000,-960.740000,312.176000
1215.488000,-949.400000,311.196000
1212.200000,-973.424000,310.220000
1224.068000,-977.400000,313.240000
1217.408000,-974.012000,314.000000
1179.800000,-975.032000,312.480000
1172.417000,-965.300000,311.504000
1156.800000,-970.724000,310.524000
1170.232000,-977.300000,313.548000
1165.034000,-968.720000,314.000000
1190.200000,-941.310000,321.832000
1129.810000,-934.800000,317.684000
1124.200000,-936.180000,313.536000
1135.948000,-964.800000,326.371000
1142.746000,-955.500000,327.000000
1268.300000,-867.184000,312.865000
1261.174000,-853.500000,311.640000
1254.300000,-867.602000,310.420000
1265.108000,-875.500000,309.200000
1257.170000,-855.612000,314.000000
1257.000000,-830.688000,312.698000
1255.764000,-830.100000,312.210000
1245.000000,-835.035000,311.720000
1249.404000,-851.100000,311.232000
1246.536000,-840.642000,313.000000
1157.500000,-855.620000,316.000000
1148.426000,-842.600000,316.000000
1144.500000,-867.470000,316.000000
1156.993000,-872.600000,316.000000
1145.176000,-869.840000,316.000000
1145.100000,-870.285000,316.000000
1134.880000,-857.700000,316.000000
1110.100000,-864.060000,316.000000
1129.525000,-872.700000,316.000000
1144.260000,-862.395000,316.000000
1259.300000,-792.305000,310.922000
1241.580000,-790.100000,310.166000
1239.300000,-790.262000,310.410000
1242.280000,-799.100000,310.655000
1257.280000,-796.571000,310.000000
1213.100000,-788.811000,313.000000
1206.847000,-749.100000,313.000000
1200.100000,-786.432000,313.000000
1209.772000,-810.100000,313.000000
1210.799000,-756.725000,313.000000
1200.200000,-751.977000,316.927000
1199.225000,-748.500000,329.779000
1187.200000,-761.066000,325.614000
1191.594000,-809.500000,321.466000
1196.898000,-780.891000,330.000000
1142.500000,-793.012000,320.156000
1117.747000,-781.000000,318.441000
1105.500000,-801.826000,323.733000
1139.984000,-807.000000,322.018000
1130.290000,-805.336000,325.000000
1270.600000,-751.084000,313.536000
1257.450000,-739.800000,312.560000
1220.600000,-744.935000,315.580000
1246.950000,-752.800000,314.604000
1250.300000,-744.246000,316.000000
1238.100000,-700.956000,324.820000
1200.348000,-688.900000,320.672000
1194.100000,-732.416000,333.524000
1199.424000,-732.900000,329.359000
1216.848000,-721.812000,334.000000
1172.300000,-718.360000,318.074000
1160.548000,-696.600000,317.584000
1146.300000,-715.288000,317.096000
1164.890000,-728.600000,318.608000
1157.766000,-701.496000,319.000000
1138.700000,-686.775000,320.839000
1137.412000,-685.500000,320.107000
1110.700000,-688.170000,319.372000
1119.352000,-700.500000,321.640000
1120.892000,-693.885000,322.000000
1202.900000,-652.302000,333.870000
1150.338000,-641.500000,328.235000
1120.900000,-658.484000,322.623000
1195.028000,-663.500000,340.011000
1144.516000,-662.730000,341.000000
1148.800000,-639.268000,321.362000
1139.400000,-599.800000,319.654000
1108.800000,-615.904000,317.939000
1128.720000,-643.800000,316.231000
1117.240000,-616.124000,323.000000
1251.400000,-601.996000,319.262000
1170.158000,-587.500000,316.578000
1153.400000,-633.628000,313.894000
1162.416000,-635.500000,311.199000
1166.630000,-624.748000,321.000000
1253.000000,-578.868000,335.408000
1217.045000,-564.000000,327.600000
1168.000000,-575.655000,319.760000
1226.310000,-585.000000,311.952000
1173.015000,-567.822000,338.000000
994.600000,-1066.076000,382.665000
993.628000,-1062.200000,366.317000
940.600000,-1067.266000,349.969000
955.774000,-1096.200000,333.554000
993.628000,-1082.192000,383.000000
1076.100000,-1026.280000,313.296000
1055.292000,-998.200000,326.886000
1042.100000,-1038.376000,322.494000
1071.850000,-1052.200000,318.102000
1072.904000,-1051.822000,330.000000
1024.800000,-1045.250000,319.332000
1004.612000,-995.300000,326.136000
926.800000,-1013.552000,323.931000
972.762000,-1049.300000,321.735000
1008.042000,-1016.846000,327.000000
995.200000,-945.602000,334.975000
944.737000,-931.700000,388.580000
932.200000,-970.844000,371.256000
936.232000,-973.700000,353.861000
979.639000,-965.510000,390.000000
1073.100000,-919.002000,319.214000
1048.610000,-885.100000,315.798000
1011.100000,-909.296000,326.368000
1051.896000,-931.100000,322.952000
1053.074000,-894.806000,329.000000
1021.800000,-830.990000,322.262000
989.163000,-824.600000,320.798000
988.800000,-830.045000,325.334000
997.116000,-869.600000,323.864000
1008.600000,-852.320000,326.000000
1078.200000,-780.992000,339.338000
1060.710000,-751.400000,327.823000
1048.200000,-790.010000,363.355000
1073.580000,-805.400000,351.887000
1063.920000,-752.588000,365.000000
1028.200000,-803.892000,331.660000
1020.368000,-758.100000,326.292000
984.200000,-772.932000,320.902000
1003.604000,-806.100000,337.534000
1003.868000,-778.644000,342.000000
986.200000,-764.800000,336.747000
942.968000,-743.200000,331.602000
930.200000,-797.380000,326.478000
932.160000,-803.200000,342.333000
950.976000,-793.180000,345.000000
1023.800000,-726.830000,338.660000
990.128000,-679.400000,333.780000
931.800000,-710.276000,328.880000
989.668000,-741.400000,344.000000
958.940000,-694.218000,345.000000
1083.800000,-614.860000,324.313000
1040.600000,-604.600000,322.605000
1038.800000,-610.120000,320.897000
1048.880000,-664.600000,319.182000
1048.610000,-643.300000,326.000000
987.100000,-640.443000,325.672000
977.110000,-606.400000,325.182000
969.100000,-646.874000,324.694000
983.824000,-665.400000,324.206000
971.656000,-609.409000,326.000000
965.000000,-662.534000,341.504000
962.616000,-626.200000,337.356000
949.000000,-636.597000,333.191000
955.592000,-663.200000,329.043000
950.040000,-643.072000,343.000000
1066.900000,-562.952000,339.802000
965.852000,-542.000000,335.392000
930.900000,-589.250000,331.000000
931.716000,-596.000000,326.590000
1065.404000,-588.548000,340.000000
813.700000,-1091.954000,319.715000
802.208000,-1059.400000,328.031000
779.700000,-1078.629000,325.336000
800.134000,-1100.400000,322.652000
810.742000,-1070.388000,330.000000
892.700000,-1009.300000,326.256000
824.664000,-988.700000,338.352000
819.700000,-995.189000,334.448000
833.935000,-1091.700000,330.528000
880.728000,-1058.019000,340.000000
809.800000,-1032.100000,326.834000
794.546000,-995.800000,336.649000
780.800000,-1035.280000,333.477000
803.681000,-1055.800000,330.305000
802.840000,-1000.540000,337.000000
773.400000,-1072.475000,326.704000
767.160000,-1072.200000,322.800000
721.400000,-1078.500000,334.880000
741.368000,-1097.200000,330.976000
756.916000,-1084.325000,338.000000
772.800000,-1023.552000,365.068000
754.925000,-1000.200000,338.608000
747.800000,-1047.576000,420.256000
772.250000,-1056.200000,393.796000
762.975000,-1050.096000,433.000000
840.300000,-964.519000,357.866000
822.996000,-920.900000,338.834000
784.300000,-944.273000,397.724000
816.332000,-973.900000,378.692000
814.036000,-936.588000,401.000000
844.200000,-839.248000,340.983000
788.214000,-824.200000,335.859000
782.200000,-826.510000,330.735000
792.492000,-890.200000,346.590000
810.348000,-870.532000,351.000000
769.300000,-855.766000,367.800000
760.336000,-824.700000,352.365000
751.300000,-855.521000,336.993000
764.998000,-873.700000,384.621000
758.104000,-829.992000,393.000000
758.182384,-833.920232,372.588000
757.603724,-831.699976,357.216000
740.275977,-834.362179,341.781000
730.800655,-867.698346,389.409000
739.158149,-847.996207,393.000000
869.700000,-752.490000,338.554000
835.400000,-742.700000,334.144000
819.700000,-760.696000,329.752000
867.150000,-764.700000,325.342000
830.950000,-762.918000,343.000000
907.900000,-787.160000,339.922000
898.100000,-736.100000,335.530000
872.900000,-760.820000,331.120000
891.940000,-796.100000,326.728000
878.115000,-755.600000,343.000000
836.148988,-783.924930,510.380000
805.922111,-756.677821,462.556000
800.817702,-754.302273,414.732000
788.033492,-792.459653,366.712000
790.348430,-781.539966,529.000000
909.000000,-652.379000,350.568000
879.453000,-630.500000,344.688000
846.000000,-650.333000,338.832000
892.116000,-663.500000,332.976000
908.748000,-634.988000,351.000000
840.600000,-643.364000,335.234000
837.324000,-641.800000,390.422000
788.600000,-646.285000,372.537000
805.552000,-664.800000,354.725000
836.388000,-654.266000,404.000000
897.700000,-609.664000,354.025000
843.744000,-592.600000,516.350000
883.104000,-592.600000,528.175000
815.700000,-621.004000,463.890000
891.222000,-628.600000,411.215000
835.626000,-628.600000,407.345000
906.700000,-578.840000,328.165000
875.956000,-541.000000,339.505000
784.700000,-557.469000,335.830000
847.530000,-584.000000,332.170000
878.152000,-556.222000,340.000000
555.475631,-1135.403854,333.610000
536.187038,-1111.049054,326.290000
513.671134,-1134.791363,348.970000
516.427938,-1137.526565,341.620000
537.733678,-1142.304417,355.000000
528.953157,-1171.407462,383.876000
516.061947,-1139.374326,344.921000
531.473756,-1149.769722,372.746000
476.928946,-1132.297570,465.125000
508.110450,-1167.785076,426.329000
482.028928,-1150.192868,442.388000
516.388398,-1145.167247,485.000000
508.233199,-1091.993062,352.840000
509.947455,-1089.794226,337.956000
495.403986,-1079.220282,384.072000
480.631748,-1098.084783,369.127000
492.674161,-1093.868668,387.000000
585.278753,-1072.575253,381.353000
586.956741,-1025.891626,354.648000
537.853494,-1038.920934,328.052000
557.911889,-1086.954180,410.456000
543.860354,-1067.275660,434.000000
616.249971,-1036.357608,344.976000
619.533144,-1020.212421,337.168000
592.688577,-994.959550,329.328000
600.045885,-1018.393881,353.520000
603.752790,-1009.223363,358.000000
646.688498,-993.055497,333.370000
640.681696,-963.184921,330.675000
603.713979,-985.392510,327.991000
603.612603,-988.914112,336.296000
615.740814,-988.731995,337.000000
654.464907,-961.312812,356.094000
670.719330,-940.198066,346.578000
649.977075,-945.645593,337.023000
643.563339,-963.867775,327.507000
661.931172,-940.443280,366.000000
449.258398,-1085.128280,328.822000
453.153395,-1081.595867,328.578000
417.997378,-1047.391737,328.334000
398.156657,-1080.419213,328.089000
407.729966,-1065.479062,329.000000
453.310236,-1047.627183,386.435000
456.698102,-1024.810294,370.510000
431.949303,-1031.469177,354.650000
439.405190,-1054.303830,338.790000
451.321451,-1018.424925,393.000000
511.709188,-1033.562582,388.400000
531.460445,-1011.797213,372.784000
511.954741,-1003.768267,357.104000
502.346314,-1025.103743,341.488000
509.935910,-1005.462275,390.000000
509.607602,-997.279063,330.548000
507.516962,-975.621204,367.543000
479.438770,-992.113831,355.587000
478.015428,-994.805395,343.582000
495.670847,-1006.374760,377.000000
544.073346,-1008.284727,332.352000
545.590371,-980.443503,358.056000
514.616920,-962.653054,349.726000
527.147237,-997.393524,341.430000
549.195320,-993.714282,362.000000
611.400889,-951.229045,329.020000
597.796634,-919.501975,332.800000
592.137262,-923.078598,331.580000
555.055253,-963.650725,330.355000
584.073396,-963.427202,333.000000
569.704869,-938.209053,345.017000
590.132664,-909.154501,331.052000
552.227378,-930.487134,374.144000
547.081028,-952.920118,360.236000
591.398745,-914.013600,386.000000
628.445574,-931.488019,334.426000
664.241626,-892.888853,330.034000
628.117399,-873.849589,343.624000
610.806380,-912.708669,339.232000
639.758249,-900.323607,346.000000
698.725698,-852.040938,385.722000
696.401833,-819.694962,353.137000
656.454832,-841.234625,453.685000
652.764847,-845.258558,421.100000
670.263386,-854.552582,461.000000
724.614089,-815.649514,364.190000
733.678114,-795.976022,347.354000
713.276176,-790.088267,330.449000
713.790690,-811.142492,382.613000
725.794001,-796.211026,398.000000
763.900000,-678.977000,362.714000
743.971000,-675.500000,350.758000
742.900000,-677.020000,338.802000
747.352000,-694.500000,375.797000
751.111000,-687.964000,383.000000
738.760321,-711.038008,356.520000
732.065152,-685.017679,346.720000
709.156281,-677.106706,336.960000
727.182855,-709.179844,367.200000
727.128316,-680.793056,370.000000
766.000000,-655.732000,361.604000
755.999000,-578.200000,352.820000
693.000000,-599.182000,344.000000
722.273000,-656.200000,335.216000
710.374000,-614.704000,371.000000
765.700000,-553.600000,350.320000
721.780000,-537.600000,345.420000
705.700000,-572.120000,340.540000
765.400000,-577.600000,335.640000
715.420000,-572.560000,354.000000
708.600000,-570.252000,517.780000
694.908000,-536.400000,465.320000
666.600000,-555.636000,412.645000
691.338000,-578.400000,360.185000
434.056205,-1013.083868,367.720000
410.605776,-974.066530,357.960000
406.926492,-972.001858,348.200000
390.467577,-996.868398,338.400000
392.446021,-984.295373,369.000000
471.125997,-975.704835,331.690000
467.996266,-940.466414,393.600000
434.533543,-931.991525,373.592000
453.637876,-973.583781,353.584000
481.803543,-962.144194,410.000000
510.453968,-939.423074,328.605000
507.560403,-934.753398,332.385000
473.928729,-904.662652,331.160000
467.915160,-933.466072,329.940000
494.871846,-942.776559,333.000000
551.836882,-908.395715,333.158000
545.249256,-859.454750,349.013000
495.099754,-877.134961,343.889000
523.881419,-928.408613,338.744000
521.427822,-916.035260,350.000000
590.365801,-879.668770,333.110000
623.646940,-841.253207,329.450000
590.370836,-841.061906,340.775000
574.318398,-875.678474,337.115000
609.304162,-852.906362,344.000000
578.001544,-846.448490,329.450000
566.756382,-821.120958,327.742000
564.181153,-819.037236,333.034000
544.329345,-841.096345,331.319000
559.908434,-846.701163,334.000000
581.559757,-821.191634,341.945000
593.648872,-803.272314,333.370000
574.074914,-810.524865,359.830000
570.702775,-825.784748,351.290000
590.992203,-806.042574,362.000000
637.512421,-784.977079,342.096000
637.654908,-782.802880,334.288000
621.297519,-772.372456,326.448000
607.855318,-792.084907,350.640000
620.209323,-785.452141,358.000000
674.619392,-802.552470,335.120000
660.281014,-763.786823,331.690000
630.253315,-763.847356,328.274000
660.118639,-809.667762,338.844000
641.963393,-784.068280,341.000000
696.406771,-776.735247,351.336000
728.183029,-733.696424,343.772000
686.529866,-720.395429,336.177000
675.292534,-763.723045,359.613000
699.599536,-730.528648,362.000000
434.058762,-919.173448,342.176000
407.259424,-872.025767,337.784000
376.396389,-886.088424,333.392000
381.184410,-892.263326,346.982000
392.444157,-892.639075,347.000000
452.503007,-901.970837,343.371000
455.274924,-873.263972,338.716000
426.165311,-865.394501,334.080000
436.973082,-898.333551,329.444000
441.232934,-862.978788,347.000000
525.067865,-845.164035,342.160000
527.718252,-840.809714,338.256000
499.497530,-823.407418,334.352000
467.943620,-862.335136,330.432000
484.108877,-839.775505,344.000000
474.319687,-834.146901,357.822000
480.803500,-808.946492,350.227000
449.491570,-823.370084,342.663000
455.768771,-846.358853,335.099000
443.651284,-828.593569,359.000000
535.459554,-832.438049,328.102000
551.436690,-813.941218,350.026000
535.021933,-809.630755,342.921000
527.542513,-827.337791,335.845000
545.805587,-822.647135,356.000000
535.131266,-800.278920,327.690000
524.189230,-772.608502,332.220000
498.137053,-786.486418,330.756000
499.441259,-789.717775,329.286000
521.148876,-805.607910,333.000000
565.546793,-805.646940,328.483000
565.738094,-772.370836,338.311000
531.121526,-756.318398,335.126000
546.992581,-796.892527,331.954000
569.767442,-785.784339,339.000000
593.335197,-741.432601,327.602000
595.482645,-739.279295,326.138000
583.501987,-731.380743,330.674000
567.634513,-749.382156,329.204000
580.465875,-746.629729,332.000000
619.942725,-740.398650,328.440000
619.501014,-715.350560,325.990000
594.325593,-719.966688,333.550000
606.195347,-746.589901,331.110000
601.521109,-740.245652,335.000000
568.809423,-740.751783,337.860000
610.421616,-702.962999,329.808000
586.722824,-706.944404,354.723000
560.061053,-737.702842,346.671000
589.563095,-715.395274,357.000000
679.507676,-707.632847,334.940000
663.767484,-657.114182,330.040000
612.628961,-683.297829,325.160000
612.340159,-688.947667,340.260000
637.528619,-700.889296,345.000000
320.500694,-1032.499138,331.876000
312.081609,-969.831762,328.948000
242.501783,-921.948869,326.008000
282.462411,-1004.760806,335.080000
288.345579,-955.178875,337.000000
384.695888,-961.694850,348.715000
376.616575,-936.261373,340.175000
369.569829,-941.774702,331.635000
325.403930,-985.839141,358.060000
347.969235,-969.817946,361.000000
345.322749,-957.992883,345.972000
326.965885,-888.730924,340.582000
268.040224,-877.744725,335.214000
315.805865,-960.756298,351.846000
315.145589,-875.592792,352.000000
363.349054,-881.762414,432.864000
385.295101,-847.036511,400.656000
338.239118,-809.449350,368.316000
336.621710,-852.079525,336.108000
342.759216,-822.002218,459.000000
404.883511,-838.957956,346.338000
383.797885,-796.044028,340.948000
354.184807,-802.807382,335.580000
353.573568,-806.390577,330.190000
359.811435,-805.894381,349.000000
454.009387,-796.043635,340.370000
456.144098,-766.073181,336.954000
422.272100,-745.825169,333.524000
435.421066,-783.385793,330.108000
428.770499,-742.309002,341.000000
501.577727,-757.141636,326.000000
470.059345,-710.570153,326.000000
466.632214,-710.807900,326.000000
454.639726,-737.609965,326.000000
488.924047,-763.358253,326.000000
572.595682,-691.687241,326.728000
575.949117,-669.515878,338.808000
552.877026,-672.912585,334.904000
559.919687,-695.802636,331.000000
582.241352,-679.359806,341.000000
541.236148,-719.748308,325.920000
559.378411,-697.130554,329.700000
531.636560,-676.051518,328.475000
526.067213,-702.076107,327.255000
547.879959,-703.713886,330.000000
535.915064,-670.873911,329.176000
542.114827,-652.360481,325.256000
510.496192,-673.443073,337.352000
506.591845,-676.820927,333.432000
517.581908,-680.621667,341.000000
580.983009,-648.647484,331.762000
592.543641,-626.537877,325.418000
569.858762,-620.360201,345.048000
569.045833,-643.597784,338.704000
586.339175,-630.948035,349.000000
290.428748,-835.118446,341.455000
277.703434,-810.856698,332.915000
275.638123,-810.072489,359.375000
265.237517,-824.435565,350.800000
276.187442,-829.654841,362.000000
258.573795,-861.277192,326.860000
244.485806,-807.904350,323.430000
197.610645,-788.380498,320.014000
234.867722,-855.249114,330.598000
243.525803,-811.095751,334.000000
336.031217,-790.878000,326.000000
331.848128,-785.349571,326.000000
295.374454,-752.976277,326.000000
290.196007,-784.539355,326.000000
303.938913,-775.079638,326.000000
292.522338,-707.847967,326.572000
296.501527,-691.506353,325.592000
272.684928,-708.393161,324.616000
277.608316,-721.214398,327.636000
274.799899,-712.362016,328.000000
344.837330,-713.855467,330.033000
354.160732,-701.053229,328.325000
343.278496,-701.720458,326.610000
339.416070,-713.085811,331.902000
347.199556,-701.640393,332.000000
341.644856,-692.624839,327.975000
340.469920,-685.071068,326.755000
339.479238,-685.114871,325.535000
326.844710,-698.325318,324.310000
331.136507,-694.487555,329.000000
364.547566,-692.014795,327.488000
366.253589,-671.541297,326.508000
345.818631,-669.873427,325.532000
353.648953,-692.301324,324.556000
357.167880,-664.363098,328.000000
408.941540,-661.636628,329.792000
407.566328,-659.823208,328.816000
387.828526,-660.730396,327.836000
384.734368,-688.487493,326.860000
384.821758,-670.039047,330.000000
431.812120,-648.992137,326.475000
425.625758,-623.614746,340.820000
399.843221,-643.441609,336.184000
418.105258,-665.321967,331.529000
420.002515,-662.660463,345.000000
403.293207,-605.417969,327.949000
391.054100,-616.055542,364.993000
366.311202,-647.489190,352.988000
387.412876,-625.062155,341.032000
397.656868,-609.680164,372.000000
571.685322,-584.151478,326.248000
571.886533,-563.304991,344.392000
570.001715,-562.066861,338.536000
530.786247,-598.332664,332.656000
549.763613,-597.846509,346.000000
562.900000,-547.097000,328.096000
543.940000,-533.300000,322.216000
522.900000,-546.026000,340.360000
552.380000,-554.300000,334.504000
551.860000,-536.051000,346.000000
517.894282,-642.310163,334.570000
518.385897,-639.465676,327.494000
496.865834,-624.709130,349.389000
481.178538,-649.574006,342.313000
499.059196,-645.672840,354.000000
487.244729,-606.810206,321.000000
485.077134,-577.373431,321.000000
455.501632,-584.656958,321.000000
470.913868,-616.094701,321.000000
464.426816,-604.494387,321.000000
470.500000,-569.318000,321.000000
467.930000,-563.200000,321.000000
460.500000,-565.923000,321.000000
465.700000,-570.200000,321.000000
465.440000,-565.636000,321.000000
453.234824,-576.754854,321.000000
447.301334,-568.841865,321.000000
439.153553,-584.618791,321.000000
440.098913,-585.341585,321.000000
444.592790,-582.410177,321.000000
428.722488,-590.841566,323.544000
431.261141,-569.837746,322.568000
419.540190,-583.958377,321.588000
422.452172,-598.565939,324.612000
427.408693,-573.530559,325.000000
479.100000,-547.410000,321.000000
477.420000,-546.500000,321.000000
437.100000,-548.220000,321.000000
449.826000,-556.500000,321.000000
448.230000,-552.150000,321.000000
410.219637,-568.355121,321.000000
411.316002,-547.517463,321.000000
397.061808,-574.885750,321.000000
402.144216,-586.812176,321.000000
395.931303,-583.224459,321.000000
393.705881,-566.613942,321.000000
399.436776,-542.805664,321.000000
388.993981,-549.504210,321.000000
388.051428,-567.446239,321.000000
389.904919,-550.301251,321.000000
1349.109014,-491.838772,356.752000
1353.702409,-469.532024,343.032000
1311.849786,-488.481464,329.368000
1310.794192,-491.131487,315.648000
1319.437163,-485.140089,360.000000
1269.500000,-516.020000,309.504000
1242.395000,-494.600000,330.672000
1204.500000,-511.070000,323.812000
1248.700000,-524.600000,316.980000
1266.900000,-500.240000,337.000000
1269.000000,-420.880000,308.974000
1268.703000,-416.200000,324.850000
1242.000000,-421.777000,319.726000
1249.425000,-455.200000,314.581000
1265.841000,-439.366000,328.000000
1188.300000,-513.232000,312.394000
1156.788000,-496.400000,322.964000
1136.300000,-519.984000,319.548000
1181.488000,-528.400000,316.132000
1178.264000,-528.400000,324.000000
1131.300000,-523.880000,313.741000
1126.300000,-486.600000,313.009000
1106.300000,-499.880000,315.274000
1117.875000,-526.600000,314.542000
1124.550000,-502.800000,316.000000
1190.100000,-455.766000,314.592000
1129.756000,-449.700000,312.632000
1114.100000,-466.368000,318.680000
1118.432000,-467.700000,316.720000
1163.804000,-464.298000,320.000000
1203.900000,-434.148000,321.600000
1167.334000,-407.400000,313.304000
1109.900000,-426.120000,338.974000
1171.188000,-443.400000,330.678000
1164.232000,-415.212000,342.000000
963.800000,-499.627000,325.428000
930.378000,-496.200000,324.696000
929.800000,-498.822000,326.964000
938.164000,-519.200000,326.229000
946.834000,-510.529000,327.000000
1005.000000,-450.220000,336.378000
964.610000,-433.600000,330.008000
935.000000,-454.870000,323.664000
993.800000,-463.600000,343.320000
964.750000,-434.440000,348.000000
912.300000,-523.700000,387.900000
903.750000,-494.900000,363.500000
862.300000,-503.990000,339.000000
884.000000,-524.900000,414.600000
879.700000,-507.920000,425.000000
911.700000,-458.940000,339.650000
891.784000,-444.300000,333.525000
885.700000,-480.180000,327.425000
886.454000,-484.300000,346.300000
892.772000,-477.900000,347.000000
914.100000,-425.360000,402.328000
896.100000,-402.200000,376.952000
864.100000,-416.960000,351.472000
895.250000,-432.200000,326.096000
873.900000,-409.550000,425.000000
864.200000,-476.463000,398.782000
805.052000,-473.100000,379.506000
802.200000,-474.734000,360.230000
815.654000,-492.100000,340.875000
809.578000,-485.469000,410.000000
863.600000,-444.277000,404.865000
829.562000,-433.200000,385.510000
801.600000,-446.120000,366.234000
851.944000,-452.200000,346.958000
804.266000,-434.283000,410.000000
772.000000,-520.658000,333.957000
772.000000,-409.150000,349.443000
755.698000,-400.000000,399.729000
658.000000,-433.428000,378.414000
658.000000,-520.780000,387.549000
704.284000,-522.000000,357.186000
768.124000,-456.486000,420.000000
764.590000,-515.168000,420.000000
634.400000,-446.856000,330.808000
590.917000,-398.000000,380.638000
575.400000,-505.756000,364.534000
575.400000,-522.000000,348.364000
627.910000,-505.632000,391.000000
574.200000,-497.700000,325.888000
555.333000,-399.300000,357.640000
517.200000,-456.249000,347.350000
551.058000,-522.300000,337.102000
563.598000,-433.002000,361.000000
480.900000,-477.734000,325.720000
453.120000,-469.700000,346.888000
450.900000,-471.923000,340.056000
456.570000,-508.700000,333.196000
473.010000,-496.220000,347.000000
405.300000,-501.404000,319.536000
391.780000,-475.700000,317.576000
379.300000,-503.042000,323.624000
399.658000,-517.700000,321.672000
396.486000,-479.270000,325.000000
499.500000,-399.537000,316.214000
494.256000,-398.500000,316.702000
453.500000,-413.506000,315.192000
470.842000,-459.500000,315.680000
480.364000,-428.451000,315.000000
1271.200000,-321.679000,346.950000
1246.385000,-290.800000,326.125000
1236.200000,-352.120000,390.385000
1270.220000,-363.800000,369.560000
1253.980000,-356.281000,392.000000
1217.300000,-334.967000,360.502000
1202.150000,-315.900000,339.274000
1167.300000,-325.882000,317.959000
1195.600000,-338.900000,383.731000
1188.900000,-322.869000,400.000000
1167.900000,-300.570000,367.114000
1132.020000,-276.000000,345.886000
1127.900000,-279.045000,324.658000
1134.300000,-381.000000,390.343000
1142.100000,-350.340000,400.000000
1100.100000,-328.800000,423.442000
1051.000000,-300.000000,384.732000
1061.600000,-300.000000,384.732000
1000.100000,-328.035000,346.180000
1075.500000,-345.000000,465.628000
1045.200000,-345.000000,453.936000
1028.000000,-305.130000,471.000000
997.200000,-351.310000,403.475000
992.040000,-349.700000,376.879000
937.200000,-357.295000,350.174000
958.140000,-384.700000,323.578000
949.320000,-367.900000,428.000000
998.100000,-274.820000,411.868000
957.300000,-259.000000,385.163000
938.100000,-287.385000,358.567000
994.680000,-294.000000,331.862000
945.660000,-291.375000,428.000000
879.400000,-378.611000,390.888000
873.098000,-358.900000,373.564000
856.400000,-368.238000,356.169000
868.751000,-381.900000,338.845000
857.527000,-366.513000,396.000000
830.200000,-358.516000,328.288000
802.424000,-350.100000,382.720000
798.200000,-350.100000,365.152000
802.424000,-382.100000,347.512000
829.336000,-373.684000,400.000000
889.700000,-332.257000,329.642000
860.531000,-296.800000,391.634000
826.700000,-328.282000,371.544000
872.438000,-349.800000,351.536000
883.211000,-304.379000,405.000000
918.300000,-264.100000,324.727000
912.828000,-261.700000,333.043000
822.300000,-267.748000,330.359000
853.020000,-293.700000,327.664000
901.020000,-279.236000,334.000000
775.600000,-332.400000,354.506000
747.607000,-315.600000,436.801000
732.600000,-343.005000,410.205000
771.902000,-350.600000,383.609000
764.592000,-348.990000,438.000000
769.600000,-305.728000,353.590000
759.268000,-263.200000,331.874000
727.600000,-281.296000,399.069000
748.978000,-311.200000,377.353000
755.614000,-280.480000,415.000000
706.400000,-272.296000,329.192000
665.240000,-253.900000,325.272000
657.400000,-315.073000,337.368000
662.447000,-316.900000,333.448000
686.359000,-302.158000,339.000000
646.650000,-339.104000,345.465000
588.190200,-247.100000,332.045000
511.950000,-321.812000,373.570000
605.835900,-379.100000,360.150000
581.320500,-269.672000,375.000000
564.887100,-259.772000,375.000000
502.100000,-261.499000,333.794000
498.544000,-247.800000,322.570000
375.100000,-269.080000,311.346000
412.184000,-380.800000,346.076000
430.726000,-324.541000,355.000000
494.988000,-261.765000,355.000000
1095.100000,-200.574000,343.640000
1005.388000,-156.800000,333.840000
951.100000,-221.644000,324.080000
1078.684000,-242.800000,354.320000
1003.228000,-241.338000,359.000000
1022.236000,-166.518000,359.000000
921.400000,-228.725000,498.692000
921.400000,-179.000000,345.080000
905.125000,-160.100000,437.448000
900.325000,-160.100000,400.049000
846.400000,-186.275000,375.953000
846.400000,-221.150000,455.018000
882.400000,-235.100000,565.709000
872.425000,-235.100000,509.987000
994.700000,-76.024000,325.921000
956.583000,-70.200000,323.716000
947.700000,-87.362600,321.520000
951.178000,-88.400000,319.315000
957.523000,-84.650800,328.000000
998.479987,-57.642838,342.815000
984.299803,-42.028249,336.227000
958.008017,-45.961021,329.612000
983.916692,-59.411739,323.024000
964.646558,-41.450824,347.000000
857.694914,-108.613187,342.341000
859.028381,-106.583178,337.217000
827.950274,-89.052596,332.093000
826.997116,-107.557212,326.948000
824.818080,-97.452084,344.000000
888.585095,-86.431293,326.988000
864.828803,-56.072854,325.518000
834.400370,-58.033105,324.054000
875.176432,-91.428641,322.590000
894.379546,-74.855996,327.000000
916.377919,-31.589431,321.184000
917.032736,-4.826402,333.280000
880.463405,-1.108393,329.360000
893.082237,-25.017366,325.456000
917.069597,-16.776119,336.000000
877.560247,10.351800,316.963000
866.803731,29.310098,326.778000
850.058059,-4.522570,323.606000
849.798012,-8.169240,320.421000
867.678300,-6.772048,328.000000
783.200000,-226.885000,343.479000
768.120000,-191.400000,401.691000
743.200000,-215.276000,382.826000
768.800000,-238.400000,364.038000
773.240000,-202.116000,403.000000
712.800000,-195.500000,321.818000
669.105000,-187.500000,320.354000
667.800000,-192.650000,324.890000
678.330000,-237.500000,323.420000
698.130000,-219.200000,326.000000
638.700000,-207.120000,327.020000
596.816000,-195.800000,319.915000
564.700000,-209.740000,341.839000
626.046000,-215.800000,334.763000
608.952000,-196.600000,345.000000
423.000000,-228.380000,345.584000
417.720000,-189.500000,323.868000
390.000000,-201.140000,391.063000
403.959000,-229.500000,369.347000
407.193000,-207.340000,394.000000
776.400000,-88.520000,323.797000
734.930000,-65.900000,321.592000
721.400000,-119.060000,319.396000
722.335000,-125.900000,326.191000
745.875000,-116.960000,328.000000
769.250000,-30.020000,341.232000
731.840000,1.300000,329.520000
661.750000,-17.900000,317.760000
727.432500,-38.700000,354.048000
701.417500,-8.980000,360.000000
507.800000,-2.872000,318.755000
451.220000,6.200000,313.143000
447.800000,2.648000,307.531000
460.160000,-41.800000,324.896000
465.320000,-25.624000,326.000000
239.913943,-582.735299,322.762000
240.775199,-565.925957,322.517000
223.980706,-568.970052,322.273000
230.930152,-585.779394,322.029000
236.097688,-563.267942,323.000000
296.500000,-350.000000,312.838000
295.321000,-326.000000,312.594000
287.500000,-332.312000,312.349000
291.046000,-350.000000,312.105000
288.751000,-337.376000,313.000000
283.000000,-314.154000,312.915000
265.600000,-310.500000,312.670000
259.000000,-318.213000,312.426000
282.736000,-319.500000,312.181000
260.512000,-318.420000,313.000000
153.733053,-569.040429,329.928000
177.007144,-543.175056,327.976000
148.893558,-527.735551,326.016000
139.649437,-557.963998,324.064000
172.249657,-559.036728,330.000000
144.377149,-297.371588,313.134000
125.592858,-270.915188,314.646000
122.651293,-269.599969,314.158000
110.167323,-290.844993,313.668000
133.770547,-303.523417,315.000000
110.223144,-622.747419,335.528000
133.320080,-582.408391,401.213000
92.387082,-606.642355,379.985000
87.143178,-638.054867,358.757000
134.185578,-593.150758,410.000000
70.671545,-559.924439,322.200000
77.189060,-561.639424,329.760000
88.369078,-506.388797,327.310000
3.105845,-404.663139,324.870000
35.235279,-485.726024,330.000000
152.952055,-434.784273,326.534000
160.963963,-384.579974,321.144000
95.661621,-420.024218,337.776000
113.513395,-465.121658,332.386000
111.166470,-449.649657,342.000000
58.574391,-324.530142,326.682000
113.708604,-375.749639,318.386000
106.916785,-332.359202,344.056000
60.364366,-304.460061,335.760000
98.314841,-352.226618,348.000000
57.840565,-285.414269,326.817000
29.618519,-233.535258,318.765000
23.596798,-229.148368,343.713000
-16.926077,-283.157184,335.628000
13.688818,-286.845453,345.000000
364.000000,-194.744000,311.942000
309.280000,-131.500000,307.777000
250.000000,-190.767000,303.629000
334.702000,-228.500000,316.481000
301.528000,-143.722000,320.000000
278.956000,-161.861000,320.000000
313.057665,-44.484847,311.428000
313.771487,-40.814946,308.012000
286.980021,-25.945893,304.596000
263.414617,-60.318050,315.166000
282.171054,-45.579228,317.000000
209.000000,-43.985000,310.679000
183.616000,0.000000,310.434000
171.000000,-76.000000,310.190000
206.378000,-95.000000,310.946000
182.362000,-89.015000,311.000000
170.000000,-186.835000,323.305000
125.290000,0.000000,320.621000
0.000000,-84.710000,317.926000
89.420000,-215.000000,315.242000
37.740000,-73.745000,326.000000
154.020000,-72.455000,326.000000
102.680000,-130.290000,326.000000
68.510000,-17.845000,326.000000
