1522.700000,-1077.933000,305.672000
1505.955000,-1072.200000,305.182000
1505.700000,-1076.724000,304.694000
1509.916000,-1111.200000,304.204000
1508.114000,-1096.419000,306.000000
1493.900000,-1053.348000,307.590000
1491.260000,-1052.600000,307.102000
1469.900000,-1060.794000,306.614000
1478.852000,-1086.600000,306.124000
1474.268000,-1069.464000,308.000000
1570.100000,-981.340000,306.285000
1562.580000,-963.400000,304.577000
1538.100000,-970.720000,302.869000
1554.036000,-983.400000,301.154000
1545.204000,-970.820000,308.000000
1526.200000,-976.060000,315.300000
1520.800000,-952.900000,310.420000
1511.200000,-967.630000,305.520000
1520.545000,-982.900000,320.640000
1515.130000,-960.250000,321.000000
1508.400000,-974.416000,307.075000
1488.030000,-956.300000,304.879000
1466.400000,-973.576000,302.674000
1497.816000,-984.300000,309.478000
1479.126000,-959.660000,310.000000
1503.032915,-736.215127,317.145000
1474.897178,-729.234692,310.530000
1500.408333,-758.150190,303.942000
1520.944802,-753.000921,324.354000
1514.612270,-760.834755,327.000000
1427.300000,-591.572000,318.710000
1409.660000,-569.000000,314.300000
1403.300000,-618.419000,309.908000
1427.252000,-626.000000,323.498000
1412.492000,-618.590000,326.000000
1390.800000,-625.794000,312.432000
1339.200000,-622.000000,310.480000
1330.800000,-635.888000,308.528000
1338.180000,-636.000000,314.568000
1356.180000,-632.430000,316.000000
1366.100000,-581.316000,313.654000
1349.338000,-574.600000,310.970000
1349.100000,-579.982000,308.275000
1353.333000,-620.600000,316.591000
1356.971000,-603.120000,319.000000
1347.700000,-581.461000,308.948000
1344.925000,-580.600000,308.460000
1322.700000,-590.522000,309.970000
1332.050000,-621.600000,309.482000
1335.300000,-600.895000,310.000000
1448.900000,-1103.892000,308.170000
1440.168000,-1079.700000,306.945000
1411.900000,-1089.609000,310.725000
1430.363000,-1106.700000,309.505000
1432.028000,-1089.690000,311.000000
1344.200000,-1100.114000,308.000000
1336.980000,-1073.900000,308.000000
1324.200000,-1090.628000,308.000000
1336.680000,-1107.900000,308.000000
1335.880000,-1082.196000,308.000000
1442.100000,-1055.120000,308.664000
1425.576000,-1042.200000,304.744000
1408.100000,-1054.560000,316.840000
1433.566000,-1062.200000,312.920000
1429.316000,-1044.580000,319.000000
1434.000000,-1017.440000,309.260000
1379.621000,-1006.000000,304.380000
1345.000000,-1022.346000,319.500000
1422.786000,-1028.000000,314.600000
1404.096000,-1027.868000,323.000000
1344.900000,-1032.605000,310.641000
1299.268000,-1009.300000,306.493000
1282.900000,-1060.512000,319.328000
1344.838000,-1068.300000,315.180000
1326.548000,-1060.571000,323.000000
1446.100000,-951.480000,305.262000
1425.436000,-942.300000,315.846000
1422.100000,-976.062000,312.416000
1425.076000,-976.300000,309.000000
1439.980000,-967.596000,316.000000
1399.000000,-959.585000,303.579000
1354.585000,-954.800000,305.844000
1354.000000,-958.694000,305.112000
1365.250000,-987.800000,304.380000
1389.325000,-975.227000,306.000000
1337.700000,-951.960000,304.612000
1335.908000,-951.300000,307.632000
1321.700000,-959.319000,306.656000
1327.700000,-984.300000,305.676000
1334.900000,-967.602000,308.000000
1430.300000,-931.510000,306.592000
1419.161000,-915.400000,337.588000
1383.300000,-922.024000,327.584000
1406.800000,-933.400000,317.539000
1423.955000,-922.042000,343.000000
1308.000000,-891.940000,311.456000
1301.484000,-836.500000,347.744000
1290.000000,-871.996000,335.984000
1301.250000,-908.500000,324.272000
1306.290000,-853.996000,356.000000
1302.100000,-769.970000,307.928000
1294.795000,-753.200000,329.852000
1287.100000,-769.294000,322.747000
1298.350000,-779.200000,315.671000
1301.290000,-756.268000,336.000000
1356.800000,-787.585000,335.768000
1312.736000,-779.800000,328.692000
1284.800000,-790.960000,321.587000
1347.800000,-794.800000,314.511000
1355.792000,-794.695000,336.000000
1451.000000,-767.510000,334.272000
1373.615000,-761.600000,325.452000
1346.000000,-774.635000,316.668000
1346.000000,-776.600000,307.884000
1348.730000,-774.620000,336.000000
1446.700000,-733.153000,332.832000
1434.632000,-723.200000,324.012000
1432.700000,-759.978000,315.228000
1434.450000,-760.200000,306.408000
1433.624000,-750.691000,336.000000
1445.200000,-708.060000,341.808000
1362.208000,-705.900000,330.096000
1361.200000,-707.685000,318.384000
1382.284000,-720.900000,306.624000
1370.104000,-715.170000,348.000000
1359.800000,-702.203000,346.902000
1357.992000,-701.500000,336.654000
1343.800000,-710.528000,326.364000
1349.816000,-738.500000,316.116000
1346.136000,-719.741000,354.000000
1342.600000,-711.616000,345.222000
1333.794000,-699.100000,334.974000
1305.600000,-704.266000,324.684000
1324.137000,-713.100000,314.436000
1312.519000,-704.252000,354.000000
1302.800000,-727.808000,343.542000
1296.629000,-703.200000,333.252000
1285.800000,-719.008000,323.004000
1296.442000,-735.200000,312.756000
1289.659000,-710.944000,354.000000
1268.400000,-1078.320000,319.087000
1256.200000,-1042.900000,314.922000
1243.400000,-1077.000000,310.774000
1262.175000,-1097.900000,323.609000
1250.075000,-1049.335000,324.000000
1228.600000,-1089.558000,310.350000
1222.470000,-1073.500000,309.130000
1218.600000,-1096.595000,307.910000
1227.360000,-1104.500000,311.685000
1221.670000,-1104.252000,312.000000
1220.900000,-1098.430000,310.890000
1198.022000,-1094.500000,310.158000
1189.900000,-1103.200000,309.423000
1189.931000,-1104.500000,311.691000
1200.657000,-1103.170000,312.000000
1216.600000,-1060.720000,307.590000
1209.696000,-1056.700000,307.346000
1208.600000,-1071.625000,307.101000
1209.608000,-1071.700000,307.857000
1211.696000,-1067.830000,308.000000
1195.000000,-1056.148000,310.650000
1185.110000,-1051.000000,309.918000
1185.000000,-1055.320000,309.183000
1187.520000,-1087.000000,311.451000
1189.280000,-1073.212000,312.000000
1187.000000,-1078.168000,315.610000
1185.290000,-1077.700000,312.915000
1172.000000,-1084.070000,310.231000
1177.655000,-1103.700000,318.547000
1179.020000,-1090.492000,321.000000
1148.400000,-1099.925000,311.000000
1136.450000,-1077.600000,311.000000
1098.400000,-1086.850000,311.000000
1123.500000,-1102.600000,311.000000
1123.800000,-1086.775000,311.000000
1231.100000,-1014.896000,309.858000
1223.092000,-998.000000,309.370000
1209.100000,-1008.890000,310.882000
1222.894000,-1020.000000,310.392000
1221.156000,-1003.324000,311.000000
1206.100000,-1031.063000,310.945000
1199.254000,-1004.700000,309.725000
1192.100000,-1030.161000,313.500000
1202.628000,-1045.700000,312.280000
1200.332000,-1009.456000,314.000000
1143.300000,-1024.199000,316.886000
1119.968000,-999.900000,313.470000
1105.300000,-1034.962000,324.040000
1138.626000,-1046.900000,320.624000
1129.202000,-1046.477000,326.000000
1268.000000,-929.120000,310.163000
1246.569000,-925.200000,308.448000
1239.000000,-933.910000,313.740000
1239.058000,-935.200000,312.032000
1258.401000,-933.860000,315.000000
1238.900000,-956.111000,311.076000
1227.668000,-947.300000,310.096000
1225.900000,-980.168000,313.120000
1227.551000,-980.300000,312.140000
1235.117000,-971.753000,314.000000
1224.200000,-953.376000,310.912000
1212.320000,-949.400000,313.936000
1212.200000,-952.788000,312.960000
1215.236000,-977.400000,311.980000
1221.188000,-966.648000,314.000000
1179.800000,-965.504000,310.752000
1177.155000,-965.300000,313.776000
1156.800000,-968.252000,312.800000
1165.494000,-977.300000,311.820000
1174.947000,-971.192000,314.000000
1190.200000,-961.560000,312.516000
1174.360000,-934.800000,325.368000
1124.200000,-945.930000,321.203000
1157.398000,-964.800000,317.055000
1178.914000,-945.780000,327.000000
1268.300000,-870.374000,309.540000
1263.190000,-853.500000,313.320000
1254.300000,-864.412000,312.095000
1263.092000,-875.500000,310.875000
1266.480000,-858.802000,314.000000
1257.000000,-843.582000,311.136000
1251.120000,-830.100000,312.646000
1245.000000,-843.162000,312.158000
1254.036000,-851.100000,311.670000
1255.920000,-832.515000,313.000000
1157.500000,-858.080000,316.000000
1149.505000,-842.600000,316.000000
1144.500000,-865.010000,316.000000
1155.914000,-872.600000,316.000000
1156.850000,-872.300000,316.000000
1145.100000,-863.565000,316.000000
1119.200000,-857.700000,316.000000
1110.100000,-870.780000,316.000000
1110.205000,-872.700000,316.000000
1144.750000,-870.675000,316.000000
1259.300000,-792.494000,310.053000
1242.000000,-790.100000,310.297000
1239.300000,-799.073000,310.542000
1241.860000,-799.100000,310.786000
1239.900000,-796.760000,310.000000
1213.100000,-757.701000,313.000000
1200.230000,-749.100000,313.000000
1200.100000,-756.542000,313.000000
1203.402000,-810.100000,313.000000
1201.023000,-786.615000,313.000000
1200.200000,-749.476000,327.739000
1198.692000,-748.500000,323.574000
1187.200000,-763.567000,319.426000
1192.127000,-809.500000,315.278000
1188.643000,-778.390000,330.000000
1142.500000,-804.166000,323.789000
1133.583000,-781.000000,322.074000
1105.500000,-790.672000,320.366000
1124.148000,-807.000000,318.658000
1111.087000,-790.490000,325.000000
1270.600000,-749.758000,315.148000
1252.300000,-739.800000,314.168000
1220.600000,-746.261000,313.192000
1252.050000,-752.800000,312.212000
1230.150000,-742.920000,316.000000
1238.100000,-717.104000,329.682000
1216.496000,-688.900000,325.534000
1194.100000,-716.312000,321.386000
1227.276000,-732.900000,317.221000
1204.264000,-693.916000,334.000000
1172.300000,-713.080000,318.412000
1156.284000,-696.600000,317.924000
1146.300000,-720.536000,317.434000
1169.154000,-728.600000,318.946000
1153.346000,-728.248000,319.000000
1138.700000,-691.350000,320.998000
1117.952000,-685.500000,320.266000
1110.700000,-698.595000,319.531000
1110.812000,-700.500000,321.799000
1119.436000,-698.460000,322.000000
1202.900000,-647.330000,332.398000
1131.888000,-641.500000,326.763000
1120.900000,-663.456000,321.151000
1131.478000,-663.500000,338.539000
1149.764000,-657.758000,341.000000
1148.800000,-605.960000,320.102000
1109.160000,-599.800000,318.387000
1108.800000,-605.212000,316.679000
1119.000000,-643.800000,321.964000
1124.480000,-626.816000,323.000000
1251.400000,-588.220000,315.995000
1239.934000,-587.500000,313.311000
1153.400000,-599.404000,310.627000
1190.640000,-635.500000,318.932000
1195.736000,-610.972000,321.000000
1253.000000,-582.690000,322.160000
1232.430000,-564.000000,314.352000
1168.000000,-571.833000,306.512000
1210.925000,-585.000000,330.704000
1208.120000,-571.644000,338.000000
994.600000,-1088.210000,347.155000
974.782000,-1062.200000,330.807000
940.600000,-1079.132000,381.392000
974.620000,-1096.200000,365.044000
968.302000,-1070.326000,383.000000
1076.100000,-1032.760000,319.650000
1059.372000,-998.200000,315.258000
1042.100000,-1031.896000,328.848000
1067.770000,-1052.200000,324.456000
1060.902000,-1004.302000,330.000000
1024.800000,-1023.056000,321.465000
964.334000,-995.300000,319.260000
926.800000,-1035.746000,326.064000
1013.040000,-1049.300000,323.868000
984.914000,-1048.652000,327.000000
995.200000,-948.038000,343.495000
948.454000,-931.700000,326.100000
932.200000,-968.408000,379.776000
932.515000,-973.700000,362.381000
972.079000,-967.946000,390.000000
1073.100000,-897.244000,319.256000
1019.346000,-885.100000,315.840000
1011.100000,-931.054000,326.424000
1019.160000,-931.100000,322.994000
1052.826000,-919.048000,329.000000
1021.800000,-830.855000,321.584000
989.064000,-824.600000,320.120000
988.800000,-830.180000,324.650000
997.248000,-869.600000,323.186000
1012.329000,-852.185000,326.000000
1078.200000,-752.156000,328.528000
1074.660000,-751.400000,364.060000
1048.200000,-764.846000,352.545000
1059.630000,-805.400000,341.077000
1070.820000,-777.752000,365.000000
1028.200000,-800.772000,324.048000
1017.508000,-758.100000,340.658000
984.200000,-776.052000,335.290000
1006.464000,-806.100000,329.922000
1019.136000,-775.524000,342.000000
986.200000,-789.040000,327.024000
965.592000,-743.200000,342.879000
930.200000,-773.140000,337.755000
965.536000,-803.200000,332.610000
976.904000,-757.480000,345.000000
1023.800000,-719.018000,327.060000
978.444000,-679.400000,342.180000
931.800000,-718.150000,337.300000
1001.352000,-741.400000,332.400000
1012.208000,-686.344000,345.000000
1083.800000,-635.380000,319.441000
1055.990000,-604.600000,324.733000
1038.800000,-649.600000,323.018000
1078.445000,-664.600000,321.310000
1079.930000,-663.820000,326.000000
987.100000,-629.292000,324.046000
973.726000,-606.400000,325.558000
969.100000,-658.025000,325.068000
969.208000,-665.400000,324.580000
986.272000,-657.258000,326.000000
965.000000,-635.931000,342.711000
951.112000,-626.200000,338.563000
949.000000,-626.200000,334.398000
951.096000,-663.200000,330.250000
964.920000,-653.469000,343.000000
1066.900000,-549.452000,338.974000
931.852000,-542.000000,334.564000
930.900000,-548.750000,330.172000
965.852000,-596.000000,325.780000
935.660000,-575.048000,340.000000
813.700000,-1059.933000,328.933000
809.654000,-1059.400000,326.238000
779.700000,-1069.650000,323.554000
792.688000,-1100.400000,320.859000
782.250000,-1079.367000,330.000000
892.700000,-1080.164000,337.792000
874.888000,-988.700000,333.888000
819.700000,-1027.325000,329.984000
856.711000,-1091.700000,326.064000
828.095000,-1025.986000,340.000000
809.800000,-1041.580000,334.686000
799.099000,-995.800000,331.514000
780.800000,-1025.800000,328.329000
799.128000,-1055.800000,325.157000
785.295000,-1010.020000,337.000000
773.400000,-1088.150000,334.512000
747.712000,-1072.200000,330.608000
721.400000,-1087.850000,326.688000
760.764000,-1097.200000,322.784000
731.592000,-1074.975000,338.000000
772.800000,-1028.872000,405.136000
757.325000,-1000.200000,378.676000
747.800000,-1042.256000,352.324000
769.850000,-1056.200000,325.972000
753.700000,-1055.416000,433.000000
840.300000,-941.411000,377.756000
798.636000,-920.900000,358.646000
784.300000,-967.328000,339.614000
784.692000,-973.900000,398.504000
799.756000,-966.533000,401.000000
844.200000,-841.492000,343.881000
790.322000,-824.200000,338.757000
782.200000,-824.266000,333.633000
790.384000,-890.200000,349.488000
801.792000,-872.776000,351.000000
769.300000,-831.413000,369.123000
751.408000,-824.700000,353.751000
751.300000,-830.874000,338.379000
755.944000,-873.700000,385.944000
757.708000,-854.639000,393.000000
758.708888,-832.806402,366.603000
757.198695,-831.508520,351.231000
739.749472,-835.476009,335.796000
731.205684,-867.889802,383.424000
741.058859,-847.531962,393.000000
869.700000,-762.214000,334.738000
857.450000,-742.700000,330.346000
819.700000,-750.972000,325.936000
845.100000,-764.700000,339.544000
841.550000,-750.642000,343.000000
907.900000,-781.820000,334.018000
894.950000,-736.100000,329.608000
872.900000,-766.160000,325.216000
895.055000,-796.100000,338.824000
889.595000,-750.260000,343.000000
829.153951,-797.419723,423.356000
821.103754,-764.547237,375.336000
789.404747,-776.320094,523.512000
812.803541,-805.299227,475.492000
819.558295,-768.702133,529.000000
909.000000,-647.363000,337.080000
869.940000,-630.500000,331.224000
846.000000,-655.316000,349.368000
901.629000,-663.500000,343.488000
881.091000,-663.005000,351.000000
840.600000,-650.678000,358.740000
801.860000,-641.800000,340.928000
788.600000,-661.971000,396.043000
789.016000,-664.800000,378.231000
819.644000,-661.580000,404.000000
897.700000,-601.996000,398.100000
826.360000,-592.600000,345.640000
882.202000,-592.600000,503.665000
815.700000,-592.672000,507.965000
826.606000,-628.600000,455.505000
836.528000,-628.600000,382.835000
906.700000,-546.848000,329.500000
785.310000,-541.000000,325.825000
784.700000,-546.461000,337.165000
816.298000,-584.000000,333.505000
867.416000,-567.230000,340.000000
560.531853,-1127.907697,332.800000
557.223866,-1125.238574,325.450000
527.068277,-1114.929281,348.130000
524.407425,-1142.908797,340.810000
543.602357,-1135.356268,355.000000
525.899964,-1175.934007,360.980000
526.516111,-1146.425749,481.025000
520.804042,-1142.572910,472.757000
479.982139,-1127.771025,442.229000
497.656286,-1160.733654,403.274000
492.698642,-1157.389680,383.399000
521.094996,-1154.927838,485.000000
493.784501,-1103.693387,336.919000
506.141325,-1085.094047,383.035000
488.092596,-1085.140928,368.151000
484.437877,-1102.784962,353.206000
502.942098,-1091.599054,387.000000
578.973768,-1077.680929,340.151000
591.643920,-1031.679809,422.555000
544.158479,-1033.815258,395.850000
553.224711,-1081.165997,369.254000
598.247485,-1050.399898,434.000000
620.580229,-1032.851035,329.168000
607.761077,-1005.675128,353.360000
588.358320,-998.466123,345.520000
611.817953,-1032.931173,337.712000
611.844143,-1032.607576,358.000000
644.205517,-995.066175,326.649000
642.176961,-965.031420,334.954000
606.196961,-983.381831,332.270000
602.117338,-987.067613,329.586000
625.946820,-1006.412268,337.000000
667.334444,-950.891267,327.741000
666.386459,-934.847416,357.186000
665.084793,-933.411605,347.670000
638.456404,-957.561236,338.115000
653.686193,-961.152045,366.000000
448.931997,-1085.392594,328.978000
422.625062,-1043.896516,328.734000
418.323779,-1047.127422,328.490000
397.879127,-1080.076492,328.245000
433.429739,-1097.883025,329.000000
466.266814,-1037.135154,388.970000
464.519296,-1034.468664,373.110000
443.861397,-1021.822954,357.185000
431.583997,-1044.645460,341.325000
438.754865,-1027.262916,393.000000
512.961947,-1032.548117,383.472000
530.707778,-1010.867746,367.856000
510.701982,-1004.782732,352.176000
503.098981,-1026.033210,336.560000
512.317670,-1005.842011,390.000000
498.265156,-1006.463994,370.042000
513.552774,-983.074811,358.086000
490.781215,-982.928900,346.081000
486.453985,-1005.226145,334.125000
499.834969,-979.148771,377.000000
546.268783,-1006.506897,355.812000
541.716274,-975.659393,347.482000
512.421482,-964.430884,339.186000
531.021334,-1002.177634,330.890000
527.961708,-962.964260,362.000000
594.571794,-964.856978,331.890000
605.392531,-928.882127,330.665000
561.560454,-947.839209,329.445000
568.834852,-980.667113,328.220000
554.983881,-961.914778,333.000000
578.048308,-931.452670,371.009000
588.260436,-906.842492,357.101000
543.883939,-937.243517,343.193000
538.254809,-942.020646,329.228000
547.447090,-939.608114,386.000000
658.073486,-907.495809,340.546000
644.248118,-868.198926,336.154000
640.455369,-863.858499,331.744000
602.480472,-902.427028,345.352000
617.791678,-898.424364,346.000000
707.934878,-844.583491,415.381000
691.181621,-813.248536,382.929000
686.102951,-817.226052,350.344000
658.007086,-851.732184,450.892000
674.560720,-841.029511,461.000000
739.535292,-803.566563,371.573000
737.620177,-800.844064,354.668000
717.783622,-786.438209,337.832000
709.848627,-806.274450,389.996000
719.468448,-797.615910,398.000000
763.900000,-692.296000,362.273000
758.692000,-675.500000,350.268000
742.900000,-682.701000,338.312000
753.631000,-694.500000,375.307000
751.321000,-682.302000,383.000000
736.235374,-713.082670,351.440000
736.879453,-690.962845,341.680000
711.681228,-675.062044,331.920000
722.368554,-703.234677,362.120000
728.171616,-687.244135,370.000000
766.000000,-627.652000,352.856000
729.646000,-578.200000,344.072000
693.000000,-627.262000,335.252000
748.553000,-656.200000,362.468000
728.113000,-586.546000,371.000000
765.700000,-557.920000,343.120000
728.320000,-537.600000,338.240000
705.700000,-567.800000,353.340000
758.860000,-577.600000,348.460000
736.960000,-576.880000,354.000000
708.600000,-552.486000,415.440000
677.184000,-536.400000,362.980000
666.600000,-573.360000,525.305000
667.062000,-578.400000,472.845000
432.960429,-1013.971210,344.040000
412.055101,-975.856297,334.240000
408.022268,-971.114516,364.480000
389.018252,-995.078630,354.720000
409.636407,-1007.764245,369.000000
483.162433,-965.957921,355.552000
450.670447,-919.070808,335.462000
447.365777,-921.600187,397.454000
435.128304,-950.726364,377.364000
458.532771,-959.645012,410.000000
510.803684,-939.139880,329.475000
507.088413,-934.170538,328.255000
473.579013,-904.945846,332.035000
468.387150,-934.048931,330.810000
489.746474,-935.732195,333.000000
530.620798,-925.576161,334.355000
562.391944,-880.624206,329.231000
516.315839,-859.954514,345.086000
506.738732,-907.239157,339.962000
544.650460,-892.752015,350.000000
593.909586,-876.799069,332.225000
622.193210,-839.458000,343.565000
586.827050,-843.931607,339.890000
575.772128,-877.473682,336.230000
613.961845,-851.412210,344.000000
568.838993,-853.868178,328.225000
574.176069,-830.283509,333.510000
550.029325,-830.497160,331.802000
555.789269,-855.248173,330.094000
577.406388,-839.325690,334.000000
585.016502,-818.392417,331.725000
592.519871,-801.878114,358.150000
570.643038,-813.303944,349.610000
571.831776,-827.178948,341.035000
571.944309,-826.351793,362.000000
630.052597,-791.017925,329.008000
629.234601,-772.404667,353.200000
606.220110,-784.581901,345.392000
603.689217,-786.940201,337.552000
617.897339,-797.850042,358.000000
679.126839,-798.902412,327.756000
653.017399,-754.817004,338.340000
648.283102,-749.247123,334.924000
630.881672,-773.563115,331.494000
665.633646,-804.082316,341.000000
730.492393,-749.133255,331.434000
705.212835,-705.330597,354.870000
699.073002,-710.238198,347.275000
666.828175,-753.270432,339.711000
707.226119,-765.593407,362.000000
440.752320,-913.753111,346.532000
436.054607,-907.584857,342.140000
395.348647,-870.741187,337.730000
391.407091,-904.887285,333.338000
389.734410,-875.606624,347.000000
447.653616,-905.897796,345.746000
461.137044,-880.503086,341.091000
431.014702,-861.467542,336.455000
431.110963,-891.094436,331.819000
432.843616,-862.534301,347.000000
493.500196,-870.727029,342.304000
521.010325,-832.526115,338.384000
484.436441,-835.603647,334.480000
474.651546,-870.618734,330.560000
499.003825,-827.374109,344.000000
469.440764,-838.097774,354.443000
483.008638,-811.669612,346.879000
454.370492,-819.419210,339.315000
453.563632,-843.635734,331.720000
473.820837,-807.498028,359.000000
543.537986,-825.896264,350.577000
547.075500,-808.555596,343.501000
526.943501,-816.172541,336.396000
531.903703,-832.723413,329.320000
524.122059,-822.255813,356.000000
533.172858,-801.864808,331.638000
526.007966,-774.854453,330.174000
500.095461,-784.900530,328.704000
497.622524,-787.471823,327.240000
505.111312,-789.807488,333.000000
575.968320,-797.207754,335.529000
548.897481,-751.574410,332.344000
544.014377,-745.877973,329.172000
526.073972,-771.060196,326.000000
536.409091,-770.951977,339.000000
592.834715,-741.837883,330.158000
595.685286,-739.529536,328.688000
584.002469,-730.975461,327.224000
567.431871,-749.131915,331.760000
576.220936,-742.410993,332.000000
631.786429,-730.807807,331.530000
629.388896,-727.561077,329.080000
605.796268,-710.677919,326.640000
596.307465,-734.379383,334.190000
607.142093,-722.970390,335.000000
570.658254,-739.254630,344.196000
610.053463,-702.508368,336.144000
584.873994,-708.441557,328.092000
560.429205,-738.157473,353.007000
589.599482,-711.659941,357.000000
659.457310,-723.869313,336.440000
680.274558,-677.498720,331.560000
632.679327,-667.061363,326.660000
634.221629,-715.969032,341.780000
661.142853,-675.801449,345.000000
323.997851,-1029.667196,331.384000
303.500826,-959.235376,328.456000
239.004627,-924.780811,325.516000
291.043195,-1015.357191,334.588000
295.360995,-956.620117,337.000000
364.390618,-978.137733,343.220000
382.406322,-943.411116,334.645000
334.697735,-970.013566,326.105000
335.331459,-998.098618,352.565000
330.149781,-989.330556,361.000000
352.163188,-952.453605,339.944000
315.649446,-874.756286,334.554000
261.199786,-883.284003,351.186000
257.267741,-888.467735,345.796000
299.160296,-927.672932,352.000000
385.461965,-863.855731,381.252000
353.894531,-808.260037,349.044000
348.021054,-801.528094,448.836000
322.711212,-834.901490,416.496000
350.693907,-851.801687,459.000000
410.105932,-834.728923,335.162000
413.099042,-832.227944,329.794000
372.276765,-788.156804,346.404000
362.031634,-816.835419,341.036000
384.177782,-825.306128,349.000000
469.851507,-783.214939,331.634000
465.240924,-777.306826,328.218000
427.412920,-741.662215,338.788000
426.324240,-772.152148,335.372000
446.798738,-775.083362,341.000000
485.486143,-770.172344,326.000000
496.120761,-742.753322,326.000000
460.186565,-716.027483,326.000000
465.078892,-750.501263,326.000000
485.916045,-746.464383,326.000000
568.448831,-695.045295,329.016000
579.058589,-673.355756,325.096000
557.023877,-669.554532,337.192000
556.810215,-691.962757,333.288000
575.664695,-679.717299,341.000000
549.056568,-713.415457,326.055000
550.618271,-686.312683,329.830000
523.816140,-682.384370,328.610000
534.802180,-712.862893,327.385000
555.068423,-696.554553,330.000000
531.838156,-674.175326,327.720000
543.189707,-653.687846,339.816000
514.539683,-670.168719,335.912000
514.327451,-686.373605,331.992000
514.331361,-684.875225,341.000000
590.236320,-641.181003,326.380000
585.095372,-617.307135,346.036000
560.628020,-627.808471,339.666000
558.283174,-630.259474,333.322000
576.752317,-646.359919,349.000000
289.544064,-835.737908,330.150000
278.701457,-812.282023,356.610000
276.522807,-809.453027,348.035000
264.239494,-823.010241,339.495000
280.692082,-837.971056,362.000000
272.212307,-850.428629,320.700000
275.829418,-847.308671,331.270000
212.928634,-776.196019,327.854000
203.524110,-815.844794,324.438000
254.228925,-855.993251,334.000000
336.081164,-790.837985,326.000000
331.779351,-785.263724,326.000000
295.324506,-753.016292,326.000000
290.264784,-784.625202,326.000000
323.143169,-798.948108,326.000000
280.790781,-718.597958,327.876000
300.603035,-695.982364,326.900000
284.416485,-697.643170,325.924000
273.506808,-716.738387,324.944000
285.263837,-697.007774,328.000000
345.719851,-713.046785,331.503000
353.728355,-700.581371,329.795000
342.395975,-702.529139,328.080000
339.848447,-713.557668,326.372000
346.656582,-699.276056,332.000000
335.957499,-697.836342,328.445000
342.389947,-687.166410,327.225000
331.158326,-692.739582,326.000000
329.653814,-701.390917,324.780000
339.026889,-686.364879,329.000000
366.749944,-690.166781,327.396000
363.923483,-668.764386,326.420000
343.598634,-671.736225,325.440000
355.979058,-695.078235,324.464000
342.179975,-677.810151,328.000000
404.567995,-672.854191,329.236000
395.342539,-655.057352,328.256000
379.488277,-682.122027,327.280000
378.324332,-685.988325,326.304000
383.056949,-682.273713,330.000000
436.038931,-643.279930,340.611000
421.289754,-620.406272,335.956000
418.219676,-618.607255,331.320000
399.129413,-651.280580,326.665000
406.885311,-644.114360,345.000000
401.643147,-604.033405,358.672000
401.240998,-603.915270,346.716000
365.663128,-646.945392,334.760000
377.225978,-637.202428,371.755000
375.699387,-637.164214,372.000000
581.944189,-575.543266,338.512000
580.575736,-573.660379,332.656000
559.742847,-570.675073,326.776000
533.667221,-601.766075,344.920000
554.110120,-582.192221,346.000000
562.900000,-551.738000,337.552000
552.740000,-533.300000,331.696000
522.900000,-541.385000,325.816000
543.580000,-554.300000,343.960000
536.100000,-540.692000,346.000000
499.394309,-657.833484,342.632000
513.005765,-633.053884,335.527000
488.554252,-631.683376,328.451000
486.558670,-655.985798,350.375000
502.563370,-632.969348,354.000000
482.859449,-610.236362,321.000000
488.699070,-582.009299,321.000000
459.886912,-581.230802,321.000000
467.291932,-611.458834,321.000000
483.954417,-581.678212,321.000000
470.500000,-566.721000,321.000000
464.210000,-563.200000,321.000000
460.500000,-568.527000,321.000000
469.420000,-570.200000,321.000000
465.000000,-570.032000,321.000000
452.566659,-578.367948,321.000000
448.197497,-569.213068,321.000000
439.821718,-583.005698,321.000000
439.193511,-584.966555,321.000000
444.589818,-584.298803,321.000000
433.239590,-578.630252,322.788000
426.793976,-568.185291,321.812000
425.431157,-568.033023,324.832000
416.602559,-596.402101,323.856000
423.457280,-590.173376,325.000000
479.100000,-547.770000,321.000000
478.932000,-546.500000,321.000000
437.100000,-547.860000,321.000000
448.314000,-556.500000,321.000000
461.082000,-552.510000,321.000000
417.218439,-549.833329,321.000000
416.030640,-549.298976,321.000000
404.201999,-555.989781,321.000000
397.429578,-585.030663,321.000000
406.877679,-566.194331,321.000000
393.933271,-565.949790,321.000000
399.190794,-542.721445,321.000000
388.766591,-550.168362,321.000000
388.297410,-567.530457,321.000000
395.231709,-551.383014,321.000000
1330.511101,-502.147764,320.016000
1358.212593,-477.668611,306.352000
1330.447700,-478.172473,348.688000
1316.465010,-501.361914,334.968000
1349.447570,-484.231884,360.000000
1269.500000,-513.410000,315.888000
1236.675000,-494.600000,309.056000
1204.500000,-513.680000,330.196000
1254.420000,-524.600000,323.364000
1252.015000,-497.630000,337.000000
1269.000000,-435.778000,311.326000
1251.990000,-416.200000,327.202000
1242.000000,-445.918000,322.057000
1266.111000,-455.200000,316.933000
1262.844000,-454.225000,328.000000
1188.300000,-508.432000,312.324000
1149.040000,-496.400000,322.894000
1136.300000,-524.784000,319.478000
1137.236000,-528.400000,316.062000
1178.524000,-523.600000,324.000000
1131.300000,-496.640000,313.378000
1109.300000,-486.600000,315.643000
1106.300000,-487.080000,314.911000
1109.875000,-526.600000,314.179000
1127.600000,-515.600000,316.000000
1190.100000,-451.968000,312.688000
1189.720000,-449.700000,318.728000
1114.100000,-452.166000,316.776000
1134.468000,-467.700000,314.816000
1181.892000,-460.500000,320.000000
1203.900000,-407.436000,309.530000
1191.586000,-407.400000,335.234000
1109.900000,-416.832000,326.938000
1146.936000,-443.400000,318.608000
1197.508000,-424.500000,342.000000
963.800000,-516.348000,324.015000
955.096000,-496.200000,326.283000
929.800000,-505.101000,325.548000
947.446000,-519.200000,324.816000
962.848000,-504.250000,327.000000
1005.000000,-456.130000,347.090000
978.330000,-433.600000,340.746000
935.000000,-448.960000,334.376000
980.080000,-463.600000,328.032000
935.910000,-440.350000,348.000000
912.300000,-513.680000,417.500000
887.000000,-494.900000,393.000000
862.300000,-514.010000,368.600000
900.750000,-524.900000,344.200000
864.950000,-497.900000,425.000000
911.700000,-464.340000,344.125000
895.294000,-444.300000,338.000000
885.700000,-474.820000,331.900000
908.944000,-484.300000,325.775000
888.118000,-483.260000,347.000000
914.100000,-413.450000,408.776000
876.300000,-402.200000,383.400000
864.100000,-428.840000,358.024000
865.050000,-432.200000,332.544000
870.750000,-427.670000,425.000000
864.200000,-477.850000,394.516000
809.578000,-473.100000,375.240000
802.200000,-473.347000,355.885000
811.128000,-492.100000,336.609000
812.926000,-486.856000,410.000000
863.600000,-435.575000,391.356000
863.228000,-433.200000,372.080000
801.600000,-435.822000,352.725000
818.278000,-452.200000,333.449000
814.806000,-444.581000,410.000000
772.000000,-522.000000,395.988000
772.000000,-456.120000,365.973000
757.066000,-400.000000,374.760000
658.000000,-432.086000,353.445000
658.000000,-473.810000,404.079000
703.030000,-522.000000,419.217000
686.956000,-457.828000,420.000000
742.930000,-440.138000,420.000000
634.400000,-506.500000,370.144000
619.237000,-398.000000,353.974000
575.400000,-446.112000,337.870000
606.080000,-522.000000,387.766000
592.746000,-441.276000,391.000000
574.200000,-491.550000,346.048000
552.426000,-399.300000,335.758000
517.200000,-462.399000,325.510000
553.965000,-522.300000,357.220000
536.238000,-426.852000,361.000000
480.900000,-494.075000,335.884000
465.690000,-469.700000,329.052000
450.900000,-494.582000,322.220000
474.000000,-508.700000,343.360000
462.120000,-473.561000,347.000000
405.300000,-496.700000,321.504000
388.868000,-475.700000,319.552000
379.300000,-507.788000,317.592000
402.570000,-517.700000,323.640000
390.064000,-516.566000,325.000000
499.500000,-421.314000,315.954000
464.678000,-398.500000,316.442000
453.500000,-452.729000,316.932000
454.420000,-459.500000,315.420000
474.430000,-450.228000,315.000000
1271.200000,-308.977000,348.055000
1240.330000,-290.800000,327.230000
1236.200000,-291.822000,391.490000
1241.275000,-363.800000,370.750000
1253.525000,-343.579000,392.000000
1217.300000,-318.752000,351.541000
1216.950000,-315.900000,330.226000
1167.300000,-319.097000,395.998000
1180.800000,-338.900000,374.683000
1194.050000,-329.654000,400.000000
1167.900000,-380.895000,347.974000
1162.620000,-276.000000,326.746000
1127.900000,-303.720000,392.518000
1143.740000,-381.000000,371.203000
1150.900000,-325.665000,400.000000
1100.100000,-339.330000,370.196000
1074.300000,-300.000000,331.644000
1044.000000,-300.000000,451.092000
1000.100000,-317.505000,450.934000
1052.200000,-345.000000,412.382000
1062.800000,-345.000000,362.296000
1061.600000,-315.660000,471.000000
997.200000,-375.915000,354.098000
974.220000,-349.700000,327.502000
937.200000,-367.690000,409.797000
975.960000,-384.700000,383.201000
976.500000,-357.505000,428.000000
998.100000,-280.840000,349.738000
967.620000,-259.000000,323.142000
938.100000,-281.365000,405.437000
984.360000,-294.000000,378.841000
979.860000,-262.430000,428.000000
879.400000,-370.377000,342.182000
864.841000,-358.900000,395.787000
856.400000,-376.495000,378.463000
877.008000,-381.900000,361.139000
873.328000,-381.256000,396.000000
830.200000,-362.036000,342.544000
805.944000,-350.100000,396.904000
798.200000,-378.580000,379.336000
798.872000,-382.100000,361.696000
823.032000,-377.204000,400.000000
889.700000,-309.944000,336.202000
834.071000,-296.800000,398.194000
826.700000,-297.595000,378.186000
835.898000,-349.800000,358.096000
878.108000,-335.066000,405.000000
918.300000,-265.636000,324.331000
917.532000,-261.700000,332.647000
822.300000,-266.180000,329.952000
848.316000,-293.700000,327.268000
904.476000,-280.804000,334.000000
775.600000,-350.530000,337.829000
769.881000,-315.600000,420.233000
732.600000,-324.875000,393.528000
749.671000,-350.600000,366.932000
771.171000,-332.120000,438.000000
769.600000,-305.104000,329.649000
758.722000,-263.200000,396.844000
727.600000,-281.920000,375.128000
749.524000,-311.200000,353.412000
766.954000,-279.856000,415.000000
706.400000,-301.024000,323.016000
687.584000,-253.900000,335.096000
657.400000,-286.345000,331.192000
689.103000,-316.900000,327.272000
705.273000,-267.886000,339.000000
646.650000,-329.336000,372.800000
578.087700,-247.100000,359.380000
511.950000,-331.580000,345.960000
615.938400,-379.100000,332.485000
514.239900,-259.904000,375.000000
623.481600,-374.480000,375.000000
502.100000,-314.034000,351.320000
421.582000,-247.800000,340.096000
375.100000,-349.678000,328.872000
489.019000,-380.800000,317.602000
382.339000,-376.943000,355.000000
434.028000,-324.541000,355.000000
1095.100000,-188.792000,354.200000
985.804000,-156.800000,344.440000
951.100000,-233.426000,334.640000
954.268000,-242.800000,324.880000
965.068000,-229.556000,359.000000
965.500000,-173.054000,359.000000
921.400000,-178.625000,535.840000
921.400000,-230.075000,422.388000
855.100000,-160.100000,474.596000
876.400000,-160.100000,477.357000
846.400000,-161.300000,413.101000
846.400000,-170.075000,532.326000
857.425000,-235.100000,351.857000
896.275000,-235.100000,336.295000
994.700000,-72.420400,326.200000
994.277000,-70.200000,323.995000
947.700000,-72.766200,321.799000
960.484000,-88.400000,319.603000
956.066000,-81.047200,328.000000
997.540251,-62.180654,340.520000
995.486444,-44.344891,333.905000
958.947754,-41.423205,327.317000
972.771178,-57.103614,320.702000
967.202647,-46.712591,347.000000
850.219420,-119.993540,338.099000
851.292148,-101.501423,332.975000
825.323749,-93.051099,327.851000
834.733349,-112.638968,343.706000
833.455063,-97.401715,344.000000
885.858661,-90.794501,325.074000
875.640568,-62.828794,323.610000
837.126805,-53.669897,322.140000
864.364667,-84.672700,326.676000
856.372614,-57.173502,327.000000
919.256760,-23.414520,330.224000
903.669157,-0.120343,326.320000
877.584564,-9.283304,322.400000
906.445815,-29.723425,334.496000
896.541424,-0.358298,336.000000
875.544694,4.628325,322.787000
869.735267,28.277741,319.602000
852.059994,1.162233,316.430000
866.674152,-14.112267,326.258000
856.802526,-9.331879,328.000000
783.200000,-208.837000,369.043000
752.800000,-191.400000,350.178000
743.200000,-233.324000,331.390000
744.120000,-238.400000,389.602000
759.960000,-231.115000,403.000000
712.800000,-199.800000,323.114000
672.975000,-187.500000,321.644000
667.800000,-188.350000,320.180000
674.460000,-237.500000,324.710000
688.455000,-223.500000,326.000000
638.700000,-198.220000,329.862000
637.960000,-195.800000,322.786000
564.700000,-198.640000,344.710000
584.902000,-215.800000,337.605000
601.626000,-207.700000,345.000000
423.000000,-229.340000,343.982000
418.545000,-189.500000,322.266000
390.000000,-200.180000,389.461000
403.167000,-229.500000,367.745000
407.787000,-208.300000,394.000000
776.400000,-118.160000,322.582000
762.045000,-65.900000,320.386000
721.400000,-89.420000,327.181000
750.220000,-125.900000,324.985000
753.300000,-86.600000,328.000000
769.250000,-28.540000,329.184000
727.755000,1.300000,317.424000
661.750000,-19.380000,353.712000
731.517500,-38.700000,342.000000
728.400000,-7.500000,360.000000
507.800000,-23.608000,310.314000
477.140000,6.200000,304.679000
447.800000,-24.616000,322.067000
494.240000,-41.800000,316.432000
487.400000,1.640000,326.000000
241.384018,-581.265224,322.277000
239.305124,-564.455882,322.033000
222.495782,-570.454976,322.789000
232.400227,-587.249469,322.544000
229.905554,-583.834143,323.000000
296.500000,-334.880000,312.237000
289.651000,-326.000000,312.993000
287.500000,-347.432000,312.748000
287.716000,-350.000000,312.504000
294.160000,-346.256000,313.000000
283.000000,-312.705000,312.197000
261.736000,-310.500000,312.953000
259.000000,-310.662000,312.708000
262.576000,-319.500000,312.464000
277.720000,-316.971000,313.000000
178.396114,-556.473972,323.256000
182.478183,-553.912575,329.304000
159.870758,-522.142388,327.344000
134.178397,-547.226478,325.392000
158.333323,-558.861515,330.000000
130.623922,-311.124815,313.234000
144.847375,-290.169706,314.744000
118.726851,-273.524412,314.256000
115.686292,-296.363961,313.768000
136.482302,-298.386286,315.000000
97.647957,-635.322606,329.699000
137.494838,-586.583150,395.384000
104.962269,-594.067168,374.156000
82.968420,-633.880108,352.841000
122.747419,-606.862972,410.000000
3.598159,-456.640481,320.360000
87.669087,-554.833614,327.920000
61.764550,-465.421417,325.480000
-7.374183,-411.468949,323.030000
55.049930,-531.102802,330.000000
140.440762,-445.200892,341.912000
166.645756,-391.404315,336.544000
108.172913,-409.607599,331.154000
107.831603,-458.297316,325.786000
175.429875,-414.883031,342.000000
78.289008,-348.025109,346.504000
122.190248,-368.632695,338.208000
87.202168,-308.864236,329.878000
51.882722,-311.577006,321.582000
75.234109,-295.696488,348.000000
51.926324,-291.328510,342.228000
35.184864,-239.101603,334.143000
-18.572222,-271.317388,326.091000
-22.537677,-277.545584,318.039000
-13.314176,-271.670941,345.000000
364.000000,-155.168000,317.892000
262.882000,-131.500000,313.727000
250.000000,-133.343000,309.579000
267.100000,-228.500000,305.414000
261.628000,-201.146000,320.000000
363.772000,-179.903000,320.000000
310.718971,-46.517843,314.690000
315.036500,-42.270177,311.274000
289.357054,-23.879570,307.858000
262.149604,-58.862819,304.428000
275.040020,-42.176700,317.000000
209.000000,-94.430000,310.795000
203.794000,0.000000,310.551000
171.000000,-25.555000,310.306000
186.238000,-95.000000,310.062000
177.916000,-44.460000,311.000000
170.000000,-186.835000,323.305000
125.290000,0.000000,320.621000
0.000000,-84.710000,317.926000
89.420000,-215.000000,315.242000
37.740000,-73.745000,326.000000
154.020000,-72.455000,326.000000
102.680000,-130.290000,326.000000
68.510000,-17.845000,326.000000
