1522.700000,-1086.279000,305.916000
1509.593000,-1072.200000,305.428000
1505.700000,-1107.378000,304.938000
1506.278000,-1111.200000,304.450000
1506.023000,-1104.765000,306.000000
1493.900000,-1073.680000,307.746000
1481.612000,-1052.600000,307.258000
1469.900000,-1074.462000,306.768000
1488.500000,-1086.600000,306.280000
1472.396000,-1055.796000,308.000000
1570.100000,-980.980000,306.516000
1562.004000,-963.400000,304.808000
1538.100000,-971.080000,303.093000
1554.612000,-983.400000,301.385000
1544.148000,-970.460000,308.000000
1526.200000,-957.040000,315.060000
1511.290000,-952.900000,310.180000
1511.200000,-956.680000,305.300000
1515.055000,-982.900000,320.400000
1515.310000,-971.230000,321.000000
1508.400000,-967.388000,306.562000
1477.530000,-956.300000,304.366000
1466.400000,-980.576000,302.170000
1508.316000,-984.300000,308.965000
1481.478000,-980.660000,310.000000
1508.454692,-740.375402,314.391000
1476.447085,-727.214814,307.803000
1494.986557,-753.989915,301.215000
1519.394896,-755.020799,321.600000
1480.741239,-732.425753,327.000000
1427.300000,-621.098000,316.064000
1422.092000,-569.000000,311.672000
1403.300000,-588.893000,325.280000
1414.820000,-626.000000,320.870000
1415.996000,-591.116000,326.000000
1390.800000,-624.422000,310.904000
1333.320000,-622.000000,308.952000
1330.800000,-623.260000,315.000000
1344.120000,-636.000000,313.040000
1367.640000,-631.058000,316.000000
1366.100000,-594.472000,311.058000
1354.200000,-574.600000,308.374000
1349.100000,-612.826000,316.690000
1365.471000,-620.600000,313.995000
1360.983000,-616.276000,319.000000
1347.700000,-608.931000,308.386000
1336.675000,-580.600000,309.898000
1322.700000,-604.052000,309.410000
1340.300000,-621.600000,308.920000
1342.300000,-587.365000,310.000000
1448.900000,-1105.350000,306.545000
1442.166000,-1079.700000,310.320000
1411.900000,-1088.151000,309.100000
1428.365000,-1106.700000,307.875000
1444.053000,-1091.148000,311.000000
1344.200000,-1081.006000,308.000000
1325.740000,-1073.900000,308.000000
1324.200000,-1075.736000,308.000000
1327.920000,-1107.900000,308.000000
1343.280000,-1097.088000,308.000000
1442.100000,-1051.560000,318.024000
1419.524000,-1042.200000,314.104000
1408.100000,-1058.120000,310.200000
1439.618000,-1062.200000,306.280000
1409.426000,-1061.020000,319.000000
1434.000000,-1021.972000,320.080000
1397.955000,-1006.000000,315.180000
1345.000000,-1017.814000,310.300000
1404.452000,-1028.000000,305.400000
1356.036000,-1010.400000,323.000000
1344.900000,-1067.415000,319.073000
1335.848000,-1009.300000,314.908000
1282.900000,-1025.702000,310.760000
1308.258000,-1068.300000,306.595000
1295.858000,-1036.381000,323.000000
1446.100000,-950.596000,311.576000
1424.812000,-942.300000,308.146000
1422.100000,-942.946000,304.730000
1425.700000,-976.300000,315.300000
1429.156000,-966.712000,316.000000
1399.000000,-971.399000,304.797000
1370.740000,-954.800000,304.062000
1354.000000,-979.880000,303.330000
1394.140000,-987.800000,305.598000
1371.055000,-987.041000,306.000000
1337.700000,-976.446000,306.056000
1331.780000,-951.300000,305.076000
1321.700000,-967.833000,304.100000
1331.828000,-984.300000,307.124000
1329.124000,-959.088000,308.000000
1430.300000,-915.778000,319.589000
1425.083000,-915.400000,309.544000
1383.300000,-919.756000,340.540000
1400.878000,-933.400000,330.536000
1409.103000,-924.310000,343.000000
1308.000000,-856.660000,324.512000
1292.664000,-836.500000,312.752000
1290.000000,-907.276000,349.040000
1292.070000,-908.500000,337.328000
1301.412000,-890.788000,356.000000
1302.100000,-767.214000,314.511000
1293.205000,-753.200000,307.406000
1287.100000,-772.024000,329.330000
1299.940000,-779.200000,322.254000
1297.885000,-753.512000,336.000000
1356.800000,-791.755000,312.046000
1332.752000,-779.800000,333.941000
1284.800000,-786.790000,326.865000
1327.784000,-794.800000,319.789000
1342.688000,-783.865000,336.000000
1451.000000,-762.440000,303.204000
1443.125000,-761.600000,330.384000
1346.000000,-764.705000,321.600000
1381.490000,-776.600000,312.816000
1439.345000,-769.550000,336.000000
1446.700000,-734.855000,300.144000
1435.276000,-723.200000,327.360000
1432.700000,-758.276000,318.540000
1433.806000,-760.200000,309.756000
1446.336000,-752.393000,336.000000
1445.200000,-714.510000,344.112000
1398.412000,-705.900000,332.400000
1361.200000,-716.235000,320.640000
1430.080000,-720.900000,308.928000
1366.156000,-706.620000,348.000000
1359.800000,-732.321000,347.028000
1355.016000,-701.500000,336.780000
1343.800000,-717.410000,326.490000
1352.792000,-738.500000,316.242000
1346.104000,-712.859000,354.000000
1342.600000,-700.388000,343.458000
1341.120000,-699.100000,333.210000
1305.600000,-701.494000,322.920000
1316.811000,-713.100000,312.672000
1314.073000,-707.024000,354.000000
1302.800000,-714.432000,339.888000
1289.523000,-703.200000,329.640000
1285.800000,-732.384000,319.350000
1286.548000,-735.200000,351.102000
1291.138000,-729.600000,354.000000
1268.400000,-1076.450000,316.843000
1255.350000,-1042.900000,312.695000
1243.400000,-1078.815000,308.530000
1263.025000,-1097.900000,321.382000
1253.375000,-1047.520000,324.000000
1228.600000,-1100.439000,309.470000
1225.970000,-1073.500000,308.250000
1218.600000,-1085.745000,307.025000
1223.860000,-1104.500000,310.805000
1223.430000,-1084.102000,312.000000
1220.900000,-1095.770000,310.227000
1220.776000,-1094.500000,309.495000
1189.900000,-1095.860000,311.760000
1198.177000,-1104.500000,311.028000
1207.508000,-1100.510000,312.000000
1216.600000,-1062.490000,307.324000
1210.640000,-1056.700000,307.080000
1208.600000,-1069.855000,307.835000
1208.664000,-1071.700000,307.591000
1213.824000,-1069.600000,308.000000
1195.000000,-1074.220000,309.717000
1190.140000,-1051.000000,311.985000
1185.000000,-1073.248000,311.250000
1192.490000,-1087.000000,310.518000
1192.380000,-1055.284000,312.000000
1187.000000,-1101.204000,311.694000
1183.595000,-1077.700000,320.010000
1172.000000,-1087.034000,317.315000
1179.365000,-1103.700000,314.631000
1184.345000,-1087.528000,321.000000
1148.400000,-1081.675000,311.000000
1099.950000,-1077.600000,311.000000
1098.400000,-1080.100000,311.000000
1110.000000,-1102.600000,311.000000
1143.800000,-1093.525000,311.000000
1231.100000,-1007.284000,310.968000
1215.480000,-998.000000,310.480000
1209.100000,-1016.502000,309.990000
1230.506000,-1020.000000,309.502000
1230.946000,-1017.712000,311.000000
1206.100000,-1032.621000,313.495000
1199.786000,-1004.700000,312.275000
1192.100000,-1028.562000,311.055000
1202.096000,-1045.700000,309.830000
1193.192000,-1011.055000,314.000000
1143.300000,-1044.080000,323.396000
1136.004000,-999.900000,319.980000
1105.300000,-1015.081000,316.564000
1122.590000,-1046.900000,313.134000
1111.494000,-1019.311000,326.000000
1268.000000,-927.190000,313.103000
1240.943000,-925.200000,311.395000
1239.000000,-925.850000,309.687000
1244.684000,-935.200000,314.972000
1246.192000,-931.920000,315.000000
1238.900000,-962.381000,312.576000
1230.138000,-947.300000,311.600000
1225.900000,-973.898000,310.624000
1238.081000,-980.300000,313.644000
1230.229000,-978.023000,314.000000
1224.200000,-969.448000,312.236000
1219.220000,-949.400000,311.260000
1212.200000,-964.716000,310.284000
1220.336000,-977.400000,313.304000
1217.216000,-954.720000,314.000000
1179.800000,-977.000000,311.896000
1176.212000,-965.300000,310.920000
1156.800000,-968.756000,313.944000
1166.437000,-977.300000,312.964000
1168.369000,-970.688000,314.000000
1190.200000,-941.820000,316.613000
1130.998000,-934.800000,312.465000
1124.200000,-935.670000,325.317000
1134.826000,-964.800000,321.152000
1163.008000,-956.040000,327.000000
1268.300000,-864.346000,310.525000
1259.354000,-853.500000,309.300000
1254.300000,-870.440000,313.080000
1266.928000,-875.500000,311.855000
1263.722000,-874.774000,314.000000
1257.000000,-845.892000,311.440000
1252.440000,-830.100000,312.950000
1245.000000,-840.831000,312.462000
1252.716000,-851.100000,311.972000
1254.096000,-834.846000,313.000000
1157.500000,-842.930000,316.000000
1155.927000,-842.600000,316.000000
1144.500000,-850.160000,316.000000
1149.492000,-872.600000,316.000000
1155.459000,-857.150000,316.000000
1145.100000,-861.750000,316.000000
1114.930000,-857.700000,316.000000
1110.100000,-872.595000,316.000000
1114.475000,-872.700000,316.000000
1142.580000,-868.845000,316.000000
1259.300000,-794.852000,310.035000
1247.240000,-790.100000,310.280000
1239.300000,-796.715000,310.524000
1256.620000,-799.100000,310.769000
1239.560000,-790.118000,310.000000
1213.100000,-797.107000,313.000000
1208.628000,-749.100000,313.000000
1200.100000,-778.136000,313.000000
1207.991000,-810.100000,313.000000
1201.374000,-765.021000,313.000000
1200.200000,-751.306000,326.515000
1199.095000,-748.500000,322.350000
1187.200000,-761.737000,318.202000
1191.724000,-809.500000,314.054000
1189.579000,-780.220000,330.000000
1142.500000,-788.930000,322.970000
1111.938000,-781.000000,321.255000
1105.500000,-805.908000,319.547000
1108.793000,-807.000000,324.839000
1115.416000,-801.254000,325.000000
1270.600000,-747.132000,314.500000
1242.200000,-739.800000,313.520000
1220.600000,-748.887000,312.544000
1262.150000,-752.800000,315.568000
1238.250000,-740.294000,316.000000
1238.100000,-725.112000,326.180000
1224.504000,-688.900000,322.015000
1194.100000,-708.260000,317.867000
1219.268000,-732.900000,330.719000
1213.372000,-701.968000,334.000000
1172.300000,-699.224000,317.910000
1171.000000,-696.600000,317.420000
1146.300000,-702.392000,318.932000
1154.438000,-728.600000,318.444000
1159.898000,-714.392000,319.000000
1138.700000,-690.615000,320.110000
1116.552000,-685.500000,319.375000
1110.700000,-699.330000,321.643000
1112.212000,-700.500000,320.911000
1127.724000,-697.725000,322.000000
1202.900000,-654.700000,324.555000
1159.276000,-641.500000,318.920000
1120.900000,-656.086000,336.308000
1186.090000,-663.500000,330.696000
1177.726000,-643.106000,341.000000
1148.800000,-637.552000,317.400000
1137.880000,-599.800000,322.692000
1108.800000,-617.620000,320.977000
1130.240000,-643.800000,319.269000
1139.920000,-614.408000,323.000000
1251.400000,-593.116000,311.265000
1250.028000,-587.500000,319.581000
1153.400000,-594.508000,316.886000
1180.546000,-635.500000,314.202000
1237.974000,-615.868000,321.000000
1253.000000,-571.896000,306.960000
1188.825000,-564.000000,331.152000
1168.000000,-582.627000,323.312000
1169.530000,-585.000000,315.504000
1248.580000,-581.850000,338.000000
994.600000,-1083.790000,379.315000
967.816000,-1062.200000,362.967000
940.600000,-1083.552000,346.552000
981.586000,-1096.200000,330.204000
942.382000,-1065.906000,383.000000
1076.100000,-1046.476000,327.480000
1068.008000,-998.200000,323.088000
1042.100000,-1018.126000,318.678000
1059.134000,-1052.200000,314.286000
1046.112000,-1018.072000,330.000000
1024.800000,-1003.562000,324.975000
928.858000,-995.300000,322.779000
926.800000,-1001.240000,320.574000
950.516000,-1049.300000,318.378000
946.694000,-1029.158000,327.000000
995.200000,-949.004000,367.990000
949.840000,-931.700000,350.666000
932.200000,-967.442000,333.271000
994.129000,-973.700000,386.947000
950.281000,-968.912000,390.000000
1073.100000,-915.966000,323.470000
1044.518000,-885.100000,320.054000
1011.100000,-912.332000,316.624000
1055.988000,-931.100000,327.208000
1034.164000,-891.770000,329.000000
1021.800000,-866.450000,323.120000
1015.134000,-824.600000,321.656000
988.800000,-839.630000,320.186000
1004.145000,-869.600000,324.722000
1003.881000,-842.735000,326.000000
1078.200000,-761.552000,338.445000
1049.910000,-751.400000,326.977000
1048.200000,-755.450000,362.462000
1054.380000,-805.400000,350.994000
1064.460000,-787.148000,365.000000
1028.200000,-779.556000,327.700000
998.104000,-758.100000,322.332000
984.200000,-797.268000,338.942000
1025.868000,-806.100000,333.574000
1011.788000,-802.308000,342.000000
986.200000,-785.560000,329.565000
962.400000,-743.200000,324.441000
930.200000,-776.620000,340.296000
968.728000,-803.200000,335.172000
970.072000,-754.000000,345.000000
1023.800000,-739.230000,328.600000
1008.528000,-679.400000,343.720000
931.800000,-697.876000,338.820000
971.360000,-741.400000,333.940000
1005.124000,-706.618000,345.000000
1083.800000,-618.040000,319.665000
1042.940000,-604.600000,324.957000
1038.800000,-606.940000,323.249000
1046.495000,-664.600000,321.534000
1078.490000,-646.480000,326.000000
987.100000,-634.897000,324.020000
975.418000,-606.400000,325.532000
969.100000,-652.420000,325.044000
985.516000,-665.400000,324.554000
986.506000,-662.863000,326.000000
965.000000,-653.654000,341.725000
958.760000,-626.200000,337.577000
949.000000,-645.477000,333.429000
959.448000,-663.200000,329.264000
949.832000,-634.192000,343.000000
1066.900000,-542.054000,337.120000
1049.084000,-542.000000,332.728000
930.900000,-556.148000,328.336000
984.484000,-596.000000,323.926000
949.532000,-567.596000,340.000000
813.700000,-1070.060000,327.305000
784.052000,-1059.400000,324.621000
779.700000,-1059.564000,321.937000
784.290000,-1100.400000,319.242000
787.248000,-1089.453000,330.000000
892.700000,-1042.054000,334.720000
847.951000,-988.700000,330.816000
819.700000,-1065.435000,326.912000
883.648000,-1091.700000,338.992000
842.111000,-1090.876000,340.000000
809.800000,-1042.420000,331.605000
799.534000,-995.800000,328.433000
780.800000,-1024.960000,325.261000
798.693000,-1055.800000,335.076000
792.168000,-1010.860000,337.000000
773.400000,-1073.100000,330.016000
768.460000,-1072.200000,326.096000
721.400000,-1077.875000,322.192000
740.016000,-1097.200000,334.272000
746.204000,-1084.950000,338.000000
772.800000,-1016.720000,369.928000
751.900000,-1000.200000,343.468000
747.800000,-1054.408000,425.116000
750.300000,-1056.200000,398.656000
761.850000,-1043.264000,433.000000
840.300000,-950.262000,348.818000
807.932000,-920.900000,329.708000
784.300000,-958.477000,388.676000
831.396000,-973.900000,369.566000
820.532000,-922.384000,401.000000
844.200000,-877.858000,335.166000
824.422000,-824.200000,330.021000
782.200000,-853.900000,345.897000
818.284000,-890.200000,340.752000
827.584000,-843.142000,351.000000
769.300000,-828.228000,340.143000
768.220000,-824.700000,387.708000
751.300000,-834.059000,372.336000
757.114000,-873.700000,356.901000
766.006000,-851.454000,393.000000
752.710493,-845.496105,334.788000
747.347811,-826.852028,382.353000
726.944121,-862.565938,366.981000
726.591247,-865.708568,351.546000
742.398720,-863.641774,393.000000
869.700000,-755.658000,342.838000
842.600000,-742.700000,338.428000
819.700000,-757.528000,334.036000
859.950000,-764.700000,329.644000
869.050000,-744.086000,343.000000
907.900000,-786.980000,341.308000
897.995000,-736.100000,336.898000
872.900000,-761.000000,332.506000
892.010000,-796.100000,328.114000
875.420000,-755.420000,343.000000
838.910187,-778.598037,493.916000
839.921001,-774.301172,445.896000
798.056503,-759.629165,398.072000
793.986294,-795.545293,350.248000
796.505522,-777.973338,529.000000
909.000000,-642.578000,344.664000
860.805000,-630.500000,338.784000
846.000000,-660.101000,332.928000
847.764000,-663.500000,327.072000
861.246000,-658.220000,351.000000
840.600000,-656.175000,378.523000
814.236000,-641.800000,360.638000
788.600000,-656.474000,342.826000
828.640000,-664.800000,398.014000
805.604000,-644.077000,404.000000
897.700000,-624.424000,446.690000
877.364000,-592.600000,394.015000
867.360000,-592.600000,459.375000
815.700000,-606.244000,341.555000
857.602000,-628.600000,504.095000
851.452000,-628.600000,338.545000
906.700000,-547.149000,332.215000
786.042000,-541.000000,328.540000
784.700000,-546.160000,339.880000
815.444000,-584.000000,336.220000
845.334000,-567.531000,340.000000
553.316587,-1138.604768,336.880000
539.552930,-1113.319377,329.560000
515.830177,-1131.590449,352.210000
542.078360,-1154.827993,344.890000
532.440872,-1143.391582,355.000000
529.422879,-1170.711071,375.449000
514.391436,-1138.247553,336.653000
536.431400,-1153.113696,409.952000
476.443567,-1133.017175,456.698000
509.780961,-1168.911850,417.902000
477.071283,-1146.848894,479.594000
519.729812,-1146.374062,485.000000
490.346407,-1106.477500,339.786000
507.942440,-1087.318239,385.902000
491.530690,-1082.356815,370.957000
482.636762,-1100.560770,356.073000
498.982927,-1093.739690,387.000000
600.685672,-1060.098976,340.369000
575.538352,-1011.791089,422.773000
569.852479,-1013.008667,396.068000
534.088337,-1057.534543,369.472000
572.470837,-1071.201357,434.000000
621.374472,-1032.207870,327.792000
605.601878,-1003.008740,351.984000
587.564077,-999.109288,344.144000
613.977151,-1035.597561,336.336000
613.910243,-1033.535023,358.000000
633.329359,-1003.873514,336.681000
648.635676,-973.007269,333.997000
617.073118,-974.574493,331.302000
616.446963,-1004.763226,328.618000
631.102204,-963.511205,337.000000
647.890252,-966.636863,361.554000
672.937685,-942.937505,352.038000
656.551730,-940.321543,342.483000
641.344984,-961.128336,332.967000
654.025504,-944.123667,366.000000
446.353427,-1087.480680,328.801000
425.030325,-1046.866768,328.557000
420.902349,-1045.039337,328.312000
395.443028,-1077.068160,328.068000
405.472565,-1068.631145,329.000000
454.752619,-1046.459165,374.540000
455.732725,-1023.618152,358.680000
430.506920,-1032.637196,342.755000
440.370568,-1055.495972,391.895000
430.873107,-1041.072614,393.000000
516.647951,-1029.563251,366.384000
528.493199,-1008.132970,350.768000
507.015978,-1007.767598,335.088000
505.313560,-1028.767986,383.472000
519.877947,-1007.592214,390.000000
491.981931,-1011.552049,354.754000
516.896353,-987.203787,342.798000
497.037240,-977.862871,330.793000
483.110406,-1001.097169,367.837000
498.080472,-989.773726,377.000000
553.768241,-1000.433956,343.674000
528.632703,-959.502528,335.378000
524.350673,-954.770816,361.048000
510.121604,-976.368617,352.752000
528.111144,-987.579915,362.000000
594.619199,-964.818590,329.880000
605.371134,-928.855704,328.660000
561.513048,-947.877597,332.435000
568.856249,-980.693536,331.215000
563.611441,-972.471997,333.000000
559.891847,-946.155482,345.587000
592.357941,-911.902490,331.679000
562.040400,-922.540705,374.771000
544.855751,-950.172130,360.806000
581.468040,-921.814703,386.000000
667.851537,-899.577699,331.708000
665.969111,-895.022119,345.316000
630.677318,-871.776608,340.924000
609.107215,-910.610375,336.514000
641.474562,-907.677295,346.000000
702.067426,-849.334860,344.093000
694.485553,-817.328553,444.641000
653.113105,-843.940703,412.189000
654.681128,-847.624967,379.604000
680.477292,-860.332938,461.000000
729.140965,-811.983723,331.484000
729.719059,-791.086996,383.648000
708.749301,-793.754059,366.812000
717.749745,-816.031517,349.907000
738.357927,-802.470166,398.000000
763.900000,-690.757000,380.599000
756.991000,-675.500000,368.643000
742.900000,-684.240000,356.687000
755.332000,-694.500000,344.682000
743.446000,-680.763000,383.000000
746.527117,-704.748580,364.640000
745.460236,-701.559231,354.880000
716.155257,-671.439047,345.120000
713.787771,-692.638292,335.320000
714.366944,-679.314558,370.000000
766.000000,-603.160000,363.152000
706.797000,-578.200000,354.332000
693.000000,-651.754000,345.548000
698.402000,-656.200000,336.728000
707.308000,-640.132000,371.000000
765.700000,-560.760000,347.940000
732.580000,-537.600000,343.040000
705.700000,-564.960000,338.160000
754.600000,-577.600000,353.260000
722.560000,-539.720000,354.000000
708.600000,-571.596000,457.580000
696.294000,-536.400000,404.905000
666.600000,-554.250000,352.445000
689.952000,-578.400000,514.770000
436.714044,-1010.931593,350.080000
437.927091,-1007.805545,340.280000
404.268653,-974.154134,330.520000
393.982961,-1001.209535,360.720000
408.733681,-998.974525,369.000000
477.616720,-970.448752,364.244000
458.669738,-928.949111,344.154000
428.042820,-937.247609,406.146000
427.129013,-940.848062,386.056000
449.184704,-959.440327,410.000000
496.651856,-950.599804,329.785000
494.722267,-918.899620,328.560000
464.416462,-912.365533,332.340000
480.753296,-949.319849,331.115000
496.989598,-925.942213,333.000000
531.040456,-925.236328,334.712000
562.052111,-880.204548,329.567000
515.896180,-860.294347,345.443000
507.078565,-907.658816,340.298000
544.465971,-891.666122,350.000000
623.052560,-853.199554,331.805000
610.393453,-824.886513,343.130000
604.312834,-829.771898,339.470000
568.692274,-868.730790,335.810000
597.004690,-866.224721,344.000000
574.457759,-849.318191,327.714000
569.626083,-824.664743,332.999000
544.410560,-835.047147,331.291000
541.459644,-837.552560,329.583000
561.088986,-855.357265,334.000000
581.460282,-821.272187,327.595000
593.689778,-803.322829,354.020000
574.199258,-810.424174,345.480000
570.661869,-825.734233,336.940000
594.222137,-810.285453,362.000000
618.175476,-800.635829,355.824000
635.867638,-780.595786,347.984000
618.097232,-774.963998,340.176000
609.642587,-794.292002,332.368000
618.022627,-776.208231,358.000000
681.132653,-797.278136,338.858000
649.768847,-750.805377,335.428000
646.277288,-750.871399,332.012000
634.130224,-777.574742,328.596000
638.730998,-766.759064,341.000000
716.736909,-760.272226,354.622000
714.495311,-716.793499,347.027000
666.199728,-736.858450,339.463000
688.980252,-780.625970,331.899000
669.965519,-747.705976,362.000000
423.338810,-927.854293,341.186000
423.529873,-892.118098,336.794000
387.116340,-877.407578,332.384000
403.931825,-920.354044,345.992000
409.555023,-883.250598,347.000000
446.184810,-907.087211,339.248000
462.921167,-882.706295,334.612000
432.483508,-860.278127,329.957000
429.326840,-888.891227,344.321000
441.060051,-875.683993,347.000000
519.285899,-849.846178,336.112000
509.525858,-818.343979,332.208000
505.279496,-818.725274,328.288000
465.368441,-859.155054,340.384000
486.197822,-854.177413,344.000000
475.088284,-833.524503,341.082000
480.456115,-808.517508,333.518000
448.722972,-823.992482,356.923000
456.116156,-846.787838,349.359000
452.542457,-838.070044,359.000000
539.005671,-829.566460,336.773000
549.510970,-811.563151,329.697000
531.454833,-812.519336,351.592000
529.468233,-829.715858,344.516000
545.997012,-815.589943,356.000000
519.207545,-813.173695,328.512000
538.824705,-790.681808,327.048000
514.060774,-773.591643,331.578000
506.202678,-798.067431,330.114000
525.608159,-796.003127,333.000000
576.364665,-796.886800,328.171000
548.255574,-750.781721,337.999000
543.618033,-746.198926,334.814000
526.715878,-771.852884,331.642000
558.139397,-796.976272,339.000000
584.848763,-748.304780,326.492000
590.108249,-732.642469,331.028000
570.228334,-742.129536,329.558000
573.008909,-756.018983,328.094000
573.609381,-755.514715,332.000000
614.277331,-744.986396,334.970000
624.394609,-721.393647,332.530000
599.990987,-715.378942,330.080000
601.321889,-740.571682,327.640000
626.137929,-734.558346,335.000000
611.664360,-706.048539,354.096000
611.327837,-704.082089,346.044000
591.273791,-703.259104,337.959000
559.154832,-736.583752,329.907000
580.367743,-713.345237,357.000000
681.885742,-705.707127,341.540000
661.809669,-654.696481,336.660000
610.250894,-685.223549,331.760000
614.297974,-691.365368,326.880000
627.153449,-683.309980,345.000000
327.390093,-1026.920213,333.904000
295.259875,-949.058650,330.976000
235.612384,-927.527794,328.036000
299.284145,-1025.533917,325.108000
280.792075,-931.764450,337.000000
348.499537,-991.006077,348.995000
386.921696,-948.987139,340.455000
350.588816,-957.145223,331.880000
330.816085,-992.522596,358.340000
366.879561,-954.247314,361.000000
365.927997,-941.307082,342.584000
362.521858,-932.638894,337.216000
289.358892,-860.481208,331.848000
280.249893,-916.848328,348.458000
304.514669,-906.054578,352.000000
383.709501,-865.274849,391.284000
356.386639,-811.337535,359.076000
317.910534,-825.911113,458.868000
320.219103,-831.823992,426.528000
345.497802,-848.968262,459.000000
399.870920,-843.017072,335.844000
391.916118,-806.069211,330.476000
359.197399,-798.748266,347.108000
383.214558,-842.994152,341.718000
396.086613,-813.269174,349.000000
452.582547,-797.199067,331.438000
458.706061,-769.236942,328.022000
423.698940,-744.669737,338.606000
432.859103,-780.222032,335.176000
450.995407,-772.671911,341.000000
503.358169,-755.699863,326.000000
503.712882,-752.128811,326.000000
464.851772,-712.249673,326.000000
457.523272,-741.170848,326.000000
483.367872,-752.856512,326.000000
577.666559,-687.580926,327.352000
572.109004,-664.773733,339.448000
547.806149,-677.018901,335.544000
546.768149,-679.561839,331.624000
564.095330,-692.664464,341.000000
549.619998,-712.959200,325.310000
549.988950,-685.535537,329.090000
523.252709,-682.840627,327.870000
535.431500,-713.640039,326.645000
559.334894,-700.717250,330.000000
519.841354,-683.890144,340.648000
546.352671,-657.593782,336.728000
526.569902,-660.426840,332.824000
511.164487,-682.467670,328.904000
537.418842,-669.656176,341.000000
596.013997,-636.519006,346.218000
598.626092,-634.075940,339.848000
577.419394,-614.259540,333.504000
562.963383,-636.059721,327.134000
568.675836,-624.482093,349.000000
287.671482,-837.049104,355.280000
280.813939,-815.298960,346.705000
263.650652,-818.466207,338.165000
262.127012,-819.993304,329.590000
266.876492,-822.225868,362.000000
257.415535,-862.198513,330.122000
246.910501,-810.952609,326.692000
198.768905,-787.459177,323.276000
232.443027,-852.200856,333.846000
228.588182,-794.694041,334.000000
313.729638,-808.744934,326.000000
328.202963,-780.799662,326.000000
292.702260,-755.117108,326.000000
293.841172,-789.089264,326.000000
304.169534,-769.891226,326.000000
298.864397,-702.036540,326.212000
294.279511,-689.081448,325.232000
291.410298,-691.234521,324.256000
271.047660,-714.054698,327.276000
281.932399,-707.413203,328.000000
350.440637,-708.720981,328.276000
351.451616,-698.096747,326.561000
337.675188,-706.854943,331.853000
342.125186,-716.042293,330.145000
340.490326,-711.192687,332.000000
335.299110,-698.439644,325.915000
342.612216,-687.408974,324.690000
331.816715,-692.136280,328.470000
329.431545,-701.148353,327.250000
340.752162,-689.597615,329.000000
359.156146,-696.538734,325.192000
371.957686,-678.339175,324.212000
351.210051,-665.349488,327.236000
347.944855,-685.503446,326.260000
362.458682,-681.653398,328.000000
406.907333,-666.854099,326.852000
391.895281,-653.713323,329.872000
389.862733,-655.512926,328.896000
381.771590,-687.332354,327.920000
396.502046,-680.603576,330.000000
431.518278,-649.389242,328.432000
425.928812,-623.838995,342.777000
400.114460,-643.075050,338.141000
417.802204,-665.097719,333.505000
417.330156,-661.250286,345.000000
402.982959,-605.157640,325.107000
386.230622,-621.803939,362.102000
366.621450,-647.749519,350.146000
392.236354,-619.313758,338.190000
399.434394,-606.931723,372.000000
541.942881,-609.108350,344.992000
580.205490,-573.219138,339.112000
558.377756,-571.820520,333.256000
534.037467,-602.207317,327.400000
552.362833,-577.337586,346.000000
562.900000,-538.109000,342.952000
526.820000,-533.300000,337.096000
522.900000,-534.014000,331.216000
529.500000,-554.300000,325.360000
527.100000,-548.063000,346.000000
506.499371,-651.871629,347.852000
508.423975,-627.593519,340.776000
481.449190,-637.645231,333.671000
491.157815,-661.466846,326.595000
479.732929,-645.782084,354.000000
479.577384,-612.800592,321.000000
491.409828,-585.478910,321.000000
463.168977,-578.666571,321.000000
464.581174,-607.989223,321.000000
477.569543,-580.327876,321.000000
470.500000,-563.242000,321.000000
469.240000,-563.200000,321.000000
460.500000,-564.999000,321.000000
464.390000,-570.200000,321.000000
464.100000,-566.560000,321.000000
453.338149,-576.505407,321.000000
447.153513,-568.780636,321.000000
439.050228,-584.868239,321.000000
440.237495,-585.398987,321.000000
444.945562,-582.264054,321.000000
430.408595,-586.283426,322.792000
429.589823,-569.219506,321.816000
417.854082,-588.516518,324.836000
424.123490,-599.184178,323.860000
420.636693,-597.798413,325.000000
479.100000,-554.330000,321.000000
464.442000,-546.500000,321.000000
437.100000,-551.310000,321.000000
462.804000,-556.500000,321.000000
462.888000,-549.060000,321.000000
416.667018,-551.292622,321.000000
416.404817,-549.440366,321.000000
404.753420,-554.530488,321.000000
397.055400,-584.889273,321.000000
407.149449,-567.964681,321.000000
398.979581,-551.210726,321.000000
393.741343,-540.855681,321.000000
383.720282,-564.907426,321.000000
384.286008,-566.157048,321.000000
392.790541,-562.619065,321.000000
1338.613578,-497.656488,310.048000
1356.257841,-474.142144,352.384000
1322.345223,-482.663749,338.664000
1318.419763,-504.888381,325.000000
1359.362265,-483.009936,360.000000
1269.500000,-519.140000,309.644000
1249.155000,-494.600000,330.812000
1204.500000,-507.950000,323.952000
1242.005000,-524.600000,317.120000
1266.510000,-503.360000,337.000000
1269.000000,-419.203000,326.698000
1267.515000,-416.200000,321.574000
1242.000000,-423.454000,316.429000
1250.586000,-455.200000,311.305000
1243.053000,-437.689000,328.000000
1188.300000,-507.152000,321.942000
1146.908000,-496.400000,318.526000
1136.300000,-526.064000,315.096000
1139.368000,-528.400000,311.680000
1142.748000,-522.320000,324.000000
1131.300000,-510.400000,315.304000
1117.875000,-486.600000,314.572000
1106.300000,-513.320000,313.840000
1126.300000,-526.600000,313.105000
1111.525000,-489.360000,316.000000
1190.100000,-465.072000,317.464000
1168.972000,-449.700000,315.512000
1114.100000,-457.062000,313.560000
1155.216000,-467.700000,319.600000
1136.444000,-455.586000,320.000000
1203.900000,-411.468000,328.332000
1202.114000,-407.400000,320.036000
1109.900000,-412.836000,311.740000
1136.408000,-443.400000,337.410000
1145.526000,-428.496000,342.000000
963.800000,-504.733000,325.539000
937.960000,-496.200000,324.807000
929.800000,-516.716000,324.075000
930.582000,-519.200000,326.340000
945.576000,-515.635000,327.000000
1005.000000,-452.500000,333.128000
969.930000,-433.600000,326.784000
935.000000,-452.590000,346.440000
988.480000,-463.600000,340.070000
973.430000,-436.720000,348.000000
912.300000,-521.570000,359.300000
900.200000,-494.900000,334.900000
862.300000,-506.120000,410.500000
887.550000,-524.900000,386.000000
894.000000,-505.790000,425.000000
911.700000,-450.220000,328.450000
886.142000,-444.300000,322.350000
885.700000,-448.900000,341.250000
892.122000,-484.300000,335.125000
904.394000,-469.180000,347.000000
914.100000,-414.410000,339.096000
877.850000,-402.200000,417.616000
864.100000,-427.880000,392.240000
913.500000,-432.200000,366.760000
904.300000,-428.630000,425.000000
864.200000,-485.754000,338.031000
835.308000,-473.100000,397.676000
802.200000,-484.443000,378.400000
847.398000,-492.100000,359.045000
857.318000,-475.760000,410.000000
863.600000,-450.775000,331.316000
850.766000,-433.200000,390.961000
801.600000,-439.622000,371.685000
830.740000,-452.200000,352.330000
861.988000,-440.781000,410.000000
772.000000,-422.448000,412.953000
772.000000,-451.850000,374.673000
663.928000,-400.000000,391.638000
658.000000,-409.638000,370.410000
658.000000,-478.202000,412.779000
682.054000,-522.000000,349.095000
664.726000,-480.154000,420.000000
731.530000,-435.868000,420.000000
634.400000,-452.808000,380.044000
593.749000,-398.000000,363.874000
575.400000,-499.804000,347.770000
631.568000,-522.000000,331.600000
583.896000,-511.584000,391.000000
574.200000,-485.523000,350.458000
549.690000,-399.300000,340.168000
517.200000,-468.426000,329.920000
556.701000,-522.300000,319.630000
530.253000,-420.825000,361.000000
480.900000,-507.140000,337.592000
475.770000,-469.700000,330.732000
450.900000,-481.517000,323.900000
463.920000,-508.700000,345.068000
460.320000,-486.626000,347.000000
405.300000,-484.898000,321.632000
381.588000,-475.700000,319.672000
379.300000,-477.548000,317.720000
383.850000,-517.700000,323.768000
389.674000,-504.806000,325.000000
499.500000,-427.658000,316.012000
469.416000,-398.500000,316.502000
453.500000,-446.385000,316.990000
495.682000,-459.500000,315.478000
475.764000,-456.572000,315.000000
1271.200000,-344.601000,341.765000
1257.375000,-290.800000,320.940000
1236.200000,-329.198000,385.200000
1259.230000,-363.800000,364.460000
1256.115000,-306.203000,392.000000
1217.300000,-338.808000,341.188000
1210.500000,-315.900000,319.873000
1167.300000,-322.041000,385.645000
1187.250000,-338.900000,364.417000
1200.000000,-326.710000,400.000000
1167.900000,-302.775000,333.793000
1132.820000,-276.000000,399.478000
1127.900000,-276.840000,378.250000
1133.500000,-381.000000,357.022000
1157.460000,-352.545000,400.000000
1100.100000,-323.130000,337.332000
1038.300000,-300.000000,456.622000
1081.900000,-300.000000,376.990000
1000.100000,-333.750000,418.070000
1088.200000,-345.000000,379.518000
1024.800000,-345.000000,446.194000
1082.500000,-344.415000,471.000000
997.200000,-376.720000,326.521000
975.660000,-349.700000,408.925000
937.200000,-366.885000,382.220000
974.520000,-384.700000,355.624000
991.740000,-358.310000,428.000000
998.100000,-260.085000,426.256000
992.100000,-259.000000,399.660000
938.100000,-267.120000,372.955000
959.880000,-294.000000,346.359000
997.740000,-276.675000,428.000000
879.400000,-365.570000,388.829000
860.057000,-358.900000,371.505000
856.400000,-381.279000,354.110000
858.792000,-381.900000,336.786000
858.217000,-376.472000,396.000000
830.200000,-367.668000,386.608000
811.576000,-350.100000,369.040000
798.200000,-372.948000,351.400000
825.272000,-382.100000,333.832000
803.448000,-350.836000,400.000000
889.700000,-339.624000,382.778000
869.288000,-296.800000,362.770000
826.700000,-320.915000,342.680000
863.681000,-349.800000,404.672000
842.387000,-311.746000,405.000000
918.300000,-263.844000,330.084000
912.060000,-261.700000,327.400000
822.300000,-267.972000,324.705000
853.788000,-293.700000,333.021000
854.364000,-279.012000,334.000000
775.600000,-327.010000,389.931000
740.942000,-315.600000,363.335000
732.600000,-348.395000,336.630000
735.567000,-350.600000,419.034000
750.574000,-343.600000,438.000000
769.600000,-291.280000,368.186000
746.626000,-263.200000,346.470000
727.600000,-295.744000,413.665000
761.620000,-311.200000,391.949000
748.726000,-265.984000,415.000000
706.400000,-307.072000,329.224000
692.288000,-253.900000,325.320000
657.400000,-280.360000,337.400000
684.399000,-316.900000,333.496000
686.212000,-273.871000,339.000000
646.650000,-260.564000,336.720000
642.743700,-247.100000,323.300000
511.950000,-268.352000,364.825000
551.282400,-379.100000,351.405000
602.603100,-323.132000,375.000000
637.221000,-279.968000,375.000000
502.100000,-295.813000,319.074000
404.310000,-247.800000,353.850000
375.100000,-367.766000,342.580000
379.291000,-380.800000,331.356000
471.366000,-358.855000,355.000000
454.983000,-294.616000,355.000000
1095.100000,-210.120000,324.360000
1021.516000,-156.800000,354.600000
951.100000,-212.098000,344.800000
1062.556000,-242.800000,335.040000
1072.492000,-164.884000,359.000000
998.332000,-195.930000,359.000000
921.400000,-226.025000,337.299000
921.400000,-211.775000,349.347000
902.500000,-160.100000,527.055000
858.100000,-160.100000,404.316000
846.400000,-188.900000,465.560000
846.400000,-188.375000,459.285000
885.100000,-235.100000,404.316000
914.575000,-235.100000,514.254000
994.700000,-72.711600,327.676000
947.982000,-70.200000,325.480000
947.700000,-72.475000,323.284000
959.779000,-88.400000,321.079000
948.311000,-81.338400,328.000000
999.620848,-52.133828,343.733000
970.768902,-39.226134,337.145000
956.867156,-51.470031,330.557000
997.447593,-62.213854,323.942000
960.880299,-52.388427,347.000000
852.401456,-116.671708,339.674000
844.865124,-97.279657,334.550000
823.141713,-96.372931,329.426000
841.160373,-116.860733,324.281000
833.405494,-92.613991,344.000000
883.677513,-94.285067,325.254000
884.331365,-68.259407,323.790000
839.307952,-50.179331,322.326000
855.673870,-79.242088,326.856000
852.652522,-59.673539,327.000000
923.283549,-11.979832,329.984000
885.076352,6.427217,326.080000
882.526125,4.749020,322.176000
883.536823,-21.655896,334.256000
892.180888,-14.595233,336.000000
876.429903,7.142013,322.007000
868.467576,28.724166,318.835000
851.188403,-1.312783,315.663000
867.941843,-14.558692,325.478000
858.842770,-7.268411,328.000000
783.200000,-223.877000,360.958000
765.600000,-191.400000,342.170000
743.200000,-218.284000,400.382000
771.320000,-238.400000,381.517000
764.120000,-199.155000,403.000000
712.800000,-235.000000,322.220000
704.655000,-187.500000,320.750000
667.800000,-203.150000,325.286000
687.780000,-237.500000,323.816000
695.160000,-208.700000,326.000000
638.700000,-199.980000,324.265000
570.398000,-195.800000,317.160000
564.700000,-196.880000,339.084000
578.464000,-215.800000,331.979000
615.982000,-209.460000,345.000000
423.000000,-208.220000,322.800000
401.088000,-189.500000,389.995000
390.000000,-221.300000,368.279000
420.591000,-229.500000,346.474000
415.674000,-227.180000,394.000000
776.400000,-109.520000,320.035000
754.125000,-65.900000,326.830000
721.400000,-98.060000,324.634000
758.140000,-125.900000,322.429000
768.865000,-77.960000,328.000000
769.250000,-38.140000,313.440000
753.555000,1.300000,349.680000
661.750000,-9.780000,337.968000
705.717500,-38.700000,326.208000
763.660000,-17.100000,360.000000
507.800000,-5.560000,324.735000
454.580000,6.200000,319.100000
447.800000,5.288000,313.488000
456.800000,-41.800000,307.853000
449.780000,-28.264000,326.000000
241.280073,-581.369169,322.860000
239.423918,-564.574676,322.615000
222.614576,-570.336182,322.371000
232.281433,-587.130675,322.127000
221.144501,-575.310678,323.000000
296.500000,-344.288000,312.775000
293.179000,-326.000000,312.530000
287.500000,-338.024000,312.286000
293.188000,-350.000000,312.042000
289.327000,-331.664000,313.000000
283.000000,-310.689000,312.690000
280.360000,-310.500000,312.445000
259.000000,-312.678000,312.201000
267.952000,-319.500000,312.957000
265.912000,-314.955000,313.000000
172.693672,-559.379511,326.840000
167.605455,-524.723202,324.880000
129.932939,-537.396469,322.928000
131.363202,-541.701347,328.976000
144.698759,-546.199388,330.000000
138.684940,-303.063798,314.040000
133.537202,-278.859533,313.550000
110.665833,-281.585429,313.062000
126.971716,-307.649385,314.574000
134.569578,-280.351528,315.000000
101.313598,-631.656964,360.845000
136.272958,-585.361269,339.530000
101.296628,-597.732810,405.302000
84.190300,-635.101989,384.074000
120.337599,-597.121869,410.000000
68.048563,-555.885401,323.500000
76.155817,-562.310419,321.050000
90.992059,-510.427835,328.610000
4.139087,-403.992144,326.170000
37.372592,-478.595616,330.000000
160.999859,-428.083853,325.830000
157.309189,-380.190262,320.462000
87.613816,-426.724638,337.072000
86.455779,-432.623037,331.704000
120.197071,-444.129663,342.000000
73.717503,-342.577000,320.120000
120.229174,-370.278231,345.824000
91.716529,-314.244243,337.494000
53.843796,-309.931470,329.198000
108.784006,-374.311433,348.000000
29.615691,-313.639143,315.135000
56.183107,-260.099846,340.083000
3.738411,-249.006755,331.998000
1.718914,-301.802175,323.946000
49.612671,-283.052532,345.000000
364.000000,-140.424000,303.170000
359.554000,-131.500000,316.022000
250.000000,-148.087000,311.857000
284.428000,-228.500000,307.709000
360.352000,-186.402000,320.000000
342.112000,-134.216000,320.000000
301.824266,-54.249892,315.950000
299.366661,-24.244090,312.534000
259.912512,-49.475319,309.104000
257.416007,-53.417438,305.688000
264.329409,-47.819788,317.000000
209.000000,-57.950000,310.840000
189.202000,0.000000,310.596000
171.000000,-62.035000,310.351000
200.830000,-95.000000,310.107000
176.244000,-7.980000,311.000000
170.000000,-186.835000,323.305000
125.290000,0.000000,320.621000
0.000000,-84.710000,317.926000
89.420000,-215.000000,315.242000
37.740000,-73.745000,326.000000
154.020000,-72.455000,326.000000
102.680000,-130.290000,326.000000
68.510000,-17.845000,326.000000
