1522.700000,-1078.518000,305.324000
1506.210000,-1072.200000,304.834000
1505.700000,-1076.139000,304.346000
1509.661000,-1111.200000,305.856000
1511.072000,-1097.004000,306.000000
1493.900000,-1079.868000,306.360000
1485.980000,-1052.600000,307.870000
1469.900000,-1068.274000,307.382000
1484.132000,-1086.600000,306.892000
1489.052000,-1061.984000,308.000000
1570.100000,-972.240000,305.886000
1548.052000,-963.400000,304.171000
1538.100000,-979.820000,302.463000
1568.564000,-983.400000,307.755000
1547.060000,-981.720000,308.000000
1526.200000,-955.390000,305.320000
1525.465000,-952.900000,320.420000
1511.200000,-958.300000,315.540000
1515.880000,-982.900000,310.660000
1522.630000,-969.580000,321.000000
1508.400000,-976.544000,307.606000
1491.222000,-956.300000,305.410000
1466.400000,-971.420000,303.205000
1494.624000,-984.300000,301.009000
1476.648000,-961.816000,310.000000
1496.640074,-731.309727,306.804000
1473.069677,-731.616339,300.216000
1506.801175,-763.055590,320.601000
1511.205837,-765.692988,314.013000
1512.649385,-750.156123,327.000000
1427.300000,-569.171000,321.860000
1424.228000,-569.000000,317.468000
1403.300000,-583.820000,313.058000
1412.684000,-626.000000,308.666000
1408.268000,-596.189000,326.000000
1390.800000,-631.016000,310.304000
1361.520000,-622.000000,308.352000
1330.800000,-630.666000,314.400000
1375.860000,-636.000000,312.440000
1372.140000,-623.652000,316.000000
1366.100000,-587.664000,316.866000
1351.701000,-574.600000,314.182000
1349.100000,-619.634000,311.498000
1350.987000,-620.600000,308.803000
1352.007000,-609.468000,319.000000
1347.700000,-618.484000,308.650000
1342.525000,-580.600000,308.160000
1322.700000,-594.499000,309.672000
1334.450000,-621.600000,309.182000
1339.025000,-596.918000,310.000000
1448.900000,-1094.955000,310.215000
1427.921000,-1079.700000,308.990000
1411.900000,-1098.546000,307.770000
1442.610000,-1106.700000,306.545000
1416.895000,-1080.753000,311.000000
1344.200000,-1080.870000,308.000000
1325.660000,-1073.900000,308.000000
1324.200000,-1075.872000,308.000000
1328.000000,-1107.900000,308.000000
1336.540000,-1096.986000,308.000000
1442.100000,-1059.100000,317.064000
1432.376000,-1042.200000,313.144000
1408.100000,-1050.560000,309.240000
1426.766000,-1062.200000,305.336000
1411.466000,-1048.580000,319.000000
1434.000000,-1016.692000,310.940000
1376.506000,-1006.000000,306.060000
1345.000000,-1023.116000,321.160000
1425.901000,-1028.000000,316.280000
1396.709000,-1027.098000,323.000000
1344.900000,-1016.734000,321.555000
1344.528000,-1009.300000,317.407000
1282.900000,-1017.383000,313.242000
1299.578000,-1068.300000,309.094000
1286.744000,-1044.700000,323.000000
1446.100000,-968.344000,308.062000
1437.340000,-942.300000,304.646000
1422.100000,-959.198000,315.216000
1437.172000,-976.300000,311.800000
1435.156000,-950.460000,316.000000
1399.000000,-968.198000,305.853000
1366.375000,-954.800000,305.121000
1354.000000,-983.081000,304.389000
1398.460000,-987.800000,303.654000
1355.170000,-983.840000,306.000000
1337.700000,-952.851000,305.876000
1336.340000,-951.300000,304.900000
1321.700000,-958.428000,307.924000
1327.268000,-984.300000,306.944000
1329.828000,-968.493000,308.000000
1430.300000,-927.766000,342.508000
1409.432000,-915.400000,332.463000
1383.300000,-925.768000,322.459000
1416.576000,-933.400000,312.414000
1429.830000,-918.298000,343.000000
1308.000000,-860.044000,332.288000
1293.528000,-836.500000,320.528000
1290.000000,-903.892000,308.816000
1291.206000,-908.500000,345.056000
1298.496000,-894.172000,356.000000
1302.100000,-778.368000,307.696000
1299.640000,-753.200000,329.591000
1287.100000,-760.870000,322.515000
1293.505000,-779.200000,315.439000
1301.410000,-764.692000,336.000000
1356.800000,-788.920000,322.718000
1319.072000,-779.800000,315.613000
1284.800000,-789.625000,308.537000
1341.464000,-794.800000,330.461000
1316.192000,-781.030000,336.000000
1451.000000,-765.320000,302.160000
1358.285000,-761.600000,329.376000
1346.000000,-761.825000,320.556000
1361.330000,-776.600000,311.772000
1442.390000,-772.430000,336.000000
1446.700000,-756.093000,320.808000
1443.298000,-723.200000,312.024000
1432.700000,-737.075000,303.204000
1439.784000,-760.200000,330.420000
1438.286000,-736.594000,336.000000
1445.200000,-713.835000,304.608000
1394.548000,-705.900000,340.896000
1361.200000,-716.910000,329.136000
1433.944000,-720.900000,317.424000
1435.204000,-705.945000,348.000000
1359.800000,-707.753000,337.788000
1344.408000,-701.500000,327.540000
1343.800000,-704.978000,317.292000
1347.400000,-738.500000,349.002000
1349.608000,-725.291000,354.000000
1342.600000,-710.426000,317.544000
1330.686000,-699.100000,349.296000
1305.600000,-705.456000,339.048000
1327.245000,-713.100000,328.758000
1336.865000,-703.062000,354.000000
1302.800000,-717.600000,339.342000
1291.206000,-703.200000,329.052000
1285.800000,-729.216000,318.804000
1301.865000,-735.200000,350.514000
1291.359000,-732.768000,354.000000
1268.400000,-1047.850000,309.873000
1267.350000,-1042.900000,322.708000
1243.400000,-1052.415000,318.560000
1251.025000,-1097.900000,314.395000
1263.625000,-1073.920000,324.000000
1228.600000,-1096.130000,310.435000
1224.590000,-1073.500000,309.210000
1218.600000,-1090.023000,307.990000
1225.240000,-1104.500000,311.770000
1221.510000,-1079.824000,312.000000
1220.900000,-1098.210000,309.615000
1197.309000,-1094.500000,311.883000
1189.900000,-1103.420000,311.148000
1190.644000,-1104.500000,310.416000
1213.863000,-1102.940000,312.000000
1216.600000,-1056.865000,307.723000
1215.632000,-1056.700000,307.479000
1208.600000,-1060.480000,307.234000
1211.672000,-1071.700000,307.990000
1210.640000,-1063.975000,308.000000
1195.000000,-1074.436000,309.723000
1190.200000,-1051.000000,311.991000
1185.000000,-1073.032000,311.256000
1192.430000,-1087.000000,310.524000
1192.360000,-1055.500000,312.000000
1187.000000,-1085.292000,318.349000
1174.400000,-1077.700000,315.665000
1172.000000,-1102.972000,312.970000
1173.545000,-1103.700000,310.286000
1175.270000,-1097.590000,321.000000
1148.400000,-1100.900000,311.000000
1138.400000,-1077.600000,311.000000
1098.400000,-1085.875000,311.000000
1121.550000,-1102.600000,311.000000
1133.400000,-1087.750000,311.000000
1231.100000,-1010.584000,310.590000
1218.802000,-998.000000,310.102000
1209.100000,-1013.202000,309.614000
1227.184000,-1020.000000,309.124000
1213.104000,-999.012000,311.000000
1206.100000,-1013.392000,310.570000
1193.234000,-1004.700000,309.345000
1192.100000,-1006.791000,313.125000
1194.648000,-1045.700000,311.900000
1201.396000,-1032.826000,314.000000
1143.300000,-1039.991000,323.648000
1132.698000,-999.900000,320.218000
1105.300000,-1019.170000,316.802000
1125.896000,-1046.900000,313.386000
1110.848000,-1015.269000,326.000000
1268.000000,-930.130000,310.450000
1249.469000,-925.200000,308.735000
1239.000000,-932.900000,314.027000
1265.158000,-935.200000,312.319000
1257.212000,-934.870000,315.000000
1238.900000,-951.689000,313.472000
1225.926000,-947.300000,312.496000
1225.900000,-951.590000,311.516000
1229.293000,-980.300000,310.540000
1227.330000,-967.331000,314.000000
1224.200000,-971.072000,311.544000
1219.904000,-949.400000,310.568000
1212.200000,-963.092000,313.588000
1219.652000,-977.400000,312.612000
1219.304000,-956.316000,314.000000
1179.800000,-970.268000,313.616000
1163.286000,-965.300000,312.640000
1156.800000,-975.488000,311.660000
1179.363000,-977.300000,310.684000
1158.479000,-975.956000,314.000000
1190.200000,-936.420000,317.174000
1185.118000,-934.800000,313.026000
1124.200000,-941.070000,325.861000
1146.640000,-964.800000,321.713000
1160.830000,-950.640000,327.000000
1268.300000,-868.768000,313.700000
1262.182000,-853.500000,312.480000
1254.300000,-866.018000,311.260000
1264.100000,-875.500000,310.035000
1254.818000,-857.196000,314.000000
1257.000000,-837.135000,311.916000
1247.436000,-830.100000,311.428000
1245.000000,-849.588000,312.940000
1245.720000,-851.100000,312.450000
1251.228000,-847.089000,313.000000
1157.500000,-871.850000,316.000000
1155.472000,-842.600000,316.000000
1144.500000,-851.240000,316.000000
1149.960000,-872.600000,316.000000
1144.513000,-856.070000,316.000000
1145.100000,-866.925000,316.000000
1127.040000,-857.700000,316.000000
1110.100000,-867.420000,316.000000
1137.365000,-872.700000,316.000000
1127.005000,-859.035000,316.000000
1259.300000,-792.404000,310.987000
1241.780000,-790.100000,310.232000
1239.300000,-790.163000,310.476000
1242.080000,-799.100000,310.720000
1258.600000,-796.670000,310.000000
1213.100000,-803.756000,313.000000
1210.032000,-749.100000,313.000000
1200.100000,-771.487000,313.000000
1206.587000,-810.100000,313.000000
1205.911000,-771.670000,313.000000
1200.200000,-781.196000,313.833000
1192.465000,-748.500000,326.685000
1187.200000,-792.847000,322.520000
1198.354000,-809.500000,318.372000
1199.277000,-749.110000,330.000000
1142.500000,-785.602000,321.969000
1107.165000,-781.000000,320.261000
1105.500000,-783.236000,318.546000
1113.566000,-807.000000,323.838000
1120.670000,-797.900000,325.000000
1270.600000,-750.421000,312.340000
1254.850000,-739.800000,315.364000
1220.600000,-745.598000,314.384000
1249.500000,-752.800000,313.408000
1265.200000,-743.583000,316.000000
1238.100000,-709.008000,327.251000
1208.444000,-688.900000,323.103000
1194.100000,-724.364000,318.955000
1235.328000,-732.900000,331.790000
1210.556000,-729.864000,334.000000
1172.300000,-699.704000,317.244000
1171.416000,-696.600000,318.754000
1146.300000,-701.912000,318.266000
1154.022000,-728.600000,317.776000
1168.556000,-714.872000,319.000000
1138.700000,-696.570000,320.920000
1127.668000,-685.500000,320.185000
1110.700000,-693.375000,319.453000
1129.096000,-700.500000,321.718000
1120.164000,-688.680000,322.000000
1202.900000,-649.816000,321.634000
1141.154000,-641.500000,338.999000
1120.900000,-660.970000,333.387000
1122.294000,-663.500000,327.775000
1188.140000,-660.244000,341.000000
1148.800000,-600.592000,320.732000
1144.280000,-599.800000,319.017000
1108.800000,-610.580000,317.309000
1123.840000,-643.800000,322.601000
1120.880000,-621.448000,323.000000
1251.400000,-619.132000,312.134000
1205.046000,-587.500000,320.450000
1153.400000,-616.492000,317.755000
1225.528000,-635.500000,315.071000
1230.232000,-593.884000,321.000000
1253.000000,-570.279000,328.784000
1182.195000,-564.000000,320.976000
1168.000000,-584.244000,313.136000
1176.160000,-585.000000,337.328000
1190.525000,-580.233000,338.000000
994.600000,-1094.126000,331.410000
984.232000,-1062.200000,382.062000
940.600000,-1073.216000,365.647000
965.170000,-1096.200000,349.299000
980.938000,-1076.242000,383.000000
1076.100000,-1029.520000,325.464000
1057.332000,-998.200000,321.072000
1042.100000,-1035.136000,316.680000
1069.810000,-1052.200000,312.270000
1049.886000,-1001.062000,330.000000
1024.800000,-1007.180000,320.394000
935.424000,-995.300000,318.198000
926.800000,-997.622000,325.002000
943.950000,-1049.300000,322.797000
996.478000,-1032.776000,327.000000
995.200000,-967.820000,374.735000
978.127000,-931.700000,357.340000
932.200000,-948.626000,340.016000
965.842000,-973.700000,322.621000
944.359000,-945.728000,390.000000
1073.100000,-908.100000,319.242000
1033.978000,-885.100000,315.812000
1011.100000,-920.198000,326.396000
1066.528000,-931.100000,322.966000
1052.950000,-929.904000,329.000000
1021.800000,-830.945000,324.926000
989.097000,-824.600000,323.456000
988.800000,-830.090000,321.992000
997.182000,-869.600000,320.528000
993.981000,-852.275000,326.000000
1078.200000,-793.574000,333.933000
1067.700000,-751.400000,322.418000
1048.200000,-777.428000,357.950000
1066.620000,-805.400000,346.482000
1067.370000,-765.170000,365.000000
1028.200000,-778.308000,338.854000
996.960000,-758.100000,333.486000
984.200000,-798.516000,328.096000
1027.012000,-806.100000,322.728000
989.524000,-801.060000,342.000000
986.200000,-746.920000,331.875000
982.280000,-743.200000,326.751000
930.200000,-755.260000,342.606000
948.848000,-803.200000,337.482000
963.912000,-775.300000,345.000000
1023.800000,-722.924000,342.860000
984.240000,-679.400000,337.980000
931.800000,-714.182000,333.080000
995.556000,-741.400000,328.200000
939.528000,-690.312000,345.000000
1083.800000,-625.120000,321.877000
1048.295000,-604.600000,320.169000
1038.800000,-659.860000,325.461000
1041.140000,-664.600000,323.746000
1064.270000,-653.560000,326.000000
987.100000,-664.397000,325.858000
984.418000,-606.400000,325.370000
969.100000,-622.979000,324.882000
976.516000,-665.400000,324.392000
969.964000,-633.304000,326.000000
965.000000,-649.251000,333.616000
956.856000,-626.200000,329.451000
949.000000,-649.880000,342.303000
961.352000,-663.200000,338.138000
957.480000,-629.789000,343.000000
1066.900000,-556.202000,339.388000
948.852000,-542.000000,334.978000
930.900000,-542.000000,330.586000
948.716000,-596.000000,326.176000
932.532000,-581.798000,340.000000
813.700000,-1096.423000,324.324000
805.948000,-1059.400000,321.629000
779.700000,-1074.160000,329.945000
796.394000,-1100.400000,327.261000
796.496000,-1074.857000,330.000000
892.700000,-1044.732000,324.032000
849.776000,-988.700000,336.112000
819.700000,-1062.757000,332.208000
881.823000,-1091.700000,328.304000
890.948000,-990.554000,340.000000
809.800000,-1006.840000,330.760000
782.308000,-995.800000,327.588000
780.800000,-1000.540000,324.403000
786.919000,-1055.800000,334.231000
794.082000,-1035.280000,337.000000
773.400000,-1092.800000,322.608000
757.436000,-1072.200000,334.704000
721.400000,-1083.175000,330.784000
751.040000,-1097.200000,326.880000
770.228000,-1079.650000,338.000000
772.800000,-1026.240000,385.048000
756.125000,-1000.200000,358.696000
747.800000,-1044.888000,332.236000
771.050000,-1056.200000,413.884000
758.325000,-1052.728000,433.000000
840.300000,-926.465000,328.772000
838.788000,-920.900000,387.740000
784.300000,-929.274000,368.708000
800.540000,-973.900000,349.598000
834.868000,-951.587000,401.000000
844.200000,-873.370000,342.432000
820.268000,-824.200000,337.308000
782.200000,-858.388000,332.184000
822.438000,-890.200000,348.039000
806.070000,-838.654000,351.000000
769.300000,-843.614000,336.993000
755.872000,-824.700000,384.558000
751.300000,-867.722000,369.186000
751.462000,-873.700000,353.751000
766.906000,-866.791000,393.000000
758.445636,-833.363317,369.627000
757.401209,-831.604248,354.192000
740.012725,-834.919094,338.820000
731.003170,-867.794074,386.448000
740.115737,-847.767503,393.000000
869.700000,-757.352000,327.646000
846.450000,-742.700000,341.236000
819.700000,-755.834000,336.844000
856.150000,-764.700000,332.452000
861.250000,-745.780000,343.000000
907.900000,-754.460000,336.970000
879.025000,-736.100000,332.578000
872.900000,-793.520000,328.168000
875.980000,-796.100000,341.776000
883.855000,-782.900000,343.000000
823.447474,-808.428634,368.868000
833.488779,-770.967024,517.044000
795.111224,-765.311184,469.024000
800.418516,-798.879440,421.200000
824.939981,-785.503656,529.000000
909.000000,-649.871000,343.824000
874.665000,-630.500000,337.968000
846.000000,-652.808000,332.088000
896.904000,-663.500000,350.232000
863.388000,-632.513000,351.000000
840.600000,-647.021000,346.987000
793.592000,-641.800000,402.175000
788.600000,-642.628000,384.290000
797.284000,-664.800000,366.478000
828.016000,-657.923000,404.000000
897.700000,-623.848000,483.455000
876.052000,-592.600000,430.995000
882.694000,-592.600000,515.920000
815.700000,-606.820000,378.535000
858.914000,-628.600000,325.860000
836.118000,-628.600000,395.090000
906.700000,-562.844000,328.825000
830.572000,-541.000000,325.165000
784.700000,-573.465000,336.505000
892.914000,-584.000000,332.830000
872.784000,-583.226000,340.000000
558.003742,-1131.655775,348.220000
532.211803,-1108.367724,340.870000
529.596388,-1111.181202,333.550000
520.403173,-1140.207895,326.200000
526.159860,-1129.044467,355.000000
527.434390,-1173.659128,372.428000
521.289029,-1142.900038,333.473000
526.138899,-1146.171316,343.331000
478.447714,-1130.045904,453.677000
502.883368,-1164.259365,414.881000
487.363785,-1153.791274,412.973000
518.749526,-1150.035936,485.000000
501.008850,-1097.843225,375.410000
502.380507,-1080.449823,360.465000
480.868247,-1090.991091,345.581000
488.198696,-1107.429186,330.697000
481.269866,-1094.557027,387.000000
605.852915,-1055.914625,360.752000
606.938922,-1050.567564,334.156000
564.685236,-1017.193019,416.451000
537.964950,-1062.321762,389.855000
571.047837,-1058.878733,434.000000
618.415100,-1034.604322,353.072000
613.647110,-1012.943774,345.264000
590.523448,-996.712836,337.424000
605.931919,-1025.662527,329.616000
598.464248,-998.265560,358.000000
645.429522,-994.074996,330.004000
641.429329,-964.108171,327.320000
604.972956,-984.373011,335.625000
602.864970,-987.990862,332.941000
620.815948,-997.573469,337.000000
646.911048,-967.429806,361.398000
673.268078,-943.345507,351.882000
657.530934,-939.528599,342.327000
641.014591,-960.720334,332.811000
653.084060,-944.963239,366.000000
432.775133,-1098.476165,328.400000
437.889228,-1062.746192,328.156000
401.840513,-1060.475308,328.912000
413.420823,-1099.268888,328.667000
436.899917,-1068.465315,329.000000
459.776091,-1042.391238,387.670000
452.427534,-1019.536582,371.810000
425.458580,-1036.725261,355.950000
427.313428,-1039.371747,340.025000
432.616257,-1032.902978,393.000000
512.335568,-1033.055350,353.968000
531.084111,-1011.332480,338.288000
511.328361,-1004.275499,386.672000
502.722648,-1025.568476,370.992000
518.363974,-1014.589321,390.000000
503.949979,-1001.860515,374.795000
510.542105,-979.356945,362.790000
485.096392,-987.532379,350.834000
489.464654,-1008.944011,338.878000
504.115778,-972.811480,377.000000
554.895103,-999.521441,344.082000
526.661672,-957.068507,335.752000
523.223811,-955.683331,361.456000
512.092635,-978.802638,353.160000
528.864189,-986.205776,362.000000
579.259687,-977.256478,332.955000
612.282330,-937.390321,331.735000
576.872561,-935.439709,330.510000
561.945052,-972.158919,329.290000
603.917032,-956.720605,333.000000
573.876589,-934.830861,358.013000
589.201899,-908.005103,344.105000
548.055659,-933.865326,330.140000
548.022491,-954.082729,373.232000
545.725315,-946.011735,386.000000
664.242471,-902.500263,328.486000
668.404581,-898.029674,342.094000
634.286384,-868.854044,337.684000
606.643426,-907.567849,333.292000
642.934672,-916.859770,346.000000
683.882210,-864.060957,400.485000
704.793821,-830.058203,368.033000
671.298320,-829.214606,335.448000
666.399073,-862.095425,435.996000
691.810260,-832.060169,461.000000
732.074691,-809.608038,333.347000
727.153320,-787.918572,385.511000
705.815575,-796.129743,368.675000
703.323834,-798.217000,351.770000
721.404229,-815.260952,398.000000
763.900000,-676.127000,362.518000
761.842000,-675.500000,350.513000
742.900000,-679.870000,338.557000
750.481000,-694.500000,375.552000
751.216000,-685.133000,383.000000
737.490464,-712.066317,334.000000
734.472302,-687.990262,364.200000
710.411372,-676.090354,354.440000
724.775705,-706.207260,344.640000
741.817058,-701.498401,370.000000
766.000000,-602.692000,357.248000
706.286000,-578.200000,348.428000
693.000000,-652.222000,339.644000
698.913000,-656.200000,366.860000
719.280000,-639.664000,371.000000
765.700000,-575.760000,336.720000
755.080000,-537.600000,351.820000
705.700000,-549.960000,346.940000
732.100000,-577.600000,342.060000
756.220000,-554.720000,354.000000
708.600000,-561.348000,466.610000
686.046000,-536.400000,414.150000
666.600000,-564.498000,361.475000
700.200000,-578.400000,524.015000
433.496660,-1013.536979,335.880000
411.315020,-974.942374,366.120000
407.486037,-971.548747,356.320000
389.758333,-995.992554,346.560000
416.432488,-1015.060285,369.000000
464.709880,-980.900505,384.580000
477.251052,-951.895122,364.572000
440.949660,-926.795856,344.482000
444.383090,-962.155073,406.474000
452.214590,-938.723795,410.000000
498.983294,-948.711843,329.040000
491.607131,-915.052748,332.820000
462.085024,-914.253495,331.600000
483.868432,-953.166722,330.375000
480.663628,-948.684743,333.000000
564.519904,-898.125206,344.246000
534.940988,-846.725100,339.122000
529.045490,-849.646246,333.998000
496.430464,-894.509506,349.853000
514.182844,-881.060379,350.000000
592.137694,-878.233920,332.675000
622.910635,-840.343946,329.000000
588.598943,-842.496756,340.340000
575.054703,-876.587735,336.665000
611.623564,-852.147629,344.000000
573.431926,-850.148894,332.341000
570.475665,-825.713890,330.626000
545.436392,-834.216444,328.918000
559.489673,-859.817791,327.203000
547.560415,-840.796043,334.000000
595.710030,-809.732968,336.835000
597.174954,-807.626663,328.260000
584.793311,-801.845278,354.720000
567.176693,-821.430399,346.180000
581.468256,-816.197183,362.000000
622.502624,-797.131773,351.568000
633.438461,-777.596002,343.728000
613.770083,-778.468054,335.920000
612.071764,-797.291785,328.112000
624.023768,-774.771383,358.000000
676.873116,-800.727441,331.438000
656.667457,-759.324451,328.022000
627.999592,-765.672385,338.592000
627.231614,-769.055668,335.176000
653.816770,-794.097835,341.000000
690.158517,-781.794983,356.885000
732.430942,-738.942159,349.321000
692.778120,-715.335693,341.726000
671.044621,-758.477310,334.162000
687.687399,-728.594070,362.000000
424.569809,-926.857450,335.354000
421.657016,-889.805312,330.962000
385.885341,-878.404422,344.552000
405.804683,-922.666830,340.160000
423.388792,-897.816880,347.000000
461.735501,-894.494510,344.549000
444.032116,-859.380259,339.913000
416.932817,-872.870828,335.277000
419.896474,-877.245695,330.622000
425.366926,-872.178864,347.000000
485.992966,-876.806264,334.224000
524.374672,-836.680738,330.320000
491.943671,-829.524412,342.416000
471.287199,-866.464112,338.496000
501.963452,-846.378836,344.000000
471.880225,-836.122337,356.148000
481.906069,-810.308052,348.553000
451.931031,-821.394647,340.989000
454.666201,-844.997293,333.394000
475.444699,-804.515410,359.000000
549.979749,-820.679827,339.354000
543.586547,-804.247099,332.249000
541.484679,-804.397327,354.173000
524.064888,-823.043283,347.068000
534.958995,-822.466964,356.000000
522.494872,-810.511670,332.664000
535.807743,-786.956170,331.194000
510.773446,-776.253668,329.730000
509.219640,-801.793069,328.266000
514.088837,-775.056412,333.000000
570.769214,-801.417907,332.006000
557.317787,-761.972623,328.821000
525.899105,-760.547431,338.649000
555.412888,-807.290740,335.477000
541.442734,-787.798524,339.000000
593.074076,-741.644053,331.880000
595.579560,-739.398976,330.416000
583.763108,-731.169292,328.946000
567.537597,-749.262476,327.482000
582.742174,-749.974633,332.000000
614.207388,-745.043034,329.980000
624.455024,-721.468253,327.540000
600.060931,-715.322303,325.090000
601.261475,-740.497076,332.650000
615.978721,-722.155781,335.000000
593.460493,-720.789740,324.528000
605.522357,-696.912917,349.476000
562.071754,-726.906447,341.391000
564.960312,-743.752924,333.339000
570.621943,-738.531280,357.000000
692.796872,-696.871468,335.680000
691.215293,-691.009403,330.800000
645.968523,-656.299984,325.920000
623.280894,-702.458350,341.020000
649.312422,-688.364252,345.000000
322.249273,-1031.083167,325.624000
307.748739,-964.481112,334.696000
240.753205,-923.364840,331.768000
286.795282,-1010.111456,328.828000
334.272448,-1008.318550,337.000000
374.543253,-969.916292,345.985000
379.511449,-939.836245,337.410000
324.545101,-978.235008,328.870000
322.493323,-982.244841,355.295000
339.059508,-979.574251,361.000000
327.739044,-972.231886,331.958000
356.234947,-924.875206,348.568000
285.623929,-863.505722,343.200000
286.536803,-924.612016,337.832000
342.101207,-944.747471,352.000000
374.405510,-872.809072,407.124000
369.572160,-827.620297,374.784000
327.214525,-818.376889,342.576000
352.344651,-871.495739,442.368000
362.664778,-824.041763,459.000000
407.494721,-836.843439,329.750000
379.568851,-790.821607,346.382000
374.887976,-786.042287,340.992000
357.802601,-811.612998,335.624000
390.893100,-838.937948,349.000000
451.449468,-798.116616,336.002000
460.711076,-771.712929,332.586000
424.832018,-743.752188,329.156000
430.854088,-777.746045,339.740000
437.795109,-758.687686,341.000000
493.531935,-763.656990,326.000000
483.090053,-726.661738,326.000000
452.140773,-722.542837,326.000000
478.109600,-766.592847,326.000000
476.133179,-764.013926,326.000000
581.790873,-684.241122,335.864000
569.016524,-660.954838,331.960000
566.219068,-662.108413,328.040000
549.877621,-683.401717,340.136000
559.180086,-678.161736,341.000000
545.157626,-716.572758,325.985000
554.998341,-691.721619,329.765000
527.715081,-679.227069,328.545000
530.422110,-707.453957,327.320000
551.474191,-700.134220,330.000000
533.876610,-672.524618,336.440000
542.652267,-653.024163,332.536000
512.534646,-671.792366,328.632000
514.864891,-687.037288,340.712000
511.534683,-677.321954,341.000000
596.894190,-635.808779,329.084000
597.915865,-633.195747,348.714000
576.539201,-614.969766,342.370000
563.673609,-636.939914,336.000000
581.534462,-638.663082,349.000000
282.614037,-840.590365,353.320000
286.519304,-823.447065,344.745000
268.708097,-814.924946,336.205000
273.055363,-835.600608,327.665000
277.495272,-816.773056,362.000000
265.378573,-855.864427,323.780000
230.588167,-790.432623,320.350000
190.776911,-793.816296,330.934000
189.626471,-798.373067,327.518000
234.413592,-845.049505,334.000000
336.056191,-790.857993,326.000000
331.813740,-785.306647,326.000000
295.349480,-752.996285,326.000000
290.230395,-784.582279,326.000000
296.364062,-765.573498,326.000000
286.656559,-713.222962,325.224000
298.556672,-693.749151,324.248000
278.550707,-703.018165,327.268000
275.553171,-718.971600,326.292000
296.961310,-697.996957,328.000000
352.289729,-707.026601,330.768000
350.566593,-697.130913,329.060000
335.826096,-708.549324,327.345000
336.254308,-709.635353,325.637000
339.927560,-706.866227,332.000000
331.797043,-701.648698,325.710000
343.794499,-688.699210,324.490000
335.318782,-688.927226,328.265000
328.249262,-699.858118,327.045000
337.439260,-693.013106,329.000000
365.657565,-691.083396,327.440000
365.097856,-670.163949,326.464000
344.708632,-670.804826,325.488000
354.823325,-693.700888,324.508000
358.465308,-663.690851,328.000000
406.754767,-667.245410,327.512000
392.137521,-653.807768,326.536000
390.015298,-655.121615,329.560000
381.529350,-687.237909,328.580000
393.256266,-679.788892,330.000000
422.612591,-661.424587,343.043000
435.113680,-630.635440,338.388000
409.042750,-631.009158,333.752000
408.617336,-658.301274,329.097000
413.100923,-629.473927,345.000000
402.468177,-604.725687,343.335000
378.131498,-631.456099,331.330000
367.136232,-648.181473,368.374000
400.335478,-609.661598,356.418000
387.827194,-624.386370,372.000000
576.814756,-579.847372,344.392000
582.022008,-575.383979,338.512000
564.872281,-566.370967,332.656000
532.220949,-600.042475,326.800000
546.157563,-583.131860,346.000000
562.900000,-549.428000,332.824000
548.340000,-533.300000,326.968000
522.900000,-543.716000,345.088000
547.980000,-554.300000,339.232000
543.980000,-538.361000,346.000000
508.644296,-650.071824,353.101000
507.018198,-625.918180,346.025000
479.304265,-639.445036,338.920000
492.546237,-663.121502,331.844000
478.736550,-640.238619,354.000000
498.856067,-597.738434,321.000000
498.289229,-594.284142,321.000000
471.470670,-572.180578,321.000000
457.701773,-599.183991,321.000000
474.165437,-593.082495,321.000000
470.500000,-568.016000,321.000000
466.070000,-563.200000,321.000000
460.500000,-567.225000,321.000000
467.560000,-570.200000,321.000000
470.220000,-564.334000,321.000000
452.897297,-577.569716,321.000000
447.744796,-569.025553,321.000000
439.491079,-583.803930,321.000000
439.646212,-585.154070,321.000000
444.587860,-583.362805,321.000000
425.777005,-598.804243,321.168000
434.180789,-570.917756,324.188000
422.485673,-575.995700,323.212000
419.532524,-597.485928,322.232000
430.591375,-583.760113,325.000000
479.100000,-552.590000,321.000000
457.176000,-546.500000,321.000000
437.100000,-553.040000,321.000000
470.070000,-556.500000,321.000000
454.656000,-547.330000,321.000000
413.711969,-559.112934,321.000000
408.996101,-546.640845,321.000000
407.708470,-546.710176,321.000000
395.109677,-584.154045,321.000000
406.088781,-576.458060,321.000000
393.819576,-566.281866,321.000000
399.313785,-542.763555,321.000000
388.880286,-549.836286,321.000000
388.174419,-567.488348,321.000000
392.573044,-550.843752,321.000000
1339.831049,-496.981633,310.384000
1355.962592,-473.609501,352.720000
1321.127752,-483.338604,339.000000
1318.715012,-505.421024,325.336000
1360.528831,-482.243246,360.000000
1269.500000,-499.730000,326.696000
1207.035000,-494.600000,319.864000
1204.500000,-497.390000,313.004000
1219.060000,-524.600000,334.172000
1226.925000,-513.920000,337.000000
1269.000000,-447.829000,310.150000
1260.333000,-416.200000,326.026000
1242.000000,-433.828000,320.881000
1257.768000,-455.200000,315.757000
1264.329000,-427.315000,328.000000
1188.300000,-510.832000,319.352000
1152.940000,-496.400000,315.936000
1136.300000,-522.384000,312.520000
1185.388000,-528.400000,323.090000
1152.368000,-526.000000,324.000000
1131.300000,-490.240000,313.558000
1130.300000,-486.600000,315.826000
1106.300000,-493.480000,315.094000
1113.875000,-526.600000,314.359000
1126.075000,-509.200000,316.000000
1190.100000,-462.876000,317.640000
1159.700000,-449.700000,315.680000
1114.100000,-459.258000,313.728000
1164.488000,-467.700000,319.768000
1134.848000,-453.408000,320.000000
1203.900000,-420.792000,315.582000
1132.460000,-407.400000,341.252000
1109.900000,-439.476000,332.956000
1112.062000,-443.400000,324.626000
1180.870000,-437.856000,342.000000
963.800000,-496.476000,326.223000
959.754000,-496.200000,325.488000
929.800000,-501.973000,324.756000
942.788000,-519.200000,324.024000
937.858000,-507.378000,327.000000
1005.000000,-453.190000,328.734000
971.470000,-433.600000,322.364000
935.000000,-451.900000,342.020000
986.940000,-463.600000,335.676000
985.330000,-437.380000,348.000000
912.300000,-503.690000,402.700000
870.350000,-494.900000,378.300000
862.300000,-524.000000,353.800000
867.400000,-524.900000,329.400000
872.350000,-517.910000,425.000000
911.700000,-481.620000,329.375000
906.552000,-444.300000,323.275000
885.700000,-457.500000,342.150000
897.686000,-484.300000,336.050000
903.432000,-460.580000,347.000000
914.100000,-419.390000,405.552000
886.200000,-402.200000,380.176000
864.100000,-422.900000,354.696000
905.150000,-432.200000,329.320000
872.300000,-403.610000,425.000000
864.200000,-477.166000,357.149000
807.284000,-473.100000,337.873000
802.200000,-474.031000,397.597000
813.422000,-492.100000,378.242000
842.252000,-486.172000,410.000000
863.600000,-449.426000,398.071000
846.426000,-433.200000,378.795000
801.600000,-440.971000,359.519000
835.142000,-452.200000,340.164000
809.536000,-439.432000,410.000000
772.000000,-460.268000,365.016000
772.000000,-432.696000,357.708000
699.382000,-400.000000,343.701000
658.000000,-493.818000,409.473000
658.000000,-497.356000,395.814000
760.600000,-522.000000,388.158000
727.540000,-518.096000,420.000000
753.760000,-416.714000,420.000000
634.400000,-414.740000,383.476000
575.577000,-398.000000,367.306000
575.400000,-413.872000,351.202000
590.740000,-522.000000,335.032000
580.828000,-473.516000,391.000000
574.200000,-494.625000,335.968000
553.851000,-399.300000,325.678000
517.200000,-459.324000,357.430000
552.540000,-522.300000,347.182000
549.918000,-429.927000,361.000000
480.900000,-485.885000,344.816000
459.420000,-469.700000,337.984000
450.900000,-502.772000,331.124000
480.270000,-508.700000,324.292000
452.580000,-504.371000,347.000000
405.300000,-478.052000,320.520000
403.324000,-475.700000,318.568000
379.300000,-484.436000,324.608000
388.114000,-517.700000,322.656000
393.288000,-497.918000,325.000000
499.500000,-440.956000,315.084000
479.444000,-398.500000,315.572000
453.500000,-433.087000,316.062000
485.654000,-459.500000,316.550000
454.374000,-408.870000,315.000000
1271.200000,-315.328000,347.460000
1243.375000,-290.800000,326.720000
1236.200000,-358.471000,390.895000
1238.230000,-363.800000,370.155000
1253.735000,-349.930000,392.000000
1217.300000,-338.348000,399.478000
1209.550000,-315.900000,378.250000
1167.300000,-322.501000,357.022000
1188.200000,-338.900000,335.707000
1216.450000,-326.250000,400.000000
1167.900000,-340.785000,357.544000
1147.300000,-276.000000,336.316000
1127.900000,-343.830000,315.088000
1159.020000,-381.000000,380.773000
1146.500000,-285.555000,400.000000
1100.100000,-311.565000,317.898000
1012.700000,-300.000000,437.188000
1052.800000,-300.000000,338.912000
1000.100000,-300.270000,398.636000
1013.900000,-345.000000,359.926000
1054.000000,-345.000000,408.116000
1094.800000,-332.895000,471.000000
997.200000,-381.095000,378.841000
983.160000,-349.700000,352.136000
937.200000,-362.510000,325.540000
967.020000,-384.700000,407.944000
962.940000,-362.685000,428.000000
998.100000,-277.830000,326.303000
962.460000,-259.000000,408.598000
938.100000,-284.375000,382.002000
989.520000,-294.000000,355.406000
992.760000,-259.420000,428.000000
879.400000,-362.994000,366.535000
857.458000,-358.900000,349.211000
856.400000,-360.855000,331.816000
861.391000,-381.900000,385.492000
865.439000,-373.896000,396.000000
830.200000,-376.276000,335.416000
820.184000,-350.100000,389.848000
798.200000,-364.340000,372.208000
816.632000,-382.100000,354.640000
826.200000,-359.444000,400.000000
889.700000,-321.127000,373.922000
847.301000,-296.800000,353.914000
826.700000,-339.465000,333.824000
885.668000,-349.800000,395.816000
849.128000,-346.196000,405.000000
918.300000,-264.868000,324.529000
915.132000,-261.700000,332.845000
822.300000,-266.948000,330.150000
850.716000,-293.700000,327.466000
902.748000,-280.036000,334.000000
775.600000,-341.465000,400.613000
758.744000,-315.600000,374.017000
732.600000,-333.940000,347.421000
760.765000,-350.600000,429.716000
746.360000,-323.055000,438.000000
769.600000,-281.392000,341.575000
738.016000,-263.200000,408.859000
727.600000,-305.632000,387.143000
728.230000,-311.200000,365.338000
761.284000,-304.144000,415.000000
706.400000,-255.160000,334.104000
700.912000,-253.900000,330.184000
657.400000,-269.209000,326.280000
675.775000,-316.900000,338.360000
671.316000,-285.022000,339.000000
646.650000,-334.220000,331.660000
583.071600,-247.100000,373.185000
511.950000,-326.696000,359.765000
610.954500,-379.100000,346.345000
615.130200,-264.788000,375.000000
526.901700,-251.192000,375.000000
502.100000,-287.700000,342.580000
396.563000,-247.800000,331.310000
375.100000,-375.879000,320.086000
387.038000,-380.800000,354.862000
406.596000,-350.742000,355.000000
464.508000,-293.153000,355.000000
1095.100000,-237.726000,328.920000
1067.596000,-156.800000,319.160000
951.100000,-184.492000,349.360000
1016.476000,-242.800000,339.600000
1056.220000,-192.404000,359.000000
993.868000,-212.786000,359.000000
921.400000,-203.675000,517.266000
921.400000,-167.000000,383.734000
880.075000,-160.100000,456.022000
888.325000,-160.100000,438.703000
846.400000,-211.250000,394.527000
846.400000,-233.075000,493.672000
907.450000,-235.100000,333.283000
884.350000,-235.100000,548.641000
994.700000,-74.222200,321.556000
951.930000,-70.200000,319.360000
947.700000,-70.964400,326.155000
955.831000,-88.400000,323.959000
980.271000,-82.849000,328.000000
998.008385,-59.920118,341.654000
989.893124,-43.186570,335.066000
958.476152,-43.700485,328.451000
978.323371,-58.253418,321.863000
965.905773,-44.069076,347.000000
853.957167,-114.303364,329.720000
840.282893,-94.269695,324.596000
821.586002,-98.741275,340.472000
845.742604,-119.870696,335.327000
838.962933,-114.888934,344.000000
893.713389,-78.224308,326.034000
844.395084,-43.304449,324.564000
842.255098,-45.462912,323.100000
843.879217,-71.871971,321.630000
843.019102,-60.240801,327.000000
917.821824,-27.489242,325.712000
910.350947,-2.473373,321.792000
879.019500,-5.208582,333.888000
899.764026,-27.370396,329.968000
906.809995,-8.554475,336.000000
876.552471,7.490062,326.375000
868.269499,28.793920,323.190000
851.065836,-1.660832,320.018000
868.139920,-14.628446,316.846000
852.329766,-4.583608,328.000000
783.200000,-194.361000,356.261000
780.440000,-191.400000,337.396000
743.200000,-200.800000,395.608000
756.480000,-238.400000,376.820000
766.600000,-216.639000,403.000000
712.800000,-222.650000,325.466000
693.540000,-187.500000,324.002000
667.800000,-215.500000,322.532000
698.895000,-237.500000,321.068000
670.815000,-196.350000,326.000000
638.700000,-202.680000,328.441000
580.388000,-195.800000,321.365000
564.700000,-214.180000,343.260000
568.474000,-215.800000,336.184000
605.326000,-212.140000,345.000000
423.000000,-228.860000,389.283000
418.116000,-189.500000,367.567000
390.000000,-200.660000,345.762000
403.563000,-229.500000,324.046000
390.990000,-207.820000,394.000000
776.400000,-103.340000,323.185000
748.515000,-65.900000,320.989000
721.400000,-104.240000,327.793000
763.750000,-125.900000,325.588000
749.560000,-71.780000,328.000000
769.250000,-9.260000,359.184000
676.047500,1.300000,347.472000
661.750000,-38.660000,335.760000
675.725000,-38.700000,324.000000
768.605000,-28.220000,360.000000
507.800000,-37.240000,314.546000
494.180000,6.200000,308.911000
447.800000,-10.984000,303.299000
477.200000,-41.800000,320.664000
476.360000,-11.992000,326.000000
240.656405,-581.992837,322.020000
240.047586,-565.198344,322.775000
223.238244,-569.712514,322.531000
231.672614,-586.521856,322.286000
247.843439,-573.558467,323.000000
296.500000,-330.440000,312.538000
287.986000,-326.000000,312.293000
287.500000,-327.872000,312.049000
289.381000,-350.000000,312.805000
291.460000,-341.816000,313.000000
283.000000,-317.934000,312.056000
275.656000,-310.500000,312.811000
259.000000,-314.433000,312.567000
272.656000,-319.500000,312.323000
281.128000,-313.200000,313.000000
166.064584,-562.757200,326.592000
170.880996,-531.151814,324.640000
136.562028,-534.018780,322.680000
145.775585,-569.987240,328.728000
138.618545,-550.654304,330.000000
146.339370,-295.409367,313.184000
147.594485,-292.916815,314.696000
120.689072,-271.562191,314.206000
112.914433,-293.592102,313.718000
135.114050,-300.942477,315.000000
103.910094,-629.060468,376.070000
135.407459,-584.495771,354.842000
98.700132,-600.329306,333.527000
85.055799,-635.967487,399.299000
119.998188,-591.487642,410.000000
37.134852,-508.282460,321.280000
100.879826,-546.254460,328.840000
28.227857,-413.779438,326.400000
16.316583,-396.083985,323.950000
-1.696352,-436.288744,330.000000
180.544527,-411.811404,334.212000
179.176411,-406.454754,328.844000
135.697757,-386.691037,323.476000
95.300948,-443.246877,340.086000
127.941977,-413.822178,342.000000
68.460271,-336.311676,319.610000
117.949426,-372.191167,345.280000
97.030905,-320.577669,336.984000
56.123544,-308.018534,328.654000
103.101930,-368.286546,348.000000
54.859403,-288.395431,334.539000
32.379064,-236.295803,326.454000
-21.505301,-274.250467,318.402000
-19.731877,-280.351384,343.317000
0.163279,-279.282239,345.000000
364.000000,-223.456000,306.417000
343.138000,-131.500000,319.252000
250.000000,-162.055000,315.104000
300.958000,-228.500000,310.956000
338.578000,-172.434000,320.000000
264.364000,-170.882000,320.000000
292.737864,-62.148580,313.066000
304.202276,-29.806828,309.636000
268.998914,-41.576631,306.220000
272.983828,-71.326169,316.804000
297.785362,-27.225800,317.000000
209.000000,-21.755000,310.237000
174.686000,0.000000,310.993000
171.000000,-3.230000,310.748000
177.308000,-95.000000,310.504000
199.158000,-66.785000,311.000000
170.000000,-186.835000,323.305000
125.290000,0.000000,320.621000
0.000000,-84.710000,317.926000
89.420000,-215.000000,315.242000
37.740000,-73.745000,326.000000
154.020000,-72.455000,326.000000
102.680000,-130.290000,326.000000
68.510000,-17.845000,326.000000
