1522.700000,-1108.782000,304.736000
1522.700000,-1079.493000,305.422000
1519.419000,-1072.200000,304.246000
1516.835000,-1072.200000,305.860000
1505.700000,-1084.875000,305.758000
1505.700000,-1106.442000,304.298000
1513.452000,-1111.200000,305.270000
1512.687000,-1111.200000,304.736000
1516.070000,-1088.268000,306.000000
1512.721000,-1074.384000,306.000000
1493.900000,-1081.772000,306.288000
1493.900000,-1074.360000,306.790000
1487.348000,-1052.600000,307.798000
1472.468000,-1052.600000,307.228000
1469.900000,-1066.370000,307.310000
1469.900000,-1067.084000,307.666000
1482.764000,-1086.600000,306.822000
1492.892000,-1086.600000,306.102000
1489.916000,-1063.888000,308.000000
1487.420000,-1069.906000,308.000000
1570.100000,-978.980000,307.440000
1570.100000,-965.240000,301.546000
1558.804000,-963.400000,305.725000
1556.020000,-963.400000,303.079000
1538.100000,-973.100000,304.017000
1538.100000,-982.860000,304.612000
1557.812000,-983.400000,302.309000
1554.292000,-983.400000,306.145000
1539.956000,-968.440000,308.000000
1539.572000,-982.620000,308.000000
1526.200000,-973.870000,314.920000
1526.200000,-969.250000,316.240000
1519.705000,-952.900000,310.040000
1511.380000,-952.900000,320.620000
1511.200000,-969.850000,305.140000
1511.200000,-968.530000,305.000000
1521.640000,-982.900000,320.260000
1511.995000,-982.900000,309.380000
1515.430000,-958.060000,321.000000
1516.630000,-965.320000,321.000000
1508.400000,-973.632000,305.248000
1508.400000,-984.244000,305.014000
1486.854000,-956.300000,303.052000
1485.930000,-956.300000,306.985000
1466.400000,-974.332000,309.847000
1466.400000,-958.204000,308.956000
1498.992000,-984.300000,307.651000
1491.642000,-984.300000,301.918000
1487.652000,-958.876000,310.000000
1494.918000,-980.548000,310.000000
1503.761213,-736.773970,306.696000
1500.160183,-734.010802,303.483000
1475.093808,-728.978439,300.108000
1480.992707,-721.290845,309.396000
1499.680035,-757.591347,320.493000
1495.269784,-754.207243,315.309000
1520.748172,-753.257174,313.905000
1512.559114,-763.929364,321.222000
1479.355771,-724.513238,327.000000
1494.801957,-730.019035,327.000000
1427.300000,-595.163000,308.432000
1427.300000,-620.471000,322.634000
1411.148000,-569.000000,322.040000
1412.180000,-569.000000,308.576000
1403.300000,-614.828000,317.630000
1403.300000,-578.291000,312.518000
1425.764000,-626.000000,313.238000
1420.004000,-626.000000,316.460000
1426.196000,-622.181000,326.000000
1410.764000,-613.004000,326.000000
1390.800000,-627.306000,314.400000
1390.800000,-626.970000,311.976000
1345.620000,-622.000000,312.448000
1380.120000,-622.000000,313.728000
1330.800000,-634.376000,310.488000
1330.800000,-631.940000,315.480000
1331.760000,-636.000000,308.536000
1345.380000,-636.000000,309.224000
1341.420000,-633.942000,316.000000
1368.480000,-625.136000,316.000000
1366.100000,-588.354000,314.336000
1366.100000,-611.768000,309.980000
1351.939000,-574.600000,311.652000
1353.775000,-574.600000,312.389000
1349.100000,-618.944000,308.957000
1349.100000,-586.468000,314.798000
1350.732000,-620.600000,317.273000
1362.530000,-620.600000,317.207000
1355.917000,-610.158000,319.000000
1365.148000,-605.742000,319.000000
1347.700000,-589.579000,308.704000
1347.700000,-591.260000,309.728000
1324.875000,-580.600000,308.216000
1340.900000,-580.600000,308.166000
1322.700000,-582.404000,309.726000
1322.700000,-613.605000,308.604000
1327.100000,-621.600000,309.238000
1331.150000,-621.600000,309.042000
1338.325000,-609.013000,310.000000
1329.200000,-585.889000,310.000000
1448.900000,-1083.453000,306.640000
1448.900000,-1098.951000,308.740000
1412.159000,-1079.700000,310.420000
1418.560000,-1079.700000,309.835000
1411.900000,-1083.048000,309.195000
1411.900000,-1089.231000,310.925000
1421.372000,-1106.700000,307.975000
1444.645000,-1106.700000,307.020000
1443.313000,-1096.251000,311.000000
1433.249000,-1095.414000,311.000000
1344.200000,-1075.906000,308.000000
1344.200000,-1079.544000,308.000000
1342.740000,-1073.900000,308.000000
1336.860000,-1073.900000,308.000000
1324.200000,-1080.836000,308.000000
1324.200000,-1104.500000,308.000000
1330.920000,-1107.900000,308.000000
1332.860000,-1107.900000,308.000000
1325.660000,-1092.022000,308.000000
1342.060000,-1075.056000,308.000000
1442.100000,-1061.780000,313.880000
1442.100000,-1054.560000,317.640000
1436.898000,-1042.200000,309.976000
1410.990000,-1042.200000,305.144000
1408.100000,-1047.880000,306.072000
1408.100000,-1051.140000,308.648000
1422.244000,-1062.200000,318.152000
1441.420000,-1062.200000,312.152000
1418.198000,-1051.260000,319.000000
1415.206000,-1051.940000,319.000000
1434.000000,-1025.778000,312.120000
1434.000000,-1007.562000,314.980000
1413.263000,-1006.000000,307.240000
1392.882000,-1006.000000,319.360000
1345.000000,-1014.008000,322.360000
1345.000000,-1027.890000,303.720000
1389.144000,-1028.000000,317.460000
1391.992000,-1028.000000,308.100000
1391.369000,-1014.206000,323.000000
1391.814000,-1026.680000,323.000000
1344.900000,-1057.621000,309.944000
1344.900000,-1040.157000,310.794000
1325.556000,-1009.300000,322.796000
1344.280000,-1009.300000,314.517000
1282.900000,-1035.496000,318.648000
1282.900000,-1041.278000,318.240000
1318.612000,-1068.300000,314.483000
1287.550000,-1068.300000,321.963000
1329.090000,-1026.587000,323.000000
1335.104000,-1032.428000,323.000000
1446.100000,-967.426000,302.126000
1446.100000,-975.484000,315.524000
1436.692000,-942.300000,312.696000
1432.732000,-942.300000,304.590000
1422.100000,-960.116000,309.280000
1422.100000,-945.360000,307.656000
1437.820000,-976.300000,305.850000
1437.028000,-976.300000,310.722000
1445.356000,-949.542000,316.000000
1425.892000,-971.030000,316.000000
1399.000000,-976.547000,305.355000
1399.000000,-968.924000,304.950000
1377.760000,-954.800000,304.620000
1394.320000,-954.800000,305.604000
1354.000000,-974.732000,303.888000
1354.000000,-975.821000,303.261000
1387.075000,-987.800000,303.153000
1361.650000,-987.800000,303.918000
1362.685000,-959.189000,306.000000
1375.375000,-964.601000,306.000000
1337.700000,-970.407000,306.244000
1337.700000,-980.373000,305.332000
1328.868000,-951.300000,305.264000
1327.268000,-951.300000,306.208000
1321.700000,-973.872000,304.288000
1321.700000,-957.405000,307.084000
1334.740000,-984.300000,307.308000
1333.172000,-984.300000,307.960000
1328.372000,-953.049000,308.000000
1334.356000,-976.050000,308.000000
1430.300000,-924.382000,315.817000
1430.300000,-921.412000,302.697000
1400.596000,-915.400000,305.772000
1420.947000,-915.400000,311.676000
1383.300000,-929.152000,336.768000
1383.300000,-928.576000,320.655000
1425.365000,-933.400000,326.723000
1395.755000,-933.400000,329.634000
1413.427000,-932.914000,343.000000
1388.329000,-919.036000,343.000000
1308.000000,-866.668000,313.424000
1308.000000,-893.092000,341.648000
1295.184000,-836.500000,349.664000
1294.554000,-836.500000,352.112000
1290.000000,-897.268000,337.952000
1290.000000,-856.588000,314.624000
1307.550000,-908.500000,326.240000
1304.616000,-908.500000,325.136000
1305.570000,-900.796000,356.000000
1297.632000,-883.660000,356.000000
1302.100000,-762.014000,332.781000
1302.100000,-759.414000,318.136000
1290.220000,-753.200000,325.676000
1297.690000,-753.200000,324.487000
1287.100000,-777.224000,318.600000
1287.100000,-774.702000,330.838000
1287.925000,-779.200000,311.524000
1292.500000,-779.200000,308.189000
1288.435000,-774.338000,336.000000
1298.200000,-756.008000,336.000000
1356.800000,-783.685000,326.285000
1356.800000,-790.165000,308.972000
1294.016000,-779.800000,319.180000
1296.176000,-779.800000,315.323000
1284.800000,-779.860000,312.104000
1284.800000,-785.410000,321.674000
1294.520000,-794.800000,334.028000
1350.104000,-794.800000,328.025000
1307.336000,-790.795000,336.000000
1288.832000,-788.200000,336.000000
1451.000000,-764.285000,315.876000
1451.000000,-763.760000,327.072000
1351.040000,-761.600000,307.056000
1410.155000,-761.600000,334.920000
1346.000000,-762.860000,334.272000
1346.000000,-775.430000,306.804000
1368.575000,-776.600000,325.488000
1393.775000,-776.600000,314.688000
1402.385000,-771.395000,336.000000
1385.165000,-761.795000,336.000000
1446.700000,-726.863000,307.812000
1446.700000,-745.252000,315.660000
1446.252000,-723.200000,335.028000
1433.596000,-723.200000,323.544000
1432.700000,-729.268000,326.208000
1432.700000,-740.553000,331.428000
1436.830000,-760.200000,317.424000
1432.728000,-760.200000,303.312000
1443.354000,-744.401000,336.000000
1442.346000,-740.405000,336.000000
1445.200000,-706.200000,347.664000
1445.200000,-706.635000,305.712000
1435.792000,-705.900000,335.952000
1404.544000,-705.900000,316.224000
1361.200000,-709.560000,324.192000
1361.200000,-706.155000,326.736000
1392.700000,-720.900000,312.480000
1407.316000,-720.900000,337.248000
1443.940000,-713.295000,348.000000
1361.620000,-719.670000,348.000000
1359.800000,-736.280000,344.298000
1359.800000,-720.037000,345.684000
1356.728000,-701.500000,334.050000
1359.304000,-701.500000,312.882000
1343.800000,-713.451000,323.760000
1343.800000,-722.368000,322.080000
1351.080000,-738.500000,313.512000
1345.352000,-738.500000,331.278000
1347.144000,-716.781000,354.000000
1348.952000,-715.190000,354.000000
1342.600000,-711.140000,334.890000
1342.600000,-712.456000,332.412000
1332.536000,-699.100000,324.642000
1321.177000,-699.100000,341.610000
1305.600000,-704.742000,314.352000
1305.600000,-700.654000,350.808000
1325.395000,-713.100000,346.104000
1329.428000,-713.100000,318.006000
1321.584000,-703.762000,354.000000
1329.206000,-710.622000,354.000000
1302.800000,-728.160000,325.482000
1302.800000,-716.224000,319.140000
1296.816000,-703.200000,315.234000
1300.658000,-703.200000,328.338000
1285.800000,-718.656000,346.944000
1285.800000,-724.288000,337.536000
1296.255000,-735.200000,336.696000
1289.064000,-735.200000,346.734000
1296.952000,-711.328000,354.000000
1302.018000,-712.032000,354.000000
1268.400000,-1081.400000,308.649000
1268.400000,-1090.145000,321.501000
1257.600000,-1042.900000,321.501000
1251.550000,-1042.900000,308.224000
1243.400000,-1073.865000,317.336000
1243.400000,-1054.230000,311.947000
1260.775000,-1097.900000,313.188000
1261.875000,-1097.900000,315.670000
1265.400000,-1052.470000,324.000000
1250.175000,-1082.940000,324.000000
1228.600000,-1092.720000,311.365000
1228.600000,-1083.172000,309.685000
1223.480000,-1073.500000,310.145000
1226.390000,-1073.500000,310.780000
1218.600000,-1093.433000,308.920000
1218.600000,-1096.874000,311.875000
1226.350000,-1104.500000,307.700000
1221.470000,-1104.500000,307.970000
1219.640000,-1076.414000,312.000000
1224.470000,-1079.111000,312.000000
1220.900000,-1099.900000,310.947000
1220.900000,-1102.140000,309.663000
1202.548000,-1094.500000,310.215000
1197.092000,-1094.500000,310.320000
1189.900000,-1101.730000,309.480000
1189.900000,-1097.510000,310.977000
1216.405000,-1104.500000,311.748000
1215.754000,-1104.500000,311.634000
1200.068000,-1094.640000,312.000000
1217.893000,-1100.830000,312.000000
1216.600000,-1063.600000,307.425000
1216.600000,-1059.955000,307.904000
1211.224000,-1056.700000,307.181000
1214.072000,-1056.700000,307.123000
1208.600000,-1068.745000,307.937000
1208.600000,-1069.435000,307.342000
1216.080000,-1071.700000,307.692000
1211.648000,-1071.700000,307.561000
1213.016000,-1070.710000,308.000000
1210.360000,-1057.990000,308.000000
1195.000000,-1064.680000,309.603000
1195.000000,-1075.084000,310.764000
1187.480000,-1051.000000,311.871000
1186.370000,-1051.000000,311.421000
1185.000000,-1082.788000,311.139000
1185.000000,-1065.256000,309.078000
1185.150000,-1087.000000,310.404000
1194.290000,-1087.000000,309.735000
1192.760000,-1081.744000,312.000000
1190.360000,-1070.368000,312.000000
1187.000000,-1085.500000,320.747000
1187.000000,-1080.872000,312.992000
1174.520000,-1077.700000,318.063000
1180.835000,-1077.700000,315.401000
1172.000000,-1102.738000,315.379000
1172.000000,-1102.218000,317.810000
1173.425000,-1103.700000,312.684000
1179.140000,-1103.700000,320.219000
1187.000000,-1097.824000,321.000000
1184.780000,-1103.466000,321.000000
1148.400000,-1083.100000,311.000000
1148.400000,-1091.975000,311.000000
1102.800000,-1077.600000,311.000000
1100.500000,-1077.600000,311.000000
1098.400000,-1078.675000,311.000000
1098.400000,-1089.875000,311.000000
1107.150000,-1102.600000,311.000000
1099.600000,-1102.600000,311.000000
1109.600000,-1094.950000,311.000000
1106.850000,-1088.700000,311.000000
1231.100000,-1001.080000,310.060000
1231.100000,-998.594000,310.278000
1209.298000,-998.000000,309.570000
1219.968000,-998.000000,310.716000
1209.100000,-1000.706000,309.082000
1209.100000,-998.836000,309.154000
1214.710000,-1020.000000,310.592000
1221.662000,-1020.000000,309.592000
1218.956000,-1011.508000,311.000000
1219.770000,-1017.712000,311.000000
1206.100000,-1007.160000,310.530000
1206.100000,-1024.380000,310.615000
1205.106000,-1004.700000,309.305000
1205.358000,-1004.700000,311.710000
1192.100000,-1013.023000,313.085000
1192.100000,-1028.726000,312.805000
1196.790000,-1045.700000,311.860000
1193.766000,-1045.700000,313.900000
1201.508000,-1026.594000,314.000000
1203.314000,-1019.009000,314.000000
1143.300000,-1045.960000,313.148000
1143.300000,-1043.704000,312.084000
1137.562000,-999.900000,323.718000
1120.500000,-999.900000,315.150000
1105.300000,-1013.201000,320.302000
1105.300000,-1006.151000,318.216000
1121.032000,-1046.900000,316.872000
1130.608000,-1046.900000,321.282000
1139.348000,-1021.238000,326.000000
1109.784000,-1037.547000,326.000000
1268.000000,-934.200000,314.006000
1268.000000,-929.050000,312.830000
1261.301000,-925.200000,312.291000
1263.708000,-925.200000,314.363000
1239.000000,-928.830000,310.583000
1239.000000,-932.010000,308.896000
1253.326000,-935.200000,308.868000
1245.177000,-935.200000,310.429000
1242.480000,-928.940000,315.000000
1251.586000,-927.740000,315.000000
1238.900000,-974.360000,312.536000
1238.900000,-974.921000,311.496000
1234.857000,-947.300000,311.556000
1229.865000,-947.300000,312.372000
1225.900000,-961.919000,310.580000
1225.900000,-954.824000,313.248000
1233.362000,-980.300000,313.604000
1235.793000,-980.300000,310.124000
1230.372000,-957.002000,314.000000
1235.650000,-970.598000,314.000000
1224.200000,-970.120000,311.640000
1224.200000,-957.520000,310.228000
1219.508000,-949.400000,310.660000
1221.284000,-949.400000,311.104000
1212.200000,-964.044000,313.684000
1212.200000,-971.128000,311.980000
1220.048000,-977.400000,312.708000
1215.896000,-977.400000,312.856000
1219.016000,-955.392000,314.000000
1213.004000,-953.852000,314.000000
1179.800000,-973.220000,310.744000
1179.800000,-974.216000,312.964000
1168.967000,-965.300000,313.764000
1161.630000,-965.300000,313.840000
1156.800000,-972.536000,312.788000
1156.800000,-969.176000,310.716000
1173.682000,-977.300000,311.812000
1176.488000,-977.300000,311.592000
1175.016000,-966.908000,314.000000
1165.609000,-972.644000,314.000000
1190.200000,-952.200000,326.354000
1190.200000,-940.650000,317.225000
1153.834000,-934.800000,322.189000
1167.892000,-934.800000,320.948000
1124.200000,-955.290000,318.041000
1124.200000,-960.900000,324.671000
1177.924000,-964.800000,313.893000
1150.798000,-964.800000,311.394000
1125.256000,-936.420000,327.000000
1170.334000,-936.720000,327.000000
1268.300000,-864.500000,312.690000
1268.300000,-867.756000,309.540000
1259.466000,-853.500000,311.470000
1255.910000,-853.500000,310.635000
1254.300000,-870.286000,310.245000
1254.300000,-862.696000,311.730000
1266.816000,-875.500000,309.025000
1267.614000,-875.500000,312.825000
1257.660000,-874.928000,314.000000
1254.524000,-864.874000,314.000000
1257.000000,-838.920000,312.028000
1257.000000,-832.200000,312.584000
1248.468000,-830.100000,311.540000
1251.816000,-830.100000,311.022000
1245.000000,-847.803000,311.050000
1245.000000,-850.365000,311.460000
1256.688000,-851.100000,312.562000
1250.976000,-851.100000,311.898000
1250.568000,-848.874000,313.000000
1248.984000,-850.449000,313.000000
1157.500000,-852.830000,316.000000
1157.500000,-859.190000,316.000000
1147.217000,-842.600000,316.000000
1144.760000,-842.600000,316.000000
1144.500000,-870.290000,316.000000
1144.500000,-857.990000,316.000000
1145.202000,-872.600000,316.000000
1145.085000,-872.600000,316.000000
1153.444000,-867.020000,316.000000
1152.924000,-855.260000,316.000000
1145.100000,-861.615000,316.000000
1145.100000,-857.775000,316.000000
1114.615000,-857.700000,316.000000
1126.655000,-857.700000,316.000000
1110.100000,-857.745000,316.000000
1110.100000,-858.600000,316.000000
1114.790000,-872.700000,316.000000
1130.855000,-872.700000,316.000000
1141.985000,-868.710000,316.000000
1143.875000,-870.810000,316.000000
1259.300000,-791.729000,310.158000
1259.300000,-794.222000,310.157000
1240.280000,-790.100000,310.402000
1257.800000,-790.100000,310.938000
1239.300000,-790.838000,310.647000
1239.300000,-795.572000,310.719000
1243.580000,-799.100000,310.891000
1242.100000,-799.100000,310.500000
1242.000000,-795.986000,310.000000
1244.920000,-793.043000,310.000000
1213.100000,-755.261000,313.000000
1213.100000,-804.671000,313.000000
1212.697000,-749.100000,313.000000
1205.014000,-749.100000,313.000000
1200.100000,-758.982000,313.000000
1200.100000,-758.555000,313.000000
1203.922000,-810.100000,313.000000
1209.044000,-810.100000,313.000000
1204.767000,-784.175000,313.000000
1207.861000,-796.619000,313.000000
1200.200000,-749.781000,319.698000
1200.200000,-770.643000,316.570000
1198.757000,-748.500000,315.550000
1197.990000,-748.500000,320.293000
1187.200000,-763.262000,328.385000
1187.200000,-791.322000,324.016000
1192.062000,-809.500000,324.237000
1190.255000,-809.500000,327.739000
1194.779000,-778.695000,330.000000
1199.082000,-762.652000,330.000000
1142.500000,-805.466000,319.190000
1142.500000,-802.216000,324.258000
1135.433000,-781.000000,324.482000
1115.971000,-781.000000,318.791000
1105.500000,-789.372000,322.767000
1105.500000,-787.500000,320.324000
1122.298000,-807.000000,321.059000
1134.471000,-807.000000,321.857000
1135.359000,-791.790000,325.000000
1114.010000,-798.810000,325.000000
1270.600000,-750.993000,315.784000
1270.600000,-743.284000,314.312000
1257.050000,-739.800000,314.808000
1257.400000,-739.800000,315.188000
1220.600000,-745.026000,313.832000
1220.600000,-750.161000,312.064000
1247.300000,-752.800000,312.852000
1237.100000,-752.800000,312.940000
1222.150000,-744.155000,316.000000
1247.900000,-741.581000,316.000000
1238.100000,-723.264000,329.274000
1238.100000,-720.624000,321.437000
1222.656000,-688.900000,325.126000
1202.372000,-688.900000,325.160000
1194.100000,-710.108000,320.978000
1194.100000,-704.080000,328.883000
1221.116000,-732.900000,333.813000
1232.688000,-732.900000,332.606000
1205.320000,-700.120000,334.000000
1232.072000,-714.860000,334.000000
1172.300000,-719.032000,317.996000
1172.300000,-702.136000,318.890000
1161.094000,-696.600000,317.508000
1162.966000,-696.600000,317.328000
1146.300000,-714.584000,317.020000
1146.300000,-725.144000,317.766000
1164.344000,-728.600000,318.530000
1157.350000,-728.600000,318.204000
1158.754000,-702.200000,319.000000
1150.954000,-697.944000,319.000000
1138.700000,-694.815000,319.822000
1138.700000,-694.890000,320.887000
1124.392000,-685.500000,319.090000
1113.304000,-685.500000,321.544000
1110.700000,-695.130000,321.358000
1110.700000,-692.100000,319.201000
1132.372000,-700.500000,320.623000
1137.916000,-700.500000,319.858000
1130.384000,-686.925000,322.000000
1124.560000,-692.925000,322.000000
1202.900000,-653.402000,319.173000
1202.900000,-643.238000,325.176000
1154.438000,-641.500000,336.538000
1165.672000,-641.500000,330.213000
1120.900000,-657.384000,330.926000
1120.900000,-663.214000,335.250000
1190.928000,-663.500000,325.291000
1163.540000,-663.500000,340.287000
1196.914000,-641.830000,341.000000
1187.484000,-662.334000,341.000000
1148.800000,-620.084000,321.789000
1148.800000,-623.164000,322.972000
1121.960000,-599.800000,320.074000
1148.720000,-599.800000,317.505000
1108.800000,-635.088000,318.366000
1108.800000,-623.296000,319.038000
1146.160000,-643.800000,316.651000
1111.480000,-643.800000,320.571000
1114.840000,-640.940000,323.000000
1113.920000,-617.400000,323.000000
1251.400000,-605.788000,316.633000
1251.400000,-634.732000,317.480000
1177.900000,-587.500000,313.938000
1197.598000,-587.500000,319.889000
1153.400000,-629.836000,311.254000
1153.400000,-591.436000,311.298000
1154.772000,-635.500000,319.559000
1213.670000,-635.500000,313.707000
1190.150000,-628.540000,321.000000
1197.010000,-628.444000,321.000000
1253.000000,-570.321000,318.128000
1253.000000,-573.156000,317.616000
1182.450000,-564.000000,310.288000
1244.755000,-564.000000,324.624000
1168.000000,-584.202000,334.480000
1168.000000,-577.209000,331.632000
1175.905000,-585.000000,326.672000
1181.770000,-585.000000,306.640000
1218.915000,-580.275000,338.000000
1232.685000,-570.405000,338.000000
994.600000,-1069.714000,326.385000
994.600000,-1092.426000,319.149000
945.460000,-1062.200000,376.970000
959.824000,-1062.200000,333.822000
940.600000,-1063.628000,360.622000
940.600000,-1068.218000,348.495000
949.942000,-1096.200000,344.274000
978.886000,-1096.200000,363.168000
985.042000,-1085.830000,383.000000
944.758000,-1087.972000,383.000000
1076.100000,-1005.814000,328.758000
1076.100000,-1016.614000,325.158000
1042.440000,-998.200000,324.348000
1069.606000,-998.200000,329.100000
1042.100000,-1004.788000,319.956000
1042.100000,-1037.296000,315.042000
1050.702000,-1052.200000,315.564000
1050.838000,-1052.200000,318.984000
1043.698000,-1031.410000,330.000000
1055.496000,-1009.540000,330.000000
1024.800000,-998.594000,324.363000
1024.800000,-1038.176000,321.726000
1017.940000,-995.300000,322.158000
952.378000,-995.300000,323.697000
926.800000,-1006.208000,319.962000
926.800000,-1009.988000,325.668000
959.434000,-1049.300000,326.766000
1005.592000,-1049.300000,318.639000
953.358000,-1024.190000,327.000000
996.380000,-1031.102000,327.000000
995.200000,-972.902000,353.293000
995.200000,-942.074000,325.958000
985.750000,-931.700000,335.898000
977.182000,-931.700000,341.507000
932.200000,-943.544000,389.574000
932.200000,-966.098000,357.056000
958.219000,-973.700000,372.250000
954.376000,-973.700000,372.605000
963.385000,-950.810000,390.000000
933.838000,-936.530000,390.000000
1073.100000,-926.546000,318.626000
1073.100000,-917.254000,325.948000
1058.840000,-885.100000,315.210000
1021.392000,-885.100000,315.014000
1011.100000,-901.752000,325.780000
1011.100000,-901.936000,318.080000
1041.666000,-931.100000,322.364000
1066.838000,-931.100000,321.146000
1055.678000,-902.350000,329.000000
1032.366000,-911.228000,329.000000
1021.800000,-861.545000,320.210000
1021.800000,-831.440000,322.790000
1011.570000,-824.600000,324.746000
1009.227000,-824.600000,324.104000
988.800000,-844.490000,323.276000
988.800000,-865.730000,325.418000
1007.709000,-869.600000,321.812000
1003.551000,-869.600000,320.732000
1019.919000,-837.875000,326.000000
1010.547000,-825.545000,326.000000
1078.200000,-791.414000,356.117000
1078.200000,-784.016000,325.003000
1066.500000,-751.400000,344.649000
1050.330000,-751.400000,335.296000
1048.200000,-779.588000,333.134000
1048.200000,-776.294000,345.589000
1067.790000,-805.400000,321.666000
1078.020000,-805.400000,355.882000
1053.210000,-763.010000,365.000000
1077.450000,-776.942000,365.000000
1028.200000,-789.828000,332.914000
1028.200000,-760.836000,338.326000
1007.520000,-758.100000,327.546000
1007.256000,-758.100000,321.144000
984.200000,-786.996000,322.156000
984.200000,-758.532000,325.962000
1016.452000,-806.100000,338.788000
1008.048000,-806.100000,330.758000
1001.360000,-764.580000,342.000000
997.048000,-802.548000,342.000000
986.200000,-778.120000,331.623000
986.200000,-773.740000,334.836000
955.400000,-743.200000,326.499000
984.912000,-743.200000,339.435000
930.200000,-784.120000,342.354000
930.200000,-776.560000,344.034000
975.728000,-803.200000,337.230000
935.184000,-803.200000,327.633000
964.584000,-746.500000,345.000000
964.248000,-765.880000,345.000000
1023.800000,-710.524000,327.780000
1023.800000,-739.044000,329.000000
965.840000,-679.400000,342.900000
971.268000,-679.400000,333.380000
931.800000,-726.582000,338.000000
931.800000,-685.848000,337.760000
1013.956000,-741.400000,333.120000
990.312000,-741.400000,342.140000
1008.896000,-739.850000,345.000000
1016.808000,-730.922000,345.000000
1083.800000,-629.920000,325.405000
1083.800000,-629.500000,325.188000
1051.850000,-604.600000,323.697000
1078.490000,-604.600000,319.721000
1038.800000,-655.060000,321.982000
1038.800000,-643.660000,321.254000
1082.585000,-664.600000,320.274000
1047.080000,-664.600000,322.780000
1041.590000,-658.300000,326.000000
1049.645000,-621.580000,326.000000
987.100000,-626.578000,325.382000
987.100000,-657.553000,325.134000
972.880000,-606.400000,324.894000
975.112000,-606.400000,325.572000
969.100000,-660.739000,324.404000
969.100000,-618.082000,324.010000
970.054000,-665.400000,325.916000
982.258000,-665.400000,324.448000
974.248000,-654.544000,326.000000
979.126000,-649.824000,326.000000
965.000000,-635.894000,333.939000
965.000000,-638.040000,330.267000
951.080000,-626.200000,329.791000
961.592000,-626.200000,333.990000
949.000000,-626.237000,342.643000
949.000000,-653.802000,337.713000
951.128000,-663.200000,338.478000
953.464000,-663.200000,341.436000
957.160000,-653.432000,343.000000
962.968000,-633.193000,343.000000
1066.900000,-551.828000,326.374000
1066.900000,-583.688000,338.830000
937.700000,-542.000000,339.982000
963.404000,-542.000000,324.772000
930.900000,-546.374000,335.590000
930.900000,-557.822000,328.714000
959.868000,-596.000000,331.180000
1043.236000,-596.000000,332.638000
1030.724000,-577.424000,340.000000
956.740000,-576.614000,340.000000
813.700000,-1063.582000,319.209000
813.700000,-1068.625000,325.798000
812.680000,-1059.400000,327.525000
803.228000,-1059.400000,328.207000
779.700000,-1066.001000,324.841000
779.700000,-1093.881000,319.616000
789.662000,-1100.400000,322.146000
792.416000,-1100.400000,322.025000
812.272000,-1083.016000,330.000000
796.904000,-1063.254000,330.000000
892.700000,-990.966000,336.720000
892.700000,-1058.431000,328.832000
884.670000,-988.700000,332.816000
830.285000,-988.700000,332.336000
819.700000,-1013.523000,328.912000
819.700000,-1028.664000,335.840000
846.929000,-1091.700000,324.992000
886.933000,-1091.700000,339.344000
832.986000,-1039.788000,340.000000
879.706000,-1044.938000,340.000000
809.800000,-1052.320000,331.436000
809.800000,-1003.600000,336.818000
804.290000,-995.800000,328.251000
798.113000,-995.800000,326.665000
780.800000,-1015.060000,325.079000
780.800000,-1051.960000,329.499000
793.937000,-1055.800000,334.894000
794.372000,-1055.800000,332.346000
792.574000,-1020.760000,337.000000
784.831000,-1055.740000,337.000000
773.400000,-1093.750000,327.568000
773.400000,-1086.750000,332.704000
759.360000,-1072.200000,323.648000
724.000000,-1072.200000,336.208000
721.400000,-1082.225000,335.744000
721.400000,-1084.275000,323.712000
749.116000,-1097.200000,331.824000
722.232000,-1097.200000,327.216000
754.160000,-1080.600000,338.000000
745.060000,-1083.475000,338.000000
772.800000,-1043.992000,338.392000
772.800000,-1002.160000,363.124000
764.050000,-1000.200000,419.932000
760.350000,-1000.200000,386.776000
747.800000,-1027.136000,393.580000
747.800000,-1001.880000,410.428000
763.125000,-1056.200000,367.120000
761.875000,-1056.200000,326.080000
769.150000,-1014.536000,433.000000
767.075000,-1050.824000,433.000000
840.300000,-958.106000,393.200000
840.300000,-946.764000,325.886000
816.276000,-920.900000,374.090000
837.780000,-920.900000,342.968000
784.300000,-950.633000,355.058000
784.300000,-951.534000,359.972000
823.108000,-973.900000,336.026000
790.516000,-973.900000,377.054000
788.668000,-930.228000,401.000000
789.228000,-939.821000,401.000000
844.200000,-865.252000,344.196000
844.200000,-886.240000,345.120000
812.642000,-824.200000,339.051000
807.434000,-824.200000,349.719000
782.200000,-866.506000,333.927000
782.200000,-832.450000,333.318000
830.126000,-890.200000,349.803000
822.996000,-890.200000,337.917000
800.924000,-830.536000,351.000000
807.248000,-877.594000,351.000000
769.300000,-851.258000,358.476000
769.300000,-843.957000,355.452000
758.698000,-824.700000,343.041000
766.780000,-824.700000,369.249000
751.300000,-860.029000,390.669000
751.300000,-857.677000,383.046000
766.636000,-873.700000,375.297000
755.008000,-873.700000,333.843000
760.768000,-825.484000,393.000000
764.260000,-837.538000,393.000000
750.247203,-850.707237,344.364000
743.045368,-865.942836,335.544000
749.257234,-827.754608,391.929000
748.996858,-827.631529,349.278000
729.407412,-857.354806,376.557000
740.332388,-834.242840,363.075000
739.147146,-871.643714,361.185000
736.557853,-870.419761,376.872000
737.717897,-867.853351,393.000000
731.578555,-854.146974,393.000000
869.700000,-751.104000,325.072000
869.700000,-749.256000,338.878000
832.250000,-742.700000,338.662000
857.950000,-742.700000,342.820000
819.700000,-762.082000,334.270000
819.700000,-759.596000,328.762000
820.300000,-764.700000,329.878000
834.700000,-764.700000,332.704000
868.400000,-761.532000,343.000000
837.350000,-746.374000,343.000000
907.900000,-754.220000,339.040000
907.900000,-781.100000,333.190000
878.885000,-736.100000,334.648000
880.530000,-736.100000,337.132000
872.900000,-793.760000,330.238000
872.900000,-755.000000,341.074000
876.120000,-796.100000,325.846000
902.580000,-796.100000,327.016000
879.830000,-782.660000,343.000000
896.315000,-773.240000,343.000000
836.793268,-782.681988,441.976000
837.143020,-782.007248,360.244000
804.563754,-755.973715,394.152000
827.695783,-767.964221,402.972000
800.173422,-755.545214,346.132000
785.042053,-784.736584,445.896000
789.391849,-793.163759,494.308000
798.301077,-797.781864,488.820000
804.975802,-787.545171,529.000000
838.995143,-777.065170,529.000000
909.000000,-635.186000,334.968000
909.000000,-652.148000,346.728000
846.693000,-630.500000,329.112000
853.749000,-630.500000,327.984000
846.000000,-634.493000,347.232000
846.000000,-644.030000,333.240000
861.876000,-663.500000,341.376000
905.409000,-663.500000,338.496000
886.698000,-650.828000,351.000000
865.026000,-647.825000,351.000000
840.600000,-643.226000,338.884000
840.600000,-644.284000,367.938000
837.012000,-641.800000,394.072000
818.500000,-641.800000,383.925000
788.600000,-646.423000,376.187000
788.600000,-663.811000,399.912000
805.864000,-664.800000,358.375000
814.080000,-664.800000,342.899000
833.788000,-654.128000,404.000000
820.736000,-664.271000,404.000000
897.700000,-627.952000,515.060000
897.700000,-612.796000,365.850000
885.482000,-592.600000,462.600000
817.996000,-592.600000,412.720000
878.184000,-592.600000,380.900000
815.700000,-602.716000,409.925000
815.700000,-610.780000,459.805000
849.484000,-628.600000,357.465000
818.816000,-628.600000,506.890000
864.490000,-628.600000,458.085000
906.700000,-579.829000,334.900000
906.700000,-541.559000,338.095000
878.762000,-541.000000,331.240000
843.382000,-541.000000,326.380000
784.700000,-556.523000,327.565000
784.700000,-543.236000,329.665000
844.724000,-584.000000,338.905000
856.070000,-584.000000,332.950000
823.374000,-557.168000,340.000000
815.322000,-578.926000,340.000000
545.547720,-1150.122587,338.080000
552.135572,-1140.355696,341.710000
551.768799,-1121.559085,330.760000
558.790747,-1126.295449,348.280000
523.580591,-1120.099988,353.410000
520.646506,-1124.449948,354.850000
529.862492,-1146.588286,346.090000
517.095313,-1137.976715,331.420000
541.954156,-1126.721361,355.000000
541.988898,-1128.297198,355.000000
528.138973,-1172.614541,359.708000
525.398927,-1176.676825,364.160000
518.810207,-1141.228051,479.912000
506.685532,-1133.049855,398.981000
509.379904,-1134.867232,446.522000
477.743131,-1131.090492,440.957000
483.583342,-1122.432023,433.802000
505.362191,-1165.931352,402.161000
506.871039,-1166.949083,468.623000
519.911800,-1175.745187,344.603000
523.726874,-1151.839591,485.000000
521.199104,-1169.419601,485.000000
495.916989,-1101.966532,386.268000
502.270935,-1096.821208,382.364000
505.031204,-1083.723162,371.384000
508.508829,-1088.017671,334.723000
485.960108,-1086.867783,356.500000
483.892900,-1088.541776,348.082000
485.547998,-1104.155847,341.555000
479.827476,-1097.091590,361.441000
507.238190,-1092.544026,387.000000
496.059292,-1083.321959,387.000000
581.486281,-1075.646336,408.276000
570.061458,-1084.897975,391.272000
589.776097,-1029.373240,381.680000
584.137386,-1022.410012,415.143000
541.645966,-1035.849851,355.084000
562.409752,-1019.035669,330.014000
555.092534,-1083.472566,328.379000
553.788582,-1081.862320,353.885000
578.686378,-1021.203585,434.000000
559.214532,-1058.805312,434.000000
620.656389,-1032.789362,343.280000
623.126159,-1030.789381,335.312000
607.524452,-1005.382921,335.472000
618.527490,-1018.970541,342.320000
588.282160,-998.527796,327.664000
587.966638,-998.783300,349.328000
612.054577,-1033.223380,351.824000
595.195084,-1012.403640,356.336000
598.846802,-1016.401472,358.000000
619.611909,-1023.535389,358.000000
642.876597,-996.142313,329.476000
632.175297,-1004.808055,336.725000
642.945361,-965.980316,326.792000
640.972442,-963.543963,328.134000
607.525880,-982.305694,335.108000
625.116579,-968.061027,330.543000
622.116510,-1011.764534,332.413000
619.998218,-1009.148661,332.952000
619.259867,-1000.871785,337.000000
619.083368,-979.273621,337.000000
665.012332,-952.771676,330.627000
669.544647,-949.101479,352.701000
667.160523,-935.803305,360.072000
671.295158,-940.909154,361.242000
639.429650,-954.186730,350.556000
640.436831,-953.371130,330.783000
637.682340,-956.605346,341.001000
641.127869,-960.860220,339.324000
650.665536,-962.169822,366.000000
668.159371,-939.897008,366.000000
444.754060,-1088.775821,328.869000
432.644572,-1098.581891,328.342000
426.541323,-1048.732696,328.624000
425.616222,-1047.590291,328.561000
422.501716,-1043.744196,328.380000
408.401179,-1055.162585,328.780000
393.932030,-1075.202232,328.135000
419.588163,-1106.884919,328.999000
401.807140,-1067.374916,329.000000
430.198029,-1086.817897,329.000000
461.964534,-1040.619071,369.925000
464.376795,-1038.665661,329.690000
450.987649,-1017.758472,354.000000
459.217901,-1027.921987,343.925000
448.163677,-1018.339036,338.140000
425.806742,-1036.443325,358.160000
428.753314,-1041.149857,387.215000
433.662013,-1047.211596,372.395000
439.263110,-1036.687338,393.000000
428.007098,-1037.940175,393.000000
531.801520,-1017.292133,352.944000
521.297615,-1025.798027,371.440000
533.863190,-1014.764356,337.264000
519.895424,-997.515602,385.456000
515.953934,-1000.529785,385.648000
507.112344,-1007.689563,335.472000
499.943569,-1022.136600,370.032000
496.571041,-1017.971875,349.488000
513.969992,-1018.621026,390.000000
515.971625,-1012.767984,390.000000
518.311636,-990.230675,337.653000
491.954731,-1011.574076,347.257000
517.374007,-987.793641,374.648000
511.106605,-980.054045,357.988000
497.934844,-977.136006,362.692000
502.450062,-973.479654,368.719000
482.647226,-1000.525189,350.736000
486.048703,-1004.725663,330.450000
502.248898,-996.756616,377.000000
491.651540,-1003.858413,377.000000
540.284759,-1011.352664,361.082000
549.979655,-1003.501892,330.618000
552.217114,-988.626850,352.752000
555.581461,-992.781473,338.064000
518.405506,-959.585117,344.456000
512.557483,-964.320753,345.510000
520.554477,-989.252143,336.160000
510.427453,-976.746310,352.956000
516.690844,-961.321049,362.000000
520.138722,-961.447383,362.000000
577.790104,-978.446523,331.745000
576.178303,-979.751733,331.805000
612.967031,-938.235855,330.520000
605.092974,-928.512205,332.900000
578.342144,-934.249664,329.300000
589.292907,-925.381911,328.995000
561.260352,-971.313384,328.080000
564.919221,-975.831710,330.090000
586.228604,-937.882044,333.000000
568.758655,-957.891407,333.000000
559.133353,-946.769699,358.925000
579.707515,-930.109071,354.308000
592.529116,-912.113873,344.960000
594.283661,-914.280556,366.791000
562.798895,-921.926488,331.052000
551.611101,-930.986185,379.274000
544.684576,-949.960746,374.144000
540.811738,-945.178190,334.757000
578.216808,-919.350644,386.000000
582.494185,-920.852497,386.000000
639.440635,-922.584394,333.418000
635.286012,-925.948741,330.304000
656.821939,-883.726302,329.026000
648.241155,-873.129917,334.246000
617.122338,-882.753214,342.616000
629.544239,-872.694157,338.188000
618.226068,-921.871220,338.224000
621.199607,-925.543235,342.130000
652.367517,-893.413361,346.000000
640.670265,-921.357042,346.000000
688.933659,-859.970375,338.241000
703.272002,-848.359414,435.996000
701.952439,-826.549389,438.789000
707.018468,-832.805414,332.123000
666.246871,-833.305188,406.204000
659.602273,-838.685878,361.250000
669.240455,-865.604239,373.752000
659.835262,-853.989793,390.377000
707.192003,-840.726438,461.000000
693.208273,-825.523690,461.000000
729.160393,-811.967990,387.857000
725.974095,-814.548204,363.155000
729.719059,-791.086996,371.021000
725.675046,-786.093056,378.266000
708.729872,-793.769792,354.116000
715.743614,-788.090175,393.377000
717.749745,-816.031517,337.280000
718.429411,-816.870835,339.488000
724.512169,-785.332353,398.000000
722.215346,-804.702508,398.000000
763.900000,-684.297000,364.821000
763.900000,-678.540000,342.771000
749.872000,-675.500000,352.865000
756.067000,-675.500000,353.502000
742.900000,-690.700000,340.860000
742.900000,-692.714000,364.233000
762.451000,-694.500000,377.904000
752.119000,-694.500000,374.964000
750.208000,-693.303000,383.000000
762.745000,-676.032000,383.000000
741.787304,-708.586805,346.200000
738.405942,-711.324978,364.520000
726.259671,-677.848507,336.440000
721.360412,-671.798426,333.280000
706.129297,-679.557909,366.640000
712.434283,-674.452233,342.040000
704.668918,-681.377447,356.880000
732.280350,-715.474726,350.800000
722.667617,-699.286633,370.000000
719.412209,-683.914611,370.000000
766.000000,-601.834000,341.516000
766.000000,-583.270000,354.656000
705.556000,-578.200000,368.732000
731.836000,-578.200000,362.540000
693.000000,-653.080000,359.912000
693.000000,-578.278000,370.424000
699.643000,-656.200000,351.128000
731.982000,-656.200000,342.308000
751.108000,-638.806000,371.000000
735.194000,-651.052000,371.000000
765.700000,-546.560000,353.140000
765.700000,-558.280000,338.600000
711.220000,-537.600000,348.260000
764.740000,-537.600000,342.980000
705.700000,-539.200000,343.360000
705.700000,-559.520000,347.360000
715.960000,-577.600000,338.480000
710.560000,-577.600000,351.740000
706.900000,-565.480000,354.000000
759.340000,-553.040000,354.000000
708.600000,-542.448000,483.595000
708.600000,-577.140000,522.510000
667.104000,-536.400000,431.135000
684.954000,-536.400000,354.595000
666.600000,-541.440000,378.675000
666.600000,-540.432000,401.680000
677.142000,-578.400000,326.000000
692.976000,-578.400000,448.765000
437.483419,-1010.308565,349.360000
429.136871,-1017.067466,352.880000
436.878643,-1006.510820,339.600000
435.583502,-1004.911453,361.640000
403.499278,-974.777161,329.840000
393.147694,-983.159708,330.400000
395.031408,-1002.504260,360.040000
390.251720,-996.601837,339.160000
410.050594,-998.979981,369.000000
417.605296,-996.582325,369.000000
461.999194,-983.095574,351.370000
464.709880,-980.900505,351.042000
481.161020,-956.723530,331.362000
462.866676,-934.131897,369.000000
443.660345,-924.600786,393.354000
445.848788,-922.828620,386.958000
440.473122,-957.326665,373.264000
451.664956,-971.147429,404.916000
464.056635,-958.839141,410.000000
462.335887,-971.307714,410.000000
489.914001,-956.056012,328.305000
503.343083,-945.181356,332.825000
503.815947,-930.129379,332.085000
504.539665,-931.023097,328.920000
471.154318,-906.909326,330.865000
462.318168,-914.064699,330.015000
471.659616,-938.090090,329.640000
464.737092,-929.541485,331.110000
499.534218,-942.861323,333.000000
479.957659,-910.010259,333.000000
533.371894,-923.348367,346.577000
535.423560,-921.686961,342.608000
560.164150,-877.873110,341.453000
543.361295,-857.123313,347.207000
513.564742,-862.182309,336.329000
520.745571,-856.367388,330.806000
508.966526,-909.990254,331.184000
518.293054,-921.507557,335.405000
525.425689,-863.386284,350.000000
521.746094,-892.307034,350.000000
594.562389,-876.270440,338.210000
618.389684,-856.975477,333.980000
621.928895,-839.131599,334.535000
623.590301,-841.183264,337.265000
586.174248,-844.460236,330.875000
571.532818,-856.316632,340.550000
576.036443,-877.800083,342.200000
570.655753,-871.155485,343.835000
607.081682,-841.581143,344.000000
620.571092,-847.179628,344.000000
568.116248,-854.453446,329.730000
567.626646,-854.849918,327.112000
574.761337,-831.006254,328.015000
567.587085,-822.146790,328.645000
550.752071,-829.911892,333.307000
555.857920,-825.777257,330.178000
555.204001,-854.525427,331.592000
558.640090,-858.768644,331.711000
572.601211,-834.917246,334.000000
553.840216,-831.580263,334.000000
583.101614,-819.943062,332.810000
594.193041,-810.961401,351.465000
593.141639,-802.645935,359.235000
594.393358,-804.191678,359.130000
572.557925,-811.753298,350.695000
566.365626,-816.767723,331.795000
571.210007,-826.411127,342.120000
568.346599,-822.875113,339.460000
594.644476,-807.450996,362.000000
592.746667,-802.514124,362.000000
627.303055,-793.244461,356.144000
625.364853,-794.813986,338.256000
630.757556,-774.285361,348.304000
626.805424,-769.404884,345.264000
608.969653,-782.355366,340.496000
615.370227,-777.172283,352.272000
614.752669,-800.602427,332.688000
603.638871,-786.878029,327.280000
604.487109,-786.911725,358.000000
625.057351,-788.397582,358.000000
675.363121,-801.950211,337.052000
683.949807,-794.996850,327.938000
659.076495,-762.299365,333.622000
667.033622,-772.125599,331.004000
629.509587,-764.449616,330.206000
647.899969,-749.557378,334.070000
661.323158,-811.155219,340.790000
646.138916,-792.404241,337.136000
637.670041,-777.245744,341.000000
629.944902,-768.351132,341.000000
720.607096,-757.138210,346.314000
713.566154,-762.839853,354.250000
711.852165,-713.529486,338.719000
735.483146,-742.711317,361.039000
662.329541,-739.992466,331.155000
678.602977,-726.814497,336.828000
660.157378,-745.032685,354.591000
661.793611,-747.053264,343.617000
682.268599,-754.985716,362.000000
699.976793,-733.568726,362.000000
434.161345,-919.090378,333.860000
416.619606,-933.295397,336.812000
407.103352,-871.833034,329.450000
418.106390,-885.420654,340.754000
376.293805,-886.171494,343.058000
398.913416,-867.854495,344.696000
381.379500,-892.504241,338.666000
401.629771,-917.511244,330.638000
410.612011,-914.864757,347.000000
407.883670,-915.638100,347.000000
463.927053,-892.719827,328.874000
458.867832,-896.816703,330.242000
441.398410,-856.127903,343.219000
464.478735,-884.629731,334.403000
438.055645,-855.765899,338.583000
424.393419,-866.829352,338.564000
422.558499,-880.533023,333.947000
422.190346,-880.078392,342.725000
450.950317,-899.290696,347.000000
433.800834,-859.616706,347.000000
523.948774,-846.070256,341.152000
489.023835,-874.351914,340.816000
528.237441,-841.450860,337.248000
514.676216,-824.704141,328.320000
500.616620,-822.501196,333.328000
498.145296,-824.502435,331.824000
467.424431,-861.693990,329.424000
476.873677,-873.362837,335.328000
484.318912,-842.323058,344.000000
481.072555,-852.043238,344.000000
489.758468,-821.644822,346.538000
480.334796,-829.275961,343.035000
488.944388,-818.999652,338.974000
487.131945,-816.761472,349.824000
467.470064,-808.811386,331.379000
450.059663,-822.910050,356.613000
447.627882,-836.305693,354.815000
446.464898,-834.869527,332.402000
464.554392,-822.907698,359.000000
479.260028,-818.997806,359.000000
534.347458,-833.338607,337.846000
538.250285,-830.178159,331.901000
552.037062,-814.682615,330.770000
545.387662,-806.471291,338.252000
536.134029,-808.730198,352.665000
536.385824,-808.526298,344.603000
526.942141,-826.596394,345.589000
531.359970,-832.051959,350.954000
540.898689,-818.861502,356.000000
540.500628,-827.336754,356.000000
521.912013,-810.983660,327.900000
537.136302,-798.655274,332.112000
536.342666,-787.616744,332.436000
535.165836,-786.163481,327.426000
511.356306,-775.781678,330.966000
500.724949,-784.390781,328.740000
508.684717,-801.132495,329.502000
505.624962,-797.354011,330.054000
530.473713,-796.481812,333.000000
524.613547,-776.946128,333.000000
563.658328,-807.176189,338.038000
566.479368,-804.891756,332.968000
568.834351,-776.194394,334.866000
549.124036,-751.854183,335.815000
533.009990,-754.789149,331.681000
534.805197,-753.335419,338.662000
543.896325,-793.068969,328.509000
556.168073,-808.223315,328.509000
540.088188,-752.994822,339.000000
553.976752,-783.207478,339.000000
580.366185,-751.934700,330.212000
593.161116,-741.573569,327.320000
591.923209,-734.883758,328.748000
592.011314,-734.992558,328.634000
574.710912,-738.499616,327.278000
566.202718,-745.389415,329.948000
571.193949,-753.777694,331.814000
569.361368,-751.514645,331.262000
585.424389,-734.778038,332.000000
573.414604,-755.852589,332.000000
617.378143,-742.475407,329.780000
618.660434,-741.437029,334.030000
621.716222,-718.086113,327.340000
612.513040,-706.721131,326.220000
596.890175,-717.889931,334.890000
600.200817,-715.209026,328.410000
603.980139,-743.854347,332.450000
589.077832,-725.451531,330.600000
619.552242,-720.085527,335.000000
606.026919,-719.591105,335.000000
586.634043,-726.317691,332.382000
611.427331,-706.240482,343.371000
606.881689,-698.591553,324.330000
607.589674,-699.465842,350.598000
568.898204,-721.378496,349.278000
600.897189,-695.466229,324.825000
563.600980,-742.074288,341.193000
561.023913,-738.891876,332.052000
608.954722,-702.896275,357.000000
565.860970,-734.202848,357.000000
673.026278,-712.881379,325.600000
672.606620,-713.221212,330.420000
669.103492,-663.703602,340.720000
692.443727,-692.526392,334.800000
619.063730,-678.087056,335.840000
628.715882,-670.270897,339.180000
645.392695,-729.764150,330.940000
614.489917,-691.602398,343.540000
648.936283,-728.228979,345.000000
673.110259,-701.353492,345.000000
332.600857,-1022.700619,334.672000
313.681238,-1038.021424,336.448000
282.601096,-933.426359,331.744000
294.580209,-948.219332,327.076000
230.401621,-931.747387,328.816000
256.245610,-910.819338,329.704000
226.984672,-936.251503,325.876000
283.227035,-1005.705038,332.332000
245.628913,-949.121414,337.000000
247.747164,-947.232376,337.000000
375.426091,-969.201384,346.370000
371.342966,-972.507833,348.330000
379.243987,-939.505958,337.830000
389.832303,-952.581439,355.995000
323.662263,-978.949916,329.290000
338.615328,-966.841162,328.660000
322.760784,-982.575128,355.715000
324.790343,-985.081424,336.325000
339.808727,-978.581518,361.000000
370.484433,-956.668198,361.000000
358.667899,-947.186193,337.876000
333.236575,-967.780074,337.084000
304.752134,-861.299226,332.508000
319.142174,-879.069446,341.902000
296.660956,-854.568114,349.140000
288.435643,-861.228841,346.720000
268.165053,-901.924794,343.750000
309.868227,-953.423925,351.516000
312.161483,-930.427998,352.000000
324.972756,-946.334410,352.000000
388.966894,-861.017496,344.820000
384.537939,-864.603993,327.660000
348.865002,-802.049086,444.480000
382.304570,-843.343514,356.568000
344.516126,-804.366329,412.272000
323.359104,-821.498948,385.476000
327.740741,-841.112441,379.932000
330.640649,-844.693529,414.384000
366.750001,-864.462851,459.000000
348.792939,-811.927991,459.000000
411.621367,-833.501748,347.042000
395.954104,-846.188847,342.158000
410.606933,-829.150446,341.652000
383.080459,-795.158082,346.976000
370.761331,-789.383978,336.284000
367.707147,-791.857208,329.794000
364.523743,-819.912917,330.894000
384.611649,-844.719416,334.612000
365.340995,-798.946053,349.000000
377.674326,-817.370370,349.000000
449.288225,-799.866756,336.618000
465.990646,-786.341403,332.222000
464.498326,-776.389794,333.188000
457.183735,-767.357026,335.288000
426.993261,-742.002048,329.772000
414.445463,-752.163055,338.354000
427.066838,-773.069180,340.342000
427.029708,-773.023329,327.406000
434.000151,-758.420355,341.000000
459.531195,-772.744297,341.000000
484.922712,-770.628601,326.000000
490.850004,-765.828774,326.000000
497.033276,-743.880183,326.000000
472.796889,-713.950738,326.000000
460.749996,-715.571226,326.000000
459.262538,-716.775745,326.000000
464.166378,-749.374401,326.000000
481.212150,-770.424177,326.000000
479.074514,-739.167832,326.000000
459.783839,-721.428584,326.000000
566.871225,-696.322815,328.824000
583.345942,-682.981852,336.840000
580.248005,-674.824562,340.904000
578.022099,-672.075797,340.344000
558.601483,-668.277011,337.000000
546.589138,-678.004417,327.848000
555.620799,-690.493952,333.096000
554.499350,-689.109077,331.352000
574.290988,-681.246614,341.000000
553.294230,-685.915864,341.000000
546.464786,-715.514241,325.075000
550.927158,-711.900683,327.120000
553.513145,-689.887554,328.850000
538.434628,-671.267137,328.215000
526.407922,-680.285586,327.630000
526.385385,-680.303836,329.305000
531.907306,-709.288021,326.410000
516.828789,-690.667604,325.400000
557.387976,-704.764411,330.000000
546.352864,-700.215229,330.000000
526.491392,-678.505050,337.656000
515.330022,-687.543349,326.712000
544.599384,-655.428653,333.736000
544.017892,-654.710570,330.216000
519.919864,-665.811934,329.832000
537.697855,-651.415601,333.720000
512.917773,-684.632798,325.928000
511.763600,-683.207513,337.224000
536.905955,-655.425606,341.000000
511.046978,-673.303305,341.000000
585.587095,-644.932455,337.742000
588.588779,-642.510401,343.566000
588.846823,-621.956359,331.398000
597.314905,-632.450968,323.260000
565.277245,-624.057020,325.028000
566.721664,-622.891520,328.954000
572.760862,-648.201870,344.684000
560.668806,-633.216020,334.648000
586.732179,-622.060335,349.000000
579.398635,-625.071212,349.000000
285.843135,-838.329327,339.005000
279.945240,-842.459077,343.625000
282.876520,-818.244631,330.465000
282.843253,-818.197120,351.290000
265.479000,-817.185984,356.890000
274.281607,-811.022332,358.920000
276.714781,-840.826798,348.350000
273.454573,-836.170737,331.585000
272.782823,-834.552356,362.000000
276.069744,-832.781866,362.000000
263.641183,-857.246409,321.666000
265.610225,-855.680163,322.212000
234.195639,-794.967838,332.250000
265.539251,-834.372158,325.278000
192.543257,-792.411281,328.820000
196.307602,-789.416985,328.344000
245.157889,-868.185627,325.404000
202.104776,-814.060447,331.410000
241.577217,-857.681035,334.000000
267.392804,-850.135010,334.000000
327.565108,-797.660633,326.000000
315.952303,-806.964243,326.000000
309.151820,-757.019947,326.000000
311.318285,-759.724139,326.000000
278.866790,-766.201410,326.000000
295.399428,-752.956269,326.000000
278.503969,-769.945306,326.000000
303.951346,-801.708824,326.000000
284.193426,-767.783306,326.000000
294.533035,-773.524029,326.000000
296.182182,-704.494337,326.684000
296.257385,-704.425427,326.104000
295.219257,-690.107001,325.708000
300.444947,-695.809841,326.976000
269.025084,-711.746791,324.728000
273.913233,-707.267628,327.852000
270.107914,-713.029145,327.752000
271.925927,-715.013158,324.728000
278.205046,-708.730433,328.000000
296.019366,-697.572921,328.000000
353.690556,-705.742979,328.129000
346.266173,-712.546173,326.463000
349.891002,-696.393636,326.421000
350.755758,-697.337351,327.996000
348.433539,-696.996731,331.706000
344.609281,-700.501017,329.529000
336.929898,-710.372630,329.998000
341.483376,-715.341879,331.062000
343.875362,-708.362141,332.000000
347.527005,-710.237943,332.000000
343.297832,-691.110166,325.115000
342.429319,-691.906011,328.465000
344.645743,-689.628179,328.895000
343.042567,-687.878620,324.560000
337.826262,-686.629544,327.670000
327.460143,-696.128342,325.655000
327.398019,-698.929148,326.450000
328.069555,-699.662002,326.750000
335.494546,-695.924940,329.000000
340.627701,-686.255704,329.000000
375.189456,-683.085190,327.996000
364.706138,-691.881738,326.308000
373.654002,-680.360766,327.020000
358.610844,-662.433028,327.180000
352.795763,-664.018917,326.040000
349.131007,-667.094013,324.056000
346.248539,-683.481855,325.064000
357.600811,-697.010966,324.932000
366.427941,-689.604124,328.000000
358.588570,-679.903709,328.000000
397.359274,-691.343603,329.100000
408.445702,-662.908387,327.040000
405.907917,-659.176621,328.124000
400.802250,-657.186005,327.916000
386.696998,-663.632615,327.148000
378.115188,-685.643820,328.792000
386.392778,-689.134080,326.168000
387.827583,-689.693487,329.668000
389.176938,-668.393678,330.000000
394.875929,-690.225123,330.000000
422.205732,-661.974425,336.469000
429.890843,-651.588594,343.936000
435.556606,-630.963187,331.833000
441.571063,-635.413651,329.097000
409.449609,-630.459320,327.197000
406.239945,-634.796932,333.258000
408.174411,-657.973526,341.542000
397.544208,-650.107590,337.419000
420.714049,-636.005514,345.000000
413.736155,-633.442109,345.000000
403.155319,-605.302267,339.023000
403.596561,-605.672513,353.772000
388.894334,-618.629451,327.067000
381.371147,-627.595235,364.454000
366.451388,-647.606820,364.111000
365.555116,-646.854759,326.185000
389.572642,-622.488246,352.106000
390.004596,-621.973464,336.916000
389.345566,-619.300491,372.000000
385.189464,-626.997837,372.000000
552.863610,-599.944769,324.472000
564.280736,-590.364663,329.464000
577.139393,-569.565106,342.616000
580.876560,-574.018888,334.720000
547.415660,-581.018811,336.760000
544.230448,-583.691522,339.976000
537.103563,-605.861349,330.880000
531.075501,-598.677384,345.232000
573.205861,-579.914931,346.000000
567.536112,-583.239078,346.000000
562.900000,-546.446000,343.096000
562.900000,-551.843000,345.880000
542.660000,-533.300000,337.240000
536.900000,-533.300000,327.136000
522.900000,-546.677000,331.384000
522.900000,-537.143000,332.392000
553.660000,-554.300000,325.504000
551.500000,-554.300000,337.648000
526.820000,-535.379000,346.000000
528.060000,-549.092000,346.000000
504.944301,-653.176488,344.024000
510.601539,-648.429502,344.662000
509.413225,-628.772462,336.919000
516.164423,-636.818226,351.013000
483.004260,-636.340372,329.843000
482.655710,-636.632840,328.364000
490.151210,-660.267220,351.738000
479.981024,-648.146865,334.715000
507.307121,-627.297061,354.000000
504.499036,-634.023828,354.000000
487.327470,-606.745562,321.000000
478.446589,-613.684067,321.000000
485.008795,-577.285962,321.000000
483.209217,-574.982607,321.000000
455.418891,-584.721602,321.000000
469.733106,-573.538111,321.000000
470.982206,-616.182171,321.000000
468.271449,-612.712559,321.000000
463.912490,-603.722381,321.000000
476.638103,-603.922036,321.000000
470.500000,-565.902000,321.000000
470.500000,-564.887000,321.000000
463.040000,-563.200000,321.000000
467.580000,-563.200000,321.000000
460.500000,-569.339000,321.000000
460.500000,-568.975000,321.000000
460.590000,-570.200000,321.000000
464.080000,-570.200000,321.000000
468.200000,-569.220000,321.000000
461.280000,-563.963000,321.000000
453.055728,-577.187230,321.000000
450.389955,-583.622975,321.000000
447.532304,-568.937536,321.000000
447.402960,-568.883961,321.000000
439.332648,-584.186416,321.000000
443.362305,-574.457964,321.000000
439.858704,-585.242087,321.000000
447.397561,-588.364784,321.000000
449.735240,-585.046809,321.000000
445.702852,-579.129232,321.000000
433.510200,-577.898699,324.040000
434.342846,-575.647766,322.652000
426.515423,-568.082251,323.060000
431.869831,-570.062907,323.528000
425.160547,-568.764577,322.084000
415.970222,-593.609254,324.404000
416.881112,-596.505141,321.108000
419.811077,-597.588968,321.280000
420.509055,-588.251139,325.000000
432.724754,-570.858954,325.000000
479.100000,-547.960000,321.000000
479.100000,-552.480000,321.000000
437.688000,-546.500000,321.000000
439.830000,-546.500000,321.000000
437.100000,-547.670000,321.000000
437.100000,-551.170000,321.000000
447.558000,-556.500000,321.000000
437.100000,-556.500000,321.000000
455.664000,-552.700000,321.000000
438.234000,-551.170000,321.000000
416.313543,-552.228066,321.000000
416.525628,-551.666799,321.000000
416.629324,-549.525200,321.000000
412.737877,-548.054745,321.000000
405.106895,-553.595044,321.000000
407.680192,-546.785012,321.000000
396.830894,-584.804439,321.000000
398.879516,-585.578549,321.000000
406.487277,-568.783479,321.000000
398.102330,-581.864039,321.000000
392.979982,-568.734119,321.000000
397.204189,-556.396220,321.000000
400.222027,-543.074515,321.000000
401.328947,-543.453499,321.000000
389.719880,-547.384033,321.000000
387.227335,-554.664160,321.000000
387.266177,-567.177387,321.000000
384.295469,-566.160287,321.000000
396.539564,-554.941506,321.000000
395.133195,-551.948597,321.000000
1324.045912,-505.731477,352.384000
1321.946825,-506.895020,312.288000
1359.780468,-480.497131,338.720000
1356.206936,-474.050309,324.552000
1336.912889,-474.588760,325.000000
1347.282380,-468.840857,336.816000
1314.897136,-498.533394,311.336000
1316.454829,-501.343547,349.080000
1337.107943,-477.217829,360.000000
1327.202090,-503.405729,360.000000
1269.500000,-519.380000,326.920000
1269.500000,-506.840000,332.268000
1249.675000,-494.600000,320.088000
1261.440000,-494.600000,310.400000
1204.500000,-507.710000,313.228000
1204.500000,-514.310000,316.532000
1241.485000,-524.600000,334.396000
1216.850000,-524.600000,322.664000
1226.470000,-503.600000,337.000000
1223.545000,-502.910000,337.000000
1269.000000,-445.294000,315.736000
1269.000000,-449.779000,317.815000
1258.605000,-416.200000,310.612000
1250.856000,-416.200000,322.414000
1242.000000,-436.363000,326.467000
1242.000000,-424.156000,327.013000
1259.496000,-455.200000,321.343000
1261.899000,-455.200000,310.612000
1257.174000,-424.780000,328.000000
1258.443000,-444.670000,328.000000
1188.300000,-517.712000,312.688000
1188.300000,-506.448000,312.786000
1164.120000,-496.400000,323.272000
1176.912000,-496.400000,315.852000
1136.300000,-515.504000,319.842000
1136.300000,-520.464000,318.918000
1174.156000,-528.400000,316.426000
1151.120000,-528.400000,321.984000
1177.120000,-500.880000,324.000000
1184.400000,-502.256000,324.000000
1131.300000,-510.040000,315.904000
1131.300000,-517.240000,315.646000
1117.675000,-486.600000,315.172000
1112.125000,-486.600000,313.303000
1106.300000,-513.680000,314.437000
1106.300000,-498.560000,313.960000
1126.500000,-526.600000,313.705000
1127.100000,-526.600000,314.617000
1106.525000,-489.000000,316.000000
1112.350000,-512.000000,316.000000
1190.100000,-458.808000,317.952000
1190.100000,-453.642000,316.528000
1142.600000,-449.700000,316.000000
1166.236000,-449.700000,318.280000
1114.100000,-463.326000,314.040000
1114.100000,-464.946000,312.032000
1181.588000,-467.700000,312.088000
1142.980000,-467.700000,313.784000
1131.808000,-467.340000,320.000000
1156.508000,-451.284000,320.000000
1203.900000,-422.736000,325.680000
1203.900000,-431.556000,316.500000
1137.630000,-407.400000,317.384000
1122.966000,-407.400000,323.946000
1109.900000,-437.532000,309.054000
1109.900000,-421.584000,331.392000
1200.892000,-443.400000,334.758000
1197.038000,-443.400000,338.838000
1152.858000,-439.800000,342.000000
1192.056000,-426.840000,342.000000
963.800000,-504.158000,324.888000
963.800000,-499.052000,326.799000
937.110000,-496.200000,324.156000
949.894000,-496.200000,324.456000
929.800000,-517.291000,326.424000
929.800000,-517.866000,325.113000
931.432000,-519.200000,325.689000
945.916000,-519.200000,325.770000
952.954000,-515.060000,327.000000
936.294000,-519.039000,327.000000
1005.000000,-441.580000,323.872000
1005.000000,-450.880000,338.042000
944.450000,-433.600000,343.528000
938.080000,-433.600000,343.736000
935.000000,-463.510000,337.184000
935.000000,-448.270000,323.430000
943.960000,-463.600000,330.814000
936.540000,-463.600000,329.124000
998.350000,-455.800000,348.000000
970.490000,-446.950000,348.000000
912.300000,-500.480000,409.800000
912.300000,-495.770000,355.100000
865.050000,-494.900000,385.400000
887.100000,-494.900000,377.000000
862.300000,-497.210000,361.000000
862.300000,-495.980000,398.900000
872.700000,-524.900000,336.500000
890.750000,-524.900000,420.800000
868.750000,-514.700000,425.000000
903.450000,-521.840000,425.000000
911.700000,-448.540000,337.600000
911.700000,-463.580000,346.600000
911.050000,-444.300000,331.500000
910.374000,-444.300000,327.075000
885.700000,-450.580000,325.400000
885.700000,-467.660000,332.550000
893.188000,-484.300000,344.275000
888.742000,-484.300000,338.025000
894.878000,-467.500000,347.000000
889.340000,-458.340000,347.000000
914.100000,-403.010000,362.600000
914.100000,-430.220000,390.472000
908.850000,-402.200000,337.224000
884.150000,-402.200000,413.248000
864.100000,-409.310000,415.848000
864.100000,-406.130000,332.024000
882.500000,-432.200000,390.368000
897.300000,-432.200000,354.800000
892.950000,-417.200000,425.000000
886.900000,-426.290000,425.000000
864.200000,-491.093000,344.983000
864.200000,-480.453000,358.808000
852.730000,-473.100000,404.628000
855.148000,-473.100000,376.109000
802.200000,-479.104000,385.352000
802.200000,-486.001000,393.410000
829.976000,-492.100000,365.997000
815.344000,-492.100000,331.711000
851.862000,-481.080000,410.000000
850.064000,-477.964000,410.000000
863.600000,-449.673000,406.287000
863.600000,-449.141000,333.765000
847.170000,-433.200000,386.932000
820.634000,-433.200000,351.066000
801.600000,-440.724000,367.656000
801.600000,-437.494000,368.367000
834.336000,-452.200000,348.301000
848.658000,-452.200000,385.668000
803.150000,-439.660000,410.000000
807.118000,-446.652000,410.000000
772.000000,-496.014000,396.423000
772.000000,-435.624000,395.553000
772.000000,-479.544000,379.632000
732.670000,-400.000000,375.108000
744.526000,-400.000000,414.606000
658.000000,-458.072000,353.880000
658.000000,-494.428000,346.659000
658.000000,-486.132000,410.865000
727.312000,-522.000000,419.565000
692.884000,-522.000000,365.712000
686.386000,-431.842000,420.000000
704.170000,-419.642000,420.000000
743.158000,-514.192000,420.000000
634.400000,-485.668000,358.330000
634.400000,-490.256000,351.598000
609.325000,-398.000000,342.160000
587.908000,-398.000000,366.052000
575.400000,-466.944000,326.056000
575.400000,-437.804000,380.506000
615.992000,-522.000000,375.952000
625.786000,-522.000000,328.960000
603.307000,-420.444000,391.000000
617.939000,-474.012000,391.000000
574.200000,-476.421000,330.802000
574.200000,-423.531000,322.612000
545.415000,-399.300000,320.512000
555.048000,-399.300000,331.810000
517.200000,-477.528000,352.264000
517.200000,-506.187000,341.008000
560.976000,-522.300000,342.016000
540.057000,-522.300000,350.206000
556.929000,-411.723000,361.000000
519.366000,-407.418000,361.000000
480.900000,-491.033000,320.596000
480.900000,-495.050000,340.560000
463.350000,-469.700000,341.736000
454.410000,-469.700000,346.692000
450.900000,-497.624000,334.904000
450.900000,-485.924000,324.824000
476.340000,-508.700000,328.072000
479.370000,-508.700000,330.956000
478.530000,-470.519000,347.000000
461.520000,-489.941000,347.000000
405.300000,-495.314000,323.664000
405.300000,-479.984000,320.632000
388.010000,-475.700000,321.704000
394.094000,-475.700000,322.384000
379.300000,-509.132000,319.752000
379.300000,-516.146000,324.136000
403.428000,-517.700000,317.800000
392.196000,-517.700000,317.888000
383.070000,-515.222000,325.000000
396.720000,-516.482000,325.000000
499.500000,-422.107000,315.782000
499.500000,-432.355000,316.726000
465.230000,-398.500000,316.270000
454.512000,-398.500000,316.288000
453.500000,-451.936000,316.760000
453.500000,-429.671000,315.850000
453.868000,-459.500000,315.248000
455.524000,-459.500000,315.412000
470.474000,-451.021000,315.000000
498.902000,-424.364000,315.000000
1271.200000,-313.211000,339.725000
1271.200000,-291.311000,376.785000
1242.325000,-290.800000,318.985000
1252.825000,-290.800000,310.400000
1236.200000,-360.588000,383.160000
1236.200000,-295.034000,329.015000
1239.280000,-363.800000,362.420000
1256.885000,-363.800000,347.630000
1256.955000,-347.813000,392.000000
1246.805000,-354.748000,392.000000
1217.300000,-321.121000,327.007000
1217.300000,-326.480000,356.935000
1172.050000,-315.900000,392.779000
1213.650000,-315.900000,375.988000
1167.300000,-316.728000,371.464000
1167.300000,-329.838000,395.041000
1175.700000,-338.900000,350.236000
1174.200000,-338.900000,327.094000
1208.150000,-332.023000,400.000000
1198.250000,-323.467000,400.000000
1167.900000,-291.435000,394.519000
1167.900000,-371.760000,329.356000
1128.540000,-276.000000,373.291000
1143.100000,-276.000000,348.409000
1127.900000,-288.180000,351.976000
1127.900000,-292.065000,367.462000
1137.820000,-381.000000,330.748000
1155.340000,-381.000000,386.515000
1129.540000,-341.205000,400.000000
1165.340000,-358.005000,400.000000
1100.100000,-303.015000,425.654000
1100.100000,-316.425000,450.776000
1093.700000,-300.000000,387.102000
1083.300000,-300.000000,327.378000
1099.500000,-300.000000,425.338000
1000.100000,-308.820000,348.392000
1000.100000,-331.545000,361.980000
1032.900000,-345.000000,467.840000
1023.400000,-345.000000,396.582000
1036.500000,-345.000000,324.060000
1026.500000,-324.345000,471.000000
1025.300000,-310.530000,471.000000
997.200000,-384.245000,372.301000
997.200000,-378.330000,379.604000
988.560000,-349.700000,345.705000
954.300000,-349.700000,403.475000
937.200000,-359.360000,319.000000
937.200000,-358.380000,427.346000
961.620000,-384.700000,401.404000
984.060000,-384.700000,342.217000
966.480000,-365.835000,428.000000
971.340000,-373.710000,428.000000
998.100000,-290.745000,347.885000
998.100000,-268.450000,345.051000
984.660000,-259.000000,321.289000
982.320000,-259.000000,368.922000
938.100000,-271.460000,403.584000
938.100000,-286.825000,392.793000
967.320000,-294.000000,376.988000
957.780000,-294.000000,416.664000
980.820000,-272.335000,428.000000
991.200000,-263.865000,428.000000
879.400000,-377.921000,327.911000
879.400000,-375.529000,390.533000
872.408000,-358.900000,381.587000
860.770000,-358.900000,335.082000
856.400000,-368.928000,364.192000
856.400000,-366.789000,350.631000
869.441000,-381.900000,346.868000
876.548000,-381.900000,366.180000
877.928000,-365.823000,396.000000
861.023000,-372.516000,396.000000
830.200000,-374.004000,386.824000
830.200000,-355.700000,371.704000
817.912000,-350.100000,369.256000
818.776000,-350.100000,387.472000
798.200000,-366.612000,351.688000
798.200000,-378.580000,331.240000
818.904000,-382.100000,334.048000
811.736000,-382.100000,347.008000
803.320000,-357.172000,400.000000
814.776000,-351.508000,400.000000
889.700000,-332.151000,371.626000
889.700000,-330.084000,346.780000
860.468000,-296.800000,351.618000
832.685000,-296.800000,364.738000
826.700000,-328.388000,331.610000
826.700000,-320.014000,382.696000
872.501000,-349.800000,393.520000
887.810000,-349.800000,400.654000
850.892000,-304.273000,405.000000
879.242000,-323.141000,405.000000
918.300000,-280.484000,327.059000
918.300000,-264.260000,333.714000
866.076000,-261.700000,324.375000
874.908000,-261.700000,325.123000
822.300000,-283.332000,332.691000
822.300000,-293.220000,327.532000
899.772000,-293.700000,329.996000
872.028000,-293.700000,329.941000
880.668000,-263.652000,334.000000
836.700000,-292.068000,334.000000
775.600000,-333.345000,344.805000
775.600000,-334.255000,400.722000
748.768000,-315.600000,427.209000
775.600000,-315.600000,424.593000
732.600000,-342.060000,400.613000
732.600000,-334.255000,339.464000
770.741000,-350.600000,373.908000
735.395000,-350.600000,363.335000
768.376000,-349.935000,438.000000
752.681000,-329.670000,438.000000
769.600000,-283.696000,408.058000
769.600000,-310.528000,356.349000
740.032000,-263.200000,386.253000
746.626000,-263.200000,375.840000
727.600000,-303.328000,364.537000
727.600000,-267.040000,395.331000
768.214000,-311.200000,342.732000
753.346000,-311.200000,414.822000
729.952000,-306.448000,415.000000
760.486000,-304.192000,415.000000
706.400000,-275.824000,334.168000
706.400000,-281.494000,323.400000
667.984000,-253.900000,330.248000
701.745000,-253.900000,326.904000
657.400000,-311.608000,326.344000
657.400000,-293.401000,330.408000
659.703000,-316.900000,338.424000
665.240000,-316.900000,333.912000
671.120000,-305.623000,339.000000
662.251000,-273.241000,339.000000
646.650000,-282.476000,346.070000
646.650000,-364.712000,358.995000
530.269200,-247.100000,332.595000
560.172600,-247.100000,371.040000
511.950000,-378.572000,374.175000
511.950000,-270.200000,328.085000
529.056900,-379.100000,360.700000
607.317600,-379.100000,340.075000
579.838800,-344.912000,375.000000
567.985200,-347.420000,375.000000
591.288300,-361.808000,375.000000
502.100000,-272.804000,320.500000
502.100000,-293.419000,327.032000
382.212000,-247.800000,309.230000
477.970000,-247.800000,337.106000
375.100000,-257.775000,344.006000
375.100000,-343.826000,347.180000
401.389000,-380.800000,332.736000
407.485000,-380.800000,311.254000
467.556000,-335.713000,355.000000
468.064000,-275.996000,355.000000
428.821000,-349.013000,355.000000
1095.100000,-166.088000,320.040000
1095.100000,-225.256000,322.040000
1091.644000,-156.800000,350.240000
988.972000,-156.800000,330.800000
951.100000,-170.130000,340.480000
951.100000,-180.020000,339.560000
992.428000,-242.800000,330.720000
1066.588000,-242.800000,348.320000
1088.188000,-206.852000,359.000000
958.012000,-213.990000,359.000000
988.108000,-212.872000,359.000000
921.400000,-162.200000,526.302000
921.400000,-178.700000,515.760000
921.400000,-179.525000,373.192000
913.600000,-160.100000,464.807000
900.100000,-160.100000,570.729000
889.900000,-160.100000,543.621000
846.400000,-177.725000,403.563000
846.400000,-221.375000,374.698000
846.400000,-167.525000,463.301000
873.925000,-235.100000,342.319000
872.650000,-235.100000,429.416000
904.750000,-235.100000,382.730000
994.700000,-87.453600,324.202000
994.700000,-82.958200,322.987000
986.052000,-70.200000,321.997000
955.596000,-70.200000,324.958000
947.700000,-75.933000,319.801000
947.700000,-76.843000,326.929000
968.709000,-88.400000,326.605000
989.859000,-88.400000,319.900000
966.500000,-77.880400,328.000000
979.707000,-80.574000,328.000000
997.987579,-60.020587,329.558000
1000.463490,-48.064864,323.429000
990.139888,-43.237673,322.943000
985.410242,-42.258210,329.342000
958.500426,-43.583272,343.355000
956.707644,-52.240287,335.255000
978.076607,-58.202316,336.767000
974.704164,-57.503916,341.168000
984.347683,-48.010452,347.000000
1000.797840,-45.829011,347.000000
851.067989,-118.701717,325.730000
852.906557,-115.902765,340.031000
848.792750,-99.859625,341.606000
831.445735,-88.464767,323.630000
824.475179,-94.342922,336.461000
824.636812,-94.096861,328.229000
837.232747,-114.280765,331.337000
848.688323,-121.805672,332.807000
851.858931,-107.641566,344.000000
833.818168,-100.480119,344.000000
886.364998,-89.984191,326.436000
894.790980,-76.499802,323.964000
873.623062,-61.568117,324.972000
871.036515,-59.951863,325.278000
836.620467,-54.480207,323.502000
843.735163,-43.094314,326.592000
866.382174,-85.933378,322.038000
858.777726,-81.181592,321.906000
845.187761,-49.057725,327.000000
864.368288,-82.594892,327.000000
919.202950,-23.567322,330.912000
920.252247,-20.587682,322.848000
903.918168,-0.208034,327.008000
923.922034,-7.252507,326.352000
877.638374,-9.130502,323.088000
878.364811,-7.067674,329.856000
906.196805,-29.635735,335.184000
877.975583,-19.697474,333.360000
894.703037,0.117349,336.000000
919.186004,-16.462289,336.000000
874.850145,2.656046,320.954000
869.184805,-13.431560,326.206000
870.745458,27.921997,317.782000
871.042574,27.817366,316.053000
852.768162,3.173184,327.597000
861.116367,26.879199,318.887000
865.663960,-13.756523,324.425000
861.464733,-12.277741,321.734000
872.505847,26.345770,328.000000
856.370585,-3.224653,328.000000
783.200000,-213.396000,344.018000
783.200000,-210.952000,367.965000
756.640000,-191.400000,402.230000
778.560000,-191.400000,384.828000
743.200000,-228.765000,383.365000
743.200000,-221.903000,401.691000
780.280000,-238.400000,364.577000
750.480000,-238.400000,341.554000
772.920000,-235.674000,403.000000
766.360000,-204.795000,403.000000
712.800000,-206.900000,320.060000
712.800000,-230.950000,321.374000
679.365000,-187.500000,324.596000
682.920000,-187.500000,322.688000
667.800000,-231.250000,323.126000
667.800000,-197.350000,324.002000
668.115000,-237.500000,321.662000
700.605000,-237.500000,325.316000
711.315000,-230.600000,326.000000
708.075000,-224.400000,326.000000
638.700000,-201.960000,338.794000
638.700000,-202.240000,342.477000
577.798000,-195.800000,331.718000
623.086000,-195.800000,319.828000
564.700000,-214.900000,324.613000
564.700000,-210.680000,326.150000
571.064000,-215.800000,317.537000
585.198000,-215.800000,332.501000
578.834000,-211.440000,345.000000
580.388000,-199.600000,345.000000
423.000000,-198.620000,355.018000
423.000000,-220.460000,358.044000
393.201000,-189.500000,333.302000
397.953000,-189.500000,377.535000
390.000000,-190.900000,311.497000
390.000000,-201.140000,308.026000
395.478000,-229.500000,378.781000
417.192000,-229.500000,327.517000
403.695000,-217.580000,394.000000
407.424000,-215.220000,394.000000
776.400000,-74.780000,322.042000
776.400000,-79.520000,321.520000
722.335000,-65.900000,319.846000
759.570000,-65.900000,323.491000
721.400000,-72.800000,326.650000
721.400000,-116.240000,325.462000
734.930000,-125.900000,324.445000
741.860000,-125.900000,327.433000
756.545000,-103.220000,328.000000
767.820000,-71.660000,328.000000
769.250000,-1.420000,317.472000
769.250000,-25.860000,358.272000
762.477500,1.300000,353.760000
677.445000,1.300000,320.736000
661.750000,-6.500000,342.048000
661.750000,-14.140000,331.248000
696.795000,-38.700000,330.288000
760.542500,-38.700000,341.760000
754.522500,-20.380000,360.000000
679.057500,-20.620000,360.000000
507.800000,-41.224000,323.470000
507.800000,-0.136000,317.881000
499.220000,6.200000,317.858000
483.740000,6.200000,322.918000
447.800000,-7.000000,312.246000
447.800000,-38.632000,304.955000
472.160000,-41.800000,306.611000
475.820000,-41.800000,309.992000
453.020000,-15.976000,326.000000
476.420000,6.152000,326.000000
235.266130,-587.383112,322.666000
240.077285,-582.571958,322.331000
245.437861,-570.588619,322.422000
234.672161,-559.822918,322.550000
228.628519,-564.322239,322.178000
226.757514,-566.193243,322.769000
226.267489,-581.116732,322.933000
219.258647,-574.107889,322.988000
232.845704,-569.341283,323.000000
238.948742,-577.552914,323.000000
296.500000,-345.872000,312.443000
296.500000,-326.888000,312.015000
293.773000,-326.000000,312.198000
292.036000,-326.000000,312.233000
287.500000,-336.440000,312.954000
287.500000,-326.696000,312.452000
292.594000,-350.000000,312.709000
292.549000,-350.000000,312.671000
292.315000,-333.248000,313.000000
288.490000,-347.744000,313.000000
283.000000,-317.232000,312.219000
283.000000,-314.901000,312.698000
273.808000,-310.500000,312.974000
281.968000,-310.500000,312.917000
259.000000,-315.135000,312.730000
259.000000,-315.684000,312.136000
274.504000,-319.500000,312.485000
261.616000,-319.500000,312.355000
277.216000,-312.498000,313.000000
269.224000,-313.722000,313.000000
158.865251,-566.425443,329.960000
149.099819,-571.401179,325.056000
174.475239,-538.205912,328.000000
172.208918,-533.758008,326.808000
143.761360,-530.350537,326.048000
160.583564,-521.779196,328.560000
142.181342,-562.933141,324.088000
140.941948,-560.500694,322.312000
177.311032,-556.282746,330.000000
149.200641,-560.056961,330.000000
137.801056,-303.947681,314.542000
141.230524,-300.518213,313.132000
134.774639,-280.096970,314.052000
144.797878,-290.120208,313.568000
111.532039,-280.719223,313.564000
111.602750,-280.648513,314.006000
125.734279,-306.411948,313.074000
110.835539,-291.513209,314.444000
127.491439,-275.005801,315.000000
120.257737,-274.913877,315.000000
116.027076,-616.943487,370.589000
98.818926,-634.151637,388.163000
131.368465,-580.456777,349.274000
130.299319,-579.387631,407.216000
86.583150,-612.446287,328.046000
113.871815,-585.157623,339.269000
89.094793,-640.006481,393.818000
86.803767,-637.715455,358.322000
82.289597,-631.368465,410.000000
94.881755,-616.875604,410.000000
33.200379,-502.223904,323.230000
45.284830,-520.832326,324.330000
99.329963,-547.260953,320.780000
81.986255,-558.524088,326.520000
32.162329,-419.837994,328.340000
38.532427,-429.647085,328.710000
-19.035058,-419.041610,325.900000
5.578245,-403.057544,320.900000
1.621745,-425.725400,330.000000
68.959202,-532.324339,330.000000
158.768115,-429.941952,322.178000
131.513786,-452.633291,322.552000
158.322698,-381.407577,338.788000
158.414835,-381.518242,327.370000
89.845560,-424.866539,333.420000
130.490354,-391.026603,332.188000
85.442270,-431.405722,328.052000
110.012183,-460.916388,337.006000
122.995956,-452.167532,342.000000
109.906442,-408.663973,342.000000
91.203511,-363.416014,343.750000
94.860715,-367.774500,341.200000
127.730282,-363.984055,335.420000
114.615601,-374.988579,314.646000
74.287665,-293.473331,327.124000
81.887793,-302.530811,322.092000
70.856111,-295.656442,318.828000
64.311027,-301.148420,329.538000
86.105881,-312.685398,348.000000
118.917629,-362.790996,348.000000
60.581311,-282.673523,333.483000
38.078345,-305.176489,327.972000
26.993739,-230.910478,325.431000
30.071068,-233.987807,335.199000
20.856052,-231.889114,317.346000
4.796243,-247.948923,342.426000
-14.346552,-285.736709,342.294000
18.915751,-318.999012,316.653000
7.333342,-275.008485,345.000000
28.085512,-282.585842,345.000000
364.000000,-142.073000,310.259000
364.000000,-142.170000,305.839000
361.378000,-131.500000,306.111000
315.778000,-131.500000,309.562000
250.000000,-146.438000,318.946000
250.000000,-224.232000,313.285000
282.604000,-228.500000,314.798000
305.632000,-228.500000,317.008000
312.814000,-188.051000,320.000000
359.098000,-226.463000,320.000000
261.742000,-221.904000,320.000000
314.169503,-43.518341,305.842000
293.696345,-61.315385,314.914000
313.179787,-40.134273,316.426000
295.490009,-19.784511,303.980000
285.906522,-26.879072,312.996000
275.593264,-35.844249,307.046000
264.006316,-60.998723,309.580000
257.273182,-53.253138,310.112000
291.405927,-54.034637,317.000000
283.885489,-39.885686,317.000000
209.000000,-90.155000,310.979000
209.000000,-1.425000,310.535000
202.046000,0.000000,310.735000
189.316000,0.000000,310.754000
171.000000,-29.830000,310.490000
171.000000,-4.750000,310.973000
187.948000,-95.000000,310.246000
193.154000,-95.000000,310.192000
208.962000,-40.185000,311.000000
193.382000,-83.980000,311.000000
170.000000,-186.835000,323.305000
170.000000,-100.620000,317.398000
125.290000,0.000000,320.621000
158.950000,0.000000,319.807000
0.000000,-84.710000,317.926000
0.000000,-128.570000,322.216000
89.420000,-215.000000,315.242000
22.270000,-215.000000,324.625000
37.740000,-73.745000,326.000000
154.020000,-72.455000,326.000000
102.680000,-130.290000,326.000000
68.510000,-17.845000,326.000000
124.610000,-178.020000,326.000000
