1522.700000,-1079.025000,304.068000
1506.448000,-1072.200000,305.580000
1505.700000,-1075.632000,305.092000
1509.440000,-1111.200000,304.602000
1521.731000,-1097.511000,306.000000
1493.900000,-1085.274000,306.854000
1489.820000,-1052.600000,306.366000
1469.900000,-1062.868000,307.876000
1480.292000,-1086.600000,307.388000
1483.124000,-1067.390000,308.000000
1570.100000,-978.360000,306.733000
1557.812000,-963.400000,305.025000
1538.100000,-973.700000,303.317000
1558.804000,-983.400000,301.602000
1543.156000,-967.820000,308.000000
1526.200000,-968.920000,305.240000
1517.230000,-952.900000,320.360000
1511.200000,-974.770000,315.460000
1524.115000,-982.900000,310.580000
1522.690000,-953.140000,321.000000
1508.400000,-965.260000,306.445000
1474.338000,-956.300000,304.240000
1466.400000,-982.704000,302.044000
1469.550000,-984.300000,308.839000
1482.066000,-978.532000,310.000000
1486.241592,-723.330691,326.919000
1481.663562,-720.416570,320.331000
1476.738636,-739.987793,313.716000
1514.178419,-761.819044,307.128000
1505.188786,-738.348364,327.000000
1427.300000,-619.901000,315.020000
1421.564000,-569.000000,310.610000
1403.300000,-590.090000,324.218000
1415.348000,-626.000000,319.826000
1417.412000,-589.862000,326.000000
1390.800000,-631.506000,314.256000
1363.620000,-622.000000,312.304000
1330.800000,-630.176000,310.352000
1373.760000,-636.000000,308.392000
1342.500000,-624.142000,316.000000
1366.100000,-595.990000,309.925000
1354.778000,-574.600000,318.230000
1349.100000,-611.308000,315.546000
1364.893000,-620.600000,312.862000
1362.751000,-617.794000,319.000000
1347.700000,-590.891000,309.134000
1325.700000,-580.600000,308.646000
1322.700000,-581.092000,308.158000
1326.275000,-621.600000,309.668000
1332.950000,-610.325000,310.000000
1448.900000,-1080.726000,310.800000
1445.422000,-1079.700000,309.580000
1411.900000,-1085.775000,308.355000
1425.109000,-1106.700000,307.135000
1412.566000,-1093.497000,311.000000
1344.200000,-1101.916000,308.000000
1338.040000,-1073.900000,308.000000
1324.200000,-1088.826000,308.000000
1335.620000,-1107.900000,308.000000
1336.700000,-1084.032000,308.000000
1442.100000,-1054.400000,314.920000
1424.386000,-1042.200000,311.016000
1408.100000,-1055.260000,307.096000
1434.756000,-1062.200000,303.192000
1415.988000,-1043.880000,319.000000
1434.000000,-1014.712000,305.760000
1368.585000,-1006.000000,320.860000
1345.000000,-1025.074000,315.980000
1433.822000,-1028.000000,311.100000
1419.760000,-1025.140000,323.000000
1344.900000,-1020.097000,315.010000
1286.062000,-1009.300000,310.862000
1282.900000,-1014.020000,306.714000
1296.044000,-1068.300000,319.549000
1310.614000,-1048.063000,323.000000
1446.100000,-975.246000,314.922000
1442.188000,-942.300000,311.492000
1422.100000,-952.296000,308.076000
1432.324000,-976.300000,304.660000
1423.420000,-957.362000,316.000000
1399.000000,-979.715000,303.945000
1382.080000,-954.800000,303.213000
1354.000000,-971.564000,305.481000
1382.755000,-987.800000,304.746000
1383.790000,-962.357000,306.000000
1337.700000,-969.153000,306.832000
1328.260000,-951.300000,305.856000
1321.700000,-975.126000,304.876000
1335.348000,-984.300000,307.900000
1326.020000,-951.795000,308.000000
1430.300000,-921.304000,306.141000
1392.512000,-915.400000,337.096000
1383.300000,-932.230000,327.092000
1386.449000,-933.400000,317.047000
1424.519000,-929.836000,343.000000
1308.000000,-844.708000,331.664000
1307.676000,-836.500000,319.952000
1290.000000,-847.228000,308.192000
1295.058000,-908.500000,344.480000
1298.712000,-878.836000,356.000000
1302.100000,-776.600000,332.694000
1298.635000,-753.200000,325.589000
1287.100000,-762.638000,318.513000
1294.510000,-779.200000,311.437000
1288.480000,-762.924000,336.000000
1356.800000,-790.090000,315.062000
1324.760000,-779.800000,307.986000
1284.800000,-788.455000,329.910000
1335.776000,-794.800000,322.805000
1335.128000,-782.200000,336.000000
1451.000000,-768.695000,324.156000
1381.805000,-761.600000,315.336000
1346.000000,-773.450000,306.552000
1442.810000,-776.600000,333.768000
1378.235000,-775.805000,336.000000
1446.700000,-732.783000,302.268000
1434.478000,-723.200000,329.484000
1432.700000,-723.348000,320.700000
1434.604000,-760.200000,311.880000
1445.496000,-750.321000,336.000000
1445.200000,-706.575000,321.888000
1437.976000,-705.900000,310.176000
1361.200000,-709.170000,346.416000
1390.516000,-720.900000,334.704000
1405.048000,-713.685000,348.000000
1359.800000,-732.247000,347.658000
1355.000000,-701.500000,337.368000
1343.800000,-717.484000,327.120000
1352.808000,-738.500000,316.830000
1345.864000,-712.785000,354.000000
1342.600000,-707.752000,322.122000
1323.582000,-699.100000,353.874000
1305.600000,-708.130000,343.584000
1334.349000,-713.100000,333.336000
1332.832000,-700.388000,354.000000
1302.800000,-716.128000,338.628000
1290.424000,-703.200000,328.338000
1285.800000,-730.688000,318.090000
1302.647000,-735.200000,349.842000
1291.648000,-731.296000,354.000000
1268.400000,-1053.350000,307.442000
1244.875000,-1042.900000,320.294000
1243.400000,-1046.915000,316.129000
1248.500000,-1097.900000,311.981000
1267.175000,-1079.420000,324.000000
1228.600000,-1103.756000,309.095000
1227.050000,-1073.500000,307.870000
1218.600000,-1082.397000,311.650000
1222.780000,-1104.500000,310.430000
1224.190000,-1087.450000,312.000000
1220.900000,-1102.130000,311.433000
1209.461000,-1094.500000,310.701000
1189.900000,-1099.500000,309.969000
1209.492000,-1104.500000,309.234000
1195.046000,-1096.870000,312.000000
1216.600000,-1064.935000,307.204000
1211.936000,-1056.700000,307.960000
1208.600000,-1067.410000,307.715000
1215.368000,-1071.700000,307.471000
1214.792000,-1057.045000,308.000000
1195.000000,-1063.060000,310.791000
1187.040000,-1051.000000,310.056000
1185.000000,-1084.408000,309.324000
1185.590000,-1087.000000,311.589000
1188.810000,-1080.124000,312.000000
1187.000000,-1080.872000,320.879000
1186.850000,-1077.700000,318.195000
1172.000000,-1081.392000,315.500000
1176.095000,-1103.700000,312.816000
1186.820000,-1093.170000,321.000000
1148.400000,-1100.300000,311.000000
1137.200000,-1077.600000,311.000000
1098.400000,-1086.475000,311.000000
1122.750000,-1102.600000,311.000000
1128.200000,-1087.150000,311.000000
1231.100000,-1013.268000,310.548000
1221.464000,-998.000000,310.060000
1209.100000,-1010.518000,309.570000
1224.522000,-1020.000000,309.082000
1213.566000,-1001.696000,311.000000
1206.100000,-1024.380000,309.835000
1196.986000,-1004.700000,313.610000
1192.100000,-1036.803000,312.390000
1204.896000,-1045.700000,311.170000
1203.454000,-1043.814000,314.000000
1143.300000,-1012.449000,319.826000
1110.430000,-999.900000,316.410000
1105.300000,-1046.759000,312.994000
1110.164000,-1046.900000,323.564000
1121.184000,-1034.680000,326.000000
1268.000000,-925.730000,314.664000
1265.709000,-925.200000,312.956000
1239.000000,-927.300000,311.241000
1248.918000,-935.200000,309.533000
1239.754000,-930.470000,315.000000
1238.900000,-974.987000,311.380000
1235.104000,-947.300000,310.400000
1225.900000,-961.292000,313.424000
1233.128000,-980.300000,312.444000
1234.129000,-957.629000,314.000000
1224.200000,-966.900000,312.948000
1218.128000,-949.400000,311.972000
1212.200000,-967.264000,310.992000
1221.428000,-977.400000,310.016000
1215.080000,-952.172000,314.000000
1179.800000,-970.244000,310.520000
1163.240000,-965.300000,313.540000
1156.800000,-975.524000,312.564000
1179.409000,-977.300000,311.588000
1176.304000,-975.920000,314.000000
1190.200000,-940.740000,318.874000
1128.556000,-934.800000,314.726000
1124.200000,-936.750000,310.561000
1137.202000,-964.800000,323.413000
1154.230000,-954.960000,327.000000
1268.300000,-875.148000,313.575000
1266.242000,-853.500000,312.350000
1254.300000,-859.638000,311.130000
1260.054000,-875.500000,309.910000
1255.182000,-863.576000,314.000000
1257.000000,-846.270000,311.614000
1252.668000,-830.100000,311.126000
1245.000000,-840.453000,312.638000
1252.488000,-851.100000,312.148000
1253.040000,-835.224000,313.000000
1157.500000,-859.310000,316.000000
1150.025000,-842.600000,316.000000
1144.500000,-863.780000,316.000000
1155.394000,-872.600000,316.000000
1148.114000,-843.500000,316.000000
1145.100000,-862.845000,316.000000
1117.485000,-857.700000,316.000000
1110.100000,-871.500000,316.000000
1111.920000,-872.700000,316.000000
1141.075000,-869.955000,316.000000
1259.300000,-791.261000,310.515000
1259.260000,-790.100000,310.759000
1239.300000,-791.306000,310.004000
1244.620000,-799.100000,310.248000
1249.140000,-795.527000,310.000000
1213.100000,-804.915000,313.000000
1210.292000,-749.100000,313.000000
1200.100000,-770.328000,313.000000
1206.327000,-810.100000,313.000000
1201.400000,-772.829000,313.000000
1200.200000,-791.322000,317.590000
1194.610000,-748.500000,313.442000
1187.200000,-782.721000,326.277000
1196.209000,-809.500000,322.129000
1196.391000,-759.175000,330.000000
1142.500000,-793.688000,322.641000
1118.672000,-781.000000,320.926000
1105.500000,-801.150000,319.218000
1139.059000,-807.000000,324.510000
1117.155000,-806.012000,325.000000
1270.600000,-743.362000,312.220000
1227.750000,-739.800000,315.244000
1220.600000,-752.657000,314.268000
1226.600000,-752.800000,313.288000
1266.700000,-749.524000,316.000000
1238.100000,-691.540000,324.616000
1234.976000,-688.900000,320.468000
1194.100000,-697.832000,333.303000
1208.796000,-732.900000,329.155000
1217.420000,-712.396000,334.000000
1172.300000,-723.704000,318.682000
1164.890000,-696.600000,318.192000
1146.300000,-709.912000,317.704000
1160.548000,-728.600000,317.214000
1149.862000,-706.840000,319.000000
1138.700000,-694.995000,319.699000
1124.728000,-685.500000,321.967000
1110.700000,-694.950000,321.232000
1132.036000,-700.500000,320.500000
1131.532000,-687.105000,322.000000
1202.900000,-650.718000,332.398000
1144.516000,-641.500000,326.763000
1120.900000,-660.068000,321.151000
1200.850000,-663.500000,338.516000
1149.764000,-661.146000,341.000000
1148.800000,-608.820000,316.126000
1111.760000,-599.800000,321.418000
1108.800000,-602.352000,319.703000
1116.360000,-643.800000,317.995000
1147.160000,-629.676000,323.000000
1251.400000,-635.116000,314.521000
1237.680000,-587.500000,311.826000
1153.400000,-600.508000,320.142000
1192.894000,-635.500000,317.458000
1208.966000,-609.868000,321.000000
1253.000000,-580.338000,331.696000
1222.910000,-564.000000,323.888000
1168.000000,-574.185000,316.080000
1220.445000,-585.000000,308.240000
1182.790000,-569.292000,338.000000
994.600000,-1081.376000,329.132000
963.982000,-1062.200000,379.784000
940.600000,-1085.966000,363.369000
985.420000,-1096.200000,347.021000
982.828000,-1063.492000,383.000000
1076.100000,-1017.100000,322.602000
1049.546000,-998.200000,318.192000
1042.100000,-1047.502000,313.800000
1043.596000,-1052.200000,327.390000
1055.326000,-1042.696000,330.000000
1024.800000,-1002.698000,326.829000
927.290000,-995.300000,324.633000
926.800000,-1002.104000,322.428000
952.084000,-1049.300000,320.232000
1024.408000,-1028.294000,327.000000
995.200000,-970.466000,345.554000
982.033000,-931.700000,328.159000
932.200000,-945.980000,381.835000
961.936000,-973.700000,364.440000
970.252000,-948.374000,390.000000
1073.100000,-917.714000,325.724000
1046.936000,-885.100000,322.308000
1011.100000,-910.584000,318.878000
1053.570000,-931.100000,315.462000
1024.182000,-893.518000,329.000000
1021.800000,-846.875000,320.954000
1000.812000,-824.600000,325.484000
988.800000,-859.160000,324.020000
1018.467000,-869.600000,322.556000
1015.827000,-868.205000,326.000000
1078.200000,-766.628000,343.897000
1052.700000,-751.400000,332.429000
1048.200000,-804.374000,320.961000
1051.590000,-805.400000,356.446000
1060.980000,-792.224000,365.000000
1028.200000,-761.364000,340.768000
1025.384000,-758.100000,335.400000
984.200000,-767.460000,330.010000
998.588000,-806.100000,324.642000
985.696000,-784.116000,342.000000
986.200000,-794.440000,331.077000
970.688000,-743.200000,325.932000
930.200000,-767.740000,341.808000
960.440000,-803.200000,336.663000
966.096000,-762.880000,345.000000
1023.800000,-719.080000,339.580000
978.628000,-679.400000,334.700000
931.800000,-718.026000,329.800000
1001.168000,-741.400000,344.920000
954.708000,-686.468000,345.000000
1083.800000,-630.220000,319.854000
1052.075000,-604.600000,325.139000
1038.800000,-654.760000,323.431000
1082.360000,-664.600000,321.716000
1077.320000,-658.660000,326.000000
987.100000,-618.967000,325.028000
970.558000,-606.400000,324.540000
969.100000,-609.350000,324.050000
972.376000,-665.400000,325.562000
977.434000,-646.933000,326.000000
965.000000,-663.163000,341.419000
962.888000,-626.200000,337.254000
949.000000,-635.968000,333.106000
955.320000,-663.200000,328.958000
950.136000,-643.701000,343.000000
1066.900000,-584.444000,327.382000
1019.844000,-542.000000,322.990000
930.900000,-567.812000,336.598000
1013.724000,-596.000000,332.188000
1023.108000,-555.986000,340.000000
813.700000,-1082.852000,326.612000
794.660000,-1059.400000,323.928000
779.700000,-1087.731000,321.233000
807.682000,-1100.400000,329.549000
789.424000,-1061.286000,330.000000
892.700000,-1025.574000,325.344000
836.198000,-988.700000,337.440000
819.700000,-1081.915000,333.536000
822.401000,-1091.700000,329.616000
884.889000,-1074.396000,340.000000
809.800000,-1004.440000,330.201000
781.177000,-995.800000,327.029000
780.800000,-1002.940000,336.844000
788.050000,-1055.800000,333.672000
795.329000,-1032.880000,337.000000
773.400000,-1095.475000,335.920000
762.948000,-1072.200000,332.000000
721.400000,-1080.525000,328.096000
745.528000,-1097.200000,324.176000
727.016000,-1082.300000,338.000000
772.800000,-1040.352000,353.296000
762.425000,-1000.200000,326.944000
747.800000,-1030.776000,408.484000
764.750000,-1056.200000,382.132000
765.675000,-1010.896000,433.000000
840.300000,-947.559000,374.090000
805.132000,-920.900000,354.980000
784.300000,-961.180000,335.948000
834.252000,-973.900000,394.916000
802.388000,-972.681000,401.000000
844.200000,-843.274000,330.987000
791.996000,-824.200000,346.863000
782.200000,-888.484000,341.739000
788.710000,-890.200000,336.594000
839.860000,-874.558000,351.000000
769.300000,-828.424000,357.720000
768.292000,-824.700000,342.348000
751.300000,-833.912000,389.913000
757.042000,-873.700000,374.541000
760.984000,-851.601000,393.000000
742.725704,-866.619090,382.416000
755.028897,-830.482861,367.044000
736.928910,-841.442954,351.672000
733.375483,-868.915461,336.237000
740.248625,-839.848748,393.000000
869.700000,-756.956000,329.050000
845.550000,-742.700000,342.658000
819.700000,-756.230000,338.248000
857.050000,-764.700000,333.856000
857.350000,-745.384000,343.000000
907.900000,-762.140000,336.124000
883.505000,-736.100000,331.714000
872.900000,-785.840000,327.322000
906.500000,-796.100000,340.912000
885.500000,-790.580000,343.000000
836.811676,-782.646475,334.960000
804.483850,-755.932297,483.136000
800.155014,-755.580727,435.116000
789.471753,-793.205177,387.292000
826.786290,-798.760546,529.000000
909.000000,-630.731000,336.672000
901.125000,-630.500000,330.792000
846.000000,-638.948000,348.936000
870.444000,-663.500000,343.080000
882.225000,-646.373000,351.000000
840.600000,-660.039000,389.035000
823.024000,-641.800000,371.223000
788.600000,-652.610000,353.411000
819.904000,-664.800000,335.526000
798.064000,-647.941000,404.000000
897.700000,-613.444000,365.420000
852.436000,-592.600000,527.960000
895.158000,-592.600000,353.595000
815.700000,-617.224000,475.285000
882.530000,-628.600000,422.825000
823.572000,-628.600000,447.765000
906.700000,-556.738000,333.700000
813.248000,-541.000000,330.040000
784.700000,-579.571000,326.380000
788.238000,-584.000000,337.705000
833.134000,-577.077000,340.000000
557.929929,-1131.765208,354.190000
532.298852,-1108.426439,346.870000
529.670202,-1111.071769,339.520000
520.316124,-1140.149180,332.200000
520.311800,-1125.259121,355.000000
525.085779,-1177.141086,384.194000
529.372145,-1148.352168,345.239000
507.817169,-1133.813153,462.581000
480.796324,-1126.563947,465.443000
494.800252,-1158.807234,426.488000
505.685515,-1166.149437,373.223000
512.413245,-1150.828176,485.000000
494.589624,-1103.041411,372.238000
505.733526,-1084.590457,357.354000
487.287473,-1085.792904,342.409000
484.845677,-1103.288552,327.525000
497.188444,-1082.847663,387.000000
584.899506,-1072.882361,341.459000
587.238677,-1026.239787,423.754000
538.232741,-1038.613826,397.158000
557.629954,-1086.606019,370.562000
556.379658,-1083.511152,434.000000
622.897678,-1030.974402,343.376000
601.431372,-997.858594,335.568000
586.040871,-1000.342756,327.760000
588.569599,-1004.221847,351.920000
600.999356,-1014.476935,358.000000
654.766930,-986.513711,336.296000
656.672727,-982.932200,333.601000
630.607115,-963.614878,330.917000
608.389145,-994.812649,328.233000
618.295072,-975.368423,337.000000
650.296296,-964.688487,339.792000
672.135301,-941.946644,330.276000
654.145686,-942.269919,359.760000
642.147368,-962.119197,350.205000
661.698960,-948.680002,366.000000
431.926489,-1099.163383,328.721000
438.660146,-1063.698195,328.477000
402.689156,-1059.788090,328.232000
412.649906,-1098.316885,328.988000
426.183530,-1056.966884,329.000000
455.523548,-1045.834879,335.410000
455.225493,-1022.991773,384.485000
429.735992,-1033.261482,368.625000
440.877800,-1056.122351,352.700000
441.510521,-1052.632422,393.000000
528.790079,-1019.730749,358.384000
521.212592,-999.142168,342.768000
518.965375,-998.091168,327.088000
498.119798,-1019.884431,375.472000
509.713755,-1019.522448,390.000000
518.556437,-990.032439,372.051000
517.243738,-987.632772,360.046000
497.690043,-977.334242,348.090000
482.763021,-1000.668184,336.134000
492.332692,-984.010581,377.000000
543.043627,-1009.118577,337.894000
547.357502,-982.625729,329.598000
515.646638,-961.819205,355.302000
525.380106,-995.211298,346.972000
542.592340,-987.665727,362.000000
590.874133,-967.851285,331.420000
607.040092,-930.916695,330.195000
565.258114,-944.844902,328.975000
567.187291,-978.632544,332.755000
600.703432,-929.004299,333.000000
578.569773,-931.030396,333.332000
588.142753,-906.697166,376.424000
543.362474,-937.665791,362.516000
538.372492,-942.165972,348.551000
555.040229,-947.918629,386.000000
662.270075,-904.097478,336.442000
641.416176,-864.701769,332.050000
636.258780,-867.256829,345.640000
605.312413,-905.924185,341.248000
628.473412,-903.034523,346.000000
676.382752,-870.133899,442.646000
709.044880,-835.307824,410.061000
678.797779,-823.141664,377.609000
662.148014,-856.845804,345.024000
677.350518,-829.537877,461.000000
725.488379,-814.941529,346.526000
732.913490,-795.031789,329.690000
712.401887,-790.796253,381.785000
714.555315,-812.086724,364.949000
731.001161,-800.853691,398.000000
763.900000,-685.342000,365.703000
751.027000,-675.500000,353.698000
742.900000,-689.655000,341.742000
761.296000,-694.500000,378.786000
749.851000,-694.348000,383.000000
742.953800,-707.642195,331.560000
724.022437,-675.085753,361.800000
704.962801,-680.502519,352.040000
706.906152,-684.140201,342.240000
734.199020,-711.141617,370.000000
766.000000,-585.298000,350.552000
763.007000,-578.200000,341.732000
693.000000,-591.616000,368.948000
715.192000,-656.200000,360.164000
732.858000,-622.270000,371.000000
765.700000,-572.680000,350.480000
750.400000,-537.600000,345.600000
705.700000,-553.040000,340.720000
736.780000,-577.600000,335.820000
714.880000,-551.640000,354.000000
708.600000,-564.246000,372.655000
688.944000,-536.400000,535.195000
666.600000,-561.600000,482.520000
697.302000,-578.400000,430.060000
428.484069,-1017.596095,353.400000
417.944910,-983.129606,343.600000
389.160935,-986.388122,333.840000
413.965142,-1025.885474,364.040000
397.967573,-1002.459496,369.000000
480.600960,-968.032161,328.164000
454.329316,-923.589135,390.156000
449.927250,-919.525947,370.066000
431.433564,-946.163740,350.058000
467.916429,-976.470260,410.000000
510.477283,-939.404195,329.975000
507.528937,-934.714540,328.750000
473.905414,-904.681532,332.530000
467.946626,-933.504929,331.310000
486.304937,-932.149637,333.000000
534.117954,-922.744220,345.527000
559.597761,-877.173678,340.403000
512.818682,-862.786456,335.258000
509.532914,-910.689685,330.134000
528.059710,-865.113574,350.000000
601.510074,-870.644316,331.700000
619.115833,-835.657756,343.025000
579.179934,-850.124119,339.365000
578.849505,-881.273925,335.705000
622.269748,-846.035700,344.000000
574.714217,-849.110516,331.004000
569.418407,-824.408285,329.296000
544.154101,-835.254822,327.588000
541.667319,-837.809018,332.873000
552.429832,-844.187396,334.000000
593.471850,-811.545411,360.775000
589.738275,-798.443129,352.235000
587.056360,-800.012697,343.660000
566.440388,-820.521138,335.120000
573.609290,-811.119383,362.000000
617.183837,-801.438842,337.456000
636.421440,-781.279674,329.616000
619.088870,-774.160985,353.808000
609.088785,-793.608113,345.968000
624.255587,-785.932879,358.000000
668.241355,-807.717303,337.500000
670.610679,-776.542897,334.084000
636.608815,-758.700774,330.654000
649.788974,-796.911688,327.238000
651.903527,-763.256837,341.000000
712.120662,-764.010389,335.433000
717.578981,-720.601515,358.838000
670.815975,-733.120287,351.274000
685.896582,-776.817955,343.710000
684.826738,-775.496807,362.000000
432.930346,-920.087221,338.630000
408.976210,-874.145821,334.238000
377.524805,-885.174651,329.828000
379.506642,-890.191455,343.436000
399.002260,-903.044909,347.000000
465.932089,-891.096180,345.632000
467.282357,-888.091917,340.977000
436.050608,-857.389546,336.341000
424.965649,-883.505606,331.705000
427.977627,-866.822126,347.000000
487.531715,-875.560209,333.120000
523.668575,-835.808780,329.216000
490.404922,-830.770466,341.312000
471.993297,-867.336070,337.392000
504.981793,-846.864583,344.000000
468.137490,-839.153144,350.103000
483.597682,-812.397020,342.539000
455.673766,-818.363840,334.944000
452.974588,-842.908325,358.380000
474.613766,-811.210321,359.000000
544.566150,-825.063673,330.074000
546.520439,-807.870154,351.969000
525.915337,-817.005131,344.893000
532.470091,-833.422844,337.788000
533.170282,-831.327171,356.000000
536.390242,-799.259421,329.988000
523.055195,-771.208085,328.524000
520.192455,-768.626305,327.054000
500.575295,-791.118192,331.590000
514.191445,-794.441994,333.000000
581.237370,-792.940961,337.583000
578.085360,-787.618440,334.398000
538.745327,-750.144765,331.226000
534.645315,-781.644924,328.054000
535.735498,-759.298962,339.000000
577.929055,-753.908249,327.698000
592.901173,-736.091443,326.234000
577.148042,-736.526067,330.764000
570.215985,-752.570009,329.300000
586.678852,-741.310325,332.000000
617.891060,-742.060056,331.760000
621.273180,-717.539003,329.310000
596.377259,-718.305282,326.870000
604.423180,-744.401458,334.430000
616.097923,-714.771048,335.000000
594.029364,-720.329078,326.244000
605.409079,-696.773031,351.192000
561.502883,-727.367109,343.140000
555.633784,-732.235620,335.055000
570.699943,-737.464443,357.000000
686.548618,-701.931204,334.220000
657.970814,-649.955890,329.340000
652.216776,-651.240248,344.440000
618.136829,-696.105959,339.560000
645.951549,-696.894265,345.000000
312.457233,-1039.012604,335.248000
331.537049,-993.857229,332.308000
250.545244,-915.435403,329.380000
263.006971,-980.735338,326.440000
256.428849,-932.211309,337.000000
351.037696,-988.950716,334.610000
386.213711,-948.112849,326.070000
348.050657,-959.200583,352.495000
331.524071,-993.396885,343.955000
375.828810,-960.221810,361.000000
345.742408,-957.653050,344.058000
326.337194,-887.954556,338.668000
267.620565,-878.084558,333.300000
316.434556,-961.532666,349.910000
321.642595,-882.757857,352.000000
383.390871,-865.532870,331.092000
356.794439,-811.841125,430.884000
318.229164,-825.653092,398.544000
319.811304,-831.320402,366.336000
365.872882,-874.715737,459.000000
410.665477,-834.275812,336.328000
412.155061,-831.062225,330.938000
371.717220,-788.609914,347.570000
362.975614,-818.001138,342.202000
382.773848,-822.428322,349.000000
451.239639,-798.286533,338.424000
461.082375,-772.171445,335.008000
425.041848,-743.582271,331.592000
430.482789,-777.287529,328.162000
431.124677,-750.879422,341.000000
490.038664,-766.485785,326.000000
488.784144,-733.693354,326.000000
455.634044,-719.714042,326.000000
472.415509,-759.561230,326.000000
493.461614,-746.473930,326.000000
574.984628,-689.752710,334.632000
574.131011,-667.270703,330.712000
550.488079,-674.847116,326.808000
561.737793,-698.047810,338.888000
553.699190,-685.309993,341.000000
557.598179,-706.498597,329.970000
541.077774,-674.531150,328.750000
537.811762,-671.050939,327.525000
519.169861,-693.558587,326.305000
546.487593,-714.620776,330.000000
547.477442,-661.510882,331.192000
547.885695,-659.486909,327.272000
532.351091,-655.745325,339.368000
509.631462,-680.574542,335.448000
528.034164,-669.887752,341.000000
580.215661,-649.266656,343.254000
593.181024,-627.327794,336.910000
570.648679,-619.722819,330.540000
568.408450,-642.807867,324.196000
577.481817,-621.587328,349.000000
284.294937,-839.413386,333.020000
284.606427,-820.715193,359.445000
267.027197,-816.101925,350.905000
274.968241,-838.332480,342.365000
288.823728,-829.374215,362.000000
264.480921,-856.578451,327.896000
232.421473,-792.737404,324.480000
191.703519,-793.079239,321.064000
246.932055,-870.416060,331.634000
216.041011,-823.853969,334.000000
331.635833,-794.399367,326.000000
303.546519,-750.023389,326.000000
299.769838,-749.454910,326.000000
284.109270,-776.941865,326.000000
286.132074,-761.860772,326.000000
278.559779,-720.642294,325.400000
301.393475,-696.844978,324.420000
286.647487,-695.598834,327.444000
272.716367,-715.875773,326.464000
288.478093,-704.994566,328.000000
345.705842,-713.059621,330.194000
353.735111,-700.588744,328.486000
342.409983,-702.516303,326.771000
339.841692,-713.550295,325.063000
347.905927,-700.667601,332.000000
337.190227,-696.706755,324.675000
341.973784,-686.712247,328.450000
329.925598,-693.869169,327.230000
330.069978,-701.845080,326.005000
343.816103,-689.144639,329.000000
369.868511,-687.549993,326.108000
360.642696,-664.854495,325.132000
340.497686,-674.338230,324.152000
340.619005,-676.772837,327.176000
351.264632,-682.339254,328.000000
407.937150,-664.212755,329.680000
409.038400,-660.397145,328.700000
388.832915,-658.154270,327.724000
383.262296,-687.913556,326.748000
384.357750,-672.825859,330.000000
421.414618,-663.043555,331.928000
436.349208,-631.549682,327.292000
410.240723,-629.390191,341.656000
407.381808,-657.387031,337.001000
425.494467,-641.197360,345.000000
402.925506,-605.109431,357.545000
385.294723,-622.919300,345.589000
366.678903,-647.797728,333.584000
393.172253,-618.198397,370.628000
375.547519,-635.282314,372.000000
562.543348,-591.822505,324.352000
574.443542,-566.352315,342.472000
537.777289,-589.106365,336.616000
539.799415,-609.074139,330.736000
541.547253,-606.620641,346.000000
562.900000,-538.739000,333.760000
527.980000,-533.300000,327.904000
522.900000,-533.405000,322.024000
528.340000,-554.300000,340.168000
542.380000,-548.672000,346.000000
518.376890,-641.905207,350.607000
518.073502,-639.093378,343.502000
496.383226,-625.114086,336.426000
481.490932,-649.946303,329.321000
489.961698,-633.850758,354.000000
477.260633,-614.610637,321.000000
493.323304,-587.928047,321.000000
465.485728,-576.856527,321.000000
462.667698,-605.540085,321.000000
484.979627,-594.587703,321.000000
470.500000,-567.519000,321.000000
465.360000,-563.200000,321.000000
460.500000,-567.722000,321.000000
468.270000,-570.200000,321.000000
463.600000,-563.837000,321.000000
452.380675,-578.816953,321.000000
448.437706,-569.312566,321.000000
440.000814,-582.573322,321.000000
448.192098,-588.693891,321.000000
448.355688,-586.365236,321.000000
433.884891,-576.885779,322.812000
426.144019,-567.944865,321.836000
424.785857,-569.777497,324.856000
417.252516,-596.642528,323.880000
424.050996,-588.409821,325.000000
479.100000,-556.260000,321.000000
472.590000,-546.500000,321.000000
437.100000,-549.370000,321.000000
454.698000,-556.500000,321.000000
442.644000,-551.000000,321.000000
406.472804,-578.270828,321.000000
413.794929,-548.454171,321.000000
400.808641,-564.970044,321.000000
399.665289,-585.875467,321.000000
411.477760,-557.670051,321.000000
396.801884,-557.571258,321.000000
396.087634,-541.658996,321.000000
385.889233,-558.572438,321.000000
391.400570,-568.592907,321.000000
395.232968,-541.994229,321.000000
1348.017489,-492.443815,305.288000
1353.967115,-470.009566,347.624000
1312.941312,-487.876422,333.904000
1310.529486,-490.653945,320.240000
1327.649815,-502.629321,360.000000
1269.500000,-498.230000,320.648000
1268.850000,-494.600000,313.788000
1204.500000,-498.860000,334.956000
1222.310000,-524.600000,328.124000
1241.030000,-512.450000,337.000000
1269.000000,-451.573000,323.968000
1262.952000,-416.200000,318.844000
1242.000000,-430.084000,313.720000
1255.149000,-455.200000,308.575000
1246.563000,-431.059000,328.000000
1188.300000,-518.608000,312.814000
1165.524000,-496.400000,323.398000
1136.300000,-514.608000,319.968000
1172.752000,-528.400000,316.552000
1176.704000,-501.744000,324.000000
1131.300000,-505.800000,314.779000
1115.000000,-486.600000,314.047000
1106.300000,-517.920000,313.315000
1129.175000,-526.600000,315.580000
1115.900000,-524.760000,316.000000
1190.100000,-454.488000,319.888000
1124.360000,-449.700000,317.936000
1114.100000,-467.646000,315.976000
1123.904000,-467.700000,314.024000
1189.492000,-463.020000,320.000000
1203.900000,-409.272000,320.886000
1196.474000,-407.400000,312.556000
1109.900000,-414.996000,338.260000
1142.048000,-443.400000,329.930000
1166.206000,-426.336000,342.000000
963.800000,-515.497000,326.313000
953.838000,-496.200000,325.581000
929.800000,-505.952000,324.846000
948.704000,-519.200000,324.114000
936.804000,-503.376000,327.000000
1005.000000,-452.350000,326.264000
969.510000,-433.600000,345.894000
935.000000,-452.740000,339.550000
988.900000,-463.600000,333.206000
991.980000,-436.570000,348.000000
912.300000,-507.230000,380.600000
876.300000,-494.900000,356.200000
862.300000,-520.460000,331.800000
911.450000,-524.900000,407.300000
883.350000,-521.450000,425.000000
911.700000,-452.180000,345.725000
887.416000,-444.300000,339.625000
885.700000,-446.940000,333.500000
890.822000,-484.300000,327.400000
886.454000,-471.140000,347.000000
914.100000,-431.720000,356.464000
906.700000,-402.200000,331.088000
864.100000,-410.570000,409.712000
884.650000,-432.200000,384.232000
895.900000,-415.910000,425.000000
864.200000,-487.730000,388.986000
841.756000,-473.100000,369.710000
802.200000,-482.467000,350.355000
840.950000,-492.100000,331.079000
817.328000,-477.736000,410.000000
863.600000,-443.764000,341.033000
827.950000,-433.200000,400.678000
801.600000,-446.633000,381.402000
853.556000,-452.200000,362.047000
854.362000,-433.770000,410.000000
772.000000,-441.724000,378.153000
772.000000,-478.690000,393.378000
682.054000,-400.000000,356.925000
658.000000,-512.362000,335.610000
658.000000,-451.240000,344.484000
663.928000,-522.000000,401.382000
710.212000,-499.552000,420.000000
707.020000,-462.708000,420.000000
634.400000,-413.996000,385.192000
634.223000,-398.000000,369.022000
575.400000,-414.616000,352.918000
591.094000,-522.000000,336.814000
579.294000,-472.772000,391.000000
574.200000,-511.845000,331.768000
561.831000,-399.300000,321.520000
517.200000,-442.104000,353.272000
544.560000,-522.300000,342.982000
555.561000,-447.147000,361.000000
480.900000,-497.039000,338.516000
468.000000,-469.700000,331.656000
450.900000,-491.618000,324.824000
471.690000,-508.700000,345.992000
459.330000,-476.525000,347.000000
405.300000,-496.154000,317.712000
388.556000,-475.700000,323.760000
379.300000,-508.292000,321.808000
402.882000,-517.700000,319.848000
402.388000,-516.062000,325.000000
499.500000,-415.214000,316.036000
460.032000,-398.500000,316.524000
453.500000,-458.829000,315.014000
459.066000,-459.500000,315.502000
476.316000,-444.128000,315.000000
1271.200000,-295.180000,381.375000
1268.680000,-290.800000,360.550000
1236.200000,-305.619000,339.810000
1247.925000,-363.800000,318.985000
1239.805000,-329.782000,392.000000
1217.300000,-335.358000,336.229000
1203.050000,-315.900000,315.001000
1167.300000,-325.491000,380.686000
1194.700000,-338.900000,359.458000
1202.800000,-323.260000,400.000000
1167.900000,-342.360000,370.420000
1147.940000,-276.000000,349.105000
1127.900000,-342.255000,327.877000
1158.380000,-381.000000,393.649000
1140.620000,-287.130000,400.000000
1100.100000,-318.855000,321.216000
1028.800000,-300.000000,440.664000
1042.800000,-300.000000,327.378000
1000.100000,-337.980000,402.112000
1097.700000,-345.000000,363.402000
1064.000000,-345.000000,396.582000
1092.600000,-340.185000,471.000000
997.200000,-356.875000,367.505000
941.580000,-349.700000,340.800000
937.200000,-351.730000,423.204000
948.600000,-384.700000,396.608000
969.180000,-373.465000,428.000000
998.100000,-293.685000,410.233000
989.700000,-259.000000,383.637000
938.100000,-268.520000,357.041000
962.280000,-294.000000,330.336000
946.500000,-275.275000,428.000000
879.400000,-376.771000,341.330000
871.258000,-358.900000,395.006000
856.400000,-370.078000,377.611000
870.591000,-381.900000,360.287000
873.604000,-364.673000,396.000000
830.200000,-368.148000,372.856000
812.024000,-350.100000,355.216000
798.200000,-372.468000,337.648000
824.792000,-382.100000,392.008000
809.560000,-351.316000,400.000000
889.700000,-315.350000,324.230000
840.434000,-296.800000,386.222000
826.700000,-345.189000,366.132000
829.535000,-349.800000,346.124000
887.306000,-340.472000,405.000000
918.300000,-266.052000,327.488000
822.780000,-261.700000,324.793000
822.300000,-265.764000,333.109000
847.068000,-293.700000,330.425000
877.020000,-281.220000,334.000000
775.600000,-347.905000,416.200000
766.613000,-315.600000,389.604000
732.600000,-327.535000,363.008000
752.896000,-350.600000,336.303000
740.211000,-329.460000,438.000000
769.600000,-297.232000,343.177000
751.834000,-263.200000,410.372000
727.600000,-289.792000,388.656000
756.412000,-311.200000,366.940000
760.570000,-271.984000,415.000000
706.400000,-285.085000,332.360000
675.187000,-253.900000,328.456000
657.400000,-302.284000,324.552000
701.500000,-316.900000,336.632000
676.608000,-314.947000,339.000000
646.650000,-284.192000,373.790000
532.155000,-247.100000,360.370000
511.950000,-376.724000,346.895000
527.171100,-379.100000,333.475000
646.650000,-346.760000,375.000000
534.310200,-373.292000,375.000000
502.100000,-256.844000,326.066000
493.972000,-247.800000,314.796000
375.100000,-273.868000,349.572000
416.629000,-380.800000,338.302000
452.189000,-319.753000,355.000000
407.739000,-349.944000,355.000000
1095.100000,-230.244000,349.520000
1055.068000,-156.800000,339.760000
951.100000,-191.974000,329.960000
1029.004000,-242.800000,320.200000
981.916000,-185.008000,359.000000
1001.212000,-206.766000,359.000000
921.400000,-208.100000,364.156000
921.400000,-199.475000,496.935000
884.575000,-160.100000,553.661000
920.800000,-160.100000,551.653000
846.400000,-206.825000,492.417000
846.400000,-200.675000,355.622000
903.025000,-235.100000,431.173000
851.950000,-235.100000,410.591000
994.700000,-77.953200,323.932000
961.565000,-70.200000,321.736000
947.700000,-85.433400,319.540000
993.196000,-88.400000,326.335000
967.863000,-86.580000,328.000000
1000.258898,-49.052801,345.407000
963.201468,-37.658994,338.792000
959.693302,-37.823092,332.204000
963.887669,-55.263928,325.616000
959.013048,-48.771114,347.000000
848.936463,-121.946655,329.993000
855.071000,-103.983665,324.869000
826.606706,-91.097984,340.745000
830.954497,-110.156726,335.600000
843.657437,-106.899281,344.000000
885.365306,-91.584033,325.356000
877.658075,-64.089472,323.892000
837.620160,-52.880365,322.422000
862.398892,-83.444347,326.958000
853.499637,-56.476081,327.000000
919.714146,-22.115703,321.904000
901.594067,0.610411,333.984000
877.127178,-10.582121,330.080000
908.520905,-30.454180,326.160000
918.579745,-6.659327,336.000000
877.437680,10.003750,321.643000
866.982000,29.247320,318.471000
850.180626,-4.174520,315.286000
849.619743,-8.106462,325.114000
860.418780,-4.563312,328.000000
783.200000,-198.168000,395.608000
743.680000,-191.400000,376.743000
743.200000,-196.993000,357.955000
753.240000,-238.400000,339.167000
746.160000,-220.446000,403.000000
712.800000,-234.000000,321.776000
703.755000,-187.500000,320.312000
667.800000,-204.150000,324.842000
688.725000,-237.500000,323.378000
698.445000,-207.700000,326.000000
638.700000,-210.120000,335.981000
607.990000,-195.800000,328.876000
564.700000,-206.740000,321.800000
614.872000,-215.800000,343.724000
586.086000,-199.600000,345.000000
423.000000,-209.620000,312.209000
402.243000,-189.500000,379.493000
390.000000,-219.900000,357.777000
419.436000,-229.500000,335.972000
419.568000,-228.540000,394.000000
776.400000,-83.240000,323.266000
730.035000,-65.900000,321.070000
721.400000,-124.340000,327.865000
727.230000,-125.900000,325.669000
749.120000,-111.680000,328.000000
769.250000,-1.700000,353.616000
763.230000,1.300000,341.856000
661.750000,-6.220000,330.144000
696.042500,-38.700000,318.384000
673.682500,-20.660000,360.000000
507.800000,-35.128000,308.957000
491.600000,6.200000,303.345000
447.800000,-13.096000,320.710000
479.780000,-41.800000,315.098000
490.880000,-9.880000,326.000000
239.126933,-583.522309,322.652000
241.562209,-566.712967,322.407000
224.767716,-568.183042,322.163000
230.143142,-584.992384,322.919000
236.944095,-565.688369,323.000000
296.500000,-336.416000,312.044000
290.218000,-326.000000,312.800000
287.500000,-345.896000,312.555000
296.149000,-350.000000,312.311000
295.897000,-347.792000,313.000000
283.000000,-312.480000,312.437000
261.136000,-310.500000,312.192000
259.000000,-310.887000,312.948000
263.176000,-319.500000,312.704000
271.984000,-316.746000,313.000000
182.459104,-554.403775,328.632000
180.459742,-549.951160,326.680000
155.807769,-524.212585,324.728000
136.196839,-551.187893,322.768000
150.480424,-533.405070,330.000000
134.194811,-307.553926,313.444000
139.823381,-285.145712,314.956000
115.155961,-277.095301,314.466000
120.685536,-301.363206,313.978000
137.454574,-292.216780,315.000000
112.463258,-620.507305,376.505000
132.556404,-581.644716,355.190000
90.146968,-608.882469,333.962000
87.906854,-638.818542,399.647000
128.432558,-582.917508,410.000000
39.195766,-511.455989,320.070000
101.654757,-545.751214,327.630000
26.166943,-410.605909,325.180000
15.541652,-396.587232,322.740000
-4.100520,-442.361932,330.000000
172.158580,-418.793355,328.800000
152.272357,-374.140576,323.410000
144.083705,-379.709087,340.042000
91.492611,-438.672724,334.674000
127.141990,-429.915546,342.000000
52.974296,-317.856210,340.928000
111.330802,-377.744852,332.632000
112.516879,-339.033135,324.302000
62.742168,-302.464849,316.006000
103.010384,-336.913620,348.000000
34.856767,-308.398067,318.105000
51.205075,-255.121814,343.020000
-1.502664,-254.247830,334.968000
6.696946,-306.780207,326.916000
50.780811,-273.738522,345.000000
364.000000,-180.970000,312.809000
293.206000,-131.500000,308.661000
250.000000,-204.541000,304.513000
350.776000,-228.500000,317.348000
295.600000,-226.948000,320.000000
322.048000,-218.703000,320.000000
303.932924,-52.416863,316.580000
298.244472,-22.953159,313.164000
257.803854,-51.308348,309.734000
258.538195,-54.708369,306.318000
265.519913,-44.930543,317.000000
209.000000,-7.885000,310.363000
207.138000,0.000000,310.118000
171.000000,-17.100000,310.874000
182.856000,-95.000000,310.629000
194.370000,-52.915000,311.000000
170.000000,-186.835000,323.305000
125.290000,0.000000,320.621000
0.000000,-84.710000,317.926000
89.420000,-215.000000,315.242000
37.740000,-73.745000,326.000000
154.020000,-72.455000,326.000000
102.680000,-130.290000,326.000000
68.510000,-17.845000,326.000000
