1522.700000,-1092.636000,304.992000
1522.700000,-1085.265000,305.398000
1512.364000,-1072.200000,304.502000
1519.334000,-1072.200000,305.836000
1505.700000,-1101.021000,304.014000
1505.700000,-1100.709000,304.274000
1520.507000,-1111.200000,305.524000
1510.188000,-1111.200000,304.712000
1513.894000,-1111.122000,306.000000
1512.925000,-1080.156000,306.000000
1493.900000,-1080.548000,306.472000
1493.900000,-1063.106000,306.022000
1486.460000,-1052.600000,307.982000
1488.524000,-1052.600000,306.460000
1469.900000,-1067.594000,307.494000
1469.900000,-1078.338000,306.898000
1483.652000,-1086.600000,307.004000
1476.860000,-1086.600000,307.336000
1487.708000,-1062.664000,308.000000
1472.612000,-1058.652000,308.000000
1570.100000,-965.800000,307.832000
1570.100000,-969.060000,303.261000
1569.716000,-963.400000,306.117000
1562.100000,-963.400000,304.794000
1538.100000,-966.260000,304.409000
1538.100000,-979.060000,306.327000
1546.900000,-983.400000,302.701000
1548.180000,-983.400000,307.860000
1538.164000,-975.280000,308.000000
1563.732000,-966.440000,308.000000
1526.200000,-965.440000,315.320000
1526.200000,-960.610000,313.700000
1515.490000,-952.900000,310.420000
1522.060000,-952.900000,318.080000
1511.200000,-978.250000,305.540000
1511.200000,-977.170000,302.460000
1525.855000,-982.900000,320.660000
1516.315000,-982.900000,306.840000
1515.130000,-979.660000,321.000000
1518.535000,-956.680000,321.000000
1508.400000,-976.348000,305.104000
1508.400000,-962.768000,309.523000
1490.928000,-956.300000,302.899000
1495.716000,-956.300000,302.494000
1466.400000,-971.616000,309.703000
1466.400000,-979.680000,304.465000
1494.918000,-984.300000,307.507000
1481.814000,-984.300000,306.436000
1488.324000,-961.620000,310.000000
1473.834000,-959.100000,310.000000
1482.519178,-720.474382,305.292000
1490.247233,-726.404328,306.993000
1480.587880,-721.818425,325.704000
1478.158922,-724.983905,312.906000
1480.461050,-742.844102,319.089000
1505.223195,-761.844763,318.819000
1515.254101,-760.417188,312.501000
1515.392898,-760.236304,324.732000
1499.176211,-738.476651,327.000000
1483.385366,-724.372144,327.000000
1427.300000,-586.784000,324.848000
1427.300000,-579.203000,318.278000
1407.620000,-569.000000,320.456000
1418.804000,-569.000000,322.220000
1403.300000,-623.207000,316.046000
1403.300000,-619.559000,308.162000
1405.292000,-626.000000,311.654000
1413.356000,-626.000000,312.104000
1404.308000,-613.802000,326.000000
1416.572000,-571.736000,326.000000
1390.800000,-630.540000,313.408000
1390.800000,-624.142000,315.064000
1359.480000,-622.000000,311.456000
1368.000000,-622.000000,308.816000
1330.800000,-631.142000,309.496000
1330.800000,-634.782000,310.568000
1377.900000,-636.000000,315.544000
1357.500000,-636.000000,312.320000
1348.860000,-623.176000,316.000000
1345.260000,-622.308000,316.000000
1366.100000,-616.368000,312.576000
1366.100000,-580.442000,310.145000
1362.292000,-574.600000,309.892000
1359.198000,-574.600000,312.554000
1349.100000,-590.930000,318.197000
1349.100000,-617.748000,314.963000
1357.379000,-620.600000,315.513000
1357.107000,-620.600000,317.372000
1358.637000,-592.172000,319.000000
1364.893000,-620.416000,319.000000
1347.700000,-589.046000,308.312000
1347.700000,-584.741000,309.014000
1324.550000,-580.600000,309.824000
1336.900000,-580.600000,309.452000
1322.700000,-582.937000,309.336000
1322.700000,-620.124000,309.890000
1327.425000,-621.600000,308.846000
1335.125000,-621.600000,308.328000
1343.225000,-608.480000,310.000000
1338.125000,-620.370000,310.000000
1448.900000,-1093.308000,310.480000
1448.900000,-1081.725000,310.095000
1425.664000,-1079.700000,309.260000
1431.954000,-1079.700000,306.190000
1411.900000,-1100.193000,308.040000
1411.900000,-1106.430000,307.285000
1444.867000,-1106.700000,306.815000
1431.251000,-1106.700000,308.380000
1414.897000,-1106.106000,311.000000
1423.185000,-1105.188000,311.000000
1344.200000,-1101.168000,308.000000
1344.200000,-1075.566000,308.000000
1337.600000,-1073.900000,308.000000
1334.520000,-1073.900000,308.000000
1324.200000,-1089.574000,308.000000
1324.200000,-1074.444000,308.000000
1336.060000,-1107.900000,308.000000
1335.180000,-1107.900000,308.000000
1331.020000,-1083.284000,308.000000
1344.060000,-1105.112000,308.000000
1442.100000,-1044.200000,309.032000
1442.100000,-1042.660000,310.088000
1441.012000,-1042.200000,305.112000
1424.760000,-1042.200000,313.592000
1408.100000,-1045.460000,317.208000
1408.100000,-1043.040000,317.096000
1418.130000,-1062.200000,313.288000
1427.650000,-1062.200000,304.600000
1428.534000,-1053.680000,319.000000
1431.254000,-1060.040000,319.000000
1434.000000,-1014.756000,305.340000
1434.000000,-1027.934000,318.100000
1368.674000,-1006.000000,320.440000
1386.296000,-1006.000000,322.480000
1345.000000,-1025.030000,315.560000
1345.000000,-1007.496000,306.860000
1433.733000,-1028.000000,310.660000
1398.489000,-1028.000000,311.240000
1421.629000,-1025.184000,323.000000
1377.841000,-1025.052000,323.000000
1344.900000,-1050.364000,320.569000
1344.900000,-1066.589000,307.139000
1317.868000,-1009.300000,316.404000
1310.118000,-1009.300000,310.862000
1282.900000,-1042.753000,312.256000
1282.900000,-1014.846000,314.585000
1326.238000,-1068.300000,308.108000
1321.774000,-1068.300000,318.308000
1290.402000,-1019.330000,323.000000
1286.434000,-1058.860000,323.000000
1446.100000,-976.096000,310.358000
1446.100000,-974.430000,307.320000
1442.788000,-942.300000,306.928000
1432.012000,-942.300000,310.372000
1422.100000,-951.446000,303.512000
1422.100000,-946.380000,313.438000
1431.724000,-976.300000,314.096000
1437.772000,-976.300000,302.504000
1431.244000,-958.212000,316.000000
1439.980000,-969.976000,316.000000
1399.000000,-964.436000,304.011000
1399.000000,-985.127000,305.076000
1361.200000,-954.800000,303.279000
1371.415000,-954.800000,305.733000
1354.000000,-986.843000,305.544000
1354.000000,-959.618000,303.387000
1358.635000,-987.800000,304.812000
1384.555000,-987.800000,304.044000
1382.845000,-980.078000,306.000000
1373.485000,-980.804000,306.000000
1337.700000,-970.770000,304.308000
1337.700000,-980.769000,304.016000
1329.028000,-951.300000,307.332000
1327.476000,-951.300000,304.892000
1321.700000,-973.509000,306.352000
1321.700000,-956.976000,305.768000
1334.580000,-984.300000,305.376000
1332.980000,-984.300000,306.640000
1336.116000,-953.412000,308.000000
1323.636000,-976.446000,308.000000
1430.300000,-931.384000,335.497000
1430.300000,-931.006000,314.956000
1418.832000,-915.400000,325.493000
1399.045000,-915.400000,323.935000
1383.300000,-922.150000,315.448000
1383.300000,-918.964000,332.914000
1407.129000,-933.400000,305.444000
1417.657000,-933.400000,341.852000
1390.820000,-921.916000,343.000000
1421.323000,-928.648000,343.000000
1308.000000,-849.892000,334.736000
1308.000000,-897.052000,338.144000
1290.972000,-836.500000,323.024000
1295.562000,-836.500000,348.656000
1290.000000,-842.044000,311.264000
1290.000000,-852.628000,311.168000
1293.762000,-908.500000,347.552000
1303.626000,-908.500000,321.680000
1297.560000,-884.020000,356.000000
1298.946000,-887.620000,356.000000
1302.100000,-765.784000,315.613000
1302.100000,-774.416000,334.260000
1292.380000,-753.200000,308.537000
1291.345000,-753.200000,311.611000
1287.100000,-773.454000,330.432000
1287.100000,-759.700000,317.962000
1300.765000,-779.200000,323.356000
1298.845000,-779.200000,324.313000
1297.300000,-778.108000,336.000000
1289.860000,-770.984000,336.000000
1356.800000,-791.530000,308.073000
1356.800000,-791.650000,314.308000
1331.600000,-779.800000,329.997000
1303.304000,-779.800000,320.659000
1284.800000,-787.015000,322.921000
1284.800000,-783.940000,327.010000
1328.936000,-794.800000,315.816000
1343.048000,-794.800000,333.361000
1352.480000,-783.640000,336.000000
1347.584000,-789.670000,336.000000
1451.000000,-762.800000,327.972000
1451.000000,-773.060000,320.304000
1445.540000,-761.600000,319.188000
1370.255000,-761.600000,328.188000
1346.000000,-764.345000,310.404000
1346.000000,-766.130000,300.072000
1379.075000,-776.600000,301.584000
1433.675000,-776.600000,307.956000
1367.000000,-769.910000,336.000000
1404.800000,-771.095000,336.000000
1446.700000,-737.186000,318.648000
1446.700000,-750.506000,331.536000
1436.144000,-723.200000,309.828000
1435.570000,-723.200000,303.420000
1432.700000,-755.945000,301.044000
1432.700000,-735.336000,311.304000
1432.938000,-760.200000,328.224000
1444.754000,-760.200000,319.188000
1439.140000,-754.724000,336.000000
1436.172000,-745.659000,336.000000
1445.200000,-716.040000,312.384000
1445.200000,-716.580000,309.024000
1406.896000,-705.900000,300.624000
1376.236000,-705.900000,319.536000
1361.200000,-714.705000,336.912000
1361.200000,-711.210000,330.048000
1421.596000,-720.900000,325.152000
1435.708000,-720.900000,340.560000
1421.680000,-708.150000,348.000000
1439.824000,-714.615000,348.000000
1359.800000,-737.538000,353.916000
1359.800000,-726.882000,333.000000
1357.272000,-701.500000,343.626000
1346.248000,-701.500000,342.198000
1343.800000,-712.193000,333.378000
1343.800000,-715.560000,351.396000
1350.536000,-738.500000,323.130000
1358.408000,-738.500000,318.594000
1359.480000,-718.076000,354.000000
1353.784000,-722.035000,354.000000
1342.600000,-702.908000,342.996000
1342.600000,-708.340000,346.104000
1310.780000,-699.100000,332.706000
1310.299000,-699.100000,313.302000
1305.600000,-712.974000,322.458000
1305.600000,-704.784000,322.500000
1310.151000,-713.100000,312.210000
1340.343000,-713.100000,331.698000
1314.480000,-709.544000,354.000000
1317.144000,-706.506000,354.000000
1302.800000,-721.440000,332.076000
1302.800000,-723.488000,317.208000
1293.246000,-703.200000,321.786000
1287.517000,-703.200000,326.406000
1285.800000,-725.376000,353.538000
1285.800000,-717.024000,335.604000
1299.825000,-735.200000,343.290000
1302.205000,-735.200000,344.802000
1294.300000,-704.576000,354.000000
1302.800000,-719.296000,354.000000
1268.400000,-1090.640000,310.706000
1268.400000,-1076.340000,314.412000
1261.800000,-1042.900000,323.558000
1245.275000,-1042.900000,318.135000
1243.400000,-1064.625000,319.393000
1243.400000,-1068.090000,321.858000
1256.575000,-1097.900000,315.245000
1268.150000,-1097.900000,308.581000
1262.400000,-1061.655000,324.000000
1260.600000,-1069.135000,324.000000
1228.600000,-1078.646000,311.790000
1228.600000,-1091.542000,310.740000
1218.940000,-1073.500000,310.570000
1219.090000,-1073.500000,311.835000
1218.600000,-1076.507000,309.345000
1218.600000,-1088.504000,307.930000
1220.890000,-1104.500000,308.125000
1218.760000,-1104.500000,309.025000
1218.800000,-1093.309000,312.000000
1222.360000,-1087.481000,312.000000
1220.900000,-1099.140000,311.094000
1220.900000,-1100.060000,309.180000
1200.192000,-1094.500000,310.362000
1190.613000,-1094.500000,309.837000
1189.900000,-1102.490000,309.627000
1189.900000,-1099.600000,310.494000
1218.761000,-1104.500000,311.895000
1191.202000,-1104.500000,311.151000
1198.549000,-1103.870000,312.000000
1191.884000,-1098.750000,312.000000
1216.600000,-1068.130000,307.438000
1216.600000,-1064.650000,307.372000
1213.640000,-1056.700000,307.194000
1216.576000,-1056.700000,307.591000
1208.600000,-1064.215000,307.949000
1208.600000,-1064.740000,307.810000
1213.664000,-1071.700000,307.705000
1209.144000,-1071.700000,307.029000
1212.912000,-1060.225000,308.000000
1214.616000,-1062.685000,308.000000
1195.000000,-1053.160000,309.534000
1195.000000,-1069.144000,311.052000
1194.280000,-1051.000000,311.802000
1194.710000,-1051.000000,311.709000
1185.000000,-1058.344000,311.070000
1185.000000,-1071.232000,309.366000
1188.350000,-1087.000000,310.335000
1185.940000,-1087.000000,310.023000
1192.990000,-1070.188000,312.000000
1189.400000,-1064.428000,312.000000
1187.000000,-1087.008000,320.098000
1187.000000,-1090.128000,320.956000
1175.390000,-1077.700000,317.414000
1186.175000,-1077.700000,312.365000
1172.000000,-1101.256000,314.730000
1172.000000,-1092.962000,314.774000
1172.555000,-1103.700000,312.035000
1173.800000,-1103.700000,317.183000
1172.885000,-1099.306000,321.000000
1173.920000,-1086.722000,321.000000
1148.400000,-1094.000000,311.000000
1148.400000,-1088.900000,311.000000
1124.600000,-1077.600000,311.000000
1144.350000,-1077.600000,311.000000
1098.400000,-1092.800000,311.000000
1098.400000,-1092.925000,311.000000
1135.350000,-1102.600000,311.000000
1105.700000,-1102.600000,311.000000
1114.350000,-1080.825000,311.000000
1139.200000,-1085.625000,311.000000
1231.100000,-1018.988000,309.798000
1231.100000,-1007.372000,310.240000
1227.184000,-998.000000,309.308000
1228.746000,-998.000000,310.678000
1209.100000,-1004.820000,310.820000
1209.100000,-1012.058000,309.116000
1218.802000,-1020.000000,310.330000
1212.884000,-1020.000000,309.554000
1221.838000,-1007.394000,311.000000
1220.188000,-1004.490000,311.000000
1206.100000,-1015.032000,309.695000
1206.100000,-1021.100000,313.660000
1193.780000,-1004.700000,313.470000
1204.238000,-1004.700000,309.755000
1192.100000,-1005.192000,312.250000
1192.100000,-1031.965000,310.850000
1194.102000,-1045.700000,311.025000
1194.872000,-1045.700000,311.945000
1203.846000,-1034.425000,314.000000
1194.788000,-1015.729000,314.000000
1143.300000,-1025.750000,324.306000
1143.300000,-1017.478000,315.416000
1121.184000,-999.900000,320.876000
1137.258000,-999.900000,318.482000
1105.300000,-1033.458000,317.460000
1105.300000,-1032.377000,321.548000
1137.410000,-1046.900000,314.044000
1113.812000,-1046.900000,324.614000
1109.062000,-1000.981000,326.000000
1138.740000,-1011.321000,326.000000
1268.000000,-933.670000,312.333000
1268.000000,-928.680000,311.892000
1259.764000,-925.200000,310.618000
1262.635000,-925.200000,313.425000
1239.000000,-929.360000,308.910000
1239.000000,-932.370000,314.958000
1254.863000,-935.200000,314.202000
1246.250000,-935.200000,309.491000
1249.411000,-928.410000,315.000000
1255.472000,-927.370000,315.000000
1238.900000,-952.085000,311.436000
1238.900000,-957.926000,313.472000
1226.082000,-947.300000,310.460000
1236.170000,-947.300000,310.348000
1225.900000,-951.194000,313.480000
1225.900000,-971.819000,311.224000
1229.137000,-980.300000,312.504000
1229.488000,-980.300000,312.100000
1233.947000,-967.727000,314.000000
1229.228000,-953.603000,314.000000
1224.200000,-961.804000,310.396000
1224.200000,-957.688000,310.720000
1215.944000,-949.400000,313.420000
1221.368000,-949.400000,311.596000
1212.200000,-972.360000,312.440000
1212.200000,-970.932000,312.472000
1223.612000,-977.400000,311.464000
1215.824000,-977.400000,313.348000
1222.748000,-975.076000,314.000000
1223.528000,-954.020000,314.000000
1179.800000,-974.192000,313.356000
1179.800000,-968.540000,311.968000
1170.830000,-965.300000,312.380000
1173.774000,-965.300000,312.844000
1156.800000,-971.564000,311.400000
1156.800000,-974.840000,313.720000
1171.819000,-977.300000,310.424000
1164.344000,-977.300000,310.596000
1159.997000,-967.880000,314.000000
1171.336000,-966.968000,314.000000
1190.200000,-935.970000,319.843000
1190.200000,-942.120000,323.668000
1184.128000,-934.800000,315.695000
1171.192000,-934.800000,310.391000
1124.200000,-941.520000,311.530000
1124.200000,-959.430000,314.114000
1147.630000,-964.800000,324.382000
1147.564000,-964.800000,317.837000
1150.468000,-950.190000,327.000000
1145.320000,-938.190000,327.000000
1268.300000,-860.914000,310.595000
1268.300000,-858.296000,309.580000
1257.184000,-853.500000,309.375000
1263.904000,-853.500000,310.675000
1254.300000,-873.872000,313.150000
1254.300000,-872.134000,311.770000
1255.098000,-875.500000,311.930000
1259.620000,-875.500000,312.865000
1263.512000,-871.342000,314.000000
1254.412000,-855.414000,314.000000
1257.000000,-843.435000,311.118000
1257.000000,-834.132000,311.856000
1251.048000,-830.100000,312.630000
1252.920000,-830.100000,312.294000
1245.000000,-843.288000,312.142000
1245.000000,-848.433000,312.732000
1254.108000,-851.100000,311.652000
1249.872000,-851.100000,311.170000
1256.016000,-832.389000,313.000000
1253.352000,-831.381000,313.000000
1157.500000,-870.590000,316.000000
1157.500000,-847.610000,316.000000
1154.926000,-842.600000,316.000000
1152.742000,-842.600000,316.000000
1144.500000,-852.500000,316.000000
1144.500000,-869.570000,316.000000
1150.493000,-872.600000,316.000000
1150.116000,-872.600000,316.000000
1146.814000,-854.810000,316.000000
1149.492000,-843.650000,316.000000
1145.100000,-861.165000,316.000000
1145.100000,-859.815000,316.000000
1113.600000,-857.700000,316.000000
1131.380000,-857.700000,316.000000
1110.100000,-858.180000,316.000000
1110.100000,-871.575000,316.000000
1115.805000,-872.700000,316.000000
1126.130000,-872.700000,316.000000
1125.430000,-868.275000,316.000000
1112.620000,-857.835000,316.000000
1259.300000,-794.861000,310.720000
1259.300000,-791.135000,310.635000
1247.260000,-790.100000,310.965000
1250.940000,-790.100000,310.416000
1239.300000,-796.706000,310.209000
1239.300000,-798.659000,310.198000
1256.600000,-799.100000,310.454000
1248.980000,-799.100000,310.979000
1253.260000,-790.127000,310.000000
1254.500000,-798.956000,310.000000
1213.100000,-799.547000,313.000000
1213.100000,-754.529000,313.000000
1209.148000,-749.100000,313.000000
1207.328000,-749.100000,313.000000
1200.100000,-775.696000,313.000000
1200.100000,-808.697000,313.000000
1207.471000,-810.100000,313.000000
1206.730000,-810.100000,313.000000
1212.554000,-767.461000,313.000000
1205.924000,-807.538000,313.000000
1200.200000,-756.125000,325.920000
1200.200000,-752.343000,329.813000
1200.122000,-748.500000,321.755000
1194.090000,-748.500000,316.536000
1187.200000,-756.918000,317.607000
1187.200000,-748.683000,320.259000
1190.697000,-809.500000,313.459000
1194.168000,-809.500000,323.982000
1190.034000,-785.039000,330.000000
1188.968000,-805.352000,330.000000
1142.500000,-791.998000,321.500000
1142.500000,-781.962000,320.107000
1116.304000,-781.000000,319.785000
1124.148000,-781.000000,321.640000
1105.500000,-802.840000,318.077000
1105.500000,-781.754000,323.173000
1141.427000,-807.000000,323.369000
1126.294000,-807.000000,324.706000
1123.186000,-804.322000,325.000000
1135.951000,-804.556000,325.000000
1270.600000,-749.173000,312.960000
1270.600000,-739.943000,314.452000
1250.100000,-739.800000,315.984000
1244.500000,-739.800000,315.328000
1220.600000,-746.846000,315.004000
1220.600000,-740.515000,312.204000
1254.250000,-752.800000,314.028000
1250.000000,-752.800000,313.080000
1257.500000,-742.335000,316.000000
1246.150000,-751.240000,316.000000
1238.100000,-689.736000,333.660000
1238.100000,-732.240000,332.725000
1233.172000,-688.900000,329.512000
1213.988000,-688.900000,319.448000
1194.100000,-699.636000,325.347000
1194.100000,-692.464000,323.171000
1210.600000,-732.900000,321.199000
1221.116000,-732.900000,326.894000
1238.012000,-710.592000,334.000000
1202.856000,-726.476000,334.000000
1172.300000,-706.744000,318.440000
1172.300000,-727.288000,317.474000
1151.136000,-696.600000,317.952000
1157.376000,-696.600000,317.912000
1146.300000,-726.872000,317.462000
1146.300000,-700.024000,318.350000
1148.302000,-728.600000,318.974000
1162.914000,-728.600000,318.788000
1152.982000,-721.912000,319.000000
1169.362000,-723.096000,319.000000
1138.700000,-694.725000,320.380000
1138.700000,-699.495000,320.647000
1124.252000,-685.500000,319.648000
1121.900000,-685.500000,321.304000
1110.700000,-695.220000,321.913000
1110.700000,-687.495000,321.961000
1132.512000,-700.500000,321.181000
1129.320000,-700.500000,319.618000
1125.176000,-686.835000,322.000000
1126.800000,-697.530000,322.000000
1202.900000,-661.586000,322.600000
1202.900000,-661.454000,337.803000
1185.024000,-641.500000,339.988000
1151.568000,-641.500000,319.840000
1120.900000,-649.200000,334.376000
1120.900000,-644.998000,324.877000
1160.342000,-663.500000,328.741000
1177.562000,-663.500000,329.914000
1184.614000,-650.014000,341.000000
1142.466000,-658.572000,341.000000
1148.800000,-609.084000,322.580000
1148.800000,-638.564000,317.211000
1112.000000,-599.800000,320.872000
1122.720000,-599.800000,318.744000
1108.800000,-602.088000,319.164000
1108.800000,-607.940000,320.277000
1116.120000,-643.800000,317.449000
1137.480000,-643.800000,321.810000
1110.280000,-629.940000,323.000000
1146.840000,-632.800000,323.000000
1251.400000,-611.932000,317.480000
1251.400000,-628.540000,315.335000
1190.444000,-587.500000,314.796000
1184.956000,-587.500000,317.744000
1153.400000,-623.692000,312.112000
1153.400000,-597.628000,320.153000
1240.130000,-635.500000,320.417000
1226.214000,-635.500000,311.562000
1182.506000,-634.684000,321.000000
1216.022000,-622.252000,321.000000
1253.000000,-580.947000,319.472000
1253.000000,-581.409000,331.504000
1225.460000,-564.000000,311.632000
1193.160000,-564.000000,306.512000
1168.000000,-573.576000,335.824000
1168.000000,-568.956000,313.520000
1217.895000,-585.000000,327.984000
1233.365000,-585.000000,320.528000
1215.345000,-569.901000,338.000000
1195.795000,-578.658000,338.000000
994.600000,-1065.770000,326.787000
994.600000,-1089.502000,323.303000
993.196000,-1062.200000,377.372000
955.180000,-1062.200000,337.976000
940.600000,-1067.572000,361.024000
940.600000,-1071.108000,352.649000
956.206000,-1096.200000,344.609000
983.530000,-1096.200000,367.322000
984.718000,-1081.886000,383.000000
941.410000,-1085.048000,383.000000
1076.100000,-1019.962000,328.218000
1076.100000,-1040.158000,319.578000
1051.348000,-998.200000,323.808000
1050.396000,-998.200000,323.520000
1042.100000,-1044.640000,319.416000
1042.100000,-1013.752000,327.462000
1075.794000,-1052.200000,315.024000
1070.014000,-1052.200000,313.404000
1044.718000,-1045.558000,330.000000
1066.002000,-1033.084000,330.000000
1024.800000,-1033.154000,323.769000
1024.800000,-1035.854000,324.597000
982.660000,-995.300000,321.564000
948.164000,-995.300000,326.568000
926.800000,-1025.648000,319.368000
926.800000,-1012.256000,319.539000
994.714000,-1049.300000,326.172000
1009.806000,-1049.300000,321.510000
959.826000,-1004.750000,327.000000
965.118000,-1028.780000,327.000000
997.556000,-1032.992000,327.000000
995.200000,-973.658000,346.051000
995.200000,-962.150000,322.195000
986.884000,-931.700000,328.727000
944.296000,-931.700000,337.744000
932.200000,-942.788000,382.332000
932.200000,-945.980000,353.293000
957.085000,-973.700000,365.008000
987.199000,-973.700000,368.842000
969.811000,-951.566000,390.000000
937.177000,-956.648000,390.000000
1073.100000,-898.762000,316.694000
1073.100000,-917.254000,319.998000
1021.392000,-885.100000,327.278000
1021.392000,-885.100000,323.064000
1011.100000,-929.536000,323.848000
1011.100000,-901.936000,326.130000
1017.114000,-931.100000,320.432000
1066.838000,-931.100000,315.196000
1064.234000,-920.566000,329.000000
1058.654000,-911.228000,329.000000
1021.800000,-851.375000,325.166000
1021.800000,-854.885000,324.014000
1004.112000,-824.600000,323.702000
993.453000,-824.600000,325.328000
988.800000,-854.660000,322.232000
988.800000,-842.240000,320.642000
1015.167000,-869.600000,320.768000
1019.325000,-869.600000,321.956000
992.661000,-827.705000,326.000000
1003.815000,-848.990000,326.000000
1078.200000,-799.622000,346.247000
1078.200000,-786.338000,364.107000
1071.060000,-751.400000,334.779000
1051.650000,-751.400000,327.400000
1048.200000,-771.380000,323.264000
1048.200000,-773.972000,337.693000
1063.230000,-805.400000,358.796000
1076.730000,-805.400000,347.986000
1059.480000,-771.218000,365.000000
1052.490000,-779.264000,365.000000
1028.200000,-767.268000,327.502000
1028.200000,-787.908000,326.446000
986.840000,-758.100000,322.134000
988.116000,-758.100000,331.264000
984.200000,-761.556000,338.744000
984.200000,-779.412000,336.082000
993.132000,-806.100000,333.376000
1027.188000,-806.100000,340.900000
1012.184000,-790.020000,342.000000
1020.764000,-781.620000,342.000000
986.200000,-772.540000,325.701000
986.200000,-778.900000,336.705000
950.248000,-743.200000,341.577000
933.728000,-743.200000,341.304000
930.200000,-789.640000,336.453000
930.200000,-771.400000,324.903000
980.936000,-803.200000,331.308000
930.368000,-803.200000,329.502000
980.376000,-800.980000,345.000000
959.264000,-771.040000,345.000000
1023.800000,-728.194000,341.420000
1023.800000,-714.678000,343.340000
992.152000,-679.400000,336.540000
935.204000,-679.400000,327.720000
931.800000,-708.912000,331.660000
931.800000,-710.152000,332.100000
987.736000,-741.400000,326.760000
934.468000,-741.400000,336.480000
946.152000,-695.582000,345.000000
950.844000,-706.556000,345.000000
968.232000,-700.294000,345.000000
1083.800000,-609.700000,322.934000
1083.800000,-637.180000,320.603000
1081.730000,-604.600000,321.219000
1039.295000,-604.600000,322.136000
1038.800000,-615.280000,319.511000
1038.800000,-635.920000,323.669000
1052.750000,-664.600000,324.796000
1041.275000,-664.600000,325.202000
1057.520000,-638.140000,326.000000
1079.075000,-629.320000,326.000000
987.100000,-628.997000,324.604000
987.100000,-636.962000,325.082000
973.636000,-606.400000,324.114000
986.830000,-606.400000,325.520000
969.100000,-658.320000,325.626000
969.100000,-638.732000,325.958000
969.316000,-665.400000,325.136000
970.558000,-665.400000,324.396000
981.268000,-656.963000,326.000000
979.594000,-629.174000,326.000000
965.000000,-651.397000,326.714000
965.000000,-644.404000,340.501000
957.800000,-626.200000,339.549000
964.344000,-626.200000,327.224000
949.000000,-647.734000,335.401000
949.000000,-647.438000,330.947000
960.424000,-663.200000,331.236000
950.712000,-663.200000,334.670000
963.976000,-631.935000,343.000000
953.336000,-639.520000,343.000000
1066.900000,-594.866000,336.076000
1066.900000,-567.164000,324.970000
1046.092000,-542.000000,331.666000
1057.788000,-542.000000,328.912000
930.900000,-557.336000,327.274000
930.900000,-574.400000,332.854000
987.476000,-596.000000,322.882000
948.988000,-596.000000,336.796000
957.556000,-566.462000,340.000000
1061.324000,-560.090000,340.000000
1037.116000,-572.186000,340.000000
813.700000,-1070.757000,324.742000
813.700000,-1077.440000,324.247000
784.630000,-1059.400000,322.047000
810.538000,-1059.400000,326.656000
779.700000,-1099.826000,319.363000
779.700000,-1085.066000,329.065000
783.712000,-1100.400000,327.679000
785.106000,-1100.400000,320.474000
795.204000,-1090.191000,330.000000
801.698000,-1072.069000,330.000000
892.700000,-1047.925000,328.192000
892.700000,-1031.342000,336.624000
852.039000,-988.700000,324.288000
884.013000,-988.700000,324.128000
819.700000,-1059.564000,336.368000
819.700000,-1055.856000,327.632000
879.560000,-1091.700000,332.464000
833.205000,-1091.700000,331.136000
871.968000,-993.747000,340.000000
844.155000,-1017.849000,340.000000
890.729000,-1006.210000,340.000000
809.800000,-1048.180000,324.026000
809.800000,-1019.080000,325.313000
802.289000,-995.800000,333.854000
805.595000,-995.800000,328.160000
780.800000,-1019.200000,330.669000
780.800000,-1036.480000,331.007000
795.938000,-1055.800000,327.497000
786.919000,-1055.800000,333.854000
809.104000,-1016.620000,337.000000
781.467000,-1011.220000,337.000000
773.400000,-1076.475000,333.872000
773.400000,-1081.250000,328.624000
723.428000,-1072.200000,329.968000
764.508000,-1072.200000,332.112000
721.400000,-1074.500000,326.048000
721.400000,-1089.800000,335.616000
733.048000,-1097.200000,322.144000
733.724000,-1097.200000,323.120000
733.620000,-1088.325000,338.000000
758.372000,-1077.975000,338.000000
772.800000,-1026.464000,377.056000
772.800000,-1019.016000,403.408000
772.800000,-1017.112000,327.268000
756.225000,-1000.200000,350.704000
767.875000,-1000.200000,427.060000
747.800000,-1044.664000,432.244000
747.800000,-1041.080000,342.604000
747.800000,-1003.336000,365.932000
770.950000,-1056.200000,405.892000
754.375000,-1056.200000,366.256000
760.175000,-1053.008000,433.000000
757.775000,-1011.680000,433.000000
840.300000,-961.551000,340.316000
840.300000,-937.330000,325.964000
819.860000,-920.900000,399.284000
827.812000,-920.900000,343.046000
784.300000,-947.188000,380.174000
784.300000,-960.968000,360.128000
819.468000,-973.900000,361.142000
800.428000,-973.900000,377.132000
826.580000,-933.673000,401.000000
789.172000,-930.387000,401.000000
844.200000,-828.490000,350.202000
844.200000,-842.944000,337.350000
840.046000,-824.200000,345.078000
828.762000,-824.200000,341.949000
782.200000,-837.268000,339.954000
782.200000,-875.812000,346.548000
802.660000,-890.200000,334.809000
801.668000,-890.200000,330.147000
783.130000,-859.774000,351.000000
830.250000,-834.298000,351.000000
769.300000,-842.487000,374.226000
769.300000,-837.342000,371.706000
755.458000,-824.700000,358.854000
764.350000,-824.700000,385.503000
751.300000,-868.800000,343.482000
751.300000,-864.292000,336.300000
751.876000,-873.700000,391.047000
757.420000,-873.700000,350.097000
756.250000,-865.713000,393.000000
759.634000,-830.923000,393.000000
746.505257,-858.623384,357.909000
754.572064,-841.557921,391.362000
752.121367,-829.108478,342.474000
754.580472,-830.270891,342.159000
733.149358,-849.438660,390.102000
728.786888,-858.667534,355.956000
736.283012,-870.289844,374.667000
730.959774,-867.773561,369.753000
749.669654,-834.519755,393.000000
744.739832,-830.534723,393.000000
869.700000,-763.798000,328.294000
869.700000,-747.232000,330.148000
861.050000,-742.700000,341.884000
853.350000,-742.700000,334.090000
819.700000,-749.388000,337.492000
819.700000,-761.620000,338.032000
841.500000,-764.700000,333.082000
839.300000,-764.700000,341.974000
859.450000,-752.226000,343.000000
861.600000,-744.350000,343.000000
907.900000,-751.520000,341.614000
907.900000,-746.900000,335.764000
877.275000,-736.100000,337.204000
895.545000,-736.100000,339.706000
872.900000,-736.460000,332.812000
872.900000,-789.260000,325.648000
877.730000,-796.100000,328.420000
887.530000,-796.100000,329.590000
874.825000,-779.960000,343.000000
891.310000,-739.040000,343.000000
830.663407,-794.507689,462.948000
838.045011,-780.267130,511.360000
823.576330,-808.180046,401.012000
817.827715,-762.849100,414.928000
825.738150,-766.949480,358.284000
811.355541,-759.494244,338.096000
787.895292,-779.232129,367.104000
784.158469,-786.441190,401.208000
793.233609,-768.933470,471.180000
816.079580,-806.997364,515.280000
800.258710,-798.796604,444.132000
786.355521,-791.589876,408.460000
812.979101,-761.642395,529.000000
809.054428,-759.337711,529.000000
909.000000,-658.649000,336.672000
909.000000,-634.724000,332.328000
891.423000,-630.500000,330.792000
883.485000,-630.500000,337.584000
846.000000,-644.030000,348.936000
846.000000,-661.421000,342.840000
880.146000,-663.500000,343.080000
875.610000,-663.500000,348.096000
882.225000,-641.291000,351.000000
902.826000,-663.401000,351.000000
840.600000,-645.273000,341.439000
840.600000,-644.146000,369.982000
789.588000,-641.800000,396.627000
818.188000,-641.800000,385.969000
788.600000,-644.376000,378.742000
788.600000,-663.949000,401.956000
801.288000,-664.800000,360.930000
814.392000,-664.800000,344.943000
832.020000,-656.175000,404.000000
819.280000,-664.133000,404.000000
897.700000,-608.764000,514.845000
897.700000,-595.336000,506.890000
897.700000,-605.452000,337.470000
841.694000,-592.600000,462.385000
860.226000,-592.600000,338.975000
871.296000,-592.600000,483.455000
892.370000,-592.600000,470.555000
849.812000,-592.600000,388.855000
815.700000,-621.904000,409.710000
815.700000,-628.204000,386.060000
815.700000,-592.636000,414.655000
893.272000,-628.600000,357.250000
858.504000,-628.600000,433.145000
871.460000,-628.600000,345.640000
883.924000,-628.600000,478.940000
869.246000,-628.600000,411.645000
906.700000,-573.121000,334.345000
906.700000,-543.150000,327.370000
859.730000,-541.000000,330.685000
847.774000,-541.000000,330.655000
784.700000,-563.188000,327.010000
784.700000,-541.645000,333.940000
863.756000,-584.000000,338.350000
851.556000,-584.000000,337.225000
827.888000,-550.503000,340.000000
902.552000,-580.517000,340.000000
823.862000,-560.221000,340.000000
559.904439,-1128.837877,335.890000
560.291960,-1128.263354,339.100000
558.210421,-1125.904013,328.570000
545.994552,-1117.664306,345.670000
527.695692,-1113.999101,351.220000
530.961937,-1109.156692,352.240000
523.420870,-1142.243357,343.900000
529.920524,-1146.627430,328.810000
539.957246,-1134.250986,355.000000
534.216340,-1145.265838,355.000000
534.401933,-1163.329320,342.377000
524.146335,-1178.533869,450.338000
497.255230,-1126.689035,462.581000
510.996528,-1135.957658,326.159000
490.950399,-1122.436373,397.391000
537.024162,-1153.513519,407.408000
471.480170,-1140.375712,423.785000
484.835934,-1120.574979,360.980000
473.029725,-1144.122829,384.830000
502.560044,-1164.041280,395.801000
484.399976,-1151.792159,454.313000
514.307506,-1171.965043,413.609000
520.190507,-1169.752517,485.000000
490.739518,-1151.576279,485.000000
496.395711,-1101.578871,377.423000
489.193122,-1107.411412,331.734000
504.781993,-1083.415412,362.539000
504.000377,-1082.450197,345.093000
485.481386,-1087.255445,347.655000
496.992472,-1077.933951,358.452000
485.797209,-1104.463597,332.710000
484.347255,-1102.673053,371.811000
498.031671,-1080.196089,387.000000
481.055760,-1091.534096,387.000000
564.609779,-1089.312658,388.547000
564.277938,-1089.581377,369.254000
590.920056,-1068.007016,387.893000
602.322228,-1044.866421,361.951000
588.472145,-1027.762993,393.125000
598.727550,-1040.427364,352.904000
558.522468,-1022.183529,335.355000
568.240678,-1014.313878,416.996000
527.708631,-1047.136083,426.915000
542.546403,-1067.979384,417.650000
549.453823,-1076.509338,331.867000
549.453823,-1076.509338,392.035000
568.188668,-1042.747058,434.000000
560.549884,-1072.279789,434.000000
623.550481,-1030.445772,336.368000
616.119411,-1036.463334,348.976000
599.656689,-995.667042,328.528000
608.027279,-1006.003861,355.984000
596.268111,-992.060900,352.720000
594.973386,-993.109348,330.992000
590.344282,-1006.413399,344.880000
605.724873,-1025.406846,338.000000
608.159332,-1021.983995,358.000000
599.975330,-1013.612799,358.000000
638.959782,-999.314088,326.704000
626.404989,-1009.480759,326.330000
645.271330,-968.852647,335.009000
644.419859,-967.801168,328.739000
611.442696,-979.133919,332.325000
630.921860,-963.360003,331.148000
619.790542,-1008.892203,329.630000
616.550801,-1004.891455,333.557000
655.568815,-982.212534,337.000000
612.170843,-982.535805,337.000000
651.303477,-963.872888,358.356000
650.296296,-964.688487,340.338000
671.786028,-941.515328,348.801000
668.340499,-937.260454,348.879000
653.138505,-943.085518,339.285000
659.657205,-937.806778,357.420000
642.496641,-962.550513,329.769000
644.082528,-964.508921,365.961000
658.222233,-942.327238,366.000000
651.931416,-959.156689,366.000000
449.062558,-1085.286869,328.544000
425.822785,-1104.106066,328.654000
453.307578,-1081.786268,328.299000
432.061092,-1055.549043,328.873000
418.193218,-1047.233148,328.055000
415.222967,-1049.638411,328.092000
398.002474,-1080.228812,328.811000
413.174130,-1098.964247,328.311000
416.137564,-1076.262013,329.000000
413.787832,-1080.434633,329.000000
455.846841,-1045.573082,346.460000
446.197796,-1053.386724,390.790000
455.012782,-1022.729097,330.600000
454.800072,-1022.466422,340.025000
429.412699,-1033.523279,379.675000
443.960871,-1021.742401,354.260000
441.090510,-1056.385027,363.815000
438.079842,-1052.667160,368.495000
439.052218,-1048.935640,393.000000
435.678510,-1033.735333,393.000000
516.768408,-1029.465706,327.536000
515.226551,-1030.714278,343.792000
528.420827,-1008.043598,375.920000
523.542965,-1002.019940,357.808000
506.895521,-1007.865143,360.240000
513.183409,-1002.773312,371.824000
505.385932,-1028.857358,344.624000
507.412343,-1031.359768,385.840000
528.774729,-1018.381787,390.000000
516.153488,-1025.405957,390.000000
518.257236,-990.274727,365.436000
498.129156,-1006.574125,356.910000
517.388481,-987.811516,353.480000
507.820923,-975.996565,367.641000
497.989244,-977.091953,341.475000
496.275637,-978.479605,329.372000
482.618278,-1000.489440,329.519000
489.334385,-1008.783142,340.103000
493.973056,-986.648033,377.000000
494.947314,-995.359241,377.000000
552.330521,-1001.598198,345.136000
544.248203,-1008.143130,358.668000
531.113484,-962.566038,336.840000
531.623234,-963.195526,332.114000
506.359744,-969.339583,328.510000
518.269506,-959.695248,339.560000
507.640823,-973.305107,354.214000
534.419664,-1006.374222,347.006000
525.212142,-986.939625,362.000000
520.354348,-973.432650,362.000000
589.262332,-969.156495,329.220000
584.900989,-972.688241,329.070000
607.767586,-931.815075,328.000000
601.155946,-923.650380,330.165000
566.869915,-943.539692,331.775000
580.570221,-932.445403,331.260000
566.459797,-977.734164,330.555000
568.856249,-980.693536,332.355000
608.532273,-941.870802,333.000000
589.185442,-965.281275,333.000000
552.686150,-951.990541,385.088000
563.684319,-943.084398,358.982000
593.973406,-913.897423,371.180000
587.201289,-905.534556,371.465000
569.246098,-916.705646,357.272000
567.586891,-918.049246,383.948000
543.240285,-948.177196,343.307000
547.904808,-953.937402,339.431000
577.594172,-931.667298,386.000000
565.593717,-932.744484,386.000000
659.836053,-906.068510,341.032000
641.203202,-921.157096,343.084000
643.030383,-866.695149,336.640000
644.248118,-868.198926,329.026000
638.692802,-865.285797,332.248000
623.627050,-877.485802,332.968000
603.698207,-903.930806,345.838000
625.192645,-930.474226,336.910000
618.831586,-896.018850,346.000000
626.480668,-891.735583,346.000000
693.130247,-856.572045,389.845000
688.467372,-860.347967,347.950000
711.198891,-841.940346,384.126000
699.551582,-823.584578,357.260000
693.362216,-815.941347,377.077000
662.050283,-836.703519,457.808000
674.368047,-826.728790,406.204000
679.147494,-822.858470,431.740000
671.641312,-868.569051,425.223000
673.469488,-870.826660,435.331000
664.023979,-858.209019,461.000000
692.984996,-855.518716,461.000000
723.914658,-816.215903,343.145000
727.878103,-813.006369,360.878000
734.289813,-796.731407,395.240000
724.009865,-784.036728,375.989000
713.975607,-789.521879,378.404000
713.839607,-789.632010,391.100000
713.178991,-810.387106,361.499000
720.094593,-818.927163,337.211000
730.296451,-803.161479,398.000000
724.680078,-803.853110,398.000000
763.900000,-677.609000,380.305000
763.900000,-686.577000,371.975000
763.459000,-675.500000,368.300000
743.950000,-675.500000,382.657000
742.900000,-678.388000,356.344000
742.900000,-684.677000,344.388000
748.864000,-694.500000,344.388000
743.215000,-694.500000,355.119000
743.593000,-686.596000,383.000000
750.250000,-684.088000,383.000000
741.403394,-708.897689,357.400000
739.218060,-710.667338,333.480000
726.967657,-678.722797,347.600000
719.802844,-669.874990,342.240000
706.498442,-679.258982,337.840000
711.607399,-675.121830,350.960000
732.280350,-715.474726,368.080000
705.518501,-682.426594,359.720000
714.397355,-689.828493,370.000000
713.909096,-675.458311,370.000000
766.000000,-633.346000,350.300000
766.000000,-619.618000,349.364000
734.975000,-578.200000,341.480000
765.854000,-578.200000,357.248000
693.000000,-621.646000,368.696000
693.000000,-619.930000,365.096000
743.224000,-656.200000,359.912000
697.891000,-656.200000,336.980000
733.369000,-592.240000,371.000000
745.998000,-609.400000,371.000000
710.958000,-621.646000,371.000000
765.700000,-537.800000,337.300000
765.700000,-557.800000,348.220000
758.080000,-537.600000,352.420000
764.020000,-537.600000,352.600000
705.700000,-547.960000,347.520000
705.700000,-560.000000,336.980000
729.100000,-577.600000,342.640000
711.280000,-577.600000,341.340000
754.480000,-556.720000,354.000000
730.540000,-552.560000,354.000000
708.600000,-549.126000,520.575000
708.600000,-556.518000,330.945000
708.600000,-573.486000,507.460000
673.782000,-536.400000,468.115000
706.332000,-536.400000,378.030000
675.168000,-536.400000,438.445000
666.600000,-576.762000,415.440000
666.600000,-561.012000,425.115000
666.600000,-556.308000,369.645000
670.464000,-578.400000,362.980000
671.598000,-578.400000,472.200000
673.026000,-578.400000,515.630000
424.963597,-1020.446917,354.800000
428.414125,-1017.652734,342.400000
422.601252,-988.879709,345.040000
436.508603,-1006.053858,351.160000
392.681407,-983.537301,335.240000
393.870440,-982.574440,359.920000
409.308800,-1020.135371,365.480000
389.295782,-995.421352,368.680000
416.651360,-985.059820,369.000000
424.961765,-1007.144593,369.000000
464.137900,-981.363684,359.570000
475.851044,-971.878567,381.054000
478.111962,-952.958258,339.562000
482.667613,-958.584018,399.012000
441.521639,-926.332676,401.472000
434.732492,-931.830419,334.970000
443.522180,-961.091937,381.464000
431.864019,-946.695308,352.928000
462.583346,-952.697657,410.000000
460.348170,-946.072958,410.000000
506.420581,-942.689247,328.625000
501.641133,-946.559567,332.795000
481.569471,-902.657269,332.405000
506.836685,-933.859680,328.890000
477.962116,-901.396479,331.185000
464.043432,-912.667607,329.985000
462.440073,-926.704902,329.960000
462.408607,-926.666045,331.080000
490.712594,-945.887303,333.000000
478.421191,-911.640494,333.000000
548.759384,-910.887824,347.165000
554.308206,-906.394476,334.691000
547.741365,-862.532248,342.041000
565.865792,-884.914052,339.290000
498.177252,-874.642852,336.917000
501.860924,-871.659874,343.889000
521.389311,-925.331115,331.772000
495.826316,-893.763446,348.488000
493.127163,-887.379359,350.000000
554.865968,-894.593590,350.000000
592.324209,-878.082883,338.075000
612.980748,-861.355547,337.745000
622.853996,-840.274003,334.415000
625.799216,-843.911046,341.030000
588.412428,-842.647793,330.755000
576.988382,-851.898803,329.315000
575.111342,-876.657678,342.080000
568.446839,-868.427703,332.600000
604.994539,-843.580101,344.000000
610.423374,-845.707789,344.000000
581.498701,-843.616549,329.422000
576.066451,-848.015498,333.265000
582.822931,-840.961494,327.707000
579.651156,-837.044678,327.798000
560.683996,-821.869178,332.999000
547.418114,-832.611677,329.331000
547.142407,-844.570188,331.284000
546.594898,-843.894071,330.864000
563.499989,-843.985793,334.000000
564.564454,-827.566883,334.000000
587.975874,-815.995964,330.010000
590.238923,-814.163383,334.245000
591.546312,-800.675870,356.435000
595.702344,-805.808142,341.910000
567.683666,-815.700396,347.895000
570.344614,-813.545603,349.575000
564.624169,-818.278295,339.320000
567.037613,-821.258650,357.240000
575.304558,-824.450383,362.000000
592.817682,-810.686732,362.000000
623.201279,-796.566014,352.432000
632.554230,-788.992143,342.608000
633.060869,-777.129715,344.592000
635.376768,-779.989612,349.616000
613.071429,-779.033813,336.784000
608.180850,-782.994126,356.624000
612.449356,-797.758073,328.976000
607.653935,-791.836221,331.632000
624.382589,-773.785965,358.000000
630.534977,-780.461902,358.000000
662.742271,-812.170374,334.924000
679.397286,-798.683409,338.634000
679.553322,-787.586141,331.494000
674.443241,-781.275716,327.700000
642.130437,-754.229453,328.078000
629.937794,-764.102860,330.766000
640.846331,-785.868444,338.662000
638.765798,-783.299199,333.832000
653.134513,-776.066935,341.000000
656.543751,-764.424973,341.000000
723.498079,-754.797138,340.486000
726.389062,-752.456066,335.433000
709.932738,-711.159191,332.922000
726.798525,-731.986703,342.222000
659.438558,-742.333537,356.327000
665.733440,-737.236042,349.011000
662.076806,-747.402980,348.763000
670.478233,-757.777879,355.800000
691.075193,-759.949816,362.000000
731.946204,-746.733560,362.000000
426.057267,-925.652931,329.828000
435.956552,-917.636647,337.190000
419.432997,-887.058878,343.436000
427.704785,-897.273685,341.132000
384.397883,-879.608941,339.026000
379.550824,-883.534012,345.074000
408.028701,-925.413264,334.634000
392.070395,-905.706397,331.016000
436.893752,-911.452740,347.000000
426.426887,-898.946738,347.000000
447.746874,-905.822277,342.934000
464.300083,-892.417753,342.573000
461.052086,-880.398171,338.298000
457.880311,-876.481356,346.734000
430.921445,-861.543061,333.643000
418.961168,-871.228301,331.895000
431.195921,-891.199351,329.007000
428.788771,-888.226768,336.056000
437.099828,-867.599603,347.000000
449.144881,-867.457806,347.000000
520.591504,-848.788920,336.416000
522.176882,-847.505106,329.264000
508.965133,-817.651542,332.512000
520.678044,-832.115782,332.768000
503.973890,-819.782532,328.592000
464.945620,-851.387002,336.272000
465.929166,-859.847491,340.688000
470.892616,-865.976842,339.776000
487.088075,-852.607238,344.000000
508.452217,-818.066893,344.000000
474.720694,-833.822171,336.246000
486.684079,-824.134413,340.121000
480.637359,-808.741326,328.682000
484.262244,-813.217686,346.910000
449.090562,-823.694813,352.087000
443.710381,-828.051598,353.699000
455.934911,-846.564020,344.523000
449.334599,-838.413313,329.488000
454.515939,-841.258695,359.000000
453.611781,-842.670277,359.000000
537.956524,-830.416043,327.174000
552.266889,-818.827737,347.387000
550.088686,-812.276571,349.098000
549.137153,-811.101526,353.738000
532.524963,-811.652761,342.022000
522.348237,-819.893712,331.089000
528.890517,-829.002438,334.917000
527.610479,-827.421723,337.440000
548.665045,-821.072764,356.000000
527.473937,-825.494066,356.000000
540.423630,-795.993248,331.476000
540.563516,-795.879971,327.090000
540.750426,-793.059875,330.012000
532.020493,-782.279306,328.404000
516.159068,-771.892478,328.548000
520.612114,-768.286472,329.718000
504.276957,-795.689364,327.078000
508.791702,-801.264610,331.032000
512.918403,-784.622926,333.000000
501.238689,-788.743493,333.000000
573.357110,-799.322270,332.331000
581.050855,-793.091998,330.251000
553.126514,-756.796831,329.146000
563.245986,-769.293338,333.098000
523.311209,-762.643068,338.974000
543.524775,-746.274444,335.945000
521.844939,-765.837775,335.789000
542.046123,-790.784160,338.792000
543.086649,-784.537168,339.000000
553.125537,-800.032743,339.000000
581.193068,-751.265103,327.362000
595.424165,-739.740988,329.834000
591.588410,-734.470316,331.892000
591.095023,-733.861034,331.148000
573.884029,-739.169212,330.428000
585.699756,-729.601025,326.462000
571.528747,-754.191135,328.958000
570.277658,-752.646169,327.776000
590.445063,-739.287341,332.000000
571.977250,-749.450389,332.000000
609.451254,-748.894475,334.670000
608.938338,-749.309827,334.510000
628.563228,-726.541461,332.220000
620.910692,-717.091367,326.700000
604.817064,-711.470863,329.780000
609.922913,-707.336228,328.890000
597.133133,-735.398999,327.340000
600.798295,-739.925097,331.080000
601.797886,-714.368684,335.000000
595.338187,-726.270207,335.000000
600.002508,-715.492121,347.331000
566.913187,-742.287325,332.679000
604.219663,-695.304225,339.246000
607.013846,-698.754753,339.906000
602.935643,-693.815522,331.194000
597.958023,-697.846319,347.133000
556.823200,-733.704426,356.142000
561.599741,-739.602964,354.360000
570.650491,-725.190200,357.000000
571.811228,-735.638076,357.000000
668.596546,-716.468505,333.940000
651.157391,-730.590455,336.500000
672.788792,-668.254569,329.040000
671.713913,-666.927204,340.880000
623.540090,-674.462171,344.160000
650.165111,-652.901654,325.260000
641.707395,-725.213184,339.280000
635.181342,-717.154180,329.640000
675.119046,-674.373785,345.000000
639.952525,-704.263934,345.000000
316.059305,-1036.095704,327.244000
314.310727,-1037.511675,335.644000
322.871308,-983.155929,336.316000
292.966003,-946.225953,326.272000
246.943173,-918.352303,333.376000
255.581150,-911.357407,328.900000
271.672713,-991.436638,330.448000
284.756284,-1007.593503,331.528000
316.698075,-999.272517,337.000000
254.068855,-953.751911,337.000000
277.253722,-990.391477,337.000000
383.647518,-962.543803,358.445000
343.588752,-994.982752,332.965000
376.915502,-936.630518,349.905000
382.012997,-942.925400,340.630000
370.618199,-940.925749,341.330000
366.369542,-944.366243,348.295000
325.089270,-985.450568,332.790000
332.609648,-994.737462,355.960000
342.562821,-965.285164,361.000000
349.637011,-987.672295,361.000000
349.057712,-954.968369,344.674000
332.187428,-968.629656,341.242000
320.818683,-881.139763,339.306000
320.818683,-881.139763,346.060000
264.305261,-880.769239,333.916000
289.484790,-860.379259,350.878000
321.953067,-968.347459,350.548000
308.121863,-951.267345,333.696000
280.966235,-911.554845,352.000000
310.651242,-930.793985,352.000000
329.593786,-934.879537,352.000000
369.626062,-876.679393,380.724000
367.140749,-878.691960,435.636000
392.917904,-857.818031,384.816000
376.414131,-836.069428,348.516000
361.733345,-817.940167,332.544000
363.772343,-820.458120,342.444000
331.993973,-814.506569,448.176000
340.788157,-807.385179,361.452000
337.538132,-810.016997,432.072000
345.502679,-863.046608,415.968000
351.211874,-870.096876,390.360000
317.137951,-828.019086,389.832000
366.902233,-839.047030,459.000000
339.642364,-836.199678,459.000000
411.971082,-833.218554,330.234000
394.392041,-847.453781,329.992000
410.078304,-828.497644,346.866000
385.610327,-798.282209,334.788000
370.411615,-789.667173,341.498000
369.292525,-790.573394,339.606000
365.052372,-820.565720,336.108000
382.044022,-841.548661,344.424000
394.500999,-834.240601,349.000000
397.030873,-844.467635,349.000000
462.654359,-789.043075,339.418000
453.631694,-796.349485,333.272000
440.883708,-747.228169,336.002000
441.923345,-748.512014,336.324000
413.627128,-752.825729,332.586000
426.804415,-742.154973,339.390000
413.551554,-756.379194,329.156000
442.290099,-791.868341,328.456000
418.920233,-755.372151,341.000000
444.387501,-779.313508,341.000000
490.759855,-765.901775,326.000000
488.370909,-767.836306,326.000000
487.616125,-732.250971,326.000000
476.811953,-718.908929,326.000000
454.912852,-720.298051,326.000000
461.764171,-714.749963,326.000000
473.583528,-761.003613,326.000000
477.160585,-765.420911,326.000000
478.889061,-727.003719,326.000000
468.145416,-736.823232,326.000000
564.189294,-698.494600,330.888000
569.102411,-694.516036,326.152000
582.287003,-677.342515,326.968000
571.752180,-664.333091,329.656000
561.283414,-666.105227,339.064000
560.832669,-666.470233,333.160000
553.581801,-687.975999,335.144000
560.752278,-696.830800,336.648000
569.417135,-680.711600,341.000000
555.963695,-672.254403,341.000000
557.801014,-706.334344,325.540000
547.478961,-714.692977,326.920000
540.876391,-674.282463,329.315000
542.311242,-676.054356,328.015000
537.608927,-671.215191,328.095000
529.856119,-677.493291,329.110000
519.371244,-693.807274,326.870000
538.150164,-716.997309,325.205000
543.845899,-710.943823,330.000000
543.911580,-704.250957,330.000000
530.668552,-675.122453,338.568000
526.190637,-678.748597,336.136000
543.506884,-654.079528,334.648000
541.154484,-651.174556,339.640000
515.742705,-669.194531,330.744000
526.837240,-660.210354,327.144000
514.019084,-685.992804,326.840000
514.627008,-686.743527,330.648000
540.580917,-651.422846,341.000000
525.528702,-668.980250,341.000000
579.877125,-649.539820,338.288000
584.165245,-646.079743,323.208000
593.454188,-627.666329,331.918000
582.691529,-614.328020,328.902000
570.987215,-619.449655,325.574000
571.167767,-619.303967,334.596000
568.153497,-642.491900,345.230000
575.310392,-651.361537,340.290000
580.639779,-626.193750,349.000000
571.023330,-623.743070,349.000000
291.283943,-834.519632,338.480000
284.118000,-839.537278,338.200000
276.738679,-809.478884,329.940000
278.152545,-811.498094,345.865000
274.782928,-810.671303,356.365000
270.123592,-813.933806,353.530000
266.218906,-825.837134,347.825000
278.145281,-842.869763,361.195000
278.473136,-831.098993,362.000000
282.789352,-833.528725,362.000000
263.380574,-857.453707,320.952000
258.689621,-861.185059,328.848000
234.727889,-795.636968,331.536000
220.593695,-777.867849,331.914000
192.803866,-792.203983,328.106000
203.228206,-783.912088,320.980000
244.684778,-867.590845,324.690000
187.970582,-796.291329,324.046000
244.332692,-861.680069,334.000000
232.440366,-820.399061,334.000000
317.900258,-805.403638,326.000000
321.921035,-802.182388,326.000000
322.460109,-773.631408,326.000000
303.099471,-749.465381,326.000000
288.531640,-758.458405,326.000000
289.430696,-757.738125,326.000000
299.618414,-796.300441,326.000000
277.781814,-769.043909,326.000000
302.459747,-759.209982,326.000000
297.019129,-764.343951,326.000000
302.073028,-699.096371,326.192000
289.163302,-710.925956,325.024000
301.938001,-697.439224,325.216000
294.147770,-688.937679,325.900000
288.201667,-694.174689,324.236000
280.982248,-700.790069,326.776000
272.180624,-715.291112,327.260000
269.449213,-712.310300,327.652000
285.176161,-704.511373,328.000000
291.312890,-706.628739,328.000000
351.687373,-707.578558,327.016000
349.011794,-710.030275,328.976000
350.850340,-697.440570,325.308000
356.187503,-703.265061,330.509000
336.428452,-707.997366,330.593000
341.863660,-703.016915,325.042000
335.970560,-709.325696,328.885000
336.058386,-709.421542,326.575000
342.946368,-711.369991,332.000000
347.847257,-705.075219,332.000000
335.999524,-697.797834,324.140000
337.862624,-696.090617,328.400000
342.375760,-687.150927,327.920000
344.579535,-689.555926,324.495000
331.116301,-692.778091,326.700000
332.012831,-691.956573,325.590000
329.668002,-701.406400,325.475000
326.532588,-697.984696,326.685000
343.126688,-690.782777,329.000000
336.122484,-690.507401,329.000000
359.349955,-696.376109,327.072000
367.401848,-689.619769,324.768000
371.752637,-678.094807,326.096000
374.399636,-681.249378,325.644000
351.016242,-665.512113,325.120000
346.435296,-669.355983,326.520000
348.149905,-685.747814,324.140000
341.830660,-678.216831,327.396000
353.872656,-671.027371,328.000000
368.442363,-686.172410,328.000000
406.551347,-667.767157,328.036000
403.767026,-674.908570,328.016000
392.417028,-653.916743,327.056000
407.659497,-659.859534,328.892000
390.218719,-654.599868,326.080000
382.793864,-673.643637,329.768000
381.249843,-687.128933,329.100000
380.970335,-687.019958,326.644000
390.630448,-679.366186,330.000000
398.351680,-667.876056,330.000000
430.003859,-651.435862,330.731000
432.377202,-648.228473,341.504000
427.490706,-624.994735,326.076000
439.006759,-633.516166,326.665000
401.651482,-640.997884,340.440000
403.730982,-638.187600,330.826000
416.240310,-663.941978,335.785000
400.131823,-652.022324,334.987000
412.972400,-661.240219,345.000000
419.206430,-632.289970,345.000000
403.228859,-605.363975,371.461000
402.242960,-604.536707,329.272000
390.046209,-617.256700,359.456000
396.165547,-609.963957,340.003000
366.375550,-647.543184,347.500000
366.908717,-647.990565,350.734000
388.420767,-623.860998,335.544000
375.210196,-639.604743,361.465000
401.624084,-604.821540,372.000000
401.797920,-604.455686,372.000000
577.269786,-579.465556,339.496000
567.052285,-588.039057,332.560000
581.883166,-575.218514,333.616000
580.101358,-573.095039,337.816000
564.417251,-566.752783,327.760000
541.417532,-586.051838,343.072000
532.359791,-600.207941,345.904000
531.850703,-599.601233,324.328000
548.972910,-585.562959,346.000000
568.815108,-579.134717,346.000000
562.900000,-541.994000,333.256000
562.900000,-540.377000,340.048000
534.180000,-533.300000,327.376000
555.060000,-533.300000,345.304000
522.900000,-551.129000,345.520000
522.900000,-548.609000,326.560000
562.140000,-554.300000,339.664000
533.340000,-554.300000,331.816000
543.260000,-551.948000,346.000000
537.780000,-537.626000,346.000000
500.493583,-656.911084,331.061000
511.245017,-647.889560,326.856000
512.294199,-632.205873,352.985000
515.730542,-636.301146,333.207000
487.454978,-632.605776,345.880000
481.985421,-637.195279,339.558000
487.270236,-656.833809,338.804000
480.397551,-648.643262,345.909000
510.587395,-640.299545,354.000000
498.443381,-625.500171,354.000000
499.904122,-596.919605,321.000000
492.319518,-602.845346,321.000000
497.400830,-593.147043,321.000000
494.530616,-589.473336,321.000000
470.422616,-572.999408,321.000000
455.860177,-584.376832,321.000000
458.590172,-600.321090,321.000000
456.950050,-598.221829,321.000000
464.712153,-578.822566,321.000000
490.192120,-592.675126,321.000000
470.500000,-565.356000,321.000000
470.500000,-565.013000,321.000000
462.260000,-563.200000,321.000000
467.760000,-563.200000,321.000000
460.500000,-569.885000,321.000000
460.500000,-568.849000,321.000000
461.370000,-570.200000,321.000000
463.890000,-570.200000,321.000000
463.380000,-568.674000,321.000000
464.860000,-564.096000,321.000000
450.989238,-582.176179,321.000000
453.558574,-575.973252,321.000000
450.303942,-570.085587,321.000000
452.391910,-570.950451,321.000000
441.399139,-579.197466,321.000000
440.186798,-582.124317,321.000000
446.325861,-587.920871,321.000000
442.408612,-586.298293,321.000000
450.436549,-571.699159,321.000000
446.367757,-570.442437,321.000000
426.453529,-596.975360,321.676000
433.707954,-577.364102,322.248000
433.510198,-570.669697,324.700000
432.499154,-570.295701,323.124000
421.809149,-577.824584,323.724000
416.615522,-591.864781,324.000000
420.203114,-597.733987,322.744000
419.171436,-597.352358,324.876000
429.947352,-581.442744,325.000000
433.131856,-572.960736,325.000000
479.100000,-548.520000,321.000000
479.100000,-548.310000,321.000000
440.040000,-546.500000,321.000000
464.316000,-546.500000,321.000000
437.100000,-547.110000,321.000000
437.100000,-555.340000,321.000000
445.206000,-556.500000,321.000000
454.614000,-556.500000,321.000000
439.956000,-553.260000,321.000000
458.100000,-547.000000,321.000000
410.177220,-568.467374,321.000000
415.055173,-555.558247,321.000000
411.334711,-547.524533,321.000000
413.710739,-548.422359,321.000000
397.104224,-574.773497,321.000000
395.025792,-580.273908,321.000000
402.125507,-586.805106,321.000000
397.897300,-585.207400,321.000000
397.189153,-583.828042,321.000000
409.311576,-547.786304,321.000000
394.624187,-563.931790,321.000000
400.475108,-546.842650,321.000000
398.443387,-542.465551,321.000000
397.781127,-542.238808,321.000000
388.075675,-552.186362,321.000000
383.956417,-564.217730,321.000000
389.044818,-567.786352,321.000000
387.833828,-567.371738,321.000000
395.326591,-549.160946,321.000000
391.701887,-568.638993,321.000000
1358.051126,-486.882079,311.280000
1357.757254,-487.044975,335.360000
1361.714858,-483.986864,353.560000
1357.703543,-476.750260,347.624000
1344.889420,-470.167296,339.896000
1311.513932,-488.667631,359.888000
1312.962746,-495.043661,326.176000
1314.958222,-498.643596,316.152000
1336.604266,-495.120681,360.000000
1316.836200,-499.259336,360.000000
1269.500000,-506.420000,333.360000
1269.500000,-496.910000,333.416000
1221.530000,-494.600000,326.500000
1239.860000,-494.600000,311.548000
1204.500000,-520.670000,319.668000
1204.500000,-524.240000,317.680000
1204.565000,-524.600000,312.836000
1238.365000,-524.600000,323.812000
1211.520000,-520.640000,337.000000
1220.880000,-522.980000,337.000000
1269.000000,-443.188000,319.810000
1269.000000,-418.189000,310.864000
1257.120000,-416.200000,314.665000
1256.013000,-416.200000,315.463000
1242.000000,-438.469000,309.541000
1242.000000,-416.746000,320.062000
1260.981000,-455.200000,325.417000
1256.769000,-455.200000,324.661000
1251.936000,-422.674000,328.000000
1267.380000,-452.080000,328.000000
1188.300000,-528.080000,314.900000
1188.300000,-497.200000,316.944000
1180.916000,-496.400000,311.484000
1161.936000,-496.400000,320.010000
1136.300000,-505.136000,322.054000
1136.300000,-497.680000,323.076000
1157.360000,-528.400000,318.638000
1166.096000,-528.400000,312.142000
1168.956000,-511.248000,324.000000
1168.956000,-525.008000,324.000000
1131.300000,-498.120000,313.270000
1131.300000,-526.560000,315.427000
1110.200000,-486.600000,315.538000
1117.975000,-486.600000,313.081000
1106.300000,-525.600000,314.803000
1106.300000,-489.240000,313.738000
1108.975000,-526.600000,314.071000
1121.275000,-526.600000,314.395000
1128.500000,-517.080000,316.000000
1114.200000,-521.320000,316.000000
1190.100000,-460.248000,318.640000
1190.100000,-467.214000,312.968000
1148.604000,-449.700000,316.688000
1147.616000,-449.700000,314.720000
1114.100000,-461.886000,314.728000
1114.100000,-451.356000,316.464000
1175.584000,-467.700000,312.776000
1161.600000,-467.700000,318.216000
1125.272000,-450.780000,320.000000
1114.404000,-464.856000,320.000000
1203.900000,-439.224000,327.380000
1203.900000,-441.492000,322.722000
1180.588000,-407.400000,319.084000
1148.910000,-407.400000,330.168000
1109.900000,-421.044000,310.754000
1109.900000,-411.648000,337.614000
1157.934000,-443.400000,336.458000
1171.094000,-443.400000,311.026000
1148.158000,-420.288000,342.000000
1174.948000,-436.776000,342.000000
963.800000,-500.386000,324.930000
963.800000,-517.406000,326.235000
931.500000,-496.200000,324.198000
943.026000,-496.200000,326.892000
929.800000,-498.063000,326.463000
929.800000,-499.512000,324.549000
937.042000,-519.200000,325.731000
952.818000,-519.200000,325.203000
952.478000,-511.288000,327.000000
942.720000,-514.370000,327.000000
1005.000000,-448.000000,323.300000
1005.000000,-460.480000,323.482000
959.360000,-433.600000,342.956000
960.410000,-433.600000,329.176000
935.000000,-457.090000,336.612000
935.000000,-438.700000,334.870000
999.050000,-463.600000,330.242000
984.210000,-463.600000,340.564000
999.890000,-462.220000,348.000000
939.760000,-456.520000,348.000000
912.300000,-518.240000,404.000000
912.300000,-521.000000,361.900000
894.600000,-494.900000,379.600000
879.150000,-494.900000,383.800000
869.600000,-494.900000,380.600000
862.300000,-509.450000,355.200000
862.300000,-500.780000,405.700000
893.150000,-524.900000,330.700000
898.750000,-524.900000,327.600000
872.900000,-524.900000,416.400000
871.650000,-502.460000,425.000000
900.050000,-517.070000,425.000000
911.700000,-447.340000,335.275000
911.700000,-478.060000,339.025000
910.244000,-444.300000,329.150000
893.786000,-444.300000,344.500000
885.700000,-451.780000,323.050000
885.700000,-453.180000,324.975000
893.994000,-484.300000,341.925000
905.330000,-484.300000,330.450000
897.322000,-466.300000,347.000000
897.218000,-472.820000,347.000000
914.100000,-413.420000,349.184000
914.100000,-426.740000,424.272000
876.200000,-402.200000,323.704000
878.350000,-402.200000,343.048000
901.950000,-402.200000,358.752000
864.100000,-428.870000,402.328000
864.100000,-409.640000,365.824000
865.150000,-432.200000,376.848000
903.150000,-432.200000,388.600000
894.150000,-432.200000,396.088000
899.450000,-427.640000,425.000000
870.650000,-422.810000,425.000000
864.200000,-485.868000,331.869000
864.200000,-488.148000,355.095000
835.680000,-473.100000,391.514000
818.258000,-473.100000,372.396000
802.200000,-484.329000,372.238000
802.200000,-478.306000,389.697000
847.026000,-492.100000,352.962000
852.234000,-492.100000,406.998000
862.154000,-475.855000,410.000000
852.978000,-485.659000,410.000000
863.600000,-451.630000,390.329000
863.600000,-447.754000,379.743000
853.556000,-433.200000,370.974000
816.046000,-433.200000,397.044000
801.600000,-438.767000,351.698000
801.600000,-438.900000,335.345000
827.950000,-452.200000,332.422000
853.246000,-452.200000,352.646000
815.674000,-441.617000,410.000000
833.034000,-445.265000,410.000000
772.000000,-432.696000,375.717000
772.000000,-490.280000,413.823000
772.000000,-503.944000,367.365000
772.000000,-488.816000,351.444000
673.504000,-400.000000,354.402000
681.598000,-400.000000,345.876000
677.722000,-400.000000,339.525000
658.000000,-521.390000,333.174000
658.000000,-439.772000,364.929000
658.000000,-461.732000,398.598000
658.000000,-404.758000,354.750000
672.478000,-522.000000,398.946000
755.926000,-522.000000,383.982000
679.090000,-522.000000,370.671000
713.518000,-490.402000,420.000000
680.230000,-474.298000,420.000000
759.232000,-416.714000,420.000000
739.054000,-423.668000,420.000000
634.400000,-468.184000,340.246000
634.400000,-486.536000,340.906000
634.400000,-479.468000,344.734000
601.006000,-398.000000,390.142000
586.079000,-398.000000,355.360000
575.400000,-484.428000,373.972000
575.400000,-441.648000,369.814000
575.400000,-484.800000,368.428000
624.311000,-522.000000,357.868000
627.556000,-522.000000,384.268000
619.473000,-402.836000,391.000000
627.497000,-470.292000,391.000000
633.456000,-514.808000,391.000000
574.200000,-505.572000,359.782000
574.200000,-483.924000,342.226000
574.200000,-456.249000,327.526000
558.924000,-399.300000,349.534000
526.035000,-399.300000,351.424000
517.200000,-448.377000,339.244000
517.200000,-445.794000,360.622000
517.200000,-509.385000,342.562000
547.467000,-522.300000,328.996000
569.070000,-522.300000,327.820000
517.599000,-440.751000,361.000000
549.747000,-467.811000,361.000000
521.760000,-491.304000,361.000000
480.900000,-476.018000,338.908000
480.900000,-495.518000,343.220000
451.800000,-469.700000,332.076000
454.770000,-469.700000,321.352000
450.900000,-473.639000,325.216000
450.900000,-485.456000,327.484000
457.890000,-508.700000,346.384000
478.980000,-508.700000,333.616000
458.880000,-494.465000,347.000000
458.670000,-490.409000,347.000000
405.300000,-495.020000,320.608000
405.300000,-502.412000,318.416000
387.828000,-475.700000,318.656000
381.978000,-475.700000,320.168000
379.300000,-509.468000,324.696000
379.300000,-493.760000,321.920000
403.610000,-517.700000,322.744000
404.312000,-517.700000,323.672000
392.976000,-514.886000,325.000000
403.922000,-496.910000,325.000000
499.500000,-444.738000,316.618000
499.500000,-435.710000,316.022000
482.296000,-398.500000,315.106000
457.042000,-398.500000,315.584000
453.500000,-429.366000,315.594000
453.500000,-426.316000,315.146000
482.802000,-459.500000,316.084000
498.948000,-459.500000,316.708000
489.656000,-412.591000,315.000000
482.710000,-427.719000,315.000000
1271.200000,-294.888000,386.135000
1271.200000,-333.432000,375.085000
1271.200000,-340.805000,376.530000
1268.540000,-290.800000,365.395000
1237.985000,-290.800000,308.700000
1236.200000,-305.984000,344.655000
1236.200000,-325.986000,327.315000
1236.200000,-339.929000,321.960000
1248.065000,-363.800000,323.830000
1236.690000,-363.800000,345.930000
1237.810000,-329.417000,392.000000
1247.505000,-323.869000,392.000000
1217.300000,-324.042000,371.377000
1217.300000,-328.734000,322.831000
1178.400000,-315.900000,350.149000
1168.550000,-315.900000,341.884000
1167.300000,-336.830000,328.921000
1167.300000,-327.561000,360.937000
1169.350000,-338.900000,394.606000
1169.300000,-338.900000,379.990000
1182.600000,-334.921000,400.000000
1167.850000,-325.721000,400.000000
1167.900000,-344.460000,348.844000
1167.900000,-331.860000,349.975000
1167.900000,-307.080000,367.375000
1148.700000,-276.000000,327.529000
1167.860000,-276.000000,369.028000
1127.900000,-340.260000,393.301000
1127.900000,-331.965000,388.081000
1127.900000,-282.510000,398.608000
1157.620000,-381.000000,371.986000
1130.540000,-381.000000,320.134000
1150.540000,-289.125000,400.000000
1155.860000,-318.105000,400.000000
1100.100000,-342.750000,337.016000
1100.100000,-322.770000,429.446000
1100.100000,-304.545000,396.582000
1081.900000,-300.000000,456.306000
1097.400000,-300.000000,464.048000
1042.400000,-300.000000,345.864000
1038.600000,-300.000000,350.288000
1010.800000,-300.000000,331.644000
1000.100000,-314.130000,417.754000
1000.100000,-325.155000,340.650000
1000.100000,-311.520000,453.304000
1044.600000,-345.000000,379.044000
1009.300000,-345.000000,375.252000
1093.600000,-345.000000,402.586000
1038.300000,-345.000000,356.450000
1096.300000,-345.000000,348.550000
1082.700000,-319.035000,471.000000
1038.800000,-316.875000,471.000000
997.200000,-358.345000,416.228000
997.200000,-366.500000,324.341000
944.160000,-349.700000,389.523000
994.020000,-349.700000,348.212000
950.880000,-349.700000,331.208000
937.200000,-350.260000,362.927000
937.200000,-370.175000,372.083000
946.020000,-384.700000,336.331000
944.280000,-384.700000,395.954000
945.000000,-384.700000,370.339000
942.360000,-374.935000,428.000000
941.700000,-361.915000,428.000000
998.100000,-278.075000,387.888000
998.100000,-274.890000,358.349000
962.940000,-259.000000,361.183000
993.360000,-259.000000,382.220000
940.140000,-259.000000,320.744000
938.100000,-284.130000,334.587000
938.100000,-280.385000,406.091000
989.040000,-294.000000,416.991000
946.740000,-294.000000,320.962000
957.540000,-294.000000,359.766000
958.860000,-259.665000,428.000000
983.880000,-270.305000,428.000000
879.400000,-378.289000,351.412000
879.400000,-368.744000,372.783000
872.776000,-358.900000,334.088000
876.985000,-358.900000,388.332000
856.400000,-368.560000,387.693000
856.400000,-373.551000,332.881000
869.073000,-381.900000,370.369000
860.310000,-381.900000,348.430000
870.338000,-366.191000,396.000000
866.773000,-365.731000,396.000000
830.200000,-354.612000,336.064000
830.200000,-362.964000,398.920000
798.520000,-350.100000,390.496000
826.040000,-350.100000,342.688000
798.200000,-354.004000,372.856000
798.200000,-371.316000,358.456000
806.296000,-382.100000,355.288000
804.472000,-382.100000,374.224000
825.912000,-369.780000,400.000000
802.648000,-358.772000,400.000000
889.700000,-320.067000,392.864000
889.700000,-316.728000,347.354000
846.104000,-296.800000,372.856000
879.872000,-296.800000,365.312000
855.050000,-296.800000,382.614000
826.700000,-340.472000,352.766000
826.700000,-333.317000,383.270000
886.865000,-349.800000,332.758000
840.686000,-349.800000,401.228000
883.904000,-349.800000,330.052000
834.638000,-345.189000,405.000000
878.801000,-309.785000,405.000000
918.300000,-285.284000,329.512000
918.300000,-272.900000,329.699000
880.476000,-261.700000,326.828000
900.828000,-261.700000,332.108000
822.300000,-278.532000,324.133000
822.300000,-284.580000,323.517000
885.372000,-293.700000,332.449000
846.108000,-293.700000,325.926000
859.260000,-268.452000,334.000000
871.740000,-268.708000,334.000000
775.600000,-316.825000,365.188000
775.600000,-326.940000,429.389000
771.472000,-315.600000,338.592000
766.656000,-315.600000,344.260000
732.600000,-323.580000,420.887000
732.600000,-341.535000,368.131000
748.037000,-350.600000,394.291000
744.382000,-350.600000,392.002000
760.335000,-333.415000,438.000000
741.329000,-322.355000,438.000000
769.600000,-279.184000,332.408000
769.600000,-277.504000,346.737000
736.084000,-263.200000,399.692000
759.772000,-263.200000,366.228000
727.600000,-307.840000,377.976000
727.600000,-300.016000,385.719000
730.162000,-311.200000,356.171000
740.200000,-311.200000,405.210000
765.610000,-301.936000,415.000000
765.022000,-271.216000,415.000000
706.400000,-293.653000,335.992000
706.400000,-271.036000,331.720000
681.900000,-253.900000,332.088000
693.660000,-253.900000,335.224000
657.400000,-293.716000,328.184000
657.400000,-303.859000,338.728000
694.787000,-316.900000,324.264000
673.374000,-316.900000,326.232000
665.485000,-260.515000,339.000000
685.771000,-262.783000,339.000000
646.650000,-369.728000,350.415000
646.650000,-279.704000,367.135000
646.650000,-267.824000,351.130000
619.440600,-247.100000,336.940000
608.125800,-247.100000,324.180000
576.336600,-247.100000,333.530000
511.950000,-291.188000,323.520000
511.950000,-355.208000,336.225000
511.950000,-273.632000,370.875000
574.585500,-379.100000,365.045000
559.364400,-379.100000,348.270000
630.486000,-379.100000,353.220000
569.197500,-300.296000,375.000000
547.914900,-262.280000,375.000000
608.395200,-305.312000,375.000000
613.648500,-372.104000,375.000000
542.257500,-340.688000,375.000000
502.100000,-277.991000,322.478000
502.100000,-277.193000,316.820000
502.100000,-375.746000,330.620000
387.292000,-247.800000,311.208000
462.476000,-247.800000,326.848000
411.041000,-247.800000,315.854000
375.100000,-252.588000,345.984000
375.100000,-360.185000,336.922000
375.100000,-300.468000,347.134000
396.309000,-380.800000,334.714000
423.106000,-380.800000,346.996000
384.625000,-380.800000,332.368000
462.095000,-341.033000,355.000000
496.385000,-259.770000,355.000000
478.351000,-280.651000,355.000000
477.970000,-329.994000,355.000000
384.625000,-258.440000,355.000000
1095.100000,-201.950000,320.320000
1095.100000,-173.570000,338.280000
1007.836000,-156.800000,350.520000
1046.428000,-156.800000,347.000000
963.916000,-156.800000,321.120000
951.100000,-220.268000,340.760000
951.100000,-231.706000,355.760000
1076.236000,-242.800000,330.960000
1009.276000,-242.800000,324.520000
989.836000,-242.800000,335.480000
1087.180000,-242.714000,359.000000
1043.692000,-162.304000,359.000000
1081.996000,-161.272000,359.000000
1075.660000,-181.654000,359.000000
921.400000,-221.825000,519.023000
921.400000,-172.775000,524.294000
921.400000,-203.075000,394.778000
921.400000,-197.150000,325.753000
921.400000,-232.025000,327.761000
898.300000,-160.100000,457.528000
894.100000,-160.100000,328.263000
913.450000,-160.100000,565.207000
854.725000,-160.100000,456.022000
915.775000,-160.100000,341.064000
846.400000,-193.100000,396.284000
846.400000,-227.375000,382.981000
846.400000,-218.975000,484.636000
846.400000,-180.575000,335.291000
846.400000,-168.350000,354.618000
889.225000,-235.100000,335.040000
878.650000,-235.100000,437.950000
881.200000,-235.100000,404.316000
895.600000,-235.100000,465.811000
857.200000,-235.100000,367.921000
994.700000,-72.402200,323.617000
994.700000,-72.802600,319.954000
994.230000,-70.200000,321.412000
976.370000,-70.200000,321.925000
947.700000,-72.784400,319.216000
947.700000,-86.998600,323.896000
960.531000,-88.400000,326.020000
969.132000,-88.400000,325.858000
969.555000,-81.029000,328.000000
948.593000,-70.418400,328.000000
999.544560,-52.502212,326.831000
1000.591794,-47.445309,331.286000
971.714831,-39.422027,320.243000
983.888529,-41.943079,337.199000
956.943445,-51.101647,340.628000
956.579340,-52.859842,343.112000
996.501664,-62.017962,334.040000
976.225876,-57.819048,322.025000
986.590864,-58.097011,347.000000
985.528079,-59.500962,347.000000
851.785233,-117.609818,343.853000
858.109097,-107.982654,338.330000
846.709918,-98.491461,338.729000
845.876785,-97.944195,342.929000
823.757936,-95.434821,333.584000
819.424170,-102.032350,326.528000
839.315579,-115.648930,328.460000
834.287028,-112.345789,331.127000
856.652574,-109.227362,344.000000
831.299068,-109.502481,344.000000
895.362233,-75.585606,325.398000
894.713081,-76.624465,321.252000
889.556190,-71.524240,323.934000
871.346901,-60.145813,322.566000
840.606255,-48.101613,322.464000
843.813061,-42.969650,323.880000
850.449046,-75.977255,321.000000
858.415610,-80.955317,325.194000
850.099694,-60.996232,327.000000
835.941838,-65.005414,327.000000
922.027980,-15.545214,327.568000
924.485308,-8.567252,325.664000
890.886604,4.381104,323.664000
904.333186,-0.354185,329.168000
874.813344,-17.152610,335.744000
883.091131,6.353441,332.672000
877.726572,-19.609783,331.840000
897.564431,-26.595796,320.176000
897.192091,-20.367493,336.000000
907.146398,-27.336615,336.000000
873.992173,0.219702,317.769000
882.136099,23.345635,323.658000
872.013150,27.475572,327.597000
872.013150,27.475572,326.505000
853.626134,5.609528,324.412000
861.783679,28.774134,316.352000
864.396269,-13.310098,321.240000
860.474349,-11.928972,319.199000
876.480948,22.207432,328.000000
859.565770,-6.479787,328.000000
783.200000,-234.123000,399.381000
783.200000,-237.789000,401.306000
774.320000,-191.400000,380.593000
761.360000,-191.400000,341.169000
743.200000,-208.038000,361.805000
743.200000,-195.113000,358.032000
762.600000,-238.400000,342.940000
767.640000,-238.400000,374.895000
744.160000,-209.401000,403.000000
749.040000,-231.632000,403.000000
712.800000,-197.850000,324.158000
712.800000,-235.550000,321.740000
671.220000,-187.500000,322.694000
687.060000,-187.500000,323.054000
667.800000,-190.300000,321.230000
667.800000,-192.750000,324.368000
676.215000,-237.500000,325.760000
696.465000,-237.500000,325.682000
680.580000,-221.550000,326.000000
705.330000,-229.000000,326.000000
638.700000,-205.900000,328.586000
638.700000,-214.500000,333.458000
592.376000,-195.800000,321.481000
594.448000,-195.800000,339.809000
564.700000,-210.960000,343.405000
564.700000,-198.420000,317.160000
630.486000,-215.800000,336.300000
613.762000,-215.800000,323.511000
604.956000,-215.380000,345.000000
603.328000,-211.880000,345.000000
423.000000,-221.620000,320.486000
423.000000,-225.860000,386.346000
412.176000,-189.500000,387.681000
402.408000,-189.500000,316.837000
390.000000,-207.900000,365.965000
390.000000,-195.740000,336.328000
409.503000,-229.500000,344.160000
412.737000,-229.500000,355.819000
416.532000,-200.580000,394.000000
396.930000,-220.620000,394.000000
776.400000,-71.960000,327.226000
776.400000,-118.880000,321.034000
774.750000,-65.900000,325.021000
740.650000,-65.900000,323.005000
721.400000,-75.620000,322.825000
721.400000,-76.820000,324.976000
737.515000,-125.900000,320.629000
760.725000,-125.900000,326.947000
724.920000,-100.400000,328.000000
770.790000,-111.020000,328.000000
769.250000,-14.660000,343.392000
769.250000,-32.980000,337.824000
690.560000,1.300000,331.632000
696.580000,1.300000,348.336000
721.950000,1.300000,350.496000
661.750000,-33.260000,319.920000
661.750000,-7.020000,358.848000
768.712500,-38.700000,356.208000
741.407500,-38.700000,321.360000
747.535000,-38.700000,319.680000
696.580000,-33.620000,360.000000
724.745000,-27.740000,360.000000
507.800000,-27.256000,312.062000
507.800000,-33.688000,322.550000
481.760000,6.200000,306.427000
465.680000,6.200000,304.587000
447.800000,-20.968000,323.815000
447.800000,-5.032000,309.624000
489.620000,-41.800000,318.203000
493.820000,-41.800000,314.661000
482.840000,-2.008000,326.000000
464.240000,-27.400000,326.000000
233.974246,-588.674996,322.134000
236.795602,-585.853640,322.162000
246.729745,-571.880503,322.890000
237.938994,-563.089752,322.381000
229.920403,-563.030355,322.645000
230.039197,-562.911561,322.600000
224.975605,-579.824848,322.401000
230.826207,-585.675449,322.819000
239.468466,-578.547813,323.000000
238.176582,-583.344118,323.000000
296.500000,-333.032000,312.874000
296.500000,-344.696000,312.474000
288.958000,-326.000000,312.630000
289.714000,-326.000000,312.693000
287.500000,-349.280000,312.385000
287.500000,-332.864000,312.912000
288.409000,-350.000000,312.141000
294.871000,-350.000000,312.131000
288.436000,-344.408000,313.000000
293.350000,-341.552000,313.000000
283.000000,-315.819000,312.614000
283.000000,-317.277000,312.786000
270.040000,-310.500000,312.370000
264.304000,-310.500000,312.005000
259.000000,-316.548000,312.125000
259.000000,-313.308000,312.224000
278.296000,-319.500000,312.881000
279.280000,-319.500000,312.443000
267.712000,-311.085000,313.000000
267.112000,-316.098000,313.000000
150.988753,-570.438719,324.832000
156.762476,-567.496861,322.784000
178.388183,-545.885498,322.880000
168.419913,-526.321667,324.536000
151.637858,-526.337261,328.920000
152.920908,-525.683514,326.288000
138.286103,-555.288306,326.968000
144.748658,-567.971783,328.040000
163.060508,-547.786290,330.000000
144.186067,-531.272177,330.000000
144.907479,-296.841258,313.188000
135.821157,-305.927580,313.820000
124.850395,-270.172726,314.700000
127.647003,-272.969333,314.258000
122.120963,-270.130299,314.212000
117.029794,-275.221468,314.696000
110.934534,-291.612203,313.722000
127.986414,-308.664083,313.134000
133.632662,-302.324871,315.000000
131.058793,-296.533667,315.000000
117.248957,-615.721606,395.558000
107.575736,-625.394827,385.814000
97.240663,-635.729900,362.063000
130.978142,-580.066454,374.330000
127.397353,-576.485665,404.867000
85.361269,-613.668168,353.102000
105.115004,-593.914433,336.920000
100.532952,-598.496485,393.209000
89.502087,-640.413775,331.787000
89.722704,-640.634392,355.973000
78.573044,-625.309974,410.000000
104.096771,-608.576999,410.000000
0.038398,-451.158930,325.740000
12.591238,-470.488609,320.340000
86.229928,-555.768215,323.300000
105.972233,-542.947412,322.530000
65.324311,-470.902968,320.860000
71.319697,-480.135054,324.720000
-5.971926,-410.558312,328.410000
-18.407733,-418.634220,326.910000
71.343179,-512.728556,330.000000
58.443415,-467.578188,330.000000
-14.708911,-422.794945,330.000000
176.892583,-414.851931,326.930000
140.237877,-445.369810,327.612000
180.834880,-408.446724,321.540000
154.452936,-376.759647,332.430000
139.349702,-383.650510,338.172000
121.766264,-398.290083,337.248000
93.673191,-441.291795,332.782000
113.974081,-465.674983,320.066000
134.486546,-429.109631,342.000000
142.279074,-429.804508,342.000000
84.917691,-355.924865,315.870000
72.403195,-341.010669,336.372000
125.033805,-366.246667,341.540000
129.495248,-362.503072,343.818000
80.573485,-300.964479,333.244000
104.345313,-329.294641,317.264000
73.552587,-293.393830,324.914000
73.920288,-293.085292,324.710000
59.719054,-322.060996,348.000000
93.036346,-339.016093,348.000000
37.116680,-306.138154,338.235000
42.165422,-301.089412,344.010000
49.078098,-252.994837,330.150000
26.179152,-230.095891,318.237000
-3.762577,-256.507743,322.098000
0.661083,-252.084083,325.464000
8.823923,-308.907184,314.046000
-22.447167,-277.636094,332.691000
25.435276,-243.873159,345.000000
10.178740,-256.504915,345.000000
364.000000,-226.075000,312.095000
364.000000,-184.462000,307.794000
346.102000,-131.500000,307.930000
251.482000,-131.500000,311.517000
250.000000,-159.436000,303.782000
250.000000,-181.940000,315.240000
297.880000,-228.500000,316.634000
256.042000,-228.500000,318.963000
300.502000,-175.053000,320.000000
345.988000,-171.755000,320.000000
285.910000,-149.930000,320.000000
277.246000,-138.193000,320.000000
304.814727,-51.650324,306.850000
295.344933,-59.882290,311.316000
297.754790,-22.389844,303.434000
315.016097,-42.246706,314.382000
256.922051,-52.074887,314.004000
273.944677,-37.277345,303.448000
259.027878,-55.271684,310.588000
258.150530,-54.262411,306.514000
280.582104,-60.476674,317.000000
290.777759,-44.484758,317.000000
209.000000,-54.245000,310.015000
209.000000,-46.930000,310.906000
187.682000,0.000000,310.771000
207.518000,0.000000,310.125000
171.000000,-65.740000,310.526000
171.000000,-54.340000,310.344000
202.312000,-95.000000,310.282000
174.990000,-95.000000,310.563000
207.594000,-4.275000,311.000000
179.284000,-34.485000,311.000000
170.000000,-186.835000,323.305000
170.000000,-100.620000,317.398000
125.290000,0.000000,320.621000
158.950000,0.000000,319.807000
0.000000,-84.710000,317.926000
0.000000,-128.570000,322.216000
89.420000,-215.000000,315.242000
22.270000,-215.000000,324.625000
37.740000,-73.745000,326.000000
154.020000,-72.455000,326.000000
102.680000,-130.290000,326.000000
68.510000,-17.845000,326.000000
124.610000,-178.020000,326.000000
163.540000,-138.675000,326.000000
155.210000,-143.190000,326.000000
59.160000,-12.040000,326.000000
91.970000,-78.690000,326.000000
