1522.700000,-1086.864000,305.568000
1509.848000,-1072.200000,305.080000
1505.700000,-1106.793000,304.590000
1506.023000,-1111.200000,304.102000
1508.998000,-1105.311000,306.000000
1493.900000,-1066.200000,306.514000
1476.332000,-1052.600000,306.026000
1469.900000,-1081.942000,307.538000
1493.780000,-1086.600000,307.048000
1487.180000,-1082.316000,308.000000
1570.100000,-971.880000,306.117000
1547.476000,-963.400000,304.402000
1538.100000,-980.180000,302.694000
1569.140000,-983.400000,307.986000
1546.004000,-981.360000,308.000000
1526.200000,-966.370000,305.080000
1515.955000,-952.900000,320.200000
1511.200000,-977.350000,315.300000
1525.390000,-982.900000,310.420000
1522.810000,-980.560000,321.000000
1508.400000,-969.544000,307.093000
1480.722000,-956.300000,304.897000
1466.400000,-978.420000,302.701000
1505.124000,-984.300000,309.496000
1479.000000,-982.816000,310.000000
1502.061851,-735.470003,304.077000
1474.619583,-729.596461,324.462000
1501.379398,-758.895314,317.874000
1521.222398,-752.639152,311.259000
1519.239375,-752.793954,327.000000
1427.300000,-598.697000,319.232000
1412.660000,-569.000000,314.840000
1403.300000,-611.294000,310.430000
1424.252000,-626.000000,324.038000
1411.796000,-625.715000,326.000000
1390.800000,-629.644000,308.776000
1355.640000,-622.000000,314.824000
1330.800000,-632.038000,312.872000
1381.740000,-636.000000,310.912000
1383.600000,-622.280000,316.000000
1366.100000,-600.820000,314.281000
1356.563000,-574.600000,311.586000
1349.100000,-606.478000,308.902000
1363.125000,-620.600000,317.207000
1356.019000,-576.624000,319.000000
1347.700000,-604.954000,308.088000
1334.275000,-580.600000,309.600000
1322.700000,-608.029000,309.110000
1342.700000,-621.600000,308.622000
1346.050000,-583.388000,310.000000
1448.900000,-1096.413000,308.585000
1429.919000,-1079.700000,307.365000
1411.900000,-1097.088000,306.140000
1440.612000,-1106.700000,309.920000
1428.920000,-1082.211000,311.000000
1344.200000,-1095.762000,308.000000
1334.420000,-1073.900000,308.000000
1324.200000,-1094.980000,308.000000
1339.240000,-1107.900000,308.000000
1343.940000,-1077.878000,308.000000
1442.100000,-1055.540000,310.424000
1426.324000,-1042.200000,306.520000
1408.100000,-1054.120000,318.600000
1432.818000,-1062.200000,314.696000
1425.576000,-1045.020000,319.000000
1434.000000,-1021.224000,321.740000
1394.840000,-1006.000000,316.860000
1345.000000,-1018.562000,311.960000
1407.567000,-1028.000000,307.080000
1348.560000,-1009.630000,323.000000
1344.900000,-1051.544000,312.987000
1319.108000,-1009.300000,308.822000
1282.900000,-1041.573000,321.674000
1324.998000,-1068.300000,317.509000
1318.054000,-1020.510000,323.000000
1446.100000,-967.460000,314.376000
1436.716000,-942.300000,310.960000
1422.100000,-960.082000,307.530000
1437.796000,-976.300000,304.114000
1424.356000,-949.576000,316.000000
1399.000000,-980.045000,304.071000
1382.485000,-954.800000,303.339000
1354.000000,-971.267000,305.604000
1382.350000,-987.800000,304.872000
1381.900000,-962.654000,306.000000
1337.700000,-977.337000,307.324000
1332.212000,-951.300000,306.344000
1321.700000,-966.942000,305.368000
1331.396000,-984.300000,304.388000
1324.052000,-959.979000,308.000000
1430.300000,-930.034000,314.464000
1415.354000,-915.400000,304.419000
1383.300000,-923.500000,335.415000
1410.607000,-933.400000,325.411000
1414.978000,-920.566000,343.000000
1308.000000,-896.764000,345.296000
1302.708000,-836.500000,333.584000
1290.000000,-867.172000,321.824000
1300.026000,-908.500000,310.112000
1293.600000,-858.892000,356.000000
1302.100000,-775.612000,314.279000
1298.050000,-753.200000,307.174000
1287.100000,-763.626000,329.098000
1295.095000,-779.200000,321.993000
1298.005000,-761.936000,336.000000
1356.800000,-793.090000,327.996000
1339.160000,-779.800000,320.891000
1284.800000,-785.455000,313.815000
1321.448000,-794.800000,335.739000
1303.088000,-785.200000,336.000000
1451.000000,-775.250000,307.092000
1427.795000,-761.600000,334.308000
1346.000000,-766.895000,325.488000
1396.820000,-776.600000,316.704000
1427.900000,-767.360000,336.000000
1446.700000,-757.795000,324.120000
1443.942000,-723.200000,315.336000
1432.700000,-735.336000,306.552000
1439.140000,-760.200000,333.732000
1436.998000,-738.333000,336.000000
1445.200000,-720.285000,306.912000
1430.668000,-705.900000,343.152000
1361.200000,-710.460000,331.440000
1397.824000,-720.900000,319.728000
1431.256000,-712.395000,348.000000
1359.800000,-737.871000,337.914000
1357.432000,-701.500000,327.666000
1343.800000,-711.860000,317.376000
1350.376000,-738.500000,349.128000
1349.560000,-718.409000,354.000000
1342.600000,-699.212000,315.780000
1338.012000,-699.100000,347.532000
1305.600000,-702.684000,337.284000
1319.919000,-713.100000,326.994000
1338.419000,-705.834000,354.000000
1302.800000,-704.224000,335.688000
1301.100000,-703.200000,325.398000
1285.800000,-710.592000,315.150000
1291.971000,-735.200000,346.902000
1292.838000,-719.392000,354.000000
1268.400000,-1045.980000,307.629000
1266.525000,-1042.900000,320.481000
1243.400000,-1054.285000,316.316000
1251.850000,-1097.900000,312.168000
1266.900000,-1072.050000,324.000000
1228.600000,-1075.980000,309.550000
1228.090000,-1073.500000,308.330000
1218.600000,-1079.173000,307.110000
1221.740000,-1104.500000,310.885000
1223.270000,-1090.674000,312.000000
1220.900000,-1095.550000,311.952000
1220.063000,-1094.500000,311.217000
1189.900000,-1096.080000,310.485000
1198.890000,-1104.500000,309.753000
1220.714000,-1100.290000,312.000000
1216.600000,-1058.635000,307.457000
1216.584000,-1056.700000,307.213000
1208.600000,-1058.710000,307.968000
1210.728000,-1071.700000,307.724000
1212.768000,-1065.745000,308.000000
1195.000000,-1056.508000,311.790000
1185.220000,-1051.000000,311.058000
1185.000000,-1054.960000,310.326000
1187.410000,-1087.000000,309.591000
1185.470000,-1073.572000,312.000000
1187.000000,-1082.328000,314.444000
1172.690000,-1077.700000,311.749000
1172.000000,-1079.910000,320.065000
1175.255000,-1103.700000,317.381000
1180.610000,-1094.652000,321.000000
1148.400000,-1082.650000,311.000000
1101.900000,-1077.600000,311.000000
1098.400000,-1079.125000,311.000000
1108.050000,-1102.600000,311.000000
1103.450000,-1094.500000,311.000000
1231.100000,-1002.972000,309.700000
1211.190000,-998.000000,309.212000
1209.100000,-998.814000,310.724000
1212.796000,-1020.000000,310.234000
1222.894000,-1013.400000,311.000000
1206.100000,-1014.991000,313.120000
1193.766000,-1004.700000,311.895000
1192.100000,-1005.192000,310.675000
1194.116000,-1045.700000,309.450000
1194.256000,-1034.384000,314.000000
1143.300000,-1012.825000,316.158000
1110.734000,-999.900000,312.742000
1105.300000,-1046.336000,323.312000
1109.860000,-1046.900000,319.896000
1131.178000,-1035.103000,326.000000
1268.000000,-928.190000,313.390000
1243.872000,-925.200000,311.682000
1239.000000,-934.840000,309.974000
1241.755000,-935.200000,308.259000
1245.003000,-932.930000,315.000000
1238.900000,-957.992000,310.976000
1228.396000,-947.300000,313.996000
1225.900000,-978.320000,313.020000
1226.823000,-980.300000,312.040000
1235.442000,-973.601000,314.000000
1224.200000,-959.144000,312.868000
1214.792000,-949.400000,311.892000
1212.200000,-975.020000,310.912000
1212.764000,-977.400000,313.936000
1215.332000,-972.416000,314.000000
1179.800000,-969.764000,310.760000
1162.343000,-965.300000,313.784000
1156.800000,-975.992000,312.808000
1157.306000,-977.300000,311.828000
1174.901000,-975.452000,314.000000
1190.200000,-946.680000,321.288000
1141.690000,-934.800000,317.123000
1124.200000,-960.810000,312.975000
1190.068000,-964.800000,325.810000
1144.924000,-960.900000,327.000000
1268.300000,-862.762000,309.685000
1258.346000,-853.500000,313.465000
1254.300000,-872.024000,312.240000
1267.936000,-875.500000,311.020000
1266.074000,-873.190000,314.000000
1257.000000,-839.445000,312.220000
1248.768000,-830.100000,311.732000
1245.000000,-847.278000,311.242000
1256.400000,-851.100000,312.754000
1249.404000,-849.399000,313.000000
1157.500000,-856.670000,316.000000
1148.894000,-842.600000,316.000000
1144.500000,-866.420000,316.000000
1156.525000,-872.600000,316.000000
1156.122000,-870.890000,316.000000
1145.100000,-865.110000,316.000000
1122.770000,-857.700000,316.000000
1110.100000,-869.235000,316.000000
1141.635000,-872.700000,316.000000
1124.835000,-872.220000,316.000000
1259.300000,-794.762000,310.970000
1247.020000,-790.100000,310.214000
1239.300000,-796.805000,310.459000
1256.840000,-799.100000,310.703000
1258.240000,-799.028000,310.000000
1213.100000,-782.162000,313.000000
1205.443000,-749.100000,313.000000
1200.100000,-793.081000,313.000000
1211.176000,-810.100000,313.000000
1206.262000,-750.076000,313.000000
1200.200000,-783.087000,329.609000
1192.855000,-748.500000,325.444000
1187.200000,-790.956000,321.296000
1197.964000,-809.500000,317.148000
1187.213000,-750.940000,330.000000
1142.500000,-796.366000,321.150000
1122.483000,-781.000000,319.442000
1105.500000,-798.472000,324.727000
1135.248000,-807.000000,323.019000
1124.999000,-782.690000,325.000000
1270.600000,-747.795000,315.696000
1244.800000,-739.800000,314.716000
1220.600000,-748.224000,313.740000
1259.550000,-752.800000,312.760000
1223.300000,-740.957000,316.000000
1238.100000,-717.060000,323.749000
1216.452000,-688.900000,319.584000
1194.100000,-716.356000,332.436000
1227.320000,-732.900000,328.288000
1219.664000,-693.872000,334.000000
1172.300000,-717.848000,318.740000
1160.132000,-696.600000,318.252000
1146.300000,-715.768000,317.762000
1165.306000,-728.600000,317.274000
1149.082000,-701.016000,319.000000
1138.700000,-695.820000,320.032000
1126.296000,-685.500000,319.297000
1110.700000,-694.125000,321.565000
1130.468000,-700.500000,320.830000
1128.452000,-687.930000,322.000000
1202.900000,-657.164000,336.791000
1168.542000,-641.500000,331.156000
1120.900000,-653.622000,325.544000
1176.824000,-663.500000,319.932000
1134.102000,-645.592000,341.000000
1148.800000,-632.228000,318.030000
1133.000000,-599.800000,316.322000
1108.800000,-622.944000,321.607000
1135.120000,-643.800000,319.899000
1136.280000,-609.084000,323.000000
1251.400000,-624.028000,318.393000
1215.140000,-587.500000,315.709000
1153.400000,-611.596000,313.025000
1215.532000,-635.500000,310.330000
1174.372000,-598.780000,321.000000
1253.000000,-580.485000,313.584000
1223.590000,-564.000000,337.744000
1168.000000,-574.038000,329.936000
1219.765000,-585.000000,322.128000
1230.985000,-569.439000,338.000000
994.600000,-1089.740000,363.570000
977.212000,-1062.200000,347.222000
940.600000,-1077.602000,330.807000
972.190000,-1096.200000,381.459000
955.018000,-1071.856000,383.000000
1076.100000,-1043.236000,315.294000
1065.968000,-998.200000,328.902000
1042.100000,-1021.366000,324.510000
1061.174000,-1052.200000,320.100000
1069.096000,-1014.832000,330.000000
1024.800000,-1041.632000,323.913000
998.046000,-995.300000,321.708000
926.800000,-1017.170000,319.512000
979.328000,-1049.300000,326.316000
958.258000,-1013.228000,327.000000
995.200000,-968.786000,328.230000
979.513000,-931.700000,381.906000
932.200000,-947.660000,364.511000
964.456000,-973.700000,347.187000
985.561000,-946.652000,390.000000
1073.100000,-926.822000,323.442000
1059.150000,-885.100000,320.026000
1011.100000,-901.476000,316.610000
1041.356000,-931.100000,327.180000
1034.288000,-902.626000,329.000000
1021.800000,-866.495000,320.462000
1015.200000,-824.600000,324.992000
988.800000,-839.540000,323.528000
1004.079000,-869.600000,322.064000
1018.533000,-842.825000,326.000000
1078.200000,-803.024000,343.850000
1072.920000,-751.400000,332.382000
1048.200000,-768.032000,320.867000
1061.370000,-805.400000,356.399000
1061.040000,-774.566000,365.000000
1028.200000,-805.140000,320.506000
1021.512000,-758.100000,337.138000
984.200000,-771.684000,331.770000
1002.460000,-806.100000,326.380000
1026.176000,-779.892000,342.000000
986.200000,-743.440000,334.437000
979.088000,-743.200000,329.292000
930.200000,-758.740000,324.168000
952.040000,-803.200000,340.044000
957.136000,-771.880000,345.000000
1023.800000,-681.136000,344.400000
1014.324000,-679.400000,339.520000
931.800000,-693.970000,334.620000
965.472000,-741.400000,329.740000
932.536000,-710.524000,345.000000
1083.800000,-607.780000,322.101000
1080.245000,-604.600000,320.393000
1038.800000,-617.200000,325.685000
1054.190000,-664.600000,323.970000
1062.830000,-636.220000,326.000000
987.100000,-610.943000,325.834000
986.128000,-606.400000,325.344000
969.100000,-617.374000,324.856000
974.824000,-665.400000,324.366000
970.198000,-638.909000,326.000000
965.000000,-629.937000,332.630000
964.520000,-626.200000,328.482000
949.000000,-632.194000,341.317000
953.688000,-663.200000,337.169000
958.408000,-647.475000,343.000000
1066.900000,-548.804000,337.534000
1066.084000,-542.000000,333.142000
930.900000,-549.398000,328.750000
967.484000,-596.000000,324.340000
946.404000,-574.400000,340.000000
813.700000,-1065.550000,322.707000
780.312000,-1059.400000,320.012000
779.700000,-1064.033000,328.328000
788.030000,-1100.400000,325.633000
801.494000,-1084.984000,330.000000
892.700000,-1006.622000,336.960000
822.839000,-988.700000,333.056000
819.700000,-997.867000,329.136000
835.760000,-1091.700000,325.232000
831.964000,-1055.444000,340.000000
809.800000,-1007.740000,327.679000
782.743000,-995.800000,324.507000
780.800000,-999.640000,334.335000
786.484000,-1055.800000,331.150000
800.926000,-1036.120000,337.000000
773.400000,-1077.775000,334.112000
726.132000,-1072.200000,330.192000
721.400000,-1073.200000,326.288000
730.344000,-1097.200000,322.368000
732.892000,-1089.625000,338.000000
772.800000,-1014.032000,349.840000
750.700000,-1000.200000,431.488000
747.800000,-1001.096000,405.028000
751.475000,-1056.200000,378.676000
766.500000,-1040.576000,433.000000
840.300000,-935.316000,377.834000
792.140000,-920.900000,358.802000
784.300000,-973.476000,339.692000
791.188000,-973.900000,398.660000
799.644000,-960.385000,401.000000
844.200000,-843.736000,333.717000
792.368000,-824.200000,349.572000
782.200000,-888.022000,344.448000
788.338000,-890.200000,339.303000
831.862000,-875.020000,351.000000
769.300000,-840.380000,370.950000
754.702000,-824.700000,355.578000
751.300000,-870.907000,340.143000
752.632000,-873.700000,387.771000
757.204000,-863.606000,393.000000
752.466045,-846.013240,337.749000
747.550326,-826.947757,385.377000
727.188570,-862.048803,369.942000
726.388733,-865.612839,354.570000
741.441132,-863.870478,393.000000
869.700000,-750.818000,335.746000
831.550000,-742.700000,331.336000
819.700000,-762.368000,326.944000
821.000000,-764.700000,340.534000
838.750000,-761.246000,343.000000
907.900000,-759.680000,326.260000
882.070000,-736.100000,339.850000
872.900000,-788.300000,335.458000
872.970000,-796.100000,331.066000
904.680000,-788.120000,343.000000
833.203709,-789.606948,439.428000
812.354334,-760.011968,391.604000
785.354989,-784.132870,343.584000
821.552962,-809.834496,491.760000
801.865664,-794.718639,529.000000
909.000000,-645.086000,327.408000
865.530000,-630.500000,345.528000
846.000000,-657.593000,339.672000
906.039000,-663.500000,333.792000
906.543000,-660.728000,351.000000
840.600000,-652.518000,366.770000
805.968000,-641.800000,348.885000
788.600000,-660.131000,331.073000
836.908000,-664.800000,386.261000
813.976000,-663.420000,404.000000
897.700000,-610.240000,532.045000
845.138000,-592.600000,479.585000
867.770000,-592.600000,471.630000
815.700000,-620.428000,426.910000
889.828000,-628.600000,374.450000
850.960000,-628.600000,350.800000
906.700000,-563.145000,331.540000
831.426000,-541.000000,327.880000
784.700000,-573.164000,339.220000
892.060000,-584.000000,335.545000
850.702000,-583.484000,340.000000
550.788476,-1142.352847,352.300000
543.528166,-1116.000707,344.950000
518.358289,-1127.842370,337.630000
538.103125,-1152.146664,330.310000
533.451741,-1109.721540,355.000000
530.957305,-1168.436192,386.897000
509.164355,-1134.721841,348.101000
487.878815,-1120.364564,439.367000
474.924799,-1135.268841,468.146000
515.008043,-1172.437561,429.350000
471.736427,-1143.250488,350.009000
517.314796,-1141.469026,485.000000
497.548996,-1100.644959,378.216000
504.181622,-1082.674015,363.332000
484.306341,-1088.206977,348.448000
486.397581,-1105.204994,333.503000
499.059454,-1079.062704,387.000000
580.111510,-1076.759604,360.970000
590.798113,-1030.635325,334.265000
543.020738,-1034.736583,416.669000
554.070518,-1082.210481,390.073000
592.641852,-1041.248129,434.000000
619.209343,-1033.961156,351.696000
611.487912,-1010.277387,343.888000
589.729205,-997.356002,336.048000
608.091117,-1028.328915,328.240000
600.500770,-999.156480,358.000000
634.588336,-1002.854015,329.036000
647.888044,-972.084020,326.352000
615.814142,-975.593992,334.668000
617.173828,-1005.660830,331.973000
646.773876,-980.289902,337.000000
655.444111,-960.519869,356.250000
670.388937,-939.790064,346.695000
648.997871,-946.438537,337.179000
643.893732,-964.275777,327.663000
662.872617,-939.603707,366.000000
430.196562,-1100.564250,328.223000
440.325328,-1065.754524,328.979000
404.419083,-1058.387223,328.734000
411.015561,-1096.298637,328.490000
439.779443,-1077.293587,329.000000
448.286765,-1051.695110,373.240000
460.003293,-1028.891865,357.380000
436.972775,-1027.401250,341.520000
436.100000,-1050.222259,390.595000
449.603170,-1026.574423,393.000000
516.021571,-1030.070483,336.880000
528.869533,-1008.597703,385.200000
507.642358,-1007.260366,369.584000
504.937226,-1028.303253,353.968000
525.914634,-1016.376908,390.000000
497.666754,-1006.948571,359.507000
513.871210,-983.468047,347.551000
491.379618,-982.444323,335.546000
486.135549,-1004.832909,372.590000
502.348556,-983.476335,377.000000
542.946484,-1009.197242,331.944000
547.561402,-982.877524,357.648000
515.743781,-961.740540,349.352000
525.176206,-994.959502,341.022000
548.442274,-995.088421,362.000000
579.307093,-977.218089,330.950000
612.260934,-937.363898,329.725000
576.825155,-935.478098,328.505000
561.966449,-972.185342,332.285000
591.195105,-940.816474,333.000000
555.720128,-949.533674,332.591000
593.288705,-913.051888,375.683000
566.212120,-919.162513,361.718000
543.924986,-949.022731,347.810000
579.746265,-928.218324,386.000000
632.054640,-928.565455,337.648000
661.806157,-889.881298,333.256000
624.508334,-876.772153,328.864000
613.241850,-915.716224,342.454000
638.298139,-891.141132,346.000000
678.014758,-868.812326,329.330000
708.119779,-834.165420,429.745000
677.126915,-824.494703,397.293000
663.073115,-857.988209,364.708000
697.787716,-851.359330,461.000000
721.680363,-818.025199,362.327000
736.243853,-799.144446,345.491000
716.209902,-787.712583,397.586000
711.224951,-807.974068,380.750000
723.319049,-799.153250,398.000000
763.900000,-693.588000,380.844000
760.141000,-675.500000,368.888000
742.900000,-681.409000,356.932000
752.182000,-694.500000,344.927000
743.341000,-683.594000,383.000000
733.031201,-715.677358,347.200000
743.053086,-698.586647,337.400000
714.885401,-672.467356,367.640000
716.194921,-695.610875,357.840000
727.997621,-693.580781,370.000000
766.000000,-578.278000,367.508000
756.437000,-578.200000,358.724000
693.000000,-598.636000,349.904000
721.762000,-656.200000,341.120000
698.475000,-615.250000,371.000000
765.700000,-538.600000,341.520000
759.340000,-537.600000,336.640000
705.700000,-547.120000,351.740000
727.900000,-577.600000,346.860000
741.760000,-557.560000,354.000000
708.600000,-538.458000,508.750000
705.156000,-536.400000,456.075000
666.600000,-545.388000,403.615000
681.090000,-578.400000,350.940000
437.250275,-1010.497361,341.920000
437.187010,-1006.891621,332.160000
403.732422,-974.588365,362.360000
394.723041,-1002.123459,352.600000
415.560598,-1006.308645,369.000000
484.032837,-965.253082,393.272000
485.250344,-961.773425,373.264000
446.495374,-922.305026,353.174000
436.383798,-952.276770,333.166000
442.866523,-938.519109,410.000000
508.145845,-941.292156,329.350000
510.707005,-938.639127,328.125000
476.236852,-902.793570,331.905000
464.768558,-929.580342,330.680000
487.906752,-938.894761,333.000000
564.939563,-897.785373,344.603000
534.601155,-846.305441,339.479000
528.625831,-849.986079,334.334000
496.770297,-894.929165,329.210000
513.998355,-879.974486,350.000000
621.280667,-854.634405,332.240000
611.110878,-825.772460,343.580000
606.084727,-828.337047,339.905000
567.974848,-867.844843,336.245000
594.666409,-866.960140,344.000000
579.050691,-845.598908,331.830000
565.925679,-820.095125,330.115000
563.132006,-819.886818,328.407000
545.160047,-842.122178,333.692000
554.557392,-837.948006,334.000000
592.153810,-812.612738,332.705000
590.163695,-798.968480,359.130000
588.349531,-798.965508,350.590000
566.006786,-819.985685,342.050000
578.877414,-820.269095,362.000000
633.162736,-788.499385,346.352000
627.485090,-770.244202,338.544000
625.647205,-768.850150,330.704000
605.438727,-789.100667,354.896000
614.185644,-786.907239,358.000000
678.878929,-799.103165,328.540000
653.418905,-755.312823,339.110000
625.993778,-767.296661,335.694000
630.480166,-773.067295,332.264000
663.378204,-801.803974,341.000000
723.031791,-755.174731,349.073000
710.247398,-711.547764,341.478000
659.904845,-741.955945,333.914000
661.762145,-747.014407,357.350000
681.892818,-749.563937,362.000000
432.802117,-920.191059,330.008000
409.132281,-874.338553,343.616000
377.653034,-885.070813,339.206000
379.311553,-889.950540,334.814000
417.563588,-926.228428,347.000000
460.266695,-895.683926,338.051000
445.844558,-861.618439,333.415000
418.401623,-871.681412,328.779000
418.112350,-875.042486,343.124000
433.583361,-885.328556,347.000000
511.778669,-855.925413,328.048000
512.890204,-822.498601,340.128000
466.157968,-850.405263,336.224000
462.004094,-855.000432,332.320000
489.157448,-873.182140,344.000000
477.527745,-831.549066,342.756000
479.353545,-807.155948,335.192000
446.283511,-825.967918,358.597000
442.115036,-829.497894,351.033000
454.151215,-835.068774,359.000000
545.468416,-824.333032,354.521000
546.022017,-807.254654,347.445000
525.013070,-817.735772,340.369000
532.957185,-834.024355,333.264000
524.511913,-818.790128,356.000000
531.843938,-802.940945,329.538000
527.227589,-776.360562,328.068000
501.424380,-783.824392,332.604000
517.799794,-812.388677,331.140000
511.271305,-800.131663,333.000000
571.142244,-801.115833,337.648000
556.675881,-761.179934,334.476000
525.502760,-760.868384,331.291000
556.054795,-808.083429,328.119000
525.413816,-767.194061,339.000000
585.088124,-748.110949,328.214000
590.002523,-732.511908,326.750000
569.988973,-742.323366,331.286000
573.114635,-756.149543,329.816000
571.320132,-752.198312,332.000000
620.012668,-740.342011,333.430000
619.440599,-715.275954,330.980000
594.255650,-720.023327,328.540000
606.255761,-746.664507,326.100000
591.542064,-727.779547,335.000000
587.060696,-725.972194,334.428000
606.796730,-698.486638,326.376000
568.471551,-721.723993,351.291000
563.685938,-742.179203,343.239000
608.805547,-701.839690,357.000000
668.596546,-716.468505,340.780000
672.750404,-668.207163,335.900000
623.540090,-674.462171,331.020000
641.745783,-725.260589,326.120000
661.951775,-658.113560,345.000000
325.641515,-1028.336183,328.156000
299.592746,-954.409300,325.216000
237.360963,-926.111823,334.288000
295.036232,-1020.288182,331.360000
319.823458,-983.539479,337.000000
358.707350,-982.739953,351.760000
384.026822,-945.412267,343.220000
340.381004,-965.411346,334.645000
333.710959,-996.097468,326.105000
375.805021,-944.510438,361.000000
341.545819,-961.051380,334.598000
333.252796,-896.494613,351.230000
271.817154,-874.686228,345.862000
309.518955,-952.992609,340.472000
347.413615,-923.163101,352.000000
372.653046,-874.228190,417.156000
372.064269,-830.697795,384.816000
328.966990,-816.957772,352.608000
349.852542,-868.418241,452.400000
357.468672,-821.208337,459.000000
397.259709,-845.131589,330.432000
396.145151,-811.291632,347.064000
361.808609,-796.633749,341.674000
378.985525,-837.771731,336.306000
402.801931,-826.900994,349.000000
455.142466,-795.126086,335.806000
454.139083,-763.597194,332.390000
421.139021,-746.742718,328.974000
437.426081,-785.861780,339.544000
441.991779,-756.276235,341.000000
488.866728,-767.434800,326.000000
490.645674,-735.992152,326.000000
456.805980,-718.765027,326.000000
470.553980,-757.262433,326.000000
496.158739,-752.200838,326.000000
568.471368,-695.027044,334.216000
579.058589,-673.355756,330.312000
557.001340,-669.572782,326.392000
556.810215,-691.962757,338.488000
570.164946,-672.879593,341.000000
545.698520,-716.134751,325.245000
554.369020,-690.944473,329.025000
527.151651,-679.683326,327.805000
531.051430,-708.231103,326.580000
555.763199,-704.278667,330.000000
521.879808,-682.239437,333.368000
545.815231,-656.930099,329.448000
524.531448,-662.077547,325.544000
511.701926,-683.131352,337.624000
534.655581,-662.075845,341.000000
580.125385,-649.339499,348.896000
593.253868,-627.418070,342.552000
570.738955,-619.649975,336.182000
568.335607,-642.717591,329.838000
591.668909,-639.354308,349.000000
280.741456,-841.901561,343.415000
288.631786,-826.464002,334.875000
270.580679,-813.613750,361.300000
270.942881,-832.583671,352.760000
280.313399,-824.783277,362.000000
250.581801,-867.634311,333.202000
260.808140,-828.424336,329.772000
205.602639,-782.023379,326.356000
218.545388,-834.729129,322.926000
208.743891,-783.773328,334.000000
313.704664,-808.764942,326.000000
328.237352,-780.842585,326.000000
292.727234,-755.097100,326.000000
293.841172,-789.089264,326.000000
311.778773,-779.440289,326.000000
279.662746,-719.631611,327.556000
301.007038,-696.423256,326.580000
285.544520,-696.609517,325.600000
273.102805,-716.297495,324.624000
284.838417,-698.808196,328.000000
342.988238,-715.549847,327.541000
355.045756,-702.019062,325.826000
345.127587,-700.026078,331.118000
338.531047,-712.119977,329.403000
347.755565,-705.959480,332.000000
331.138654,-702.252000,328.180000
344.016769,-688.941774,326.955000
335.977171,-688.323924,325.735000
328.026993,-699.615554,324.515000
334.449409,-691.072064,329.000000
358.063766,-697.455350,325.236000
373.132059,-679.738738,324.260000
352.302431,-664.432873,327.280000
346.770482,-684.103883,326.304000
361.142613,-682.303429,328.000000
409.094105,-661.245318,329.132000
407.324088,-659.728763,328.152000
387.675960,-661.121707,327.176000
384.976608,-688.581938,326.196000
388.080252,-670.821122,330.000000
440.717807,-636.956792,330.864000
439.752738,-634.068162,326.209000
413.540800,-624.930393,340.573000
403.978278,-654.868551,335.937000
423.523165,-646.640400,345.000000
401.509856,-603.921560,358.721000
399.153224,-606.403382,346.765000
365.796420,-647.057237,334.760000
379.313752,-634.714315,371.804000
375.530099,-637.095267,372.000000
578.138480,-578.736635,326.872000
581.640192,-574.928949,344.992000
563.507190,-567.516414,339.136000
532.602765,-600.497505,333.256000
555.968883,-592.052236,346.000000
562.900000,-535.799000,338.224000
562.380000,-533.300000,332.344000
522.900000,-536.324000,326.488000
533.940000,-554.300000,344.632000
534.980000,-545.753000,346.000000
515.749358,-644.109969,329.321000
502.436408,-620.457815,351.245000
499.010758,-622.909325,344.140000
479.772761,-647.898666,337.064000
500.055575,-651.216305,354.000000
495.574003,-600.302664,321.000000
478.220512,-568.597356,321.000000
474.752735,-569.616348,321.000000
454.991015,-595.714379,321.000000
467.808143,-591.710612,321.000000
470.500000,-564.544000,321.000000
461.100000,-563.200000,321.000000
460.500000,-563.697000,321.000000
462.530000,-570.200000,321.000000
469.320000,-567.862000,321.000000
453.675675,-575.690545,321.000000
446.710051,-568.596948,321.000000
445.601003,-569.053269,321.000000
440.690196,-585.586502,321.000000
444.941253,-581.307599,321.000000
433.364487,-578.292612,321.168000
426.670174,-568.139496,324.192000
425.306260,-568.370663,323.216000
416.726360,-596.447897,322.236000
427.760472,-591.381334,325.000000
479.100000,-549.150000,321.000000
442.686000,-546.500000,321.000000
437.100000,-556.480000,321.000000
442.560000,-556.500000,321.000000
456.504000,-553.890000,321.000000
413.160548,-560.572227,321.000000
409.360924,-546.778701,321.000000
394.120897,-582.668645,321.000000
394.744854,-584.016190,321.000000
406.346412,-578.265828,321.000000
398.865886,-551.542802,321.000000
393.864334,-540.897790,321.000000
383.833977,-564.575350,321.000000
384.163017,-566.114938,321.000000
390.131877,-562.079803,321.000000
1347.891544,-492.513627,356.416000
1353.997658,-470.064667,342.696000
1313.067257,-487.806609,329.032000
1310.498943,-490.598844,315.368000
1318.280778,-485.925146,360.000000
1269.500000,-505.460000,320.452000
1219.450000,-494.600000,313.620000
1204.500000,-521.630000,334.760000
1206.645000,-524.600000,327.928000
1241.485000,-519.680000,337.000000
1269.000000,-431.254000,325.522000
1248.885000,-416.200000,320.398000
1242.000000,-450.403000,315.274000
1242.216000,-455.200000,310.129000
1244.565000,-449.740000,328.000000
1188.300000,-509.552000,314.984000
1150.808000,-496.400000,311.554000
1136.300000,-523.696000,322.138000
1187.468000,-528.400000,318.722000
1168.644000,-524.688000,324.000000
1131.300000,-504.000000,315.487000
1113.875000,-486.600000,314.755000
1106.300000,-519.720000,314.020000
1130.300000,-526.600000,313.288000
1110.025000,-522.960000,316.000000
1190.100000,-457.962000,314.416000
1139.028000,-449.700000,312.464000
1114.100000,-464.172000,318.512000
1185.160000,-467.700000,316.552000
1165.400000,-466.494000,320.000000
1203.900000,-424.788000,334.384000
1142.988000,-407.400000,326.054000
1109.900000,-435.480000,317.758000
1195.534000,-443.400000,309.428000
1128.888000,-441.852000,342.000000
963.800000,-507.884000,324.747000
942.584000,-496.200000,324.015000
929.800000,-513.565000,326.280000
959.958000,-519.200000,325.548000
954.586000,-518.786000,327.000000
1005.000000,-449.560000,340.772000
963.070000,-433.600000,334.428000
935.000000,-455.530000,328.084000
995.410000,-463.600000,347.714000
952.850000,-433.780000,348.000000
912.300000,-511.580000,344.600000
883.550000,-494.900000,420.100000
862.300000,-516.110000,395.700000
904.200000,-524.900000,371.200000
901.400000,-495.800000,425.000000
911.700000,-467.540000,338.725000
897.374000,-444.300000,332.625000
885.700000,-471.580000,326.500000
906.864000,-484.300000,345.400000
893.734000,-446.500000,347.000000
914.100000,-420.350000,335.768000
887.750000,-402.200000,414.392000
864.100000,-421.940000,389.016000
903.600000,-432.200000,363.536000
905.850000,-404.570000,425.000000
864.200000,-485.051000,379.664000
833.076000,-473.100000,360.309000
802.200000,-485.146000,341.033000
849.630000,-492.100000,400.678000
824.644000,-475.057000,410.000000
863.600000,-445.626000,338.031000
833.964000,-433.200000,397.755000
801.600000,-444.771000,378.400000
847.542000,-452.200000,359.124000
856.718000,-435.613000,410.000000
772.000000,-482.716000,381.894000
772.000000,-428.426000,366.408000
720.244000,-400.000000,360.666000
658.000000,-471.370000,339.351000
658.000000,-501.626000,404.514000
739.738000,-522.000000,405.123000
705.310000,-418.544000,420.000000
742.360000,-412.444000,420.000000
634.400000,-485.048000,327.376000
609.089000,-398.000000,377.206000
575.400000,-467.564000,361.102000
616.228000,-522.000000,344.932000
630.978000,-419.824000,391.000000
574.200000,-488.721000,340.378000
551.115000,-399.300000,330.130000
517.200000,-465.351000,319.840000
555.276000,-522.300000,351.592000
543.933000,-423.900000,361.000000
480.900000,-498.989000,346.496000
469.470000,-469.700000,339.664000
450.900000,-489.668000,332.804000
470.220000,-508.700000,325.972000
480.750000,-478.475000,347.000000
405.300000,-508.250000,320.648000
396.044000,-475.700000,318.688000
379.300000,-496.196000,324.736000
395.394000,-517.700000,322.776000
392.872000,-486.158000,325.000000
499.500000,-447.239000,315.142000
484.228000,-398.500000,315.632000
453.500000,-426.804000,316.120000
480.870000,-459.500000,316.608000
455.754000,-415.153000,315.000000
1271.200000,-350.952000,341.170000
1260.420000,-290.800000,320.430000
1236.200000,-322.847000,384.605000
1256.185000,-363.800000,363.865000
1256.325000,-312.554000,392.000000
1217.300000,-335.404000,389.212000
1203.150000,-315.900000,367.897000
1167.300000,-325.445000,346.669000
1194.650000,-338.900000,325.354000
1172.400000,-323.306000,400.000000
1167.900000,-367.560000,343.363000
1157.540000,-276.000000,322.048000
1127.900000,-317.055000,387.820000
1148.780000,-381.000000,366.592000
1153.060000,-312.330000,400.000000
1100.100000,-340.365000,442.876000
1076.600000,-300.000000,404.324000
1090.700000,-300.000000,422.810000
1000.100000,-316.470000,365.614000
1049.900000,-345.000000,327.062000
1016.000000,-345.000000,334.014000
1015.600000,-316.695000,471.000000
997.200000,-381.935000,351.155000
984.540000,-349.700000,324.559000
937.200000,-361.670000,406.963000
965.640000,-384.700000,380.258000
978.120000,-363.525000,428.000000
998.100000,-292.075000,402.821000
986.940000,-259.000000,376.116000
938.100000,-270.130000,349.520000
965.040000,-294.000000,322.924000
950.640000,-273.665000,428.000000
879.400000,-381.210000,342.182000
875.674000,-358.900000,395.858000
856.400000,-365.639000,378.463000
866.175000,-381.900000,361.139000
873.305000,-369.089000,396.000000
830.200000,-381.908000,379.480000
825.784000,-350.100000,361.912000
798.200000,-358.708000,344.344000
811.032000,-382.100000,398.704000
806.584000,-365.076000,400.000000
889.700000,-297.754000,338.498000
882.581000,-296.800000,400.408000
826.700000,-309.785000,380.400000
850.388000,-349.800000,360.392000
876.407000,-322.876000,405.000000
918.300000,-263.076000,330.282000
909.756000,-261.700000,327.598000
822.300000,-268.772000,324.903000
856.092000,-293.700000,333.219000
852.540000,-278.212000,334.000000
775.600000,-317.945000,343.715000
772.805000,-315.600000,426.119000
732.600000,-322.460000,399.523000
746.704000,-350.600000,372.818000
768.806000,-334.535000,438.000000
769.600000,-267.568000,380.201000
767.920000,-263.200000,358.396000
727.600000,-271.456000,336.680000
740.326000,-311.200000,403.964000
743.098000,-290.320000,415.000000
706.400000,-261.145000,324.312000
705.616000,-253.900000,336.408000
657.400000,-263.224000,332.488000
671.071000,-316.900000,328.584000
701.255000,-291.007000,339.000000
646.650000,-265.580000,350.525000
513.027600,-247.100000,337.105000
511.950000,-263.336000,323.685000
546.298500,-379.100000,365.210000
568.793400,-328.148000,375.000000
540.641100,-288.680000,375.000000
502.100000,-269.612000,310.334000
379.291000,-247.800000,345.064000
375.100000,-260.967000,333.840000
404.437000,-380.800000,322.616000
495.623000,-332.654000,355.000000
485.463000,-263.228000,355.000000
1095.100000,-172.968000,339.080000
959.308000,-156.800000,329.320000
951.100000,-163.250000,319.520000
980.764000,-242.800000,349.760000
1019.644000,-213.732000,359.000000
1026.700000,-235.662000,359.000000
921.400000,-176.075000,569.725000
921.400000,-223.700000,561.442000
852.475000,-160.100000,508.481000
870.100000,-160.100000,365.411000
846.400000,-163.850000,447.237000
846.400000,-176.375000,420.380000
860.050000,-235.100000,385.742000
902.650000,-235.100000,475.349000
994.700000,-74.513400,323.041000
952.635000,-70.200000,320.836000
947.700000,-70.673200,327.640000
955.126000,-88.400000,325.444000
972.563000,-83.140200,328.000000
1000.092450,-49.856547,344.894000
965.216709,-38.076330,338.306000
959.863217,-37.002601,331.691000
961.872428,-54.846592,325.103000
959.624552,-49.753429,347.000000
856.139203,-110.981531,331.295000
833.855869,-90.047929,326.171000
819.403965,-102.063108,342.047000
822.414886,-104.547250,336.902000
838.923466,-110.085831,344.000000
891.532241,-81.714874,326.214000
853.034150,-48.702737,324.744000
831.453224,-62.749524,323.280000
835.240151,-66.473683,321.810000
839.286027,-62.761614,327.000000
921.839645,-16.080021,325.472000
891.758142,4.074188,321.568000
875.001679,-16.617803,333.648000
876.855034,-19.302866,329.744000
902.481992,-22.831492,336.000000
877.424061,9.965078,325.595000
867.001808,29.240344,322.423000
850.180626,-4.174520,319.251000
849.599935,-8.099486,316.066000
854.383628,-2.481467,328.000000
783.200000,-209.401000,348.253000
753.240000,-191.400000,329.388000
743.200000,-232.760000,387.600000
743.680000,-238.400000,368.735000
770.760000,-231.679000,403.000000
712.800000,-207.850000,324.572000
680.220000,-187.500000,323.108000
667.800000,-230.300000,321.638000
712.215000,-237.500000,320.174000
677.520000,-231.550000,326.000000
638.700000,-204.420000,322.815000
586.900000,-195.800000,344.739000
564.700000,-212.440000,337.634000
635.962000,-215.800000,330.558000
619.608000,-213.900000,345.000000
423.000000,-207.740000,368.101000
400.692000,-189.500000,346.296000
390.000000,-221.780000,324.580000
420.987000,-229.500000,391.775000
398.877000,-226.700000,394.000000
776.400000,-94.700000,320.638000
740.595000,-65.900000,327.442000
721.400000,-112.880000,325.237000
771.725000,-125.900000,323.041000
765.180000,-123.140000,328.000000
769.250000,-18.860000,343.440000
701.847500,1.300000,331.728000
661.750000,-29.060000,319.968000
757.425000,-38.700000,356.256000
696.365000,-37.820000,360.000000
507.800000,-19.192000,305.967000
471.620000,6.200000,323.332000
447.800000,-29.032000,317.720000
499.760000,-41.800000,312.085000
498.740000,6.056000,326.000000
240.537611,-582.111631,322.602000
240.151531,-565.302289,322.358000
223.357038,-569.593720,322.113000
231.553820,-586.403062,322.869000
239.082386,-565.035002,323.000000
296.500000,-339.848000,312.075000
291.514000,-326.000000,312.831000
287.500000,-342.464000,312.586000
294.853000,-350.000000,312.342000
295.618000,-327.224000,313.000000
283.000000,-315.918000,312.549000
270.280000,-310.500000,312.304000
259.000000,-316.449000,312.060000
278.032000,-319.500000,312.815000
269.296000,-311.175000,313.000000
160.362142,-565.662739,322.176000
173.713897,-536.711694,328.216000
142.264470,-531.113241,326.264000
142.942684,-564.427359,324.312000
178.329871,-554.581812,330.000000
136.722718,-305.026019,313.990000
136.309061,-281.631391,313.502000
112.628055,-279.623208,313.012000
124.199857,-304.877527,314.524000
133.201326,-282.907719,315.000000
107.575736,-625.394827,407.303000
134.185578,-583.273890,385.988000
94.983578,-604.045859,364.760000
86.277680,-637.189368,343.445000
117.588368,-581.746539,410.000000
7.907343,-463.276043,324.420000
89.366556,-553.731265,321.970000
57.455366,-458.785856,329.530000
-9.071652,-412.571298,327.090000
74.304224,-528.032896,330.000000
133.475016,-451.000415,340.130000
169.839844,-395.240701,334.762000
115.138660,-403.808076,329.372000
104.637515,-454.460930,324.004000
140.239441,-386.782177,342.000000
63.888766,-330.863568,327.192000
115.988352,-373.836703,318.896000
101.602410,-326.025777,344.600000
58.084618,-306.372997,336.270000
104.021431,-358.230936,348.000000
32.548770,-310.706064,340.446000
53.377307,-257.294046,332.361000
0.805332,-251.939834,324.309000
4.524714,-304.607975,316.257000
17.835292,-245.408995,345.000000
364.000000,-208.712000,308.695000
325.810000,-131.500000,304.547000
250.000000,-176.799000,317.382000
318.286000,-228.500000,313.234000
323.188000,-157.690000,320.000000
356.704000,-222.195000,320.000000
283.843159,-69.880630,314.312000
308.935873,-35.252208,310.896000
277.893619,-33.844582,307.480000
268.250231,-65.880788,304.050000
287.054348,-32.845418,317.000000
209.000000,-80.275000,310.282000
198.094000,0.000000,310.037000
171.000000,-39.710000,310.793000
191.900000,-95.000000,310.549000
197.448000,-30.305000,311.000000
170.000000,-186.835000,323.305000
125.290000,0.000000,320.621000
0.000000,-84.710000,317.926000
89.420000,-215.000000,315.242000
37.740000,-73.745000,326.000000
154.020000,-72.455000,326.000000
102.680000,-130.290000,326.000000
68.510000,-17.845000,326.000000
