1522.700000,-1085.265000,305.332000
1509.168000,-1072.200000,304.842000
1505.700000,-1108.392000,304.354000
1506.703000,-1111.200000,305.864000
1511.004000,-1103.751000,306.000000
1493.900000,-1083.948000,307.032000
1488.860000,-1052.600000,306.542000
1469.900000,-1064.194000,306.054000
1481.252000,-1086.600000,307.564000
1480.988000,-1066.064000,308.000000
1570.100000,-973.560000,303.562000
1550.164000,-963.400000,301.847000
1538.100000,-978.500000,307.139000
1566.452000,-983.400000,305.424000
1557.684000,-983.040000,308.000000
1526.200000,-955.750000,305.300000
1525.645000,-952.900000,320.420000
1511.200000,-957.940000,315.540000
1515.700000,-982.900000,310.640000
1522.630000,-969.970000,321.000000
1508.400000,-975.368000,301.585000
1489.500000,-956.300000,308.389000
1466.400000,-972.596000,306.193000
1496.346000,-984.300000,303.988000
1504.704000,-960.640000,310.000000
1492.796277,-728.360278,324.705000
1471.959296,-733.063415,318.117000
1510.644972,-766.005039,311.529000
1512.316218,-764.245912,304.914000
1501.125454,-757.215620,327.000000
1427.300000,-617.678000,321.770000
1420.652000,-569.000000,317.378000
1403.300000,-592.313000,312.986000
1416.284000,-626.000000,308.576000
1408.388000,-587.696000,326.000000
1390.800000,-628.174000,312.920000
1349.340000,-622.000000,310.968000
1330.800000,-633.522000,309.008000
1388.040000,-636.000000,315.056000
1352.520000,-634.796000,316.000000
1366.100000,-575.842000,313.115000
1364.315000,-574.600000,310.431000
1349.100000,-585.456000,318.736000
1355.356000,-620.600000,316.052000
1357.804000,-597.646000,319.000000
1347.700000,-605.733000,308.630000
1334.750000,-580.600000,308.142000
1322.700000,-607.250000,309.652000
1342.225000,-621.600000,309.164000
1339.250000,-584.167000,310.000000
1448.900000,-1085.100000,306.825000
1414.416000,-1079.700000,310.605000
1411.900000,-1081.401000,309.380000
1419.115000,-1106.700000,308.160000
1441.944000,-1097.898000,311.000000
1344.200000,-1100.624000,308.000000
1337.300000,-1073.900000,308.000000
1324.200000,-1090.118000,308.000000
1336.360000,-1107.900000,308.000000
1343.440000,-1082.740000,308.000000
1442.100000,-1049.660000,316.840000
1416.294000,-1042.200000,312.936000
1408.100000,-1060.000000,309.016000
1408.848000,-1062.200000,305.112000
1411.942000,-1059.140000,319.000000
1434.000000,-1027.098000,317.300000
1418.692000,-1006.000000,312.420000
1345.000000,-1012.688000,307.520000
1383.804000,-1028.000000,322.640000
1368.407000,-1015.526000,323.000000
1344.900000,-1041.514000,315.605000
1308.568000,-1009.300000,311.457000
1282.900000,-1051.662000,307.292000
1335.538000,-1068.300000,320.144000
1308.506000,-1010.421000,323.000000
1446.100000,-946.788000,307.810000
1446.100000,-942.300000,304.394000
1422.100000,-946.754000,314.964000
1428.412000,-976.300000,311.548000
1435.612000,-962.904000,316.000000
1399.000000,-978.494000,303.795000
1380.415000,-954.800000,303.060000
1354.000000,-972.785000,305.328000
1384.420000,-987.800000,304.596000
1386.085000,-961.136000,306.000000
1337.700000,-961.365000,304.460000
1324.468000,-951.300000,307.480000
1321.700000,-982.914000,306.504000
1323.140000,-984.300000,305.528000
1335.508000,-977.007000,308.000000
1430.300000,-931.438000,341.565000
1419.020000,-915.400000,331.520000
1383.300000,-922.096000,321.516000
1406.941000,-933.400000,311.512000
1383.911000,-921.970000,343.000000
1308.000000,-870.916000,347.120000
1296.228000,-836.500000,335.360000
1290.000000,-893.020000,323.648000
1306.506000,-908.500000,311.936000
1292.934000,-905.044000,356.000000
1302.100000,-754.864000,326.285000
1301.095000,-753.200000,319.180000
1287.100000,-758.374000,312.104000
1292.050000,-779.200000,333.999000
1291.795000,-767.188000,336.000000
1356.800000,-789.565000,321.935000
1322.168000,-779.800000,314.830000
1284.800000,-788.995000,307.754000
1338.368000,-794.800000,329.649000
1318.136000,-781.660000,336.000000
1451.000000,-765.155000,313.140000
1357.025000,-761.600000,304.320000
1346.000000,-761.990000,331.536000
1362.590000,-776.600000,322.716000
1410.365000,-772.265000,336.000000
1446.700000,-753.651000,307.740000
1442.388000,-723.200000,334.920000
1432.700000,-739.480000,326.136000
1440.694000,-760.200000,317.316000
1443.382000,-734.189000,336.000000
1445.200000,-712.050000,303.072000
1384.552000,-705.900000,339.360000
1361.200000,-718.695000,327.648000
1443.940000,-720.900000,315.888000
1437.892000,-719.160000,348.000000
1359.800000,-738.352000,350.388000
1357.640000,-701.500000,340.140000
1343.800000,-711.379000,329.892000
1350.168000,-738.500000,319.602000
1344.808000,-718.890000,354.000000
1342.600000,-707.262000,344.088000
1322.287000,-699.100000,333.840000
1305.600000,-708.620000,323.592000
1335.644000,-713.100000,313.302000
1313.481000,-699.898000,354.000000
1302.800000,-708.608000,337.788000
1286.446000,-703.200000,327.540000
1285.800000,-706.208000,317.292000
1289.625000,-735.200000,349.002000
1291.971000,-723.776000,354.000000
1268.400000,-1084.480000,314.888000
1259.000000,-1042.900000,310.740000
1243.400000,-1070.840000,323.592000
1259.375000,-1097.900000,319.427000
1256.225000,-1055.495000,324.000000
1228.600000,-1084.102000,308.570000
1220.700000,-1073.500000,307.350000
1218.600000,-1102.051000,311.125000
1219.130000,-1104.500000,309.905000
1225.230000,-1098.796000,312.000000
1220.900000,-1103.780000,309.492000
1214.607000,-1094.500000,311.760000
1189.900000,-1097.850000,311.025000
1204.346000,-1104.500000,310.293000
1215.103000,-1098.520000,312.000000
1216.600000,-1064.425000,307.014000
1211.664000,-1056.700000,307.770000
1208.600000,-1067.920000,307.525000
1215.640000,-1071.700000,307.281000
1216.304000,-1071.535000,308.000000
1195.000000,-1054.636000,311.592000
1194.700000,-1051.000000,310.860000
1185.000000,-1056.832000,310.125000
1187.930000,-1087.000000,309.393000
1186.130000,-1071.700000,312.000000
1187.000000,-1095.588000,317.854000
1180.340000,-1077.700000,315.170000
1172.000000,-1092.650000,312.475000
1182.605000,-1103.700000,320.791000
1175.960000,-1081.912000,321.000000
1148.400000,-1084.450000,311.000000
1105.550000,-1077.600000,311.000000
1098.400000,-1102.325000,311.000000
1104.400000,-1102.600000,311.000000
1119.100000,-1096.300000,311.000000
1231.100000,-1016.942000,309.828000
1225.138000,-998.000000,309.340000
1209.100000,-1006.844000,310.850000
1220.848000,-1020.000000,310.362000
1221.508000,-1005.348000,311.000000
1206.100000,-1023.027000,310.320000
1196.510000,-1004.700000,309.100000
1192.100000,-1038.156000,312.875000
1205.372000,-1045.700000,311.655000
1202.096000,-1042.461000,314.000000
1143.300000,-1001.451000,313.596000
1139.576000,-999.900000,324.166000
1105.300000,-1010.710000,320.750000
1119.018000,-1046.900000,317.334000
1138.132000,-1023.729000,326.000000
1268.000000,-931.400000,314.748000
1253.152000,-925.200000,313.033000
1239.000000,-931.630000,311.325000
1261.475000,-935.200000,309.617000
1239.406000,-926.140000,315.000000
1238.900000,-954.098000,313.256000
1226.875000,-947.300000,312.276000
1225.900000,-949.181000,311.300000
1228.344000,-980.300000,310.324000
1228.032000,-969.740000,314.000000
1224.200000,-971.604000,312.656000
1220.132000,-949.400000,311.676000
1212.200000,-962.560000,310.700000
1219.424000,-977.400000,313.724000
1215.968000,-956.876000,314.000000
1179.800000,-969.848000,312.056000
1162.504000,-965.300000,311.076000
1156.800000,-975.908000,310.100000
1157.145000,-977.300000,313.124000
1167.472000,-975.536000,314.000000
1190.200000,-963.780000,316.188000
1179.244000,-934.800000,312.023000
1124.200000,-943.710000,324.875000
1152.514000,-964.800000,320.710000
1164.724000,-947.970000,327.000000
1268.300000,-865.644000,310.070000
1260.194000,-853.500000,313.845000
1254.300000,-869.142000,312.625000
1266.102000,-875.500000,311.400000
1264.996000,-854.072000,314.000000
1257.000000,-832.998000,311.128000
1245.084000,-830.100000,312.638000
1245.000000,-832.725000,312.150000
1248.072000,-851.100000,311.660000
1255.968000,-842.952000,313.000000
1157.500000,-864.350000,316.000000
1152.209000,-842.600000,316.000000
1144.500000,-858.740000,316.000000
1153.210000,-872.600000,316.000000
1145.332000,-848.570000,316.000000
1145.100000,-862.365000,316.000000
1116.400000,-857.700000,316.000000
1110.100000,-871.980000,316.000000
1113.005000,-872.700000,316.000000
1117.590000,-869.475000,316.000000
1259.300000,-798.182000,310.387000
1254.620000,-790.100000,310.631000
1239.300000,-793.385000,310.875000
1249.240000,-799.100000,310.120000
1246.580000,-793.448000,310.000000
1213.100000,-778.624000,313.000000
1204.689000,-749.100000,313.000000
1200.100000,-796.619000,313.000000
1211.930000,-810.100000,313.000000
1206.782000,-807.538000,313.000000
1200.200000,-752.831000,318.321000
1199.407000,-748.500000,314.173000
1187.200000,-760.212000,327.025000
1191.412000,-809.500000,322.860000
1195.832000,-781.684000,330.000000
1142.500000,-798.082000,319.141000
1124.962000,-781.000000,324.433000
1105.500000,-796.756000,322.718000
1132.806000,-807.000000,321.010000
1135.618000,-784.406000,325.000000
1270.600000,-742.959000,312.052000
1226.200000,-739.800000,315.076000
1220.600000,-740.060000,314.096000
1228.150000,-752.800000,313.120000
1268.800000,-749.121000,316.000000
1238.100000,-725.420000,331.671000
1224.812000,-688.900000,327.523000
1194.100000,-707.952000,323.358000
1218.960000,-732.900000,319.210000
1199.116000,-702.276000,334.000000
1172.300000,-709.912000,318.426000
1153.710000,-696.600000,317.938000
1146.300000,-723.704000,317.448000
1171.728000,-728.600000,318.960000
1153.164000,-725.080000,319.000000
1138.700000,-685.545000,320.689000
1135.088000,-685.500000,319.957000
1110.700000,-689.400000,319.222000
1121.676000,-700.500000,321.490000
1122.292000,-692.655000,322.000000
1202.900000,-654.458000,327.499000
1158.456000,-641.500000,321.887000
1120.900000,-656.328000,339.252000
1186.910000,-663.500000,333.640000
1167.230000,-642.886000,341.000000
1148.800000,-607.544000,317.841000
1110.560000,-599.800000,316.133000
1108.800000,-603.628000,321.418000
1117.560000,-643.800000,319.710000
1137.400000,-628.356000,323.000000
1251.400000,-624.076000,311.243000
1215.238000,-587.500000,319.559000
1153.400000,-611.548000,316.864000
1215.434000,-635.500000,314.180000
1238.170000,-598.828000,321.000000
1253.000000,-571.329000,336.816000
1186.445000,-564.000000,329.008000
1168.000000,-583.215000,321.168000
1171.910000,-585.000000,313.360000
1169.275000,-581.262000,338.000000
994.600000,-1093.990000,370.471000
983.962000,-1062.200000,354.056000
940.600000,-1073.352000,337.708000
965.440000,-1096.200000,321.360000
949.510000,-1076.106000,383.000000
1076.100000,-1026.334000,323.934000
1055.360000,-998.200000,319.524000
1042.100000,-1038.268000,315.132000
1071.782000,-1052.200000,328.740000
1052.810000,-1051.930000,330.000000
1024.800000,-1001.132000,322.617000
1022.448000,-995.300000,320.412000
926.800000,-1003.670000,318.216000
954.926000,-1049.300000,325.020000
972.370000,-1026.728000,327.000000
995.200000,-960.848000,344.773000
967.669000,-931.700000,327.378000
932.200000,-955.598000,381.054000
976.300000,-973.700000,363.730000
970.945000,-938.756000,390.000000
1073.100000,-898.026000,317.982000
1020.338000,-885.100000,328.552000
1011.100000,-930.272000,325.136000
1018.168000,-931.100000,321.706000
1058.530000,-919.830000,329.000000
1021.800000,-863.615000,320.378000
1013.088000,-824.600000,324.908000
988.800000,-842.420000,323.444000
1006.224000,-869.600000,321.974000
1018.995000,-839.945000,326.000000
1078.200000,-775.916000,360.911000
1057.860000,-751.400000,349.396000
1048.200000,-795.140000,337.928000
1076.430000,-805.400000,326.413000
1050.150000,-801.458000,365.000000
1028.200000,-760.020000,336.786000
1024.152000,-758.100000,331.396000
984.200000,-768.804000,326.028000
999.820000,-806.100000,320.638000
993.660000,-782.772000,342.000000
986.200000,-780.760000,336.852000
957.920000,-743.200000,331.728000
930.200000,-781.420000,326.604000
973.208000,-803.200000,342.459000
950.640000,-749.200000,345.000000
1023.800000,-692.606000,334.240000
939.252000,-679.400000,329.360000
931.800000,-682.500000,344.480000
948.544000,-741.400000,339.580000
979.180000,-721.994000,345.000000
1083.800000,-652.540000,321.184000
1068.860000,-604.600000,319.476000
1038.800000,-632.440000,324.768000
1065.575000,-664.600000,323.053000
1068.725000,-620.980000,326.000000
987.100000,-629.174000,324.324000
973.672000,-606.400000,325.836000
969.100000,-658.143000,325.348000
969.262000,-665.400000,324.858000
983.770000,-657.140000,326.000000
965.000000,-662.164000,326.204000
962.456000,-626.200000,339.056000
949.000000,-636.967000,334.908000
955.752000,-663.200000,330.743000
964.440000,-642.702000,343.000000
1066.900000,-572.186000,337.516000
988.972000,-542.000000,333.124000
930.900000,-580.070000,328.714000
1044.596000,-596.000000,324.322000
946.540000,-543.728000,340.000000
813.700000,-1065.345000,326.832000
780.142000,-1059.400000,324.148000
779.700000,-1064.238000,321.453000
788.200000,-1100.400000,329.769000
788.710000,-1084.779000,330.000000
892.700000,-1063.993000,332.992000
863.500000,-988.700000,329.088000
819.700000,-1043.496000,325.168000
868.099000,-1091.700000,337.264000
849.995000,-1009.815000,340.000000
809.800000,-1014.880000,329.356000
786.194000,-995.800000,326.184000
780.800000,-1052.500000,335.999000
783.033000,-1055.800000,332.827000
797.185000,-1043.320000,337.000000
773.400000,-1094.800000,326.192000
761.596000,-1072.200000,322.288000
721.400000,-1081.175000,334.368000
746.880000,-1097.200000,330.464000
758.632000,-1081.650000,338.000000
772.800000,-1027.696000,337.096000
756.775000,-1000.200000,418.744000
747.800000,-1043.432000,392.284000
770.400000,-1056.200000,365.932000
769.450000,-1054.240000,433.000000
840.300000,-924.981000,398.036000
837.276000,-920.900000,379.004000
784.300000,-930.758000,359.894000
802.052000,-973.900000,340.862000
785.196000,-950.103000,401.000000
844.200000,-868.024000,347.052000
815.184000,-824.200000,341.928000
782.200000,-863.800000,336.783000
827.522000,-890.200000,331.659000
792.492000,-833.242000,351.000000
769.300000,-836.950000,371.706000
753.424000,-824.700000,356.271000
751.300000,-825.337000,340.899000
753.910000,-873.700000,388.527000
756.988000,-860.176000,393.000000
743.214602,-865.584819,362.256000
754.667264,-830.311918,346.821000
736.440013,-842.477224,331.449000
733.737116,-869.086404,379.077000
745.380891,-841.009387,393.000000
869.700000,-752.006000,331.516000
834.250000,-742.700000,327.106000
819.700000,-761.180000,340.714000
868.300000,-764.700000,336.322000
850.500000,-762.434000,343.000000
907.900000,-736.640000,328.816000
903.630000,-736.100000,342.406000
872.900000,-751.340000,338.014000
886.375000,-796.100000,333.622000
899.710000,-765.080000,343.000000
829.908679,-795.963706,345.152000
819.465735,-763.698169,493.132000
788.650019,-777.776112,445.308000
814.441560,-806.148296,397.484000
836.235340,-775.544515,529.000000
909.000000,-636.506000,348.888000
849.213000,-630.500000,343.008000
846.000000,-633.173000,337.152000
859.356000,-663.500000,331.272000
850.158000,-652.148000,351.000000
840.600000,-659.487000,386.626000
821.724000,-641.800000,368.741000
788.600000,-653.162000,350.929000
821.152000,-664.800000,333.044000
799.832000,-647.366000,404.000000
897.700000,-605.380000,456.580000
833.986000,-592.600000,403.905000
830.214000,-592.600000,528.820000
815.700000,-625.288000,351.445000
818.980000,-628.600000,513.770000
888.516000,-628.600000,407.990000
906.700000,-581.463000,331.930000
883.520000,-541.000000,328.255000
784.700000,-554.846000,339.595000
839.966000,-584.000000,335.920000
847.652000,-558.845000,340.000000
550.991463,-1142.051907,334.330000
543.208986,-1115.785418,327.010000
518.155302,-1128.143311,349.690000
538.422305,-1152.361953,342.340000
551.006484,-1121.124507,355.000000
537.987478,-1158.013531,351.599000
538.856335,-1154.749335,471.803000
488.956564,-1121.091514,399.458000
483.552027,-1122.478449,433.007000
485.316062,-1152.410067,394.052000
470.712565,-1142.559885,469.100000
520.650580,-1162.328571,485.000000
495.090106,-1102.636129,326.671000
505.461659,-1084.254730,372.787000
486.786991,-1086.198187,357.903000
485.117543,-1103.624279,342.958000
506.150768,-1092.891885,387.000000
595.518428,-1064.283327,418.849000
579.379724,-1016.534788,392.253000
527.613819,-1047.212860,365.657000
530.246965,-1052.790844,338.952000
541.894153,-1044.007663,434.000000
616.619893,-1036.058052,348.752000
618.497912,-1018.934015,340.944000
592.318656,-995.259106,333.104000
601.081117,-1019.672286,357.296000
600.643381,-1004.604944,358.000000
641.582649,-997.190132,332.171000
643.713762,-966.929211,329.487000
608.819828,-981.257875,326.792000
621.348110,-1010.815639,335.108000
612.877863,-995.636379,337.000000
673.321577,-946.042982,343.029000
673.806147,-944.009967,333.513000
659.097660,-938.259889,362.958000
640.476522,-960.055874,353.442000
655.963482,-951.722485,366.000000
432.677212,-1098.555460,328.261000
437.950902,-1062.822352,328.017000
401.938433,-1060.396013,328.772000
413.359150,-1099.192728,328.528000
441.088298,-1073.837750,329.000000
461.069262,-1041.344049,335.215000
451.593055,-1018.506086,384.355000
449.058949,-1017.614059,368.430000
428.147907,-1040.402243,352.570000
447.088959,-1048.182004,393.000000
514.865178,-1031.006912,387.504000
529.564303,-1009.455672,371.888000
508.798751,-1006.323937,356.208000
504.242456,-1027.445284,340.592000
513.309015,-1003.174720,390.000000
508.274796,-998.358347,367.739000
508.240680,-976.514922,355.783000
480.771575,-991.034547,343.778000
477.291710,-993.911677,331.822000
483.324795,-993.909433,377.000000
539.585328,-1011.919053,350.474000
553.406530,-990.095656,342.178000
519.104938,-959.018729,333.848000
519.331078,-987.741371,359.552000
526.613631,-974.965059,362.000000
591.917063,-967.006737,330.555000
606.590757,-930.361813,329.335000
564.215184,-945.689450,328.110000
567.658023,-979.213850,331.890000
605.448024,-932.730924,333.000000
589.093884,-922.508139,349.577000
585.767697,-903.764217,335.612000
580.244267,-907.799504,378.704000
540.747547,-945.098921,364.796000
562.525980,-935.644311,386.000000
637.971829,-923.773810,331.798000
657.784799,-884.915336,345.388000
618.591144,-881.563798,340.996000
617.263208,-920.682187,336.604000
653.447458,-897.750218,346.000000
700.551991,-850.562035,336.113000
695.366601,-818.416557,436.528000
654.628539,-842.713528,404.076000
653.800079,-846.536963,371.624000
680.305456,-863.219319,461.000000
722.010651,-817.757737,391.859000
735.954995,-798.787736,374.954000
715.879615,-787.980044,358.118000
711.513809,-808.330778,341.282000
716.376910,-789.905090,398.000000
763.900000,-684.943000,371.289000
750.586000,-675.500000,359.284000
742.900000,-690.054000,347.328000
761.737000,-694.500000,335.323000
747.457000,-693.949000,383.000000
746.202270,-705.011636,354.440000
746.083263,-702.328605,344.640000
716.480104,-671.175991,334.880000
713.164743,-691.868917,365.080000
721.291868,-688.530335,370.000000
766.000000,-630.460000,351.596000
732.347000,-578.200000,342.776000
693.000000,-624.454000,369.992000
745.925000,-656.200000,361.172000
730.741000,-589.432000,371.000000
765.700000,-547.880000,340.220000
713.200000,-537.600000,335.320000
705.700000,-537.880000,350.440000
713.980000,-577.600000,345.540000
745.720000,-566.800000,354.000000
708.600000,-571.806000,360.400000
696.462000,-536.400000,522.940000
666.600000,-554.040000,470.480000
689.784000,-578.400000,417.805000
428.973670,-1017.199624,329.400000
417.328176,-982.368003,359.640000
388.694648,-986.765714,349.880000
414.581876,-1026.647077,340.080000
416.905044,-1024.891915,369.000000
486.072068,-963.601746,398.520000
482.308900,-958.141045,378.512000
444.456143,-923.956362,358.504000
439.325242,-955.909151,338.414000
442.609993,-934.032744,410.000000
496.954943,-950.354369,331.550000
494.344675,-918.433332,330.330000
464.113375,-912.610968,329.110000
481.130888,-949.786137,332.885000
486.153714,-911.941294,333.000000
562.981155,-899.371260,340.760000
536.187043,-848.263849,335.636000
530.584239,-848.400192,330.512000
495.184409,-892.970757,346.367000
518.865497,-890.084567,350.000000
593.116898,-877.440976,335.150000
622.533043,-839.877659,331.490000
587.619739,-843.289700,342.815000
575.451175,-877.077337,339.155000
609.468752,-847.484498,344.000000
575.157190,-848.751803,328.820000
569.059694,-823.965312,327.112000
543.687814,-835.632414,332.397000
542.026032,-838.251991,330.689000
558.786559,-851.083890,334.000000
574.049418,-827.273386,330.850000
596.119584,-806.323389,357.310000
581.610122,-804.422975,348.735000
568.232063,-822.733673,340.195000
586.042244,-815.336980,362.000000
626.626938,-793.791970,356.720000
631.147735,-774.767191,348.912000
609.645770,-781.807857,341.072000
614.362490,-800.120597,333.264000
626.109084,-768.913627,358.000000
682.191903,-796.420372,338.340000
684.517401,-793.716268,334.924000
645.218038,-751.729163,331.494000
635.882252,-779.738316,328.078000
641.140769,-767.569055,341.000000
703.680857,-770.844808,351.460000
723.305796,-727.673543,343.896000
679.255780,-726.285867,336.301000
680.169767,-769.745926,359.737000
706.747758,-724.482779,362.000000
433.391970,-919.713405,338.180000
408.234870,-873.230343,333.788000
377.063180,-885.548467,329.378000
380.208964,-891.058750,342.986000
400.478349,-903.923852,347.000000
447.700245,-905.860037,334.840000
461.108724,-880.468115,330.204000
430.968074,-861.505301,344.549000
431.167602,-891.164379,339.913000
449.145591,-882.570222,347.000000
507.022535,-859.776854,331.360000
514.987729,-825.088829,343.440000
470.867473,-846.591581,339.536000
480.674142,-878.056021,335.632000
480.149056,-871.687137,344.000000
488.789367,-822.429584,329.860000
489.367291,-819.521894,353.265000
468.439165,-808.026623,345.701000
447.204979,-835.783451,338.137000
471.711076,-833.726969,359.000000
540.747255,-828.156153,353.390000
548.582093,-810.416084,346.285000
529.734232,-813.912651,339.209000
530.397110,-830.862925,332.133000
541.226803,-806.181144,356.000000
536.786586,-798.938468,331.560000
522.670051,-770.732471,330.090000
519.796111,-768.947258,328.626000
500.960439,-791.593805,327.162000
509.003200,-787.224647,333.000000
563.005526,-807.704818,333.930000
569.891609,-777.499999,330.745000
533.662793,-754.260520,327.573000
542.839067,-791.763364,337.401000
551.405060,-768.304767,339.000000
587.003012,-746.560304,328.760000
589.227200,-731.554464,327.290000
568.074086,-743.874012,331.826000
573.889957,-757.106987,330.356000
572.442076,-749.668463,332.000000
608.961653,-749.290947,328.100000
628.986131,-727.063704,325.650000
605.306666,-711.074391,333.210000
596.710230,-734.876757,330.760000
614.539116,-731.103873,335.000000
585.306678,-727.392570,329.280000
607.136563,-698.906297,354.195000
570.178164,-720.342006,346.143000
563.346105,-741.759544,338.058000
608.571544,-705.040199,357.000000
687.341307,-701.289297,325.200000
657.318209,-649.149990,340.300000
651.424087,-651.882155,335.420000
618.789434,-696.911859,330.520000
664.010843,-717.670180,345.000000
320.046064,-1032.867290,335.308000
313.186067,-971.195653,332.380000
242.956414,-921.580717,329.452000
281.357954,-1003.396915,326.512000
263.507930,-925.436507,337.000000
373.991479,-970.363109,350.815000
379.653046,-940.011103,342.275000
325.096874,-977.788191,333.735000
322.351726,-982.069983,360.160000
336.320846,-977.320486,361.000000
329.627509,-970.702637,342.298000
353.161346,-921.079625,336.930000
283.735464,-865.034971,331.562000
289.610404,-928.407597,348.172000
311.046207,-902.622238,352.000000
377.528082,-870.280463,380.988000
365.131675,-822.136755,348.780000
324.091953,-820.905499,448.572000
356.785135,-876.979281,416.232000
342.850646,-858.338328,459.000000
411.038507,-833.973738,332.698000
411.588673,-830.362794,327.330000
371.344190,-788.911988,343.940000
363.542003,-818.700569,338.572000
389.339390,-829.773364,349.000000
455.750971,-794.633328,328.526000
453.062316,-762.267497,339.110000
420.530516,-747.235476,335.680000
438.502848,-787.191477,332.264000
461.907834,-779.626315,341.000000
499.391616,-758.911914,326.000000
473.599901,-714.942376,326.000000
468.818325,-709.037621,326.000000
451.099169,-733.237742,326.000000
452.865395,-723.299427,326.000000
566.330331,-696.760822,337.944000
580.672796,-675.349135,334.040000
559.142377,-667.839004,330.120000
555.196008,-689.969378,326.216000
564.047862,-669.703362,341.000000
553.428791,-709.874901,328.295000
545.734745,-680.282030,327.075000
519.443917,-685.924926,325.850000
539.685706,-718.893546,329.630000
525.578282,-697.324997,330.000000
547.978701,-661.104970,333.144000
547.753538,-659.323709,329.240000
531.849832,-656.151237,325.320000
509.763620,-680.737743,337.416000
527.460544,-668.154476,341.000000
585.045438,-645.369517,332.334000
589.265674,-622.475447,325.990000
565.818902,-623.619957,345.620000
572.323800,-647.660213,339.276000
589.978395,-627.191760,349.000000
290.414003,-835.128770,334.315000
277.720068,-810.880454,360.775000
275.652868,-810.062165,352.200000
265.220883,-824.411810,343.660000
279.582609,-834.535025,362.000000
253.303712,-865.469205,320.826000
255.249084,-821.435645,331.410000
202.880728,-784.188485,327.980000
224.104444,-841.717819,324.564000
263.773538,-847.308623,334.000000
326.990711,-798.120811,326.000000
309.908363,-757.964268,326.000000
279.441187,-765.741231,326.000000
277.747426,-769.000985,326.000000
283.137592,-767.642553,326.000000
278.910723,-720.320713,327.036000
301.270518,-696.710794,326.056000
286.296543,-695.920415,325.080000
272.839325,-716.009957,324.104000
285.236924,-700.752881,328.000000
348.703612,-710.312671,329.263000
352.289348,-699.010971,327.548000
339.412213,-705.263253,325.840000
341.287455,-715.128069,331.132000
351.808987,-698.908603,332.000000
342.989650,-691.392563,326.295000
344.749784,-689.741720,325.070000
338.134444,-686.347147,328.850000
327.293978,-698.815608,327.630000
334.075018,-694.994515,329.000000
363.049950,-693.271445,325.236000
367.838060,-673.429596,324.256000
347.316248,-668.616777,327.280000
352.064481,-690.413025,326.300000
366.147437,-678.141740,328.000000
405.559671,-670.310674,326.636000
393.889101,-654.490680,329.656000
378.496602,-684.665544,328.680000
379.777771,-686.554996,327.700000
396.160611,-684.452462,330.000000
421.708461,-662.646449,326.171000
436.046154,-631.325434,340.516000
409.946880,-629.787296,335.880000
407.684862,-657.611279,331.225000
432.897714,-646.013666,345.000000
402.436003,-604.698690,365.091000
377.663549,-632.013780,353.086000
367.168406,-648.208470,341.130000
400.839423,-609.061019,329.125000
371.812749,-643.406302,372.000000
579.627671,-577.487056,338.992000
581.235236,-574.446341,333.136000
562.059366,-568.731283,327.280000
533.007721,-600.980113,345.400000
551.562198,-583.860235,346.000000
562.900000,-546.866000,335.392000
543.460000,-533.300000,329.536000
522.900000,-546.257000,323.680000
552.860000,-554.300000,341.800000
539.660000,-535.820000,346.000000
513.363130,-646.112252,336.832000
503.981027,-622.298620,329.756000
501.396987,-620.907041,351.680000
478.228143,-646.057862,344.575000
493.174333,-647.861639,354.000000
477.591597,-614.352059,321.000000
493.049950,-587.578171,321.000000
465.154764,-577.115105,321.000000
462.941052,-605.889962,321.000000
485.697843,-594.824784,321.000000
470.500000,-566.035000,321.000000
463.240000,-563.200000,321.000000
460.500000,-569.206000,321.000000
470.390000,-570.200000,321.000000
469.190000,-569.353000,321.000000
448.330353,-588.595294,321.000000
453.870117,-571.562745,321.000000
444.058023,-572.778351,321.000000
442.759686,-586.443713,321.000000
442.897230,-576.077249,321.000000
429.846560,-587.802806,324.232000
430.157246,-569.429402,323.256000
418.416118,-586.997138,322.276000
423.566384,-598.978099,321.300000
426.747962,-569.831580,325.000000
479.100000,-548.140000,321.000000
438.486000,-546.500000,321.000000
437.100000,-547.490000,321.000000
446.760000,-556.500000,321.000000
450.498000,-552.880000,321.000000
406.628333,-577.859232,321.000000
413.682675,-548.411754,321.000000
400.653112,-565.381639,321.000000
399.777543,-585.917884,321.000000
409.098236,-556.300538,321.000000
398.655987,-552.155865,321.000000
394.091394,-540.975530,321.000000
384.043875,-563.962287,321.000000
383.935957,-566.037198,321.000000
390.915368,-563.032980,321.000000
1323.290241,-506.150352,315.648000
1359.963726,-480.827737,357.984000
1337.668560,-474.169884,344.264000
1314.713878,-498.202787,330.600000
1343.031009,-489.685466,360.000000
1269.500000,-509.900000,310.624000
1229.135000,-494.600000,331.792000
1204.500000,-517.190000,324.932000
1261.960000,-524.600000,318.100000
1264.300000,-524.120000,337.000000
1269.000000,-419.983000,326.068000
1268.055000,-416.200000,320.944000
1242.000000,-422.674000,315.799000
1250.046000,-455.200000,310.675000
1243.890000,-438.469000,328.000000
1188.300000,-518.256000,320.612000
1165.004000,-496.400000,317.182000
1136.300000,-514.960000,313.766000
1173.324000,-528.400000,310.350000
1147.740000,-501.424000,324.000000
1131.300000,-497.400000,314.824000
1109.750000,-486.600000,314.089000
1106.300000,-526.360000,313.357000
1109.425000,-526.600000,315.625000
1115.550000,-516.320000,316.000000
1190.100000,-465.108000,315.664000
1169.124000,-449.700000,313.704000
1114.100000,-457.026000,319.752000
1155.064000,-467.700000,317.800000
1153.620000,-455.640000,320.000000
1203.900000,-423.312000,318.472000
1139.134000,-407.400000,310.142000
1109.900000,-436.956000,335.846000
1199.388000,-443.400000,327.550000
1172.880000,-440.376000,342.000000
963.800000,-496.867000,324.474000
960.298000,-496.200000,326.739000
929.800000,-501.582000,326.007000
942.244000,-519.200000,325.275000
957.680000,-507.769000,327.000000
1005.000000,-452.050000,322.208000
968.880000,-433.600000,341.838000
935.000000,-453.040000,335.494000
989.530000,-463.600000,329.124000
1002.900000,-436.270000,348.000000
912.300000,-500.960000,410.800000
865.800000,-494.900000,386.300000
862.300000,-496.730000,361.900000
871.950000,-524.900000,337.400000
868.300000,-515.180000,425.000000
911.700000,-475.820000,339.700000
902.782000,-444.300000,333.575000
885.700000,-463.300000,327.475000
901.482000,-484.300000,346.350000
892.720000,-454.780000,347.000000
914.100000,-413.450000,379.032000
876.250000,-402.200000,353.552000
864.100000,-428.870000,328.176000
865.100000,-432.200000,406.696000
885.100000,-427.640000,425.000000
864.200000,-491.359000,363.153000
853.598000,-473.100000,343.877000
802.200000,-478.838000,403.601000
829.108000,-492.100000,384.246000
837.540000,-481.365000,410.000000
863.600000,-443.593000,351.303000
827.392000,-433.200000,332.027000
801.600000,-446.804000,391.751000
854.114000,-452.200000,372.396000
846.240000,-433.599000,410.000000
772.000000,-416.348000,342.309000
772.000000,-412.200000,346.398000
658.228000,-400.000000,408.081000
658.000000,-415.738000,386.853000
658.000000,-517.852000,384.504000
687.754000,-522.000000,365.538000
757.180000,-474.176000,420.000000
768.580000,-518.218000,420.000000
634.400000,-487.280000,388.162000
610.151000,-398.000000,372.058000
575.400000,-465.332000,355.954000
615.166000,-522.000000,339.784000
576.580000,-422.056000,391.000000
574.200000,-437.061000,352.894000
527.175000,-399.300000,342.646000
517.200000,-516.888000,332.356000
522.216000,-522.300000,322.108000
526.890000,-495.363000,361.000000
480.900000,-504.527000,337.396000
473.760000,-469.700000,330.564000
450.900000,-484.130000,323.704000
465.930000,-508.700000,344.872000
460.500000,-484.013000,347.000000
405.300000,-495.860000,321.056000
388.348000,-475.700000,319.104000
379.300000,-508.628000,317.144000
403.090000,-517.700000,323.192000
391.520000,-515.726000,325.000000
499.500000,-402.526000,316.286000
496.464000,-398.500000,316.774000
453.500000,-410.517000,315.264000
468.634000,-459.500000,315.752000
482.020000,-431.440000,315.000000
1271.200000,-338.396000,324.595000
1254.435000,-290.800000,388.855000
1236.200000,-335.403000,368.030000
1262.170000,-363.800000,347.290000
1263.150000,-299.998000,392.000000
1217.300000,-321.397000,317.959000
1172.650000,-315.900000,383.731000
1167.300000,-316.452000,362.416000
1175.100000,-338.900000,341.188000
1213.350000,-332.299000,400.000000
1167.900000,-362.625000,391.909000
1155.660000,-276.000000,370.681000
1127.900000,-321.990000,349.366000
1150.660000,-381.000000,328.138000
1130.740000,-307.395000,400.000000
1100.100000,-318.540000,432.606000
1028.100000,-300.000000,394.054000
1020.700000,-300.000000,457.570000
1000.100000,-338.295000,355.344000
1098.400000,-345.000000,316.792000
1086.000000,-345.000000,368.774000
1022.200000,-339.870000,471.000000
997.200000,-384.630000,385.163000
989.220000,-349.700000,358.567000
937.200000,-358.975000,331.862000
960.960000,-384.700000,414.266000
959.460000,-366.220000,428.000000
998.100000,-279.475000,368.813000
965.280000,-259.000000,342.108000
938.100000,-282.765000,424.512000
986.700000,-294.000000,397.916000
969.360000,-261.030000,428.000000
879.400000,-362.833000,346.797000
857.297000,-358.900000,329.402000
856.400000,-361.016000,383.078000
861.552000,-381.900000,365.754000
871.833000,-373.735000,396.000000
830.200000,-374.324000,339.304000
818.232000,-350.100000,393.664000
798.200000,-366.292000,376.096000
818.584000,-382.100000,358.528000
824.472000,-357.492000,400.000000
889.700000,-315.032000,323.574000
840.056000,-296.800000,385.484000
826.700000,-345.507000,365.476000
829.913000,-349.800000,345.468000
887.873000,-340.154000,405.000000
918.300000,-291.460000,332.427000
899.004000,-261.700000,329.732000
822.300000,-272.356000,327.048000
866.844000,-293.700000,324.353000
833.916000,-274.628000,334.000000
775.600000,-333.695000,406.063000
749.155000,-315.600000,379.358000
732.600000,-341.710000,352.762000
770.354000,-350.600000,435.057000
744.253000,-350.285000,438.000000
769.600000,-268.144000,375.573000
768.424000,-263.200000,353.768000
727.600000,-270.880000,332.052000
739.822000,-311.200000,399.247000
745.282000,-290.896000,415.000000
706.400000,-297.370000,329.512000
684.742000,-253.900000,325.592000
657.400000,-289.999000,337.688000
691.945000,-316.900000,333.768000
685.379000,-264.169000,339.000000
646.650000,-283.532000,334.080000
531.346800,-247.100000,320.660000
511.950000,-377.384000,362.240000
527.979300,-379.100000,348.765000
609.068700,-346.100000,375.000000
518.280900,-318.380000,375.000000
502.100000,-362.446000,313.876000
467.937000,-247.800000,348.652000
375.100000,-301.133000,337.428000
442.664000,-380.800000,326.158000
485.717000,-292.488000,355.000000
401.643000,-358.589000,355.000000
1095.100000,-195.414000,357.240000
996.748000,-156.800000,347.480000
951.100000,-226.804000,337.720000
1087.324000,-242.800000,327.920000
954.124000,-236.178000,359.000000
1004.524000,-167.636000,359.000000
921.400000,-162.725000,527.306000
921.400000,-201.425000,473.341000
914.200000,-160.100000,466.062000
847.750000,-160.100000,528.310000
846.400000,-177.200000,404.818000
846.400000,-198.725000,332.279000
873.325000,-235.100000,343.323000
850.000000,-235.100000,387.248000
994.700000,-81.520400,324.904000
970.730000,-70.200000,322.708000
947.700000,-81.866200,320.512000
984.031000,-88.400000,327.307000
962.787000,-71.947200,328.000000
1000.276237,-48.969078,333.662000
963.036959,-37.624926,327.074000
959.679431,-37.890071,320.459000
964.052178,-55.297996,340.871000
976.876192,-52.400542,347.000000
850.997275,-118.809369,330.476000
849.001033,-99.996442,325.352000
824.545894,-94.235270,341.207000
837.024464,-114.143949,336.083000
845.043992,-103.297076,344.000000
890.610447,-83.190053,322.236000
856.758778,-51.030142,326.772000
832.375019,-61.274345,325.302000
831.567255,-64.178603,323.838000
872.610110,-85.635994,327.000000
916.162679,-32.200639,320.896000
918.028779,-5.177164,332.992000
880.678645,-0.497185,329.072000
892.086194,-24.666604,325.168000
917.601389,-17.650399,336.000000
874.768433,2.424013,326.778000
870.864304,27.880144,323.606000
852.849873,3.405217,320.421000
865.545114,-13.714670,317.249000
863.530489,29.245685,328.000000
783.200000,-197.980000,384.212000
743.560000,-191.400000,365.424000
743.200000,-197.181000,346.559000
753.360000,-238.400000,327.771000
752.080000,-220.258000,403.000000
712.800000,-223.850000,323.636000
694.575000,-187.500000,322.172000
667.800000,-214.300000,320.702000
697.860000,-237.500000,325.238000
684.540000,-197.550000,326.000000
638.700000,-202.060000,329.224000
578.168000,-195.800000,322.148000
564.700000,-214.800000,344.043000
570.694000,-215.800000,336.967000
603.328000,-211.540000,345.000000
423.000000,-225.500000,332.234000
415.344000,-189.500000,310.429000
390.000000,-204.020000,377.713000
406.335000,-229.500000,355.997000
412.176000,-204.420000,394.000000
776.400000,-95.060000,320.404000
740.925000,-65.900000,327.199000
721.400000,-112.520000,325.003000
771.395000,-125.900000,322.807000
766.610000,-123.500000,328.000000
769.250000,-1.580000,312.288000
762.907500,1.300000,348.528000
661.750000,-6.340000,336.816000
696.365000,-38.700000,325.104000
766.240000,-20.540000,360.000000
507.800000,-25.432000,322.688000
479.420000,6.200000,317.053000
447.800000,-22.792000,311.441000
491.960000,-41.800000,305.829000
455.120000,-0.184000,326.000000
245.111178,-577.538064,322.706000
235.592814,-560.743571,322.461000
233.632714,-559.318044,322.217000
221.263295,-576.112537,322.973000
227.262389,-573.766357,323.000000
296.500000,-345.968000,312.556000
293.800000,-326.000000,312.311000
287.500000,-336.344000,312.067000
292.567000,-350.000000,312.822000
291.298000,-333.344000,313.000000
283.000000,-314.262000,312.406000
265.888000,-310.500000,312.161000
259.000000,-318.105000,312.917000
282.424000,-319.500000,312.672000
272.728000,-318.528000,313.000000
182.494744,-554.385615,324.048000
180.424330,-549.881662,322.088000
155.772128,-524.230745,328.136000
136.232250,-551.257392,326.176000
160.714735,-553.314823,330.000000
137.765701,-303.983037,313.212000
134.848885,-280.171216,314.722000
111.585072,-280.666190,314.234000
125.684781,-306.362451,313.744000
143.896317,-291.516744,315.000000
132.878845,-600.091718,406.085000
125.751209,-574.839520,384.857000
120.592158,-578.437280,363.629000
77.741487,-628.653175,342.314000
92.200406,-607.575736,410.000000
1.818278,-453.899706,328.050000
86.967958,-555.288932,325.610000
63.544430,-468.162193,323.170000
-6.673054,-411.013631,320.720000
81.647307,-509.933620,330.000000
158.700487,-429.998258,334.410000
158.384122,-381.481354,329.042000
89.913189,-424.810233,323.674000
85.380845,-431.331946,340.284000
105.821525,-431.677037,342.000000
53.031440,-317.924311,331.170000
111.355315,-377.724283,322.874000
112.459736,-338.965033,314.578000
62.717654,-302.485418,340.248000
96.032176,-342.885083,348.000000
44.521502,-298.733332,323.715000
42.154108,-246.070847,315.663000
-11.167400,-263.912566,340.611000
15.747913,-315.831174,332.526000
4.623709,-304.418471,345.000000
364.000000,-142.170000,306.485000
361.492000,-131.500000,319.337000
250.000000,-146.341000,315.172000
282.490000,-228.500000,311.024000
338.008000,-188.148000,320.000000
297.880000,-175.829000,320.000000
288.597226,-65.747983,303.770000
306.405847,-32.341746,314.354000
273.139553,-37.977229,310.924000
270.800660,-68.814721,307.508000
307.172201,-46.386786,317.000000
209.000000,-26.885000,310.905000
176.738000,0.000000,310.661000
171.000000,-93.195000,310.416000
175.256000,-95.000000,310.172000
173.736000,-71.820000,311.000000
170.000000,-186.835000,323.305000
125.290000,0.000000,320.621000
0.000000,-84.710000,317.926000
89.420000,-215.000000,315.242000
37.740000,-73.745000,326.000000
154.020000,-72.455000,326.000000
102.680000,-130.290000,326.000000
68.510000,-17.845000,326.000000
