1522.700000,-1076.217000,304.716000
1522.207000,-1072.200000,304.228000
1505.700000,-1078.440000,305.738000
1510.664000,-1111.200000,305.250000
1516.223000,-1094.703000,306.000000
1493.900000,-1075.754000,307.286000
1483.100000,-1052.600000,306.798000
1469.900000,-1072.388000,306.308000
1487.012000,-1086.600000,307.820000
1477.940000,-1057.870000,308.000000
1570.100000,-968.600000,307.496000
1542.228000,-963.400000,305.788000
1538.100000,-963.460000,304.073000
1542.420000,-983.400000,302.365000
1539.700000,-978.080000,308.000000
1526.200000,-978.070000,305.260000
1521.805000,-952.900000,320.380000
1511.200000,-965.620000,315.480000
1519.540000,-982.900000,310.600000
1522.675000,-962.290000,321.000000
1508.400000,-967.976000,305.482000
1478.412000,-956.300000,303.286000
1466.400000,-979.988000,301.081000
1507.434000,-984.300000,307.885000
1486.560000,-981.248000,310.000000
1522.251900,-750.962372,321.141000
1480.379684,-722.089752,314.526000
1481.189349,-743.402945,307.938000
1515.462297,-760.145861,301.350000
1491.658397,-746.766078,327.000000
1427.300000,-601.775000,309.224000
1413.932000,-569.000000,322.814000
1403.300000,-608.273000,318.422000
1422.980000,-626.000000,314.030000
1425.140000,-571.736000,326.000000
1390.800000,-624.142000,310.824000
1332.120000,-622.000000,308.864000
1330.800000,-623.540000,314.912000
1345.260000,-636.000000,312.960000
1368.300000,-630.778000,316.000000
1366.100000,-608.272000,315.018000
1359.300000,-574.600000,312.323000
1349.100000,-599.026000,309.639000
1360.371000,-620.600000,317.944000
1354.880000,-584.076000,319.000000
1347.700000,-593.310000,309.846000
1327.175000,-580.600000,309.356000
1322.700000,-619.673000,308.868000
1324.800000,-621.600000,308.378000
1324.075000,-612.744000,310.000000
1448.900000,-1103.703000,307.040000
1439.909000,-1079.700000,310.815000
1411.900000,-1089.798000,309.595000
1430.622000,-1106.700000,308.370000
1440.390000,-1089.501000,311.000000
1344.200000,-1089.812000,308.000000
1330.920000,-1073.900000,308.000000
1324.200000,-1100.930000,308.000000
1342.740000,-1107.900000,308.000000
1333.900000,-1105.894000,308.000000
1442.100000,-1043.120000,315.432000
1439.210000,-1042.200000,311.528000
1408.100000,-1046.540000,307.624000
1419.932000,-1062.200000,303.704000
1414.900000,-1052.600000,319.000000
1434.000000,-1019.750000,304.240000
1388.877000,-1006.000000,319.360000
1345.000000,-1020.036000,314.480000
1413.530000,-1028.000000,309.580000
1426.435000,-1008.178000,323.000000
1344.900000,-1021.277000,311.899000
1287.364000,-1009.300000,307.751000
1282.900000,-1012.840000,320.603000
1294.742000,-1068.300000,316.438000
1321.960000,-1049.243000,323.000000
1446.100000,-968.888000,310.848000
1437.724000,-942.300000,307.432000
1422.100000,-958.654000,304.002000
1436.812000,-976.300000,314.586000
1430.380000,-951.004000,316.000000
1399.000000,-966.713000,305.751000
1364.305000,-954.800000,305.019000
1354.000000,-984.566000,304.284000
1355.530000,-987.800000,303.552000
1356.700000,-982.355000,306.000000
1337.700000,-982.287000,304.808000
1334.628000,-951.300000,307.832000
1321.700000,-961.992000,306.852000
1328.980000,-984.300000,305.876000
1334.100000,-964.929000,308.000000
1430.300000,-924.724000,321.967000
1401.442000,-915.400000,311.963000
1383.300000,-928.810000,342.918000
1424.519000,-933.400000,332.914000
1406.330000,-933.256000,343.000000
1308.000000,-843.412000,345.056000
1307.370000,-836.500000,333.344000
1290.000000,-848.524000,321.584000
1295.364000,-908.500000,309.872000
1293.708000,-877.540000,356.000000
1302.100000,-770.750000,308.653000
1295.260000,-753.200000,330.577000
1287.100000,-768.488000,323.472000
1297.900000,-779.200000,316.396000
1300.915000,-757.074000,336.000000
1356.800000,-783.610000,316.918000
1293.584000,-779.800000,309.842000
1284.800000,-779.935000,331.737000
1294.952000,-794.800000,324.661000
1330.592000,-790.720000,336.000000
1451.000000,-774.080000,322.572000
1419.605000,-761.600000,313.752000
1346.000000,-768.065000,304.968000
1405.010000,-776.600000,332.184000
1382.855000,-766.190000,336.000000
1446.700000,-738.407000,332.832000
1436.606000,-723.200000,324.012000
1432.700000,-754.724000,315.228000
1446.476000,-760.200000,306.444000
1433.624000,-755.945000,336.000000
1445.200000,-720.750000,309.456000
1433.272000,-705.900000,345.696000
1361.200000,-710.010000,333.984000
1395.220000,-720.900000,322.272000
1426.804000,-712.845000,348.000000
1359.800000,-722.516000,332.244000
1350.792000,-701.500000,321.954000
1343.800000,-727.215000,353.706000
1357.016000,-738.500000,343.458000
1351.736000,-703.054000,354.000000
1342.600000,-701.158000,344.214000
1306.155000,-699.100000,333.924000
1305.600000,-700.724000,323.676000
1314.776000,-713.100000,313.386000
1313.407000,-707.794000,354.000000
1302.800000,-726.400000,314.184000
1295.898000,-703.200000,345.894000
1285.800000,-720.416000,335.646000
1297.173000,-735.200000,325.356000
1301.542000,-709.568000,354.000000
1268.400000,-1059.620000,312.729000
1247.700000,-1042.900000,308.564000
1243.400000,-1095.645000,321.416000
1245.675000,-1097.900000,317.251000
1259.425000,-1085.690000,324.000000
1228.600000,-1100.873000,310.105000
1226.110000,-1073.500000,308.885000
1218.600000,-1085.280000,307.665000
1223.720000,-1104.500000,311.440000
1222.160000,-1084.536000,312.000000
1220.900000,-1099.110000,311.718000
1200.130000,-1094.500000,310.986000
1189.900000,-1102.520000,310.254000
1218.823000,-1104.500000,309.519000
1192.101000,-1103.850000,312.000000
1216.600000,-1057.300000,307.191000
1215.864000,-1056.700000,307.947000
1208.600000,-1060.045000,307.703000
1211.440000,-1071.700000,307.458000
1214.888000,-1064.410000,308.000000
1195.000000,-1073.248000,310.428000
1189.870000,-1051.000000,309.696000
1185.000000,-1074.220000,311.961000
1192.760000,-1087.000000,311.229000
1190.010000,-1054.312000,312.000000
1187.000000,-1082.822000,318.371000
1172.990000,-1077.700000,315.687000
1172.000000,-1079.416000,312.992000
1174.970000,-1103.700000,310.308000
1175.240000,-1095.146000,321.000000
1148.400000,-1097.000000,311.000000
1130.600000,-1077.600000,311.000000
1098.400000,-1089.775000,311.000000
1129.350000,-1102.600000,311.000000
1144.950000,-1083.825000,311.000000
1231.100000,-1005.788000,309.662000
1214.006000,-998.000000,309.174000
1209.100000,-1017.998000,310.684000
1209.980000,-1020.000000,310.196000
1223.312000,-1016.216000,311.000000
1206.100000,-1042.953000,312.080000
1203.314000,-1004.700000,310.860000
1192.100000,-1018.230000,309.635000
1198.568000,-1045.700000,313.415000
1197.168000,-1021.387000,314.000000
1143.300000,-1023.917000,324.614000
1119.740000,-999.900000,321.198000
1105.300000,-1035.244000,317.768000
1138.854000,-1046.900000,314.352000
1108.226000,-1046.195000,326.000000
1268.000000,-926.100000,309.302000
1266.811000,-925.200000,314.594000
1239.000000,-926.930000,312.879000
1247.845000,-935.200000,311.171000
1261.968000,-930.840000,315.000000
1238.900000,-969.377000,311.884000
1232.881000,-947.300000,310.904000
1225.900000,-966.902000,313.928000
1235.338000,-980.300000,312.952000
1232.491000,-952.019000,314.000000
1224.200000,-956.316000,313.024000
1213.592000,-949.400000,312.044000
1212.200000,-949.848000,311.068000
1213.964000,-977.400000,310.092000
1214.864000,-969.588000,314.000000
1179.800000,-975.212000,310.164000
1172.762000,-965.300000,313.184000
1156.800000,-970.544000,312.208000
1169.887000,-977.300000,311.232000
1178.351000,-968.900000,314.000000
1190.200000,-946.950000,315.542000
1142.218000,-934.800000,311.377000
1124.200000,-960.570000,324.229000
1189.540000,-964.800000,320.081000
1167.232000,-961.140000,327.000000
1268.300000,-875.126000,312.055000
1266.228000,-853.500000,310.830000
1254.300000,-859.660000,309.610000
1260.054000,-875.500000,313.385000
1259.438000,-863.554000,314.000000
1257.000000,-841.902000,312.792000
1250.160000,-830.100000,312.302000
1245.000000,-844.821000,311.814000
1254.996000,-851.100000,311.324000
1245.984000,-830.856000,313.000000
1157.500000,-846.800000,316.000000
1144.617000,-842.600000,316.000000
1144.500000,-846.290000,316.000000
1147.802000,-872.600000,316.000000
1154.861000,-861.020000,316.000000
1145.100000,-868.485000,316.000000
1130.645000,-857.700000,316.000000
1110.100000,-865.860000,316.000000
1133.760000,-872.700000,316.000000
1128.020000,-860.595000,316.000000
1259.300000,-792.782000,310.250000
1242.620000,-790.100000,310.494000
1239.300000,-798.785000,310.738000
1241.240000,-799.100000,310.983000
1243.840000,-797.039000,310.000000
1213.100000,-802.536000,313.000000
1209.785000,-749.100000,313.000000
1200.100000,-772.707000,313.000000
1206.834000,-810.100000,313.000000
1212.346000,-770.450000,313.000000
1200.200000,-776.255000,318.440000
1191.399000,-748.500000,314.292000
1187.200000,-797.788000,327.144000
1199.420000,-809.500000,322.979000
1195.741000,-805.169000,330.000000
1142.500000,-781.858000,322.235000
1138.874000,-781.000000,320.527000
1105.500000,-786.980000,318.812000
1118.857000,-807.000000,324.104000
1119.264000,-794.182000,325.000000
1270.600000,-747.756000,315.560000
1244.600000,-739.800000,314.584000
1220.600000,-748.263000,313.604000
1259.750000,-752.800000,312.628000
1224.950000,-740.918000,316.000000
1238.100000,-697.304000,319.975000
1196.696000,-688.900000,332.827000
1194.100000,-692.068000,328.662000
1203.076000,-732.900000,324.514000
1229.388000,-718.116000,334.000000
1172.300000,-721.208000,317.920000
1162.888000,-696.600000,317.432000
1146.300000,-712.408000,318.942000
1162.550000,-728.600000,318.454000
1159.768000,-704.376000,319.000000
1138.700000,-690.720000,321.235000
1116.748000,-685.500000,320.503000
1110.700000,-699.225000,319.768000
1112.016000,-700.500000,319.036000
1117.224000,-697.830000,322.000000
1202.900000,-661.872000,318.690000
1186.090000,-641.500000,336.078000
1120.900000,-648.914000,330.443000
1159.276000,-663.500000,324.831000
1198.636000,-650.300000,341.000000
1148.800000,-622.020000,318.205000
1123.760000,-599.800000,316.497000
1108.800000,-633.152000,321.782000
1144.400000,-643.800000,320.074000
1135.320000,-642.876000,323.000000
1251.400000,-591.532000,316.600000
1246.696000,-587.500000,313.905000
1153.400000,-596.092000,311.221000
1183.878000,-635.500000,319.537000
1190.444000,-614.284000,321.000000
1253.000000,-577.902000,334.320000
1213.135000,-564.000000,326.480000
1168.000000,-576.621000,318.672000
1230.220000,-585.000000,310.864000
1175.905000,-566.856000,338.000000
994.600000,-1070.394000,327.390000
946.486000,-1062.200000,377.975000
940.600000,-1062.948000,361.627000
948.916000,-1096.200000,345.279000
984.232000,-1086.510000,383.000000
1076.100000,-1042.480000,320.190000
1065.492000,-998.200000,315.780000
1042.100000,-1022.176000,329.388000
1061.650000,-1052.200000,324.978000
1059.882000,-1014.022000,330.000000
1024.800000,-1016.792000,324.660000
952.966000,-995.300000,322.455000
926.800000,-1042.010000,320.259000
1024.408000,-1049.300000,318.054000
950.124000,-1042.388000,327.000000
995.200000,-972.734000,320.775000
985.435000,-931.700000,374.380000
932.200000,-943.712000,357.056000
958.534000,-973.700000,339.661000
992.239000,-950.642000,390.000000
1073.100000,-910.630000,319.326000
1037.388000,-885.100000,315.910000
1011.100000,-917.668000,326.494000
1063.118000,-931.100000,323.064000
1052.516000,-886.434000,329.000000
1021.800000,-830.630000,323.564000
988.866000,-824.600000,322.100000
988.800000,-830.405000,320.636000
997.413000,-869.600000,325.166000
1001.439000,-851.960000,326.000000
1078.200000,-789.902000,359.313000
1065.630000,-751.400000,347.845000
1048.200000,-781.100000,336.377000
1068.660000,-805.400000,324.862000
1051.140000,-761.444000,365.000000
1028.200000,-772.068000,323.608000
991.240000,-758.100000,340.240000
984.200000,-804.756000,334.872000
988.732000,-806.100000,329.482000
1019.972000,-794.820000,342.000000
986.200000,-795.400000,333.429000
971.528000,-743.200000,328.305000
930.200000,-766.780000,344.160000
959.600000,-803.200000,339.036000
959.768000,-763.840000,345.000000
1023.800000,-707.176000,339.680000
960.964000,-679.400000,334.800000
931.800000,-729.930000,329.900000
1018.832000,-741.400000,325.020000
954.156000,-736.564000,345.000000
1083.800000,-606.220000,319.133000
1079.075000,-604.600000,324.425000
1038.800000,-618.760000,322.710000
1055.360000,-664.600000,321.002000
1081.910000,-634.660000,326.000000
987.100000,-642.154000,324.608000
977.632000,-606.400000,324.120000
969.100000,-645.163000,325.630000
983.302000,-665.400000,325.142000
981.214000,-611.061000,326.000000
965.000000,-633.008000,336.013000
949.848000,-626.200000,331.865000
949.000000,-629.123000,327.700000
952.360000,-663.200000,340.552000
955.224000,-650.546000,343.000000
1066.900000,-583.202000,337.732000
1016.716000,-542.000000,333.340000
930.900000,-569.000000,328.930000
1016.852000,-596.000000,324.538000
945.044000,-554.798000,340.000000
813.700000,-1073.381000,320.749000
786.840000,-1059.400000,329.065000
779.700000,-1097.202000,326.370000
781.502000,-1100.400000,323.686000
807.546000,-1092.815000,330.000000
892.700000,-1083.460000,331.104000
877.297000,-988.700000,327.184000
819.700000,-1024.029000,339.280000
854.375000,-1091.700000,335.376000
858.682000,-1029.282000,340.000000
809.800000,-1025.740000,333.477000
791.443000,-995.800000,330.292000
780.800000,-1041.640000,327.120000
806.784000,-1055.800000,336.948000
788.021000,-1054.180000,337.000000
773.400000,-1074.125000,322.224000
770.592000,-1072.200000,334.304000
721.400000,-1076.850000,330.400000
737.884000,-1097.200000,326.496000
771.528000,-1085.975000,338.000000
772.800000,-1036.936000,357.292000
760.900000,-1000.200000,330.832000
747.800000,-1034.192000,412.480000
766.275000,-1056.200000,386.128000
764.775000,-1007.480000,433.000000
840.300000,-933.355000,368.552000
790.068000,-920.900000,349.442000
784.300000,-922.437000,330.410000
793.260000,-973.900000,389.300000
806.364000,-958.424000,401.000000
844.200000,-877.858000,348.249000
824.484000,-824.200000,343.104000
782.200000,-853.900000,337.980000
818.222000,-890.200000,332.835000
788.958000,-843.142000,351.000000
769.300000,-843.908000,339.702000
755.980000,-824.700000,387.267000
751.300000,-867.379000,371.895000
751.354000,-873.700000,356.460000
766.132000,-867.134000,393.000000
740.694900,-870.915290,357.594000
756.605617,-831.228173,342.222000
738.959715,-837.146753,389.850000
731.798763,-868.170149,374.415000
743.917157,-846.839012,393.000000
869.700000,-754.778000,338.014000
840.550000,-742.700000,333.622000
819.700000,-758.408000,329.230000
862.000000,-764.700000,342.820000
832.400000,-743.206000,343.000000
907.900000,-743.780000,325.144000
907.760000,-736.100000,338.752000
872.900000,-744.200000,334.360000
882.245000,-796.100000,329.950000
906.815000,-772.160000,343.000000
827.883800,-799.870094,390.428000
823.900373,-765.996867,342.604000
790.674898,-773.869724,490.780000
810.006922,-803.849598,442.760000
824.941669,-774.646417,529.000000
909.000000,-639.905000,340.872000
855.639000,-630.500000,335.016000
846.000000,-662.774000,329.136000
852.930000,-663.500000,347.280000
871.137000,-655.547000,351.000000
840.600000,-661.649000,393.999000
826.664000,-641.800000,376.187000
788.600000,-651.000000,358.302000
816.212000,-664.800000,340.490000
794.528000,-649.551000,404.000000
897.700000,-608.512000,356.820000
841.120000,-592.600000,519.360000
880.890000,-592.600000,466.900000
815.700000,-622.156000,466.685000
893.846000,-628.600000,414.225000
837.922000,-628.600000,346.070000
906.700000,-541.903000,331.495000
893.158000,-541.000000,327.835000
784.700000,-551.406000,339.160000
830.328000,-584.000000,335.500000
851.190000,-562.242000,340.000000
549.681274,-1143.994342,346.540000
545.298161,-1117.194584,339.220000
519.465490,-1126.200876,331.870000
536.333130,-1150.952787,354.550000
537.915672,-1115.120811,355.000000
536.985404,-1159.499167,326.477000
488.363802,-1120.691691,446.681000
504.853359,-1131.814038,384.512000
484.554100,-1120.992814,407.726000
481.921153,-1150.120173,368.930000
508.703212,-1168.184899,453.995000
528.216610,-1169.593465,485.000000
493.893301,-1103.605282,343.568000
506.096014,-1085.038093,328.623000
487.983796,-1085.229033,374.739000
484.483188,-1102.840916,359.855000
501.827499,-1090.000177,387.000000
593.242945,-1066.125977,387.457000
581.071337,-1018.623757,360.752000
529.889302,-1045.370210,334.156000
528.590594,-1050.745395,416.560000
549.803591,-1058.427644,434.000000
616.184691,-1036.410471,353.456000
619.681034,-1020.395050,345.616000
592.753857,-994.906687,337.808000
599.897995,-1018.211251,330.000000
595.878903,-999.633399,358.000000
640.463559,-998.096353,327.573000
644.399091,-967.775523,335.878000
609.938919,-980.351654,333.194000
620.662780,-1009.969327,330.510000
620.460386,-1007.288197,337.000000
672.622145,-946.609371,343.692000
674.032702,-944.289739,334.137000
659.797091,-937.693501,363.621000
640.249967,-959.776102,354.066000
655.113014,-952.102359,366.000000
432.122330,-1099.004795,328.713000
438.475126,-1063.469715,328.468000
402.460676,-1059.973110,328.224000
412.834926,-1098.545365,328.979000
426.658705,-1057.086505,329.000000
460.845444,-1041.525293,392.870000
451.740316,-1018.687938,376.945000
449.282767,-1017.432815,361.085000
428.000646,-1040.220391,345.160000
448.730447,-1050.666709,393.000000
514.841086,-1031.026421,344.048000
529.578777,-1009.473546,328.432000
508.822843,-1006.304428,376.816000
504.227982,-1027.427409,361.136000
523.098546,-1015.313044,390.000000
508.465197,-998.204164,355.783000
508.139360,-976.389801,343.827000
480.581174,-991.188730,331.871000
477.393030,-994.036798,368.866000
487.032468,-998.098719,377.000000
539.876757,-1011.683057,356.968000
552.896780,-989.466168,348.672000
518.813508,-959.254724,340.376000
519.840828,-988.370859,332.046000
520.360838,-966.687348,362.000000
592.959993,-966.162189,328.685000
606.098628,-929.754084,332.465000
563.172255,-946.533998,331.245000
568.128755,-979.795155,330.020000
614.519401,-941.703752,333.000000
590.516061,-921.356483,353.054000
596.145191,-916.579354,339.146000
578.822090,-908.951161,382.181000
541.068501,-945.495266,368.273000
563.284854,-933.673543,386.000000
639.566532,-922.482444,340.726000
656.708661,-883.586416,336.334000
616.996441,-882.855164,331.924000
618.339345,-922.011106,345.532000
640.967411,-879.077983,346.000000
702.339427,-849.114598,459.936000
694.353396,-817.165352,427.484000
652.841104,-844.160965,394.899000
654.813285,-847.788168,362.447000
683.590675,-863.621490,461.000000
723.059798,-816.908155,348.113000
735.037446,-797.654657,331.277000
714.830468,-788.829627,383.372000
712.431358,-809.463857,366.536000
728.181772,-802.337710,398.000000
763.900000,-683.784000,361.538000
749.284000,-675.500000,349.582000
742.900000,-691.213000,337.577000
763.039000,-694.500000,374.621000
751.636000,-692.771000,383.000000
747.235875,-704.174640,363.880000
744.129224,-699.915567,354.120000
715.446500,-672.012987,344.320000
715.118783,-694.281956,334.560000
715.627324,-679.452006,370.000000
766.000000,-624.454000,339.752000
726.653000,-578.200000,366.968000
693.000000,-630.460000,358.148000
751.546000,-656.200000,349.364000
754.758000,-583.426000,371.000000
765.700000,-544.440000,342.340000
708.100000,-537.600000,337.440000
705.700000,-541.280000,352.560000
719.080000,-577.600000,347.680000
739.360000,-563.400000,354.000000
708.600000,-567.900000,476.930000
692.598000,-536.400000,424.255000
666.600000,-557.946000,371.795000
693.690000,-578.400000,534.335000
431.305108,-1015.311662,368.480000
414.213670,-978.521908,358.680000
386.363210,-988.653675,348.920000
386.859683,-992.413020,339.160000
419.976562,-1023.917877,369.000000
463.914082,-981.544929,350.304000
478.434804,-953.356934,330.214000
441.745457,-926.151432,392.206000
443.199338,-960.693261,372.116000
466.448852,-957.928796,410.000000
499.659411,-948.164334,330.785000
490.663151,-913.887029,329.560000
461.408907,-914.801003,328.340000
484.812413,-954.332441,332.115000
470.389570,-934.614895,333.000000
568.763121,-894.689117,346.682000
569.264123,-889.110640,341.537000
524.755644,-853.120095,336.413000
499.866553,-898.752723,331.268000
514.083750,-872.261983,350.000000
599.271894,-872.456758,330.905000
620.040934,-836.800161,342.230000
581.464743,-848.273917,338.570000
577.924404,-880.131521,334.895000
620.985558,-849.121564,344.000000
578.421203,-846.108657,329.877000
566.416549,-820.701299,328.169000
563.761494,-819.377069,333.461000
544.669178,-841.516004,331.746000
559.176436,-844.939153,334.000000
577.729981,-824.292925,351.360000
594.916952,-804.838263,342.820000
577.929558,-807.403436,334.280000
569.434694,-824.218799,360.705000
584.928644,-806.436220,362.000000
630.120209,-790.963174,357.392000
629.184255,-772.342496,349.584000
606.152499,-784.636652,341.776000
603.739562,-787.002373,333.936000
619.387215,-799.551641,358.000000
663.328239,-811.695866,330.724000
678.567806,-786.369130,327.308000
641.544469,-754.703960,337.878000
641.831847,-787.085454,334.462000
664.656692,-789.051442,341.000000
711.654374,-764.387981,348.081000
717.925107,-721.028945,340.517000
671.282262,-732.742695,332.922000
685.550456,-776.390524,356.358000
718.119606,-722.222540,362.000000
437.982572,-915.996009,344.048000
440.268537,-912.788627,339.656000
398.118395,-868.498290,335.246000
387.193162,-899.683516,330.854000
392.310109,-884.450599,347.000000
452.060034,-902.329549,330.299000
455.812993,-873.928431,344.663000
426.608285,-865.035789,340.008000
436.435014,-897.669091,335.372000
460.245401,-887.362968,347.000000
516.115143,-852.413805,334.496000
510.938053,-820.087894,330.592000
461.821494,-853.916870,342.672000
463.956246,-857.411139,338.768000
485.124591,-859.335268,344.000000
462.122381,-844.024084,349.421000
486.316346,-815.754291,341.857000
461.688876,-813.492900,334.262000
450.255924,-839.551055,357.698000
468.964355,-816.464533,359.000000
545.153672,-824.587906,355.304000
546.203262,-807.478472,348.228000
525.327814,-817.480898,341.123000
532.775941,-833.800537,334.047000
523.902647,-818.681299,356.000000
541.869121,-794.822712,328.566000
539.402421,-791.395228,327.096000
514.713576,-773.063014,331.632000
505.624962,-797.354011,330.168000
524.762785,-796.293950,333.000000
568.274575,-803.438025,333.098000
561.358024,-766.961900,329.913000
528.393743,-758.527312,326.741000
551.372651,-802.301463,336.569000
559.090699,-767.022215,339.000000
592.094872,-742.436996,330.986000
587.174357,-729.019414,329.516000
584.742312,-730.376348,328.052000
567.141125,-748.772874,326.588000
574.265247,-741.508660,332.000000
614.580418,-744.740961,326.160000
624.112674,-721.045485,333.710000
599.687901,-715.624377,331.270000
601.583687,-740.894975,328.830000
624.064702,-731.378408,335.000000
597.158154,-717.795434,337.233000
604.786052,-696.003657,329.148000
558.374094,-729.900753,354.096000
556.256811,-733.004995,346.011000
570.694718,-731.060613,357.000000
652.696140,-729.344400,338.720000
685.840897,-684.372576,333.820000
639.440497,-661.586275,328.940000
628.655290,-709.095176,344.040000
650.043778,-675.919669,345.000000
329.278558,-1025.390964,336.652000
290.672130,-943.393256,333.712000
233.688948,-929.085362,330.784000
303.871891,-1031.199311,327.844000
228.373461,-934.605747,337.000000
389.054899,-958.164992,334.925000
391.106677,-954.155159,326.385000
365.210817,-945.304560,352.845000
326.631105,-987.354575,344.270000
358.527053,-973.942976,361.000000
341.377956,-961.187313,341.880000
333.532214,-896.839665,336.512000
271.985017,-874.550295,331.144000
309.239536,-952.647557,347.754000
324.123891,-894.745914,352.000000
386.736485,-862.823646,435.900000
352.082088,-806.021856,403.692000
346.746535,-802.560180,371.484000
324.523655,-837.139671,339.144000
333.209644,-827.604434,459.000000
394.625184,-847.264985,329.420000
400.374184,-816.514053,346.052000
364.443134,-794.500353,340.684000
374.756492,-832.549310,335.294000
401.866571,-831.132684,349.000000
462.129785,-789.467866,332.530000
441.774826,-748.328607,329.114000
414.151701,-752.400938,339.684000
412.660436,-755.278755,336.268000
436.684554,-778.338943,341.000000
483.885999,-771.468114,326.000000
498.748803,-745.998683,326.000000
461.786708,-714.731712,326.000000
462.450850,-747.255901,326.000000
470.080674,-730.181112,326.000000
573.519708,-690.938979,340.440000
575.235468,-668.634594,336.536000
551.952999,-673.660847,332.616000
560.633336,-696.683919,328.712000
568.586542,-660.608180,341.000000
560.821003,-703.888805,326.250000
562.676050,-701.202799,325.030000
534.588938,-673.660730,328.805000
522.744401,-697.972776,327.585000
543.291349,-704.084095,330.000000
525.756212,-679.100387,333.560000
544.793215,-655.668014,329.656000
520.655044,-665.216597,325.736000
512.723943,-684.393437,337.832000
538.426259,-658.806234,341.000000
592.786622,-639.123168,344.320000
583.019326,-614.734263,337.976000
558.077717,-629.866306,331.606000
560.359220,-632.832346,325.262000
566.777859,-628.733796,349.000000
280.844669,-841.829290,330.675000
288.515350,-826.297714,357.100000
270.477465,-813.686021,348.560000
271.059317,-832.749958,340.020000
286.487918,-833.381731,362.000000
263.699096,-857.200343,325.460000
234.018223,-794.744794,322.030000
192.485344,-792.457347,332.614000
245.335305,-868.408671,329.198000
225.608491,-837.486722,334.000000
336.156086,-790.777961,326.000000
331.710575,-785.177876,326.000000
295.249585,-753.076316,326.000000
290.333560,-784.711050,326.000000
300.349840,-770.343842,326.000000
288.285942,-711.729908,327.840000
297.985798,-693.126152,326.860000
276.921324,-704.511220,325.884000
276.132827,-719.604184,324.908000
292.846825,-690.235570,328.000000
354.054771,-705.409238,326.715000
349.708593,-696.194571,325.000000
348.069324,-697.330473,330.292000
337.112307,-710.571695,328.577000
345.611025,-709.525073,332.000000
334.444606,-699.222653,326.650000
342.905423,-687.728953,325.425000
332.671219,-691.353271,324.205000
329.138339,-700.828375,327.980000
339.202475,-689.621965,329.000000
370.062320,-687.387367,327.260000
360.419005,-664.587911,326.280000
340.303877,-674.500855,325.304000
340.842695,-677.039421,324.324000
346.108520,-675.800841,328.000000
397.994964,-689.713144,326.396000
404.957592,-658.806105,329.420000
386.048595,-665.295683,328.444000
387.343103,-689.504596,327.464000
402.421806,-671.641766,330.000000
431.066213,-650.000173,333.296000
426.418361,-624.201242,328.660000
400.589128,-642.433572,343.024000
417.312655,-664.735472,338.369000
410.864342,-657.458550,345.000000
401.468489,-603.886849,355.781000
398.469298,-607.218453,343.825000
365.837786,-647.091948,331.869000
379.997678,-633.899244,368.864000
377.648499,-634.486647,372.000000
556.007456,-597.306769,344.896000
576.271630,-568.530946,339.040000
544.313180,-583.622101,333.184000
537.971327,-606.895509,327.304000
566.462120,-565.577372,346.000000
562.900000,-537.689000,327.736000
525.980000,-533.300000,345.880000
522.900000,-534.434000,340.000000
530.340000,-554.300000,334.144000
552.420000,-547.643000,346.000000
498.455905,-658.620899,340.196000
513.613199,-633.777796,333.120000
489.492656,-630.895961,326.015000
485.951236,-655.261886,347.939000
503.092264,-635.450971,354.000000
490.085508,-604.590747,321.000000
482.753627,-574.399479,321.000000
452.660853,-586.876417,321.000000
450.457900,-589.912256,321.000000
458.059886,-590.546447,321.000000
470.500000,-569.815000,321.000000
468.630000,-563.200000,321.000000
460.500000,-565.426000,321.000000
465.000000,-570.200000,321.000000
469.330000,-566.133000,321.000000
451.560967,-580.795903,321.000000
449.546361,-569.771786,321.000000
440.827410,-580.577742,321.000000
447.083442,-588.234671,321.000000
444.591155,-587.143883,321.000000
434.800801,-574.409752,323.656000
435.552921,-571.425323,322.680000
423.869946,-572.253523,321.700000
418.160392,-596.978362,324.724000
422.790066,-585.128556,325.000000
479.100000,-553.310000,321.000000
460.158000,-546.500000,321.000000
437.100000,-552.320000,321.000000
467.088000,-556.500000,321.000000
438.318000,-548.040000,321.000000
413.584718,-559.449694,321.000000
409.089645,-546.676193,321.000000
407.835721,-546.373416,321.000000
395.016132,-584.118697,321.000000
404.488098,-576.280817,321.000000
394.274356,-564.953562,321.000000
398.821821,-542.595118,321.000000
388.425506,-551.164590,321.000000
388.666384,-567.656785,321.000000
393.756310,-549.764865,321.000000
1344.616968,-494.328755,349.024000
1354.801958,-471.515661,335.304000
1316.341833,-485.991482,321.640000
1319.875646,-507.514864,307.976000
1316.308112,-490.187990,360.000000
1269.500000,-524.450000,311.492000
1260.660000,-494.600000,332.632000
1204.500000,-502.640000,325.800000
1230.500000,-524.600000,318.940000
1262.285000,-508.670000,337.000000
1269.000000,-438.586000,314.854000
1253.934000,-416.200000,309.709000
1242.000000,-443.071000,325.585000
1264.167000,-455.200000,320.440000
1258.308000,-418.072000,328.000000
1188.300000,-501.264000,319.226000
1137.392000,-496.400000,315.796000
1136.300000,-499.952000,312.380000
1148.884000,-528.400000,322.950000
1152.888000,-516.432000,324.000000
1131.300000,-515.840000,315.832000
1121.275000,-486.600000,315.097000
1106.300000,-507.880000,314.365000
1122.900000,-526.600000,313.630000
1107.150000,-494.800000,316.000000
1190.100000,-455.280000,313.824000
1127.628000,-449.700000,319.872000
1114.100000,-466.872000,317.920000
1120.560000,-467.700000,315.960000
1171.024000,-463.794000,320.000000
1203.900000,-439.368000,325.442000
1181.058000,-407.400000,317.146000
1109.900000,-420.900000,308.850000
1157.464000,-443.400000,334.520000
1153.516000,-420.432000,342.000000
963.800000,-506.941000,326.394000
941.190000,-496.200000,325.662000
929.800000,-514.508000,324.930000
961.352000,-519.200000,324.195000
935.886000,-517.843000,327.000000
1005.000000,-434.950000,324.158000
998.980000,-433.600000,343.814000
935.000000,-440.140000,337.444000
959.430000,-463.600000,331.100000
997.580000,-449.170000,348.000000
912.300000,-513.620000,361.800000
886.900000,-494.900000,337.400000
862.300000,-514.070000,412.900000
900.850000,-524.900000,388.500000
892.750000,-497.840000,425.000000
911.700000,-452.420000,338.325000
887.546000,-444.300000,332.225000
885.700000,-446.700000,326.100000
890.692000,-484.300000,345.000000
894.124000,-471.340000,347.000000
914.100000,-425.630000,418.552000
896.600000,-402.200000,393.176000
864.100000,-416.660000,367.696000
894.750000,-432.200000,342.320000
866.050000,-409.850000,425.000000
864.200000,-479.940000,348.617000
816.336000,-473.100000,408.341000
802.200000,-490.257000,388.986000
804.370000,-492.100000,369.710000
849.010000,-488.946000,410.000000
863.600000,-451.022000,371.132000
851.634000,-433.200000,351.856000
801.600000,-439.375000,332.501000
829.872000,-452.200000,392.225000
830.740000,-441.028000,410.000000
772.000000,-463.074000,401.991000
772.000000,-404.514000,390.768000
701.890000,-400.000000,380.763000
658.000000,-491.012000,359.448000
658.000000,-403.538000,341.874000
758.092000,-522.000000,338.220000
679.090000,-520.902000,420.000000
710.440000,-510.532000,420.000000
634.400000,-409.904000,330.148000
632.276000,-398.000000,379.978000
575.400000,-418.708000,363.874000
593.041000,-522.000000,347.770000
628.500000,-468.556000,391.000000
574.200000,-482.202000,334.246000
548.151000,-399.300000,323.956000
517.200000,-471.747000,355.708000
558.240000,-522.300000,345.460000
552.255000,-417.504000,361.000000
480.900000,-479.567000,337.144000
454.530000,-469.700000,330.284000
450.900000,-470.090000,323.452000
455.160000,-508.700000,344.620000
460.800000,-498.053000,347.000000
405.300000,-510.602000,324.464000
397.500000,-475.700000,322.504000
379.300000,-493.844000,320.552000
393.938000,-517.700000,318.600000
380.470000,-488.510000,325.000000
499.500000,-423.510000,316.564000
466.334000,-398.500000,315.054000
453.500000,-450.533000,315.542000
498.810000,-459.500000,316.032000
488.460000,-452.424000,315.000000
1271.200000,-362.997000,349.755000
1266.195000,-290.800000,328.930000
1236.200000,-310.802000,308.190000
1250.410000,-363.800000,372.365000
1252.825000,-324.599000,392.000000
1217.300000,-328.941000,381.556000
1189.100000,-315.900000,360.241000
1167.300000,-331.908000,339.013000
1208.650000,-338.900000,317.698000
1176.800000,-316.843000,400.000000
1167.900000,-291.330000,319.264000
1128.460000,-276.000000,385.036000
1127.900000,-288.285000,363.808000
1137.860000,-381.000000,342.493000
1164.100000,-341.100000,400.000000
1100.100000,-332.625000,369.406000
1059.400000,-300.000000,330.854000
1017.600000,-300.000000,313.790000
1000.100000,-324.255000,450.302000
1067.100000,-345.000000,411.592000
1089.100000,-345.000000,382.994000
1062.100000,-308.910000,471.000000
997.200000,-360.305000,388.978000
947.520000,-349.700000,362.382000
937.200000,-383.300000,335.786000
942.660000,-384.700000,418.081000
957.300000,-376.895000,428.000000
998.100000,-289.870000,420.043000
983.100000,-259.000000,393.447000
938.100000,-272.335000,366.851000
968.880000,-294.000000,340.146000
941.100000,-271.460000,428.000000
879.400000,-369.480000,340.052000
863.967000,-358.900000,393.728000
856.400000,-377.369000,376.333000
877.882000,-381.900000,359.009000
873.995000,-380.382000,396.000000
830.200000,-351.348000,363.784000
827.224000,-350.100000,346.216000
798.200000,-357.268000,328.576000
809.592000,-382.100000,383.008000
813.560000,-366.516000,400.000000
889.700000,-329.554000,387.124000
857.318000,-296.800000,367.116000
826.700000,-330.985000,347.026000
875.651000,-349.800000,327.018000
838.985000,-301.623000,405.000000
918.300000,-267.972000,323.737000
828.540000,-261.700000,332.053000
822.300000,-263.844000,329.358000
841.308000,-293.700000,326.674000
909.756000,-283.140000,334.000000
775.600000,-342.725000,367.368000
760.249000,-315.600000,340.772000
732.600000,-332.680000,423.067000
759.260000,-350.600000,396.471000
759.518000,-324.315000,438.000000
769.600000,-280.144000,382.693000
736.924000,-263.200000,360.977000
727.600000,-306.880000,339.172000
729.322000,-311.200000,406.456000
741.922000,-302.896000,415.000000
706.400000,-312.616000,337.752000
696.600000,-253.900000,333.832000
657.400000,-274.753000,329.928000
680.087000,-316.900000,326.024000
660.144000,-279.478000,339.000000
646.650000,-314.552000,331.385000
563.001300,-247.100000,372.910000
511.950000,-346.364000,359.490000
631.024800,-379.100000,346.070000
615.803700,-376.988000,375.000000
643.956000,-348.344000,375.000000
502.100000,-259.637000,331.632000
496.766000,-247.800000,320.362000
375.100000,-270.942000,309.138000
413.835000,-380.800000,343.914000
436.822000,-322.679000,355.000000
469.588000,-285.838000,355.000000
1095.100000,-214.248000,350.080000
1028.284000,-156.800000,340.280000
951.100000,-207.970000,330.520000
1055.788000,-242.800000,320.760000
980.044000,-169.012000,359.000000
1024.252000,-226.030000,359.000000
921.400000,-178.550000,340.562000
921.400000,-194.225000,538.852000
855.025000,-160.100000,530.067000
915.550000,-160.100000,342.821000
846.400000,-161.375000,468.823000
846.400000,-205.925000,397.790000
857.500000,-235.100000,407.328000
857.125000,-235.100000,452.759000
994.700000,-85.215000,322.123000
980.318000,-70.200000,319.918000
947.700000,-78.171600,326.722000
974.490000,-88.400000,324.517000
977.357000,-75.641800,328.000000
999.596575,-52.251041,337.064000
971.056794,-39.285754,330.449000
956.891430,-51.352818,323.861000
997.159701,-62.154235,344.246000
971.055610,-54.617872,347.000000
849.108197,-121.685214,342.236000
854.594924,-103.670942,337.112000
826.434971,-91.359424,331.988000
831.430573,-110.469449,326.843000
826.482157,-95.242982,344.000000
888.273503,-86.929945,322.206000
866.018615,-56.816330,326.742000
834.711963,-57.534452,325.278000
873.986621,-90.685164,323.808000
883.514843,-68.760333,327.000000
923.579505,-11.139421,327.776000
883.665291,6.924130,323.872000
882.221201,3.883141,335.968000
884.947884,-22.152809,332.048000
898.213060,-15.746237,336.000000
872.534982,-3.918216,325.023000
874.132571,26.729206,321.851000
855.083325,9.747446,318.679000
862.276848,-12.563732,315.494000
863.971074,21.961779,328.000000
783.200000,-205.359000,330.312000
749.800000,-191.400000,388.524000
743.200000,-236.802000,369.659000
747.120000,-238.400000,350.871000
780.040000,-227.637000,403.000000
712.800000,-231.250000,322.046000
701.280000,-187.500000,320.582000
667.800000,-206.900000,325.112000
691.155000,-237.500000,323.648000
696.420000,-204.950000,326.000000
638.700000,-204.880000,334.154000
588.528000,-195.800000,327.078000
564.700000,-211.980000,319.973000
634.334000,-215.800000,341.897000
590.674000,-214.360000,345.000000
423.000000,-190.820000,386.079000
419.733000,-189.500000,364.363000
390.000000,-198.740000,342.558000
401.946000,-229.500000,320.842000
392.178000,-209.740000,394.000000
776.400000,-102.560000,320.764000
747.800000,-65.900000,327.568000
721.400000,-105.020000,325.363000
764.465000,-125.900000,323.167000
764.410000,-71.000000,328.000000
769.250000,-6.300000,335.088000
667.985000,1.300000,323.376000
661.750000,-1.620000,359.616000
683.787500,-38.700000,347.904000
715.177500,-25.260000,360.000000
507.800000,-30.664000,320.618000
486.020000,6.200000,315.006000
447.800000,-17.560000,309.371000
485.360000,-41.800000,303.759000
460.520000,-5.416000,326.000000
243.596555,-579.052687,322.051000
237.092587,-562.243345,322.806000
220.298094,-572.652664,322.562000
219.763521,-574.612764,322.318000
235.474020,-585.007233,323.000000
296.500000,-348.224000,312.336000
294.646000,-326.000000,312.091000
287.500000,-334.088000,312.847000
291.721000,-350.000000,312.603000
293.278000,-335.576000,313.000000
283.000000,-315.036000,312.621000
267.952000,-310.500000,312.376000
259.000000,-317.331000,312.132000
280.360000,-319.500000,312.888000
267.568000,-319.302000,313.000000
179.714804,-555.802066,329.248000
181.805369,-552.592104,327.288000
158.552069,-522.814294,325.336000
134.851211,-548.546950,323.376000
146.390496,-532.162417,330.000000
136.528264,-305.220473,313.382000
136.581297,-281.903627,314.892000
112.822509,-279.428754,314.404000
123.927621,-304.605291,313.914000
140.555237,-290.650538,315.000000
129.722320,-603.248242,364.412000
126.820354,-575.908666,343.097000
123.799594,-575.229843,408.869000
76.689312,-627.601000,387.554000
97.138840,-618.929042,410.000000
-3.334007,-445.965882,327.610000
84.938376,-556.606959,325.160000
68.696716,-476.096016,322.720000
-4.643471,-409.695604,320.270000
74.834454,-503.078182,330.000000
155.521942,-432.644643,320.990000
159.827605,-383.215105,337.622000
93.091734,-422.163848,332.254000
114.649754,-466.486526,326.864000
121.377539,-456.825304,342.000000
50.802831,-315.268359,325.220000
110.399292,-378.526482,316.924000
114.688344,-341.620986,342.628000
63.673678,-301.683219,334.298000
89.513718,-343.828740,348.000000
42.982838,-300.271996,332.295000
43.557008,-247.473747,324.243000
-9.676819,-262.421985,316.191000
14.345013,-314.428274,341.106000
39.450132,-246.059534,345.000000
364.000000,-144.401000,318.300000
250.228000,-131.500000,314.152000
250.000000,-144.110000,309.987000
279.754000,-228.500000,305.839000
258.778000,-190.379000,320.000000
319.882000,-207.160000,320.000000
287.983798,-66.281227,305.590000
306.711898,-32.693818,316.174000
273.752981,-37.443984,312.744000
270.474205,-68.439178,309.328000
303.906327,-43.868740,317.000000
209.000000,-27.550000,310.470000
177.042000,0.000000,310.226000
171.000000,-92.435000,310.981000
174.952000,-95.000000,310.737000
190.266000,-72.580000,311.000000
170.000000,-186.835000,323.305000
125.290000,0.000000,320.621000
0.000000,-84.710000,317.926000
89.420000,-215.000000,315.242000
37.740000,-73.745000,326.000000
154.020000,-72.455000,326.000000
102.680000,-130.290000,326.000000
68.510000,-17.845000,326.000000
