1522.700000,-1096.068000,304.902000
1513.877000,-1072.200000,304.412000
1505.700000,-1097.589000,305.924000
1518.994000,-1111.200000,305.434000
1514.659000,-1075.554000,306.000000
1493.900000,-1069.702000,307.080000
1478.804000,-1052.600000,306.592000
1469.900000,-1078.440000,306.104000
1491.308000,-1086.600000,307.614000
1480.388000,-1085.818000,308.000000
1570.100000,-971.260000,305.410000
1546.484000,-963.400000,303.702000
1538.100000,-980.800000,301.987000
1538.132000,-983.400000,307.279000
1549.204000,-980.740000,308.000000
1526.200000,-961.420000,315.400000
1513.480000,-952.900000,310.520000
1511.200000,-982.270000,305.620000
1512.865000,-982.900000,320.740000
1515.055000,-975.640000,321.000000
1508.400000,-961.172000,308.290000
1468.206000,-956.300000,306.094000
1466.400000,-958.792000,303.889000
1475.640000,-984.300000,301.693000
1473.456000,-974.444000,310.000000
1484.582690,-722.057771,324.300000
1481.177770,-721.049666,317.685000
1478.397538,-741.260713,311.097000
1514.664211,-761.185948,304.509000
1493.096931,-750.671934,327.000000
1427.300000,-623.435000,325.820000
1423.076000,-569.000000,321.410000
1403.300000,-586.556000,317.018000
1413.836000,-626.000000,312.608000
1427.012000,-593.453000,326.000000
1390.800000,-633.844000,308.632000
1373.640000,-622.000000,314.680000
1330.800000,-627.838000,312.728000
1363.740000,-636.000000,310.768000
1384.680000,-626.480000,316.000000
1366.100000,-608.456000,309.859000
1359.385000,-574.600000,318.175000
1349.100000,-598.842000,315.491000
1360.286000,-620.600000,312.796000
1362.836000,-584.260000,319.000000
1347.700000,-606.307000,308.518000
1335.075000,-580.600000,308.030000
1322.700000,-606.676000,309.540000
1341.900000,-621.600000,309.052000
1340.650000,-584.741000,310.000000
1448.900000,-1093.659000,307.745000
1426.182000,-1079.700000,306.525000
1411.900000,-1099.842000,310.300000
1444.349000,-1106.700000,309.080000
1435.173000,-1106.457000,311.000000
1344.200000,-1087.772000,308.000000
1329.720000,-1073.900000,308.000000
1324.200000,-1102.970000,308.000000
1343.940000,-1107.900000,308.000000
1334.980000,-1103.888000,308.000000
1442.100000,-1048.160000,311.464000
1413.778000,-1042.200000,307.544000
1408.100000,-1061.500000,303.640000
1411.364000,-1062.200000,315.736000
1423.366000,-1057.640000,319.000000
1434.000000,-1010.158000,315.380000
1350.073000,-1006.000000,310.480000
1345.000000,-1007.628000,305.600000
1363.334000,-1028.000000,320.700000
1376.951000,-1020.586000,323.000000
1344.900000,-1013.961000,318.036000
1341.676000,-1009.300000,313.888000
1282.900000,-1020.156000,309.740000
1302.430000,-1068.300000,322.575000
1299.578000,-1041.927000,323.000000
1446.100000,-975.280000,313.172000
1442.212000,-942.300000,309.756000
1422.100000,-952.262000,306.326000
1432.300000,-976.300000,302.910000
1426.396000,-957.396000,316.000000
1399.000000,-983.213000,305.664000
1386.805000,-954.800000,304.932000
1354.000000,-968.099000,304.197000
1378.030000,-987.800000,303.465000
1358.005000,-965.822000,306.000000
1337.700000,-976.083000,307.912000
1331.604000,-951.300000,306.936000
1321.700000,-968.196000,305.956000
1332.004000,-984.300000,304.980000
1337.700000,-958.725000,308.000000
1430.300000,-926.956000,304.788000
1407.270000,-915.400000,335.743000
1383.300000,-926.596000,325.739000
1418.691000,-933.400000,315.735000
1426.070000,-917.470000,343.000000
1308.000000,-874.804000,315.584000
1297.218000,-836.500000,351.824000
1290.000000,-889.132000,340.112000
1305.534000,-908.500000,328.352000
1304.760000,-836.932000,356.000000
1302.100000,-764.198000,314.163000
1291.465000,-753.200000,307.087000
1287.100000,-775.066000,329.011000
1301.680000,-779.200000,321.906000
1298.050000,-776.496000,336.000000
1356.800000,-784.495000,316.773000
1297.904000,-779.800000,309.697000
1284.800000,-794.050000,331.621000
1290.704000,-794.800000,324.516000
1330.880000,-791.605000,336.000000
1451.000000,-764.660000,315.372000
1353.560000,-761.600000,306.588000
1346.000000,-762.485000,333.768000
1366.055000,-776.600000,324.984000
1403.750000,-771.755000,336.000000
1446.700000,-726.678000,318.612000
1446.182000,-723.200000,309.828000
1432.700000,-729.453000,301.008000
1436.900000,-760.200000,328.224000
1439.154000,-744.216000,336.000000
1445.200000,-720.675000,329.136000
1432.852000,-705.900000,317.376000
1361.200000,-710.070000,305.664000
1395.640000,-720.900000,341.952000
1392.364000,-712.770000,348.000000
1359.800000,-733.875000,341.274000
1355.704000,-701.500000,330.984000
1343.800000,-715.856000,320.736000
1352.104000,-738.500000,352.446000
1348.296000,-714.413000,354.000000
1342.600000,-709.824000,345.054000
1329.058000,-699.100000,334.764000
1305.600000,-706.058000,324.516000
1328.873000,-713.100000,314.226000
1312.667000,-702.460000,354.000000
1302.800000,-724.192000,348.792000
1294.725000,-703.200000,338.544000
1285.800000,-722.624000,328.296000
1298.346000,-735.200000,318.006000
1287.517000,-707.360000,354.000000
1268.400000,-1072.985000,323.422000
1253.775000,-1042.900000,319.274000
1243.400000,-1082.280000,315.109000
1264.600000,-1097.900000,310.961000
1243.675000,-1044.055000,324.000000
1228.600000,-1087.047000,307.280000
1221.660000,-1073.500000,311.060000
1218.600000,-1099.106000,309.835000
1228.170000,-1104.500000,308.615000
1227.820000,-1101.741000,312.000000
1220.900000,-1097.780000,309.438000
1195.976000,-1094.500000,311.703000
1189.900000,-1103.850000,310.971000
1191.977000,-1104.500000,310.239000
1215.692000,-1102.520000,312.000000
1216.600000,-1059.970000,307.236000
1209.296000,-1056.700000,307.991000
1208.600000,-1057.375000,307.747000
1210.008000,-1071.700000,307.503000
1214.536000,-1067.080000,308.000000
1195.000000,-1054.924000,309.978000
1194.770000,-1051.000000,309.243000
1185.000000,-1056.544000,311.511000
1187.860000,-1087.000000,310.776000
1191.520000,-1071.988000,312.000000
1187.000000,-1103.674000,314.565000
1185.020000,-1077.700000,311.881000
1172.000000,-1084.564000,320.197000
1177.925000,-1103.700000,317.502000
1180.430000,-1089.998000,321.000000
1148.400000,-1099.850000,311.000000
1136.300000,-1077.600000,311.000000
1098.400000,-1086.925000,311.000000
1123.650000,-1102.600000,311.000000
1122.000000,-1086.700000,311.000000
1231.100000,-1015.160000,310.190000
1223.378000,-998.000000,309.702000
1209.100000,-1008.626000,309.212000
1222.608000,-1020.000000,310.724000
1217.504000,-1003.588000,311.000000
1206.100000,-1032.211000,312.425000
1199.646000,-1004.700000,311.205000
1192.100000,-1028.972000,309.980000
1202.236000,-1045.700000,313.760000
1196.202000,-1010.645000,314.000000
1143.300000,-1026.267000,322.850000
1121.640000,-999.900000,319.420000
1105.300000,-1032.894000,316.004000
1136.954000,-1046.900000,312.588000
1113.014000,-1001.545000,326.000000
1268.000000,-929.720000,314.055000
1248.280000,-925.200000,312.340000
1239.000000,-933.310000,310.632000
1266.347000,-935.200000,308.917000
1242.277000,-934.460000,315.000000
1238.900000,-958.586000,313.816000
1228.643000,-947.300000,312.840000
1225.900000,-977.693000,311.864000
1226.576000,-980.300000,310.884000
1226.199000,-974.228000,314.000000
1224.200000,-955.924000,310.176000
1213.412000,-949.400000,313.200000
1212.200000,-950.240000,312.224000
1214.144000,-977.400000,311.244000
1223.396000,-969.196000,314.000000
1179.800000,-966.776000,310.536000
1179.616000,-965.300000,313.560000
1156.800000,-966.980000,312.580000
1163.033000,-977.300000,311.604000
1176.189000,-972.464000,314.000000
1190.200000,-935.220000,313.808000
1182.412000,-934.800000,326.660000
1124.200000,-942.270000,322.495000
1149.346000,-964.800000,318.347000
1173.964000,-949.440000,327.000000
1268.300000,-873.388000,310.570000
1265.122000,-853.500000,309.345000
1254.300000,-861.398000,313.125000
1261.160000,-875.500000,311.905000
1263.596000,-861.816000,314.000000
1257.000000,-846.795000,311.808000
1252.956000,-830.100000,311.318000
1245.000000,-839.928000,312.830000
1252.200000,-851.100000,312.342000
1251.888000,-835.749000,313.000000
1157.500000,-863.150000,316.000000
1151.702000,-842.600000,316.000000
1144.500000,-859.940000,316.000000
1153.717000,-872.600000,316.000000
1150.792000,-847.370000,316.000000
1145.100000,-866.340000,316.000000
1125.640000,-857.700000,316.000000
1110.100000,-868.005000,316.000000
1138.765000,-872.700000,316.000000
1123.890000,-858.450000,316.000000
1259.300000,-794.303000,310.327000
1246.000000,-790.100000,310.571000
1239.300000,-797.273000,310.816000
1257.860000,-799.100000,310.060000
1245.380000,-798.560000,310.000000
1213.100000,-770.877000,313.000000
1203.025000,-749.100000,313.000000
1200.100000,-804.366000,313.000000
1200.594000,-810.100000,313.000000
1202.895000,-799.791000,313.000000
1200.200000,-763.628000,327.501000
1188.708000,-748.500000,323.353000
1187.200000,-749.476000,319.188000
1189.111000,-809.500000,315.040000
1188.825000,-792.481000,330.000000
1142.500000,-784.588000,324.601000
1105.759000,-781.000000,322.886000
1105.500000,-784.250000,321.178000
1115.009000,-807.000000,319.470000
1106.795000,-796.912000,325.000000
1270.600000,-740.177000,312.132000
1265.450000,-739.800000,315.152000
1220.600000,-742.842000,314.176000
1238.900000,-752.800000,313.196000
1267.850000,-746.326000,316.000000
1238.100000,-729.336000,319.074000
1228.772000,-688.900000,331.926000
1194.100000,-704.036000,327.778000
1215.044000,-732.900000,323.613000
1231.720000,-706.192000,334.000000
1172.300000,-722.520000,317.424000
1163.928000,-696.600000,318.936000
1146.300000,-711.096000,318.446000
1161.510000,-728.600000,317.958000
1166.190000,-705.656000,319.000000
1138.700000,-696.000000,319.906000
1126.632000,-685.500000,319.174000
1110.700000,-693.945000,321.439000
1130.132000,-700.500000,320.707000
1129.600000,-688.110000,322.000000
1202.900000,-654.502000,327.016000
1158.538000,-641.500000,321.404000
1120.900000,-656.284000,338.769000
1186.828000,-663.500000,333.157000
1168.952000,-642.908000,341.000000
1148.800000,-620.964000,319.374000
1122.800000,-599.800000,317.659000
1108.800000,-634.208000,322.951000
1145.320000,-643.800000,321.243000
1128.640000,-641.820000,323.000000
1251.400000,-605.356000,316.292000
1176.920000,-587.500000,313.597000
1153.400000,-630.268000,310.913000
1155.654000,-635.500000,319.218000
1193.188000,-628.108000,321.000000
1253.000000,-569.502000,327.152000
1179.135000,-564.000000,319.344000
1168.000000,-564.021000,311.536000
1179.220000,-585.000000,335.696000
1194.860000,-579.456000,338.000000
994.600000,-1067.402000,366.317000
941.734000,-1062.200000,349.969000
940.600000,-1065.940000,333.621000
953.668000,-1096.200000,317.206000
952.804000,-1083.518000,383.000000
1076.100000,-1000.522000,327.138000
1073.108000,-998.200000,322.746000
1042.100000,-1010.080000,318.336000
1054.034000,-1052.200000,313.944000
1046.724000,-1026.118000,330.000000
1024.800000,-1045.736000,326.379000
1005.396000,-995.300000,324.183000
926.800000,-1013.066000,321.978000
971.978000,-1049.300000,319.782000
931.406000,-1017.332000,327.000000
995.200000,-966.308000,320.491000
975.859000,-931.700000,374.096000
932.200000,-950.138000,356.772000
968.110000,-973.700000,339.448000
992.491000,-944.216000,390.000000
1073.100000,-917.990000,316.554000
1047.246000,-885.100000,327.124000
1011.100000,-910.308000,323.708000
1053.260000,-931.100000,320.292000
1064.854000,-893.794000,329.000000
1021.800000,-851.825000,321.206000
1004.442000,-824.600000,325.736000
988.800000,-854.210000,324.272000
1014.837000,-869.600000,322.802000
1014.441000,-828.155000,326.000000
1078.200000,-778.184000,331.630000
1059.120000,-751.400000,320.162000
1048.200000,-792.818000,355.694000
1075.170000,-805.400000,344.179000
1068.810000,-803.780000,365.000000
1028.200000,-776.628000,328.360000
995.420000,-758.100000,322.992000
984.200000,-800.196000,339.602000
984.552000,-806.100000,334.234000
1010.468000,-799.380000,342.000000
986.200000,-759.820000,333.870000
938.320000,-743.200000,328.746000
930.200000,-802.360000,344.601000
936.808000,-803.200000,339.477000
958.648000,-788.260000,345.000000
1023.800000,-689.754000,336.200000
935.112000,-679.400000,331.320000
931.800000,-685.352000,326.420000
952.684000,-741.400000,341.540000
970.256000,-719.142000,345.000000
1083.800000,-608.080000,323.550000
1080.470000,-604.600000,321.835000
1038.800000,-616.900000,320.127000
1053.965000,-664.600000,325.419000
1053.560000,-636.520000,326.000000
987.100000,-662.332000,325.480000
983.806000,-606.400000,324.990000
969.100000,-624.985000,324.502000
977.128000,-665.400000,324.012000
973.384000,-631.298000,326.000000
965.000000,-657.243000,340.093000
960.312000,-626.200000,335.945000
949.000000,-641.888000,331.797000
957.896000,-663.200000,327.632000
951.368000,-637.781000,343.000000
1066.900000,-581.366000,338.542000
1012.228000,-542.000000,334.150000
930.900000,-570.836000,329.758000
1021.340000,-596.000000,325.348000
938.788000,-552.962000,340.000000
813.700000,-1084.820000,319.099000
796.292000,-1059.400000,327.415000
779.700000,-1085.763000,324.720000
806.050000,-1100.400000,322.036000
812.612000,-1063.254000,330.000000
892.700000,-1041.230000,325.584000
847.367000,-988.700000,337.680000
819.700000,-1066.259000,333.760000
884.232000,-1091.700000,329.856000
883.867000,-1090.052000,340.000000
809.800000,-1019.860000,326.457000
788.601000,-995.800000,336.272000
780.800000,-1047.520000,333.100000
809.626000,-1055.800000,329.928000
803.681000,-1048.300000,337.000000
773.400000,-1079.475000,326.464000
729.720000,-1072.200000,322.544000
721.400000,-1096.500000,334.640000
726.756000,-1097.200000,330.720000
757.748000,-1091.325000,338.000000
772.800000,-1010.392000,364.852000
749.050000,-1000.200000,338.392000
747.800000,-1004.736000,420.040000
753.125000,-1056.200000,393.580000
763.025000,-1036.936000,433.000000
840.300000,-924.769000,358.724000
836.996000,-920.900000,339.692000
784.300000,-931.023000,398.660000
802.332000,-973.900000,379.550000
813.364000,-949.838000,401.000000
844.200000,-887.758000,341.508000
833.784000,-824.200000,336.384000
782.200000,-844.000000,331.239000
808.984000,-890.200000,347.115000
808.798000,-853.042000,351.000000
769.300000,-866.546000,370.194000
764.296000,-824.700000,354.822000
751.300000,-844.790000,339.387000
761.038000,-873.700000,387.015000
757.420000,-840.723000,393.000000
744.944546,-861.925093,375.864000
753.336454,-829.682847,360.429000
734.710068,-846.136950,345.057000
735.082390,-869.722313,392.685000
743.986326,-835.872712,393.000000
869.700000,-756.670000,339.724000
844.850000,-742.700000,335.314000
819.700000,-756.516000,330.922000
857.700000,-764.700000,326.530000
827.700000,-745.076000,343.000000
907.900000,-767.600000,341.344000
886.690000,-736.100000,336.934000
872.900000,-780.380000,332.542000
903.350000,-796.100000,328.132000
875.350000,-796.040000,343.000000
833.222117,-789.571435,528.412000
812.274430,-759.970550,480.588000
785.336581,-784.168382,432.764000
821.632865,-809.875914,384.744000
823.716104,-805.954723,529.000000
909.000000,-640.598000,329.088000
857.025000,-630.500000,347.232000
846.000000,-662.081000,341.352000
851.544000,-663.500000,335.496000
902.070000,-656.240000,351.000000
840.600000,-646.331000,343.921000
791.980000,-641.800000,399.109000
788.600000,-643.318000,381.224000
798.896000,-664.800000,363.412000
830.200000,-657.233000,404.000000
897.700000,-595.732000,382.405000
894.092000,-592.600000,329.945000
863.014000,-592.600000,412.505000
815.700000,-598.936000,492.270000
840.874000,-628.600000,439.810000
855.798000,-628.600000,506.675000
906.700000,-583.054000,330.355000
887.912000,-541.000000,326.680000
784.700000,-553.255000,338.020000
835.574000,-584.000000,334.360000
860.462000,-560.436000,340.000000
544.717319,-1151.353708,338.410000
553.103550,-1122.459385,331.060000
524.429446,-1118.841509,353.740000
528.527741,-1145.687985,346.390000
540.815138,-1127.784122,355.000000
527.888454,-1172.985950,411.224000
519.672406,-1141.809611,372.428000
489.064339,-1121.164209,343.967000
477.993649,-1130.719083,333.632000
504.499991,-1165.349791,453.677000
470.550903,-1142.450842,413.609000
506.001167,-1140.457610,485.000000
496.221631,-1101.719838,364.186000
504.883943,-1083.541310,349.302000
485.655467,-1087.114477,334.418000
485.695259,-1104.337699,380.473000
500.315715,-1083.372588,387.000000
583.524735,-1073.995629,403.044000
588.260693,-1027.501872,376.448000
539.607513,-1037.500558,349.743000
556.607938,-1085.343934,432.147000
582.416445,-1021.641846,434.000000
621.450632,-1032.146196,351.792000
605.394832,-1002.753059,343.984000
587.487916,-999.170962,336.144000
614.184197,-1035.853242,328.336000
591.802859,-1006.078954,358.000000
646.443697,-993.253733,335.856000
640.827069,-963.364442,333.161000
603.958780,-985.194274,330.477000
603.467230,-988.734591,327.793000
610.802542,-983.134277,337.000000
668.705330,-949.781145,365.454000
665.923909,-934.276213,355.899000
663.713907,-934.521726,346.383000
638.918954,-958.132438,336.828000
655.368592,-960.426611,366.000000
450.009121,-1084.520356,328.076000
452.413314,-1080.681943,328.831000
417.246655,-1047.999660,328.587000
398.896738,-1081.333137,328.342000
431.515703,-1093.317012,329.000000
441.845779,-1056.910918,338.725000
464.241137,-1034.125166,387.865000
443.413761,-1022.185443,372.005000
431.862156,-1044.988958,356.080000
451.850582,-1042.519507,393.000000
513.010130,-1032.509100,342.320000
530.678829,-1010.831998,326.704000
510.653798,-1004.821750,375.024000
503.127930,-1026.068958,359.408000
521.658398,-1017.278330,390.000000
497.911555,-1006.750335,344.905000
513.755415,-983.325052,332.949000
491.134817,-982.642559,369.944000
486.251344,-1004.975904,357.988000
506.906719,-988.604657,377.000000
545.705352,-1006.963155,342.790000
542.701790,-976.876403,334.460000
512.984913,-963.974627,360.164000
530.035818,-1000.960624,351.868000
540.394453,-979.509183,362.000000
592.438528,-966.584463,330.625000
606.355391,-930.071160,329.400000
563.693719,-946.111724,328.180000
567.871992,-979.478079,331.960000
605.669933,-931.938728,333.000000
575.156548,-933.794371,364.055000
588.902342,-907.635181,350.090000
546.775699,-934.901816,336.182000
548.311349,-954.439439,379.217000
545.871239,-943.574827,386.000000
654.884079,-910.078539,340.672000
646.400393,-870.856765,336.280000
601.678894,-895.259069,331.888000
600.328196,-899.769189,345.478000
614.404035,-900.762294,346.000000
704.360007,-847.478365,433.602000
693.186006,-815.723746,401.150000
689.677822,-814.331179,368.565000
655.980674,-849.229774,336.113000
667.946231,-840.170769,461.000000
737.456427,-805.249995,389.996000
739.455275,-803.110221,373.160000
719.862488,-784.754777,356.255000
708.013529,-804.008292,339.419000
712.835820,-793.675914,398.000000
763.900000,-675.633000,381.726000
761.275000,-675.500000,369.770000
742.900000,-680.364000,357.765000
751.048000,-694.500000,345.809000
742.984000,-684.639000,383.000000
734.182931,-714.744705,332.560000
740.815852,-695.823893,362.760000
713.718905,-673.411966,353.000000
718.432155,-698.373629,343.240000
739.529024,-705.435765,370.000000
766.000000,-639.664000,340.544000
740.888000,-578.200000,367.724000
693.000000,-615.250000,358.940000
737.311000,-656.200000,350.120000
753.152000,-598.636000,371.000000
765.700000,-564.760000,338.860000
738.520000,-537.600000,353.980000
705.700000,-561.000000,349.100000
748.660000,-577.600000,344.200000
749.740000,-543.680000,354.000000
708.600000,-560.298000,397.595000
684.996000,-536.400000,345.135000
666.600000,-565.548000,507.675000
701.292000,-578.400000,455.000000
428.250925,-1017.784892,345.920000
418.253277,-983.510408,336.160000
389.394079,-986.199326,366.360000
413.656775,-1025.504672,356.600000
403.470056,-1009.731200,369.000000
477.765932,-970.327922,370.066000
458.454511,-928.683327,350.058000
427.893608,-937.368438,329.968000
427.344240,-941.113846,391.960000
446.787056,-956.174388,410.000000
505.371434,-943.538830,331.015000
482.953976,-904.366991,329.790000
479.011263,-900.546897,328.570000
461.055568,-924.995181,332.350000
474.677470,-928.183075,333.000000
565.685623,-897.181225,343.553000
571.793991,-892.234767,338.408000
527.879771,-850.590227,333.284000
497.336685,-895.628596,349.160000
516.585747,-881.739536,350.000000
628.228352,-849.008281,340.745000
627.177427,-845.612996,337.070000
599.137042,-833.963172,333.410000
570.787910,-871.318686,329.735000
590.974862,-848.100318,344.000000
562.334282,-859.135589,333.104000
579.462360,-836.811535,331.396000
556.534037,-825.229748,329.688000
550.502978,-848.720147,327.973000
557.700393,-828.338545,334.000000
577.655375,-824.353339,360.670000
594.933315,-804.858469,352.130000
578.004164,-807.343021,343.555000
569.418332,-824.198593,335.015000
582.677849,-803.809264,362.000000
623.043518,-796.693766,327.664000
633.148974,-777.238515,351.856000
613.229190,-778.906061,344.016000
612.361252,-797.649272,336.208000
633.966708,-785.943937,358.000000
671.757164,-804.870257,328.988000
664.916588,-769.511280,339.572000
633.115544,-761.529569,336.142000
655.483065,-803.943305,332.726000
677.625653,-787.878392,341.000000
714.545357,-762.046909,338.192000
715.974214,-718.619792,361.597000
668.391279,-735.083767,354.033000
687.501349,-778.799677,346.469000
684.450957,-770.075027,362.000000
431.571117,-921.187902,334.796000
411.005139,-876.651339,330.386000
378.884033,-884.073969,343.994000
377.438695,-887.637753,339.584000
405.992855,-914.456763,347.000000
462.271732,-894.060279,335.809000
443.409088,-858.610884,331.173000
439.710966,-854.425447,345.537000
420.519501,-878.015070,340.882000
438.930089,-887.831555,347.000000
521.990367,-847.656143,336.016000
508.321338,-816.856521,332.112000
502.575028,-820.915309,328.192000
466.572960,-860.642512,340.288000
489.006127,-852.115607,344.000000
489.357461,-821.969551,346.321000
489.125632,-819.223470,338.757000
467.871072,-808.486656,331.162000
447.446638,-836.081875,354.598000
464.244007,-823.344336,359.000000
534.704168,-833.049748,346.749000
551.833162,-814.430820,339.673000
535.777319,-809.019056,332.568000
527.146041,-826.848189,354.492000
537.777774,-814.278135,356.000000
523.007789,-810.096318,331.626000
535.337012,-786.374865,330.156000
510.260530,-776.669020,328.692000
509.690371,-802.374374,327.228000
518.303415,-779.212233,333.000000
565.430221,-805.741338,337.193000
565.926890,-772.603980,334.008000
531.238097,-756.224000,330.836000
546.803785,-796.659384,327.651000
544.352190,-754.637469,339.000000
582.672754,-750.066877,331.700000
590.989297,-733.730473,330.236000
572.404343,-740.367438,328.772000
572.127860,-754.930978,327.302000
585.545958,-730.211964,332.000000
620.525584,-739.926660,325.400000
618.977419,-714.703974,332.960000
593.742734,-720.438678,330.520000
606.718941,-747.236486,328.070000
608.205859,-747.308869,335.000000
594.456017,-719.983581,328.290000
605.324121,-696.668116,353.238000
561.076230,-727.712606,345.153000
555.718742,-732.340535,337.101000
570.541329,-736.396201,357.000000
682.118886,-705.518330,329.400000
661.617726,-654.459451,344.520000
610.017751,-685.412345,339.620000
614.489917,-691.602398,334.740000
650.726827,-711.943974,345.000000
340.469460,-1016.328750,328.720000
263.570447,-909.925465,325.780000
257.504586,-909.799839,334.852000
246.015321,-959.752397,331.924000
295.686796,-994.920472,337.000000
389.441141,-957.852220,340.000000
390.980813,-953.999730,331.425000
364.824576,-945.617332,357.885000
326.756969,-987.510005,349.345000
356.647741,-970.832478,361.000000
328.620328,-971.518237,340.780000
354.837856,-923.149942,335.390000
284.742645,-864.219372,330.022000
287.933895,-926.337280,346.632000
314.928845,-909.476261,352.000000
367.077023,-878.743564,403.428000
379.993706,-840.489834,371.220000
334.543012,-812.442398,339.012000
341.923105,-858.626202,438.672000
356.559690,-831.487026,459.000000
396.303820,-845.905653,341.718000
397.693279,-813.203411,336.350000
362.764499,-795.859685,330.960000
377.437397,-835.859952,347.592000
382.437800,-803.707877,349.000000
457.093879,-793.545862,337.626000
450.686002,-759.332994,334.210000
419.187607,-748.322942,330.780000
440.879162,-790.125980,327.364000
439.095322,-748.752294,341.000000
493.960142,-763.310234,326.000000
482.396542,-725.805323,326.000000
451.690028,-722.907843,326.000000
478.803111,-767.449262,326.000000
451.508024,-732.682762,326.000000
576.584772,-688.456940,340.024000
572.924604,-665.780914,336.104000
548.887936,-676.142887,332.200000
545.952550,-678.554658,328.296000
549.573147,-676.942971,341.000000
556.831913,-707.119107,325.145000
541.933649,-675.588068,328.920000
516.018258,-688.698970,327.700000
518.313985,-692.501669,326.475000
544.887988,-714.166117,330.000000
542.865858,-665.245269,326.888000
540.291057,-650.108312,338.984000
536.962675,-652.010938,335.080000
508.424426,-679.083976,331.160000
525.783790,-676.537991,341.000000
597.300433,-635.480983,328.408000
597.588069,-632.789504,348.064000
576.132958,-615.297563,341.720000
564.001406,-637.346157,335.350000
582.418547,-638.881301,349.000000
279.193258,-842.985620,337.430000
290.378326,-828.958320,328.890000
272.128876,-812.529691,355.315000
269.212975,-830.113108,346.775000
281.609567,-829.929512,362.000000
251.421539,-866.966353,325.432000
259.093112,-826.268251,322.016000
204.762901,-782.691337,332.586000
220.260416,-836.885214,329.170000
242.434670,-824.345352,334.000000
317.775389,-805.503677,326.000000
322.632051,-773.846027,326.000000
288.656509,-758.358366,326.000000
299.412084,-796.042899,326.000000
313.717420,-773.517756,326.000000
287.082705,-712.832471,326.272000
298.398584,-693.576628,325.292000
278.124561,-703.408656,324.316000
275.711259,-719.144123,327.336000
295.111464,-695.072329,328.000000
349.025802,-710.017439,329.606000
352.140718,-698.848770,327.891000
339.090023,-705.558486,326.183000
341.436084,-715.290270,331.468000
337.791869,-711.088318,332.000000
339.039318,-695.012375,327.735000
341.349538,-686.031003,326.515000
328.076507,-695.563549,325.295000
330.694223,-702.526324,324.070000
328.757967,-697.122816,329.000000
370.361844,-687.136037,327.348000
360.120752,-664.232467,326.372000
340.004353,-674.752185,325.392000
341.140948,-677.394866,324.416000
345.979304,-675.038559,328.000000
406.958188,-666.723662,329.708000
391.820746,-653.684263,328.732000
389.811877,-655.643362,327.752000
381.846125,-687.361414,326.776000
383.248351,-675.285912,330.000000
439.949296,-637.995375,326.323000
440.568653,-634.671907,340.668000
414.309311,-623.891810,336.032000
403.162363,-654.264806,331.396000
428.326186,-651.801700,345.000000
403.580474,-605.659014,328.243000
395.553613,-610.693231,365.238000
366.023935,-647.248145,353.282000
382.913363,-630.424467,341.326000
397.728158,-610.178601,372.000000
546.451818,-605.324902,326.728000
578.944341,-571.716159,344.848000
553.868819,-575.603968,338.992000
535.298616,-603.710296,333.112000
565.676676,-584.047415,346.000000
562.900000,-549.092000,328.864000
547.700000,-533.300000,323.008000
522.900000,-544.031000,341.152000
548.620000,-554.300000,335.272000
550.540000,-538.046000,346.000000
502.370392,-655.336254,335.904000
511.096686,-630.778732,328.828000
485.578169,-634.180606,350.723000
488.467749,-658.260950,343.647000
509.548519,-635.249938,354.000000
485.479585,-608.189288,321.000000
486.535020,-579.239441,321.000000
457.266776,-583.277876,321.000000
469.455982,-614.228692,321.000000
488.847700,-582.597482,321.000000
470.500000,-566.161000,321.000000
463.420000,-563.200000,321.000000
460.500000,-569.080000,321.000000
470.210000,-570.200000,321.000000
464.720000,-569.479000,321.000000
453.000622,-577.320268,321.000000
447.606214,-568.968151,321.000000
439.387755,-584.053377,321.000000
439.784794,-585.211472,321.000000
443.564051,-582.646483,321.000000
433.739178,-577.279692,323.944000
426.298770,-568.002109,322.964000
424.931570,-569.383583,321.988000
417.097764,-596.585283,321.008000
420.985635,-587.723724,325.000000
479.100000,-547.450000,321.000000
477.546000,-546.500000,321.000000
437.100000,-548.180000,321.000000
449.700000,-556.500000,321.000000
443.484000,-552.190000,321.000000
403.319808,-586.614988,321.000000
415.880969,-549.242420,321.000000
403.961636,-556.625883,321.000000
397.579249,-585.087219,321.000000
401.982454,-563.617652,321.000000
393.942017,-565.924246,321.000000
399.181333,-542.718206,321.000000
388.757845,-550.193906,321.000000
388.306871,-567.533697,321.000000
398.277388,-552.397245,321.000000
1329.923357,-502.473556,309.320000
1358.365308,-477.944116,351.656000
1331.035444,-477.846680,337.936000
1316.312295,-501.086409,324.272000
1350.814578,-488.084142,360.000000
1269.500000,-514.310000,314.180000
1238.625000,-494.600000,335.320000
1204.500000,-512.780000,328.488000
1252.470000,-524.600000,321.656000
1256.045000,-498.530000,337.000000
1269.000000,-437.533000,312.775000
1253.232000,-416.200000,307.630000
1242.000000,-444.124000,323.506000
1264.869000,-455.200000,318.382000
1260.981000,-417.019000,328.000000
1188.300000,-510.416000,315.110000
1152.212000,-496.400000,311.680000
1136.300000,-522.800000,322.264000
1186.064000,-528.400000,318.834000
1168.176000,-525.584000,324.000000
1131.300000,-499.720000,314.362000
1111.225000,-486.600000,313.630000
1106.300000,-524.000000,315.898000
1107.950000,-526.600000,315.163000
1119.375000,-518.680000,316.000000
1190.100000,-453.642000,316.352000
1120.712000,-449.700000,314.400000
1114.100000,-450.492000,312.440000
1127.476000,-467.700000,318.488000
1147.008000,-462.174000,320.000000
1203.900000,-411.360000,329.556000
1201.832000,-407.400000,321.260000
1109.900000,-412.944000,312.930000
1136.690000,-443.400000,338.634000
1142.236000,-428.388000,342.000000
963.800000,-519.200000,326.172000
959.346000,-496.200000,325.440000
929.800000,-502.249000,324.705000
943.230000,-519.200000,326.973000
938.436000,-507.102000,327.000000
1005.000000,-460.330000,343.164000
988.130000,-433.600000,336.794000
935.000000,-444.790000,330.450000
970.280000,-463.600000,324.106000
946.480000,-444.520000,348.000000
912.300000,-518.330000,415.400000
894.800000,-494.900000,390.900000
862.300000,-509.360000,366.500000
893.000000,-524.900000,342.000000
866.000000,-502.550000,425.000000
911.700000,-471.180000,346.825000
899.740000,-444.300000,340.725000
885.700000,-467.940000,334.625000
904.498000,-484.300000,328.500000
911.284000,-450.100000,347.000000
914.100000,-419.060000,329.632000
885.650000,-402.200000,408.256000
864.100000,-423.230000,382.776000
905.750000,-432.200000,357.400000
908.800000,-403.280000,425.000000
864.200000,-481.707000,344.667000
822.102000,-473.100000,404.391000
802.200000,-488.490000,385.036000
860.604000,-492.100000,365.760000
852.048000,-490.694000,410.000000
863.600000,-439.717000,351.777000
814.744000,-433.200000,332.501000
801.600000,-450.680000,392.146000
804.762000,-452.200000,372.870000
845.930000,-448.723000,410.000000
772.000000,-428.548000,363.711000
772.000000,-471.492000,364.233000
669.628000,-400.000000,342.396000
658.000000,-403.538000,408.168000
658.000000,-458.560000,402.339000
676.354000,-522.000000,386.940000
729.250000,-486.376000,420.000000
745.210000,-455.510000,420.000000
634.400000,-413.376000,354.238000
633.987000,-398.000000,338.068000
575.400000,-415.236000,387.964000
591.330000,-522.000000,371.794000
606.965000,-472.152000,391.000000
574.200000,-401.145000,341.344000
567.531000,-399.300000,331.096000
517.200000,-429.804000,320.848000
538.860000,-522.300000,352.558000
542.565000,-459.447000,361.000000
480.900000,-504.995000,336.416000
474.120000,-469.700000,329.584000
450.900000,-483.662000,322.752000
465.570000,-508.700000,343.892000
461.550000,-484.481000,347.000000
405.300000,-509.132000,322.696000
396.564000,-475.700000,320.744000
379.300000,-495.314000,318.784000
394.874000,-517.700000,324.832000
386.190000,-487.040000,325.000000
499.500000,-440.346000,315.396000
479.030000,-398.500000,315.884000
453.500000,-433.697000,316.374000
486.068000,-459.500000,316.862000
461.596000,-408.260000,315.000000
1271.200000,-332.921000,382.820000
1251.775000,-290.800000,361.995000
1236.200000,-340.878000,341.255000
1264.830000,-363.800000,320.515000
1239.210000,-294.523000,392.000000
1217.300000,-326.641000,398.434000
1184.100000,-315.900000,377.119000
1167.300000,-334.208000,355.891000
1213.650000,-338.900000,334.663000
1217.100000,-337.543000,400.000000
1167.900000,-313.590000,319.264000
1136.940000,-276.000000,384.949000
1127.900000,-371.025000,363.721000
1129.380000,-381.000000,342.406000
1164.140000,-363.360000,400.000000
1100.100000,-311.160000,338.438000
1011.800000,-300.000000,457.886000
1050.200000,-300.000000,422.810000
1000.100000,-300.675000,419.334000
1014.700000,-345.000000,380.624000
1056.600000,-345.000000,334.014000
1081.700000,-332.490000,471.000000
997.200000,-354.565000,346.359000
937.620000,-349.700000,319.763000
937.200000,-354.040000,402.058000
952.560000,-384.700000,375.462000
980.760000,-371.155000,428.000000
998.100000,-260.015000,356.169000
991.980000,-259.000000,329.573000
938.100000,-267.190000,411.868000
960.000000,-294.000000,385.272000
976.320000,-276.605000,428.000000
879.400000,-380.060000,355.601000
874.524000,-358.900000,338.277000
856.400000,-366.789000,391.882000
867.325000,-381.900000,374.558000
868.981000,-367.962000,396.000000
830.200000,-376.020000,365.512000
819.928000,-350.100000,347.872000
798.200000,-364.596000,330.304000
816.888000,-382.100000,384.736000
812.824000,-359.188000,400.000000
889.700000,-333.953000,373.102000
862.547000,-296.800000,353.012000
826.700000,-326.586000,333.004000
870.422000,-349.800000,394.914000
849.821000,-306.075000,405.000000
918.300000,-280.612000,330.700000
866.460000,-261.700000,328.016000
822.300000,-283.204000,325.332000
899.388000,-293.700000,333.637000
848.892000,-263.780000,334.000000
775.600000,-332.470000,415.110000
747.650000,-315.600000,388.514000
732.600000,-342.935000,361.809000
771.859000,-350.600000,335.213000
740.641000,-349.060000,438.000000
769.600000,-281.056000,404.320000
737.722000,-263.200000,382.604000
727.600000,-305.968000,360.799000
728.524000,-311.200000,339.083000
731.674000,-303.808000,415.000000
706.400000,-270.469000,338.520000
663.819000,-253.900000,334.616000
657.400000,-253.900000,330.696000
663.868000,-316.900000,326.792000
657.792000,-300.331000,339.000000
646.650000,-267.296000,323.300000
514.913400,-247.100000,364.825000
511.950000,-261.620000,351.405000
544.412700,-379.100000,337.985000
635.604600,-329.864000,375.000000
641.666100,-314.552000,375.000000
502.100000,-253.652000,315.900000
490.924000,-247.800000,350.630000
375.100000,-276.927000,339.406000
419.677000,-380.800000,328.136000
480.256000,-316.694000,355.000000
425.138000,-337.176000,355.000000
1095.100000,-237.210000,328.600000
1066.732000,-156.800000,358.800000
951.100000,-185.094000,349.040000
1017.340000,-242.800000,339.240000
1057.372000,-191.888000,359.000000
1070.044000,-228.438000,359.000000
921.400000,-221.975000,407.579000
921.400000,-169.475000,542.617000
898.375000,-160.100000,346.335000
890.800000,-160.100000,346.586000
846.400000,-192.950000,536.091000
846.400000,-230.675000,401.555000
889.150000,-235.100000,474.596000
881.950000,-235.100000,456.524000
994.700000,-83.231200,322.771000
975.148000,-70.200000,320.575000
947.700000,-80.173600,327.370000
979.613000,-88.400000,325.174000
973.926000,-73.639800,328.000000
998.896107,-55.633472,333.743000
979.405647,-41.014718,327.155000
957.591898,-47.970386,320.540000
988.851975,-60.433787,340.952000
978.881470,-42.303193,347.000000
854.007677,-114.226470,335.579000
840.134120,-94.171969,330.434000
821.525390,-98.833548,325.310000
845.891377,-119.968422,341.186000
830.751727,-109.363091,344.000000
890.532548,-83.314716,325.134000
857.069163,-51.224092,323.664000
832.452917,-61.149682,322.200000
831.256870,-63.984652,326.736000
847.597902,-70.179971,327.000000
922.341872,-14.653868,332.464000
889.392539,4.907248,328.544000
874.499452,-18.043956,324.640000
879.220636,-20.135926,320.720000
884.856903,-14.993078,336.000000
880.025215,17.351455,326.284000
863.238349,30.565667,323.112000
861.211698,27.149904,319.940000
853.363394,-9.424809,316.755000
855.921357,5.235933,328.000000
783.200000,-194.173000,399.766000
780.280000,-191.400000,380.978000
743.200000,-200.988000,362.113000
756.640000,-238.400000,343.325000
743.960000,-216.404000,403.000000
712.800000,-234.950000,320.288000
704.610000,-187.500000,324.824000
667.800000,-203.200000,323.354000
687.825000,-237.500000,321.890000
709.605000,-208.650000,326.000000
638.700000,-212.600000,320.002000
617.092000,-195.800000,341.926000
564.700000,-204.260000,334.821000
605.770000,-215.800000,327.745000
626.860000,-202.080000,345.000000
423.000000,-218.700000,325.292000
409.767000,-189.500000,392.487000
390.000000,-210.820000,370.771000
411.912000,-229.500000,349.055000
414.750000,-197.660000,394.000000
776.400000,-103.160000,321.862000
748.295000,-65.900000,319.657000
721.400000,-104.420000,326.461000
763.970000,-125.900000,324.256000
757.700000,-71.600000,328.000000
769.250000,-19.140000,331.536000
702.600000,1.300000,319.824000
661.750000,-28.780000,356.112000
756.672500,-38.700000,344.352000
723.025000,-38.100000,360.000000
507.800000,-13.096000,314.431000
464.000000,6.200000,308.819000
447.800000,-35.128000,303.207000
507.380000,-41.800000,320.572000
476.600000,-35.848000,326.000000
244.413264,-578.235979,322.587000
236.290728,-561.441486,322.343000
219.481386,-573.469372,322.098000
220.565380,-575.414623,322.854000
228.316685,-576.216482,323.000000
296.500000,-330.392000,312.677000
287.959000,-326.000000,312.433000
287.500000,-327.920000,312.188000
289.408000,-350.000000,312.944000
290.209000,-341.768000,313.000000
283.000000,-311.157000,312.767000
281.608000,-310.500000,312.522000
259.000000,-312.210000,312.278000
266.704000,-319.500000,312.034000
264.064000,-315.423000,313.000000
148.315734,-571.800691,328.856000
179.698399,-548.456942,326.896000
154.310878,-524.975289,324.944000
136.958181,-552.682111,322.984000
151.499263,-531.704136,330.000000
133.116474,-308.632264,314.894000
141.357803,-286.680134,314.404000
116.234299,-276.016963,313.916000
119.151115,-299.828784,313.426000
118.433401,-275.352283,315.000000
104.011918,-628.958645,326.132000
135.373518,-584.461829,391.904000
98.598308,-600.431129,370.676000
85.089740,-636.001429,349.361000
129.790203,-601.177834,410.000000
13.902729,-472.508128,321.260000
91.691351,-552.221525,328.820000
51.459979,-449.553770,326.370000
-11.396447,-414.081038,323.930000
68.675636,-544.813678,330.000000
146.797852,-439.908123,324.752000
163.758791,-387.936812,341.384000
101.815824,-414.900368,335.994000
110.718568,-461.764820,330.626000
107.432342,-457.817768,342.000000
82.803370,-353.405115,324.404000
124.102295,-367.028297,316.074000
82.687806,-303.484229,341.778000
49.970675,-313.181404,333.482000
63.757602,-314.378376,348.000000
54.907486,-288.347348,325.068000
32.333810,-236.250548,316.983000
-21.553384,-274.298550,341.931000
-19.686622,-280.396639,333.879000
13.199500,-292.222293,345.000000
364.000000,-150.609000,311.262000
257.524000,-131.500000,307.097000
250.000000,-137.902000,319.949000
272.458000,-228.500000,315.784000
306.088000,-196.587000,320.000000
319.654000,-214.338000,320.000000
311.907488,-45.484681,311.050000
314.383590,-41.519090,307.634000
288.168537,-24.912731,304.218000
262.802514,-59.613906,314.788000
281.533430,-47.246120,317.000000
209.000000,-92.910000,310.665000
203.186000,0.000000,310.421000
171.000000,-27.075000,310.176000
186.808000,-95.000000,310.932000
182.856000,-42.940000,311.000000
170.000000,-186.835000,323.305000
125.290000,0.000000,320.621000
0.000000,-84.710000,317.926000
89.420000,-215.000000,315.242000
37.740000,-73.745000,326.000000
154.020000,-72.455000,326.000000
102.680000,-130.290000,326.000000
68.510000,-17.845000,326.000000
