1522.700000,-1097.160000,305.298000
1522.700000,-1105.233000,305.290000
1514.353000,-1072.200000,304.810000
1511.055000,-1072.200000,305.728000
1505.700000,-1096.497000,304.320000
1505.700000,-1080.702000,304.166000
1518.518000,-1111.200000,305.832000
1518.467000,-1111.200000,304.604000
1511.276000,-1076.646000,306.000000
1513.843000,-1100.124000,306.000000
1493.900000,-1067.628000,306.344000
1493.900000,-1059.672000,307.516000
1477.364000,-1052.600000,307.854000
1486.124000,-1052.600000,307.954000
1469.900000,-1080.514000,307.366000
1469.900000,-1081.738000,306.392000
1492.748000,-1086.600000,306.878000
1479.260000,-1086.600000,306.830000
1489.244000,-1083.744000,308.000000
1478.684000,-1055.218000,308.000000
1570.100000,-968.280000,305.858000
1570.100000,-974.800000,307.104000
1541.716000,-963.400000,304.150000
1539.284000,-963.400000,301.637000
1538.100000,-963.780000,302.442000
1538.100000,-973.320000,303.170000
1542.932000,-983.400000,307.727000
1539.028000,-983.400000,304.696000
1547.156000,-977.760000,308.000000
1546.196000,-972.180000,308.000000
1526.200000,-954.280000,305.340000
1526.200000,-980.830000,320.700000
1524.910000,-952.900000,320.460000
1517.170000,-952.900000,305.080000
1511.200000,-959.410000,315.560000
1511.200000,-956.950000,309.460000
1516.435000,-982.900000,310.680000
1521.220000,-982.900000,313.840000
1522.615000,-968.500000,321.000000
1513.285000,-976.900000,321.000000
1508.400000,-980.044000,307.660000
1508.400000,-964.476000,301.882000
1496.472000,-956.300000,305.455000
1498.278000,-956.300000,303.853000
1466.400000,-967.920000,303.259000
1466.400000,-977.972000,305.824000
1489.374000,-984.300000,301.054000
1479.252000,-984.300000,307.795000
1476.396000,-965.316000,310.000000
1467.492000,-960.808000,310.000000
1508.252387,-740.220168,307.074000
1508.373770,-740.313309,305.697000
1476.377686,-727.305257,300.486000
1471.774232,-733.304595,311.610000
1495.188862,-754.145149,320.871000
1487.056197,-747.904735,317.523000
1519.464295,-754.930357,314.283000
1521.777588,-751.915614,323.436000
1483.673447,-728.185542,327.000000
1502.067093,-737.557587,327.000000
1427.300000,-594.764000,322.130000
1427.300000,-569.798000,313.832000
1410.980000,-569.000000,317.720000
1414.844000,-569.000000,317.774000
1403.300000,-615.227000,313.328000
1403.300000,-571.907000,321.716000
1425.932000,-626.000000,308.936000
1417.316000,-626.000000,325.658000
1407.932000,-621.782000,326.000000
1422.500000,-619.331000,326.000000
1390.800000,-625.556000,310.456000
1390.800000,-627.250000,311.496000
1338.120000,-622.000000,308.504000
1381.380000,-622.000000,313.248000
1330.800000,-622.126000,314.552000
1330.800000,-631.660000,315.000000
1339.260000,-636.000000,312.592000
1344.180000,-636.000000,308.752000
1371.000000,-632.178000,316.000000
1372.020000,-625.416000,316.000000
1366.100000,-577.130000,317.130000
1366.100000,-608.502000,314.061000
1364.808000,-574.600000,314.446000
1352.568000,-574.600000,316.470000
1349.100000,-584.168000,311.751000
1349.100000,-589.734000,318.868000
1354.863000,-620.600000,309.067000
1363.754000,-620.600000,310.277000
1351.616000,-598.934000,319.000000
1358.858000,-602.430000,319.000000
1347.700000,-615.737000,308.706000
1347.700000,-584.618000,309.328000
1340.850000,-580.600000,308.216000
1336.825000,-580.600000,309.766000
1322.700000,-597.246000,309.728000
1322.700000,-620.288000,308.204000
1336.125000,-621.600000,309.238000
1335.225000,-621.600000,308.642000
1338.325000,-594.171000,310.000000
1334.200000,-620.247000,310.000000
1448.900000,-1097.493000,310.375000
1448.900000,-1092.093000,309.885000
1431.436000,-1079.700000,309.155000
1446.162000,-1079.700000,310.980000
1411.900000,-1096.008000,307.930000
1411.900000,-1096.089000,307.075000
1439.095000,-1106.700000,306.710000
1417.043000,-1106.700000,308.170000
1415.674000,-1083.291000,311.000000
1424.739000,-1088.556000,311.000000
1344.200000,-1089.574000,308.000000
1344.200000,-1101.780000,308.000000
1330.800000,-1073.900000,308.000000
1329.940000,-1073.900000,308.000000
1324.200000,-1101.168000,308.000000
1324.200000,-1082.264000,308.000000
1342.860000,-1107.900000,308.000000
1339.760000,-1107.900000,308.000000
1335.800000,-1105.690000,308.000000
1328.880000,-1097.326000,308.000000
1442.100000,-1047.460000,317.720000
1442.100000,-1045.820000,303.048000
1412.588000,-1042.200000,313.816000
1430.132000,-1042.200000,306.552000
1408.100000,-1042.200000,309.912000
1408.100000,-1059.880000,310.056000
1412.588000,-1062.200000,305.992000
1422.278000,-1062.200000,313.560000
1410.038000,-1056.940000,319.000000
1412.214000,-1043.200000,319.000000
1434.000000,-1007.430000,311.860000
1434.000000,-1017.924000,305.320000
1428.037000,-1006.000000,306.980000
1345.890000,-1006.000000,309.700000
1345.000000,-1010.356000,322.080000
1345.000000,-1017.506000,314.080000
1374.370000,-1028.000000,317.200000
1349.984000,-1028.000000,318.460000
1392.615000,-1017.858000,323.000000
1345.712000,-1015.042000,323.000000
1344.900000,-1060.453000,322.422000
1344.900000,-1062.577000,309.893000
1328.470000,-1009.300000,318.257000
1305.902000,-1009.300000,313.616000
1282.900000,-1032.664000,314.109000
1282.900000,-1018.858000,317.339000
1315.636000,-1068.300000,309.944000
1325.990000,-1068.300000,321.062000
1283.644000,-1029.419000,323.000000
1338.390000,-1054.848000,323.000000
1446.100000,-965.046000,308.832000
1446.100000,-951.310000,306.802000
1434.988000,-942.300000,305.416000
1439.668000,-942.300000,309.868000
1422.100000,-962.496000,315.986000
1422.100000,-969.534000,312.934000
1439.524000,-976.300000,312.570000
1430.116000,-976.300000,302.000000
1433.836000,-947.162000,316.000000
1440.868000,-946.856000,316.000000
1399.000000,-970.343000,303.033000
1399.000000,-975.458000,304.368000
1369.255000,-954.800000,305.298000
1358.185000,-954.800000,305.025000
1354.000000,-980.936000,304.566000
1354.000000,-969.320000,305.682000
1395.580000,-987.800000,303.834000
1397.785000,-987.800000,303.339000
1397.515000,-985.985000,306.000000
1384.060000,-971.135000,306.000000
1337.700000,-960.309000,306.132000
1337.700000,-983.871000,306.276000
1323.956000,-951.300000,305.156000
1328.964000,-951.300000,307.152000
1321.700000,-984.003000,304.180000
1321.700000,-953.907000,304.028000
1323.652000,-984.300000,307.200000
1331.476000,-984.300000,304.904000
1328.804000,-975.918000,308.000000
1330.580000,-979.548000,308.000000
1430.300000,-916.732000,304.296000
1430.300000,-921.664000,329.962000
1427.621000,-915.400000,335.292000
1421.605000,-915.400000,338.941000
1383.300000,-918.802000,325.247000
1383.300000,-928.306000,306.920000
1398.340000,-933.400000,315.243000
1395.050000,-933.400000,315.899000
1426.634000,-925.264000,343.000000
1404.074000,-919.306000,343.000000
1308.000000,-899.572000,335.792000
1308.000000,-887.548000,346.160000
1303.410000,-836.500000,324.032000
1293.168000,-836.500000,308.672000
1290.000000,-864.364000,312.320000
1290.000000,-862.132000,319.184000
1299.324000,-908.500000,348.560000
1306.002000,-908.500000,329.696000
1297.182000,-861.700000,356.000000
1295.922000,-878.116000,356.000000
1302.100000,-770.828000,309.929000
1302.100000,-755.020000,333.332000
1295.305000,-753.200000,331.853000
1295.170000,-753.200000,310.683000
1287.100000,-768.410000,324.748000
1287.100000,-779.070000,317.034000
1297.840000,-779.200000,317.672000
1295.020000,-779.200000,323.385000
1300.240000,-757.152000,336.000000
1290.340000,-777.614000,336.000000
1356.800000,-787.000000,325.096000
1356.800000,-786.280000,307.638000
1309.928000,-779.800000,317.991000
1349.528000,-779.800000,313.989000
1284.800000,-791.545000,310.915000
1284.800000,-789.310000,320.311000
1350.608000,-794.800000,332.839000
1296.824000,-794.800000,326.662000
1310.288000,-794.110000,336.000000
1292.216000,-784.300000,336.000000
1451.000000,-765.830000,305.256000
1451.000000,-773.495000,304.860000
1361.855000,-761.600000,332.472000
1373.300000,-761.600000,312.744000
1346.000000,-776.315000,323.652000
1346.000000,-765.695000,320.628000
1357.865000,-776.600000,314.868000
1430.630000,-776.600000,328.512000
1433.255000,-772.940000,336.000000
1449.845000,-771.530000,336.000000
1446.700000,-726.308000,324.084000
1446.700000,-728.898000,308.928000
1446.028000,-723.200000,315.264000
1441.394000,-723.200000,316.812000
1432.700000,-729.823000,306.480000
1432.700000,-756.944000,324.696000
1437.054000,-760.200000,333.696000
1438.916000,-760.200000,332.580000
1437.026000,-743.846000,336.000000
1444.964000,-724.051000,336.000000
1445.200000,-719.190000,309.168000
1445.200000,-713.625000,317.328000
1424.536000,-705.900000,345.456000
1443.688000,-705.900000,327.840000
1361.200000,-711.555000,333.744000
1361.200000,-714.165000,338.352000
1403.956000,-720.900000,321.984000
1368.172000,-720.900000,300.864000
1427.224000,-711.300000,348.000000
1425.292000,-711.660000,348.000000
1359.800000,-726.956000,341.988000
1359.800000,-733.912000,331.908000
1352.696000,-701.500000,331.740000
1349.288000,-701.500000,341.106000
1343.800000,-722.775000,321.450000
1343.800000,-708.493000,350.304000
1355.112000,-738.500000,353.202000
1355.352000,-738.500000,317.502000
1348.024000,-707.494000,354.000000
1354.200000,-729.065000,354.000000
1342.600000,-705.960000,321.954000
1342.600000,-702.418000,336.654000
1318.846000,-699.100000,353.664000
1331.685000,-699.100000,345.852000
1305.600000,-709.922000,343.416000
1305.600000,-710.692000,313.050000
1339.085000,-713.100000,333.126000
1318.957000,-713.100000,322.248000
1333.017000,-712.582000,354.000000
1325.469000,-700.584000,354.000000
1302.800000,-712.544000,343.878000
1302.800000,-722.336000,341.400000
1288.520000,-703.200000,333.630000
1286.922000,-703.200000,350.598000
1285.800000,-734.304000,323.340000
1285.800000,-718.144000,317.796000
1287.551000,-735.200000,313.092000
1285.800000,-735.200000,326.994000
1289.506000,-727.680000,354.000000
1293.008000,-718.144000,354.000000
1268.400000,-1048.015000,311.794000
1268.400000,-1095.700000,320.838000
1267.450000,-1042.900000,307.629000
1254.075000,-1042.900000,307.561000
1243.400000,-1052.250000,320.481000
1243.400000,-1048.730000,311.284000
1250.925000,-1097.900000,316.333000
1259.375000,-1097.900000,315.007000
1260.800000,-1074.085000,324.000000
1251.175000,-1088.495000,324.000000
1228.600000,-1101.245000,311.020000
1228.600000,-1083.451000,311.635000
1226.240000,-1073.500000,309.800000
1226.480000,-1073.500000,307.730000
1218.600000,-1084.908000,308.580000
1218.600000,-1096.595000,308.825000
1223.590000,-1104.500000,307.355000
1221.380000,-1104.500000,309.920000
1220.330000,-1084.939000,312.000000
1220.570000,-1079.390000,312.000000
1220.900000,-1101.470000,309.981000
1220.900000,-1101.320000,309.120000
1207.446000,-1094.500000,309.249000
1194.519000,-1094.500000,309.777000
1189.900000,-1100.160000,311.514000
1189.900000,-1098.340000,310.434000
1211.507000,-1104.500000,310.782000
1218.296000,-1104.500000,311.091000
1210.081000,-1096.210000,312.000000
1192.504000,-1100.010000,312.000000
1216.600000,-1064.185000,307.850000
1216.600000,-1057.345000,307.153000
1211.544000,-1056.700000,307.605000
1212.680000,-1056.700000,307.372000
1208.600000,-1068.160000,307.361000
1208.600000,-1057.045000,307.591000
1215.768000,-1071.700000,307.116000
1213.040000,-1071.700000,307.810000
1209.624000,-1071.295000,308.000000
1216.368000,-1070.380000,308.000000
1195.000000,-1061.836000,310.116000
1195.000000,-1065.544000,309.798000
1186.690000,-1051.000000,309.384000
1193.710000,-1051.000000,310.455000
1185.000000,-1085.632000,311.649000
1185.000000,-1074.796000,311.112000
1185.940000,-1087.000000,310.917000
1186.940000,-1087.000000,311.769000
1191.050000,-1078.900000,312.000000
1193.580000,-1060.828000,312.000000
1187.000000,-1080.378000,319.845000
1187.000000,-1097.590000,314.169000
1186.565000,-1077.700000,317.150000
1175.495000,-1077.700000,316.578000
1172.000000,-1081.860000,314.466000
1172.000000,-1085.500000,318.987000
1176.380000,-1103.700000,311.782000
1184.495000,-1103.700000,310.396000
1173.245000,-1092.702000,321.000000
1183.175000,-1094.184000,321.000000
1148.400000,-1100.225000,311.000000
1148.400000,-1080.750000,311.000000
1137.050000,-1077.600000,311.000000
1128.100000,-1077.600000,311.000000
1098.400000,-1086.550000,311.000000
1098.400000,-1101.075000,311.000000
1122.900000,-1102.600000,311.000000
1122.000000,-1102.600000,311.000000
1126.400000,-1087.075000,311.000000
1130.000000,-1102.475000,311.000000
1231.100000,-1013.554000,310.880000
1231.100000,-1008.736000,310.212000
1221.750000,-998.000000,310.392000
1230.110000,-998.000000,310.650000
1209.100000,-1010.232000,309.902000
1209.100000,-1010.716000,309.088000
1224.236000,-1020.000000,309.414000
1211.542000,-1020.000000,309.526000
1209.936000,-1001.982000,311.000000
1220.496000,-1005.854000,311.000000
1206.100000,-1025.569000,311.315000
1206.100000,-1039.509000,312.595000
1197.378000,-1004.700000,310.090000
1196.524000,-1004.700000,313.690000
1192.100000,-1035.614000,313.870000
1192.100000,-1013.597000,309.785000
1204.504000,-1045.700000,312.645000
1202.600000,-1045.700000,310.880000
1199.310000,-1044.962000,314.000000
1197.770000,-1034.138000,314.000000
1143.300000,-1014.470000,325.790000
1143.300000,-1009.770000,323.648000
1112.102000,-999.900000,322.374000
1131.026000,-999.900000,312.714000
1105.300000,-1044.691000,318.944000
1105.300000,-1040.132000,315.780000
1108.492000,-1046.900000,315.528000
1120.044000,-1046.900000,318.846000
1142.996000,-1036.748000,326.000000
1116.396000,-1003.613000,326.000000
1268.000000,-926.320000,311.556000
1268.000000,-930.910000,314.615000
1267.449000,-925.200000,309.841000
1240.102000,-925.200000,309.148000
1239.000000,-926.710000,308.133000
1239.000000,-930.140000,310.681000
1247.178000,-935.200000,313.425000
1239.783000,-935.200000,312.214000
1252.630000,-931.060000,315.000000
1244.191000,-929.600000,315.000000
1238.900000,-977.462000,310.120000
1238.900000,-978.056000,310.232000
1236.079000,-947.300000,313.144000
1231.087000,-947.300000,311.108000
1225.900000,-958.817000,312.168000
1225.900000,-951.689000,311.984000
1232.140000,-980.300000,311.188000
1234.558000,-980.300000,312.860000
1238.211000,-960.104000,314.000000
1226.758000,-973.733000,314.000000
1224.200000,-969.448000,312.212000
1224.200000,-957.604000,310.688000
1219.220000,-949.400000,311.236000
1221.332000,-949.400000,311.560000
1212.200000,-964.716000,310.256000
1212.200000,-971.016000,312.436000
1220.336000,-977.400000,313.280000
1215.860000,-977.400000,313.312000
1217.300000,-954.720000,314.000000
1223.636000,-953.936000,314.000000
1179.800000,-971.516000,310.304000
1179.800000,-973.160000,311.140000
1165.701000,-965.300000,313.324000
1159.606000,-965.300000,312.016000
1156.800000,-974.240000,312.348000
1156.800000,-970.232000,312.892000
1176.971000,-977.300000,311.368000
1178.512000,-977.300000,313.768000
1177.546000,-977.204000,314.000000
1176.097000,-971.576000,314.000000
1190.200000,-944.400000,320.166000
1190.200000,-935.280000,316.766000
1136.608000,-934.800000,316.018000
1156.078000,-934.800000,320.489000
1124.200000,-963.090000,311.853000
1124.200000,-936.300000,324.212000
1129.150000,-964.800000,324.705000
1162.678000,-964.800000,310.935000
1149.214000,-958.620000,327.000000
1172.116000,-961.350000,327.000000
1268.300000,-856.184000,309.605000
1268.300000,-861.794000,311.555000
1268.160000,-853.500000,313.380000
1266.116000,-853.500000,312.650000
1254.300000,-856.602000,312.160000
1254.300000,-868.658000,313.745000
1258.122000,-875.500000,310.940000
1257.394000,-875.500000,309.840000
1266.298000,-866.612000,314.000000
1262.882000,-858.912000,314.000000
1257.000000,-849.504000,312.286000
1257.000000,-845.598000,312.248000
1254.504000,-830.100000,311.798000
1247.460000,-830.100000,312.686000
1245.000000,-837.219000,311.310000
1245.000000,-836.988000,311.124000
1250.652000,-851.100000,312.820000
1255.320000,-851.100000,311.562000
1249.008000,-838.458000,313.000000
1251.000000,-842.847000,313.000000
1157.500000,-864.380000,316.000000
1157.500000,-845.570000,316.000000
1152.222000,-842.600000,316.000000
1151.858000,-842.600000,316.000000
1144.500000,-858.710000,316.000000
1144.500000,-871.580000,316.000000
1153.197000,-872.600000,316.000000
1150.987000,-872.600000,316.000000
1155.056000,-848.600000,316.000000
1149.531000,-871.640000,316.000000
1145.100000,-865.620000,316.000000
1145.100000,-864.600000,316.000000
1123.960000,-857.700000,316.000000
1142.580000,-857.700000,316.000000
1110.100000,-868.740000,316.000000
1110.100000,-866.775000,316.000000
1140.445000,-872.700000,316.000000
1114.930000,-872.700000,316.000000
1120.215000,-857.715000,316.000000
1119.690000,-862.635000,316.000000
1259.300000,-793.061000,310.789000
1259.300000,-797.489000,310.036000
1243.260000,-790.100000,310.033000
1245.080000,-790.100000,310.817000
1239.300000,-798.506000,310.278000
1239.300000,-792.296000,310.598000
1240.600000,-799.100000,310.522000
1254.840000,-799.100000,310.380000
1254.620000,-797.327000,310.000000
1242.520000,-796.310000,310.000000
1213.100000,-757.091000,313.000000
1213.100000,-760.263000,313.000000
1213.100000,-749.100000,313.000000
1208.550000,-749.100000,313.000000
1200.100000,-757.152000,313.000000
1200.100000,-802.963000,313.000000
1203.519000,-810.100000,313.000000
1205.508000,-810.100000,313.000000
1203.272000,-786.005000,313.000000
1200.711000,-752.272000,313.000000
1200.200000,-805.413000,317.352000
1200.200000,-781.684000,316.230000
1197.626000,-748.500000,313.204000
1187.343000,-748.500000,319.953000
1187.200000,-768.630000,326.039000
1187.200000,-780.342000,323.676000
1193.193000,-809.500000,321.891000
1187.915000,-809.500000,327.399000
1196.573000,-773.327000,330.000000
1199.342000,-773.693000,330.000000
1142.500000,-800.110000,323.453000
1142.500000,-804.530000,320.121000
1127.848000,-781.000000,321.738000
1119.264000,-781.000000,321.654000
1105.500000,-794.728000,320.030000
1105.500000,-785.186000,323.187000
1129.883000,-807.000000,318.322000
1131.141000,-807.000000,324.720000
1112.863000,-786.434000,325.000000
1135.877000,-801.124000,325.000000
1270.600000,-746.781000,313.204000
1270.600000,-743.258000,313.664000
1240.900000,-739.800000,312.228000
1257.250000,-739.800000,314.540000
1220.600000,-749.238000,315.252000
1220.600000,-750.187000,315.416000
1263.500000,-752.800000,314.272000
1237.200000,-752.800000,312.292000
1254.400000,-739.943000,316.000000
1256.000000,-741.555000,316.000000
1238.100000,-703.816000,331.008000
1238.100000,-716.488000,325.993000
1203.208000,-688.900000,326.860000
1198.236000,-688.900000,329.716000
1194.100000,-729.556000,322.695000
1194.100000,-708.172000,333.439000
1196.564000,-732.900000,318.547000
1236.824000,-732.900000,320.162000
1200.876000,-724.672000,334.000000
1220.280000,-710.724000,334.000000
1172.300000,-701.112000,317.694000
1172.300000,-728.216000,318.286000
1146.534000,-696.600000,317.204000
1158.156000,-696.600000,318.724000
1146.300000,-700.504000,318.716000
1146.300000,-699.064000,317.160000
1152.904000,-728.600000,318.226000
1162.160000,-728.600000,317.598000
1162.706000,-716.280000,319.000000
1158.832000,-724.024000,319.000000
1138.700000,-699.645000,321.607000
1138.700000,-690.750000,321.268000
1133.408000,-685.500000,320.875000
1133.576000,-685.500000,321.925000
1110.700000,-690.300000,320.140000
1110.700000,-696.240000,319.582000
1123.356000,-700.500000,319.408000
1117.672000,-700.500000,320.239000
1113.724000,-691.755000,322.000000
1121.004000,-688.770000,322.000000
1202.900000,-657.890000,327.016000
1202.900000,-657.142000,337.987000
1171.166000,-641.500000,321.381000
1135.496000,-641.500000,320.024000
1120.900000,-652.896000,338.769000
1120.900000,-649.310000,325.061000
1174.200000,-663.500000,333.157000
1193.716000,-663.500000,330.098000
1168.952000,-646.296000,341.000000
1141.810000,-654.260000,341.000000
1148.800000,-623.868000,322.398000
1148.800000,-602.968000,322.874000
1125.400000,-599.800000,320.690000
1130.360000,-599.800000,317.407000
1108.800000,-631.348000,318.982000
1108.800000,-643.536000,318.940000
1142.720000,-643.800000,317.267000
1129.840000,-643.800000,320.473000
1111.320000,-600.680000,323.000000
1114.480000,-641.204000,323.000000
1251.400000,-604.204000,314.807000
1251.400000,-608.284000,311.045000
1174.666000,-587.500000,312.123000
1241.600000,-587.500000,313.454000
1153.400000,-631.420000,320.428000
1153.400000,-617.884000,315.863000
1157.908000,-635.500000,317.744000
1169.570000,-635.500000,318.272000
1206.418000,-626.956000,321.000000
1156.242000,-601.996000,321.000000
1253.000000,-567.150000,336.720000
1253.000000,-580.674000,312.656000
1169.615000,-564.000000,328.880000
1190.185000,-564.000000,319.664000
1168.000000,-566.373000,321.072000
1168.000000,-569.691000,326.672000
1188.740000,-585.000000,313.232000
1236.340000,-585.000000,333.680000
1169.530000,-577.104000,338.000000
1245.860000,-577.923000,338.000000
994.600000,-1094.568000,348.294000
994.600000,-1067.470000,337.507000
984.934000,-1062.200000,331.946000
974.242000,-1062.200000,352.180000
940.600000,-1072.774000,382.531000
940.600000,-1093.140000,366.853000
964.468000,-1096.200000,366.183000
964.522000,-1096.200000,381.526000
967.330000,-1076.684000,383.000000
983.962000,-1063.016000,383.000000
1076.100000,-1038.916000,312.090000
1076.100000,-1026.064000,319.830000
1063.282000,-998.200000,325.680000
1075.556000,-998.200000,323.772000
1042.100000,-1025.686000,321.288000
1042.100000,-1027.846000,327.714000
1063.860000,-1052.200000,316.896000
1044.888000,-1052.200000,313.656000
1075.182000,-1010.512000,330.000000
1065.560000,-1018.990000,330.000000
1024.800000,-1025.324000,322.743000
1024.800000,-1042.712000,322.932000
968.352000,-995.300000,320.547000
960.610000,-995.300000,324.903000
926.800000,-1033.478000,318.351000
926.800000,-1005.452000,326.874000
1009.022000,-1049.300000,325.146000
997.458000,-1049.300000,319.845000
970.900000,-996.920000,327.000000
983.248000,-1035.638000,327.000000
994.714000,-1044.062000,327.000000
995.200000,-946.736000,322.550000
995.200000,-941.738000,365.931000
946.438000,-931.700000,376.226000
976.678000,-931.700000,381.480000
932.200000,-969.710000,358.831000
932.200000,-966.434000,326.029000
934.531000,-973.700000,341.507000
954.880000,-973.700000,341.578000
990.664000,-966.644000,390.000000
961.369000,-936.236000,390.000000
1073.100000,-892.460000,323.022000
1073.100000,-912.700000,325.836000
1012.836000,-885.100000,319.592000
1015.254000,-885.100000,328.902000
1011.100000,-889.838000,316.176000
1011.100000,-906.536000,317.968000
1025.670000,-931.100000,326.746000
1072.976000,-931.100000,321.034000
1036.210000,-914.264000,329.000000
1032.800000,-906.674000,329.000000
1021.800000,-867.890000,320.570000
1021.800000,-867.845000,325.322000
1016.190000,-824.600000,325.106000
1002.924000,-824.600000,320.636000
988.800000,-838.145000,323.636000
988.800000,-829.280000,321.950000
1003.089000,-869.600000,322.172000
1009.821000,-869.600000,323.264000
1017.906000,-844.220000,326.000000
996.621000,-861.950000,326.000000
1078.200000,-792.656000,347.046000
1078.200000,-768.788000,318.000000
1067.160000,-751.400000,335.531000
1071.870000,-751.400000,328.293000
1048.200000,-778.346000,324.063000
1048.200000,-791.522000,338.586000
1067.130000,-805.400000,359.595000
1056.480000,-805.400000,348.879000
1059.000000,-764.198000,365.000000
1051.920000,-761.714000,365.000000
1028.200000,-785.220000,323.080000
1028.200000,-790.884000,322.508000
1003.296000,-758.100000,339.712000
990.844000,-758.100000,327.326000
984.200000,-791.604000,334.344000
984.200000,-776.436000,332.122000
1020.676000,-806.100000,328.954000
1024.460000,-806.100000,336.940000
1021.028000,-759.972000,342.000000
984.684000,-784.596000,342.000000
986.200000,-765.220000,337.923000
986.200000,-745.900000,328.767000
943.416000,-743.200000,332.799000
958.872000,-743.200000,333.366000
930.200000,-796.960000,327.654000
930.200000,-744.460000,337.965000
931.712000,-803.200000,343.530000
961.224000,-803.200000,342.564000
947.840000,-793.660000,345.000000
980.432000,-797.980000,345.000000
1023.800000,-689.878000,328.720000
1023.800000,-704.572000,331.800000
935.296000,-679.400000,343.820000
1012.116000,-679.400000,336.180000
931.800000,-685.228000,338.940000
931.800000,-720.320000,340.560000
952.500000,-741.400000,334.040000
949.556000,-741.400000,344.940000
1004.664000,-719.266000,345.000000
1003.928000,-696.450000,345.000000
990.220000,-685.352000,345.000000
1083.800000,-662.860000,323.956000
1083.800000,-650.620000,322.171000
1076.600000,-604.600000,322.248000
1049.330000,-604.600000,323.704000
1038.800000,-622.120000,320.533000
1038.800000,-622.540000,325.237000
1057.835000,-664.600000,325.825000
1076.195000,-664.600000,319.770000
1050.905000,-631.300000,326.000000
1068.995000,-642.760000,326.000000
987.100000,-652.007000,324.462000
987.100000,-613.952000,325.132000
980.656000,-606.400000,325.972000
979.810000,-606.400000,325.570000
969.100000,-635.310000,325.484000
969.100000,-661.742000,324.008000
980.296000,-665.400000,324.996000
977.560000,-665.400000,324.446000
982.546000,-620.973000,326.000000
979.144000,-665.223000,326.000000
965.000000,-647.475000,338.801000
965.000000,-644.293000,337.543000
956.088000,-626.200000,334.653000
964.296000,-626.200000,341.266000
949.000000,-651.656000,330.505000
949.000000,-647.512000,327.989000
962.120000,-663.200000,326.340000
950.744000,-663.200000,331.712000
952.584000,-628.013000,343.000000
956.120000,-639.446000,343.000000
1066.900000,-562.358000,326.968000
1066.900000,-587.900000,336.274000
964.220000,-542.000000,322.576000
974.148000,-542.000000,322.198000
930.900000,-589.844000,336.166000
930.900000,-553.610000,326.140000
933.348000,-596.000000,331.774000
1032.628000,-596.000000,330.082000
1026.372000,-587.954000,340.000000
976.052000,-580.826000,340.000000
1051.532000,-560.846000,340.000000
813.700000,-1066.739000,327.778000
813.700000,-1068.051000,328.966000
781.298000,-1059.400000,325.094000
802.786000,-1059.400000,320.375000
779.700000,-1062.844000,322.410000
779.700000,-1094.414000,322.784000
787.044000,-1100.400000,319.715000
792.858000,-1100.400000,325.193000
785.786000,-1086.173000,330.000000
787.146000,-1062.680000,330.000000
892.700000,-1089.743000,329.136000
892.700000,-1047.719000,324.304000
881.677000,-988.700000,325.232000
822.620000,-988.700000,327.808000
819.700000,-1017.746000,337.312000
819.700000,-1039.479000,331.312000
849.922000,-1091.700000,333.408000
821.598000,-1091.700000,334.816000
867.588000,-1035.565000,340.000000
827.365000,-1034.226000,340.000000
820.722000,-1089.228000,340.000000
809.800000,-1042.780000,334.972000
809.800000,-1051.840000,325.716000
799.679000,-995.800000,331.787000
792.429000,-995.800000,328.563000
780.800000,-1024.660000,328.615000
780.800000,-1003.720000,331.410000
798.548000,-1055.800000,325.430000
800.085000,-1055.800000,334.257000
784.686000,-1011.160000,337.000000
809.568000,-1043.980000,337.000000
773.400000,-1086.800000,327.856000
773.400000,-1079.575000,325.920000
744.956000,-1072.200000,323.952000
761.024000,-1072.200000,329.424000
721.400000,-1089.175000,336.032000
721.400000,-1091.475000,332.928000
763.520000,-1097.200000,332.128000
737.156000,-1097.200000,336.432000
753.172000,-1073.650000,338.000000
767.108000,-1076.300000,338.000000
772.800000,-1021.816000,421.012000
772.800000,-1036.936000,363.664000
772.800000,-1035.592000,387.640000
754.175000,-1000.200000,394.552000
750.875000,-1000.200000,387.316000
747.800000,-1049.312000,368.200000
747.800000,-1023.104000,410.968000
747.800000,-1040.856000,426.412000
748.000000,-1056.200000,341.848000
771.350000,-1056.200000,326.620000
750.025000,-1048.360000,433.000000
766.950000,-1029.600000,433.000000
840.300000,-930.864000,355.058000
840.300000,-921.801000,359.738000
787.492000,-920.900000,336.026000
811.404000,-920.900000,376.820000
784.300000,-924.875000,394.994000
784.300000,-923.444000,393.902000
795.836000,-973.900000,375.884000
816.836000,-973.900000,332.984000
815.996000,-955.986000,401.000000
820.868000,-967.858000,401.000000
844.200000,-889.540000,349.614000
844.200000,-849.148000,342.285000
835.458000,-824.200000,344.490000
834.652000,-824.200000,346.884000
782.200000,-842.218000,339.345000
782.200000,-869.542000,330.483000
807.248000,-890.200000,334.221000
795.840000,-890.200000,335.061000
784.928000,-854.824000,351.000000
815.680000,-840.502000,351.000000
769.300000,-863.508000,358.791000
769.300000,-860.911000,373.974000
763.198000,-824.700000,343.356000
755.026000,-824.700000,387.771000
751.300000,-847.779000,390.984000
751.300000,-840.674000,338.568000
762.154000,-873.700000,375.549000
766.762000,-873.700000,352.365000
760.678000,-837.734000,393.000000
758.968000,-854.492000,393.000000
747.765108,-855.958148,391.677000
757.035355,-836.346790,381.093000
751.152191,-828.650350,376.305000
752.685515,-829.375149,331.890000
731.889507,-852.103895,360.870000
726.323598,-863.878666,345.687000
737.252189,-870.747972,345.498000
732.869196,-868.676141,359.484000
757.626948,-835.020386,393.000000
730.757224,-866.217772,393.000000
869.700000,-751.412000,334.036000
869.700000,-752.864000,341.632000
832.900000,-742.700000,329.626000
866.150000,-742.700000,327.574000
819.700000,-761.774000,325.234000
819.700000,-755.988000,331.516000
869.650000,-764.700000,338.842000
826.550000,-764.700000,335.458000
843.500000,-761.840000,343.000000
829.700000,-749.982000,343.000000
907.900000,-747.980000,325.432000
907.900000,-785.480000,325.666000
875.210000,-736.100000,339.040000
883.050000,-736.100000,329.608000
872.900000,-740.000000,334.648000
872.900000,-750.680000,333.550000
879.795000,-796.100000,330.238000
900.025000,-796.100000,337.492000
906.255000,-776.420000,343.000000
875.945000,-777.620000,343.000000
822.471850,-810.310803,440.212000
837.492771,-781.332509,362.400000
825.693249,-804.096095,458.048000
835.606218,-772.064601,392.388000
826.936701,-767.570750,405.324000
806.761097,-757.112710,395.328000
796.086848,-763.429015,344.368000
784.710709,-785.375811,448.248000
791.116690,-773.017421,528.412000
798.301077,-797.781864,492.544000
799.060159,-798.175335,491.172000
790.949965,-793.971410,465.496000
809.440349,-779.812239,529.000000
838.865474,-776.141922,529.000000
909.000000,-656.966000,328.680000
909.000000,-648.485000,333.336000
888.210000,-630.500000,346.800000
846.756000,-630.500000,338.568000
846.000000,-645.746000,340.944000
846.000000,-647.660000,343.824000
883.359000,-663.500000,335.064000
849.339000,-663.500000,349.080000
903.204000,-639.575000,351.000000
900.243000,-644.162000,351.000000
840.600000,-655.669000,374.216000
840.600000,-662.638000,358.521000
813.144000,-641.800000,356.404000
808.048000,-641.800000,374.508000
788.600000,-656.980000,338.519000
788.600000,-645.457000,390.495000
829.732000,-664.800000,393.707000
824.584000,-664.800000,333.482000
808.620000,-643.571000,404.000000
827.444000,-659.625000,404.000000
897.700000,-607.180000,349.725000
897.700000,-602.248000,430.350000
897.700000,-620.140000,529.035000
838.168000,-592.600000,512.050000
875.970000,-592.600000,477.435000
822.752000,-592.600000,460.020000
822.260000,-592.600000,493.560000
892.862000,-592.600000,397.240000
815.700000,-623.488000,459.590000
815.700000,-621.328000,524.520000
815.700000,-613.912000,391.220000
896.798000,-628.600000,407.130000
842.842000,-628.600000,356.605000
837.922000,-628.600000,537.205000
872.034000,-628.600000,501.730000
826.196000,-628.600000,420.245000
906.700000,-549.901000,334.555000
906.700000,-568.047000,334.045000
793.972000,-541.000000,330.895000
796.412000,-541.000000,337.330000
784.700000,-543.408000,327.235000
784.700000,-559.791000,325.615000
807.514000,-584.000000,338.560000
903.040000,-584.000000,328.900000
826.180000,-570.283000,340.000000
848.262000,-562.414000,340.000000
894.134000,-556.609000,340.000000
560.568760,-1127.852980,329.800000
542.466008,-1154.691413,346.480000
557.194850,-1125.219002,352.480000
544.978981,-1116.979295,353.050000
527.031370,-1114.983997,345.130000
530.316070,-1110.114230,329.620000
524.436441,-1142.928369,337.810000
530.907079,-1147.292869,336.190000
546.540895,-1137.258727,355.000000
527.705741,-1139.521007,355.000000
527.074269,-1174.193029,434.597000
534.276674,-1163.515025,457.811000
522.474553,-1143.699683,395.642000
529.964907,-1148.751991,333.632000
487.286053,-1119.964741,475.301000
528.779384,-1147.952345,429.668000
478.807834,-1129.512004,356.846000
474.689938,-1135.617037,368.453000
501.697844,-1163.459719,476.891000
483.537776,-1151.210599,403.274000
488.064322,-1154.263792,373.382000
522.552285,-1177.526217,435.869000
497.319416,-1136.357948,485.000000
498.337147,-1134.849100,485.000000
497.004994,-1101.085483,338.505000
494.850745,-1102.829959,383.462000
504.464816,-1083.023731,384.621000
501.043830,-1078.799165,335.821000
484.872103,-1087.748832,369.676000
491.334849,-1082.515404,349.180000
486.114387,-1104.855278,354.792000
487.292475,-1106.310096,362.539000
505.868069,-1088.627446,387.000000
488.435203,-1089.078915,387.000000
589.450473,-1069.197061,404.352000
605.663292,-1056.068179,331.104000
593.385163,-1066.010812,339.606000
583.855450,-1022.061850,377.647000
592.947871,-1033.290055,354.975000
596.894969,-1038.164315,413.617000
533.681775,-1042.299126,351.051000
526.855324,-1047.827077,378.846000
572.649427,-1010.743743,378.628000
561.013180,-1090.783955,433.455000
544.978097,-1070.982276,402.608000
551.321646,-1078.815908,343.639000
540.548618,-1054.753100,434.000000
531.657314,-1048.910541,434.000000
623.768081,-1030.269563,334.000000
621.407112,-1032.181438,331.408000
599.065128,-994.936525,326.192000
623.230401,-1024.778153,338.416000
596.050511,-992.237110,350.384000
589.685685,-997.391244,345.424000
590.935843,-1007.143916,342.544000
590.521751,-1006.632554,352.432000
610.536131,-1024.474173,358.000000
621.501385,-1029.383601,358.000000
657.005111,-984.701268,334.503000
629.832202,-1006.705456,329.102000
655.322835,-981.265222,331.819000
642.363869,-965.262233,331.511000
628.368935,-965.427321,329.124000
627.459674,-966.163626,333.920000
609.739037,-996.479628,326.440000
618.606790,-1007.430391,336.329000
623.953339,-977.707929,337.000000
631.132201,-998.943573,337.000000
651.667181,-963.578366,338.544000
670.216101,-948.557747,342.405000
671.672751,-941.375442,328.989000
671.059163,-940.617724,350.946000
652.774801,-943.380040,358.473000
639.737400,-953.937519,359.487000
642.609918,-962.690399,348.918000
641.363864,-961.151650,329.028000
663.381359,-947.954568,366.000000
671.322934,-942.430773,366.000000
433.036254,-1098.264714,328.818000
436.430827,-1095.515842,328.508000
437.642535,-1062.441550,328.574000
452.875864,-1081.253146,328.727000
401.579392,-1060.686759,328.329000
404.614924,-1058.228634,328.946000
413.667517,-1099.573530,328.085000
392.328521,-1073.222064,328.165000
424.271298,-1052.336360,329.000000
428.865392,-1077.430543,329.000000
455.971184,-1045.472390,350.165000
444.655939,-1054.635295,368.365000
454.947333,-1022.648274,334.240000
455.814537,-1023.719181,382.600000
429.288356,-1033.623970,383.380000
445.527598,-1020.473691,331.835000
441.155960,-1056.465850,367.520000
437.049015,-1051.394195,346.070000
438.243908,-1047.683218,393.000000
439.781657,-1041.954904,393.000000
528.838262,-1019.691731,381.232000
528.500981,-1019.964856,373.040000
521.183643,-999.106419,365.616000
530.041957,-1010.045526,387.056000
518.917191,-998.130186,350.000000
499.933070,-1013.503224,337.008000
498.148747,-1019.920179,334.320000
500.898877,-1023.316307,351.024000
504.594589,-1013.102285,390.000000
522.827606,-1006.505828,390.000000
518.175636,-990.340806,346.914000
502.589974,-1002.961826,369.552000
517.446379,-987.883013,334.909000
505.461601,-973.083045,331.283000
498.070844,-977.025875,371.953000
491.842019,-982.069878,342.014000
482.574855,-1000.435817,359.997000
491.693707,-1011.696662,352.745000
499.377242,-993.488493,377.000000
495.673745,-987.135358,377.000000
542.480196,-1009.574834,358.872000
539.896186,-1011.667324,360.674000
548.343018,-983.842740,350.576000
539.235493,-972.595883,334.120000
516.210069,-961.362947,342.280000
522.621523,-956.171054,341.566000
524.394590,-993.994287,333.950000
526.807404,-996.973865,349.012000
521.061212,-962.229035,362.000000
514.016745,-974.465124,362.000000
588.740867,-969.578769,330.155000
603.341886,-957.755098,328.370000
608.002952,-932.105728,328.935000
614.229448,-939.794810,329.465000
567.391380,-943.117418,332.710000
562.129325,-947.378546,330.560000
566.224431,-977.443511,331.490000
555.782747,-964.549105,331.655000
603.983580,-937.416793,333.000000
589.225010,-927.624384,333.000000
575.678013,-933.372097,383.378000
563.779131,-943.007621,339.659000
588.784659,-907.489855,369.413000
587.179892,-905.508133,352.142000
546.254234,-935.324090,355.505000
567.492079,-918.126023,364.625000
548.429032,-954.584765,341.540000
547.915507,-953.950614,377.108000
542.765931,-938.673861,386.000000
569.315302,-937.146399,386.000000
659.038702,-906.714193,336.568000
667.012219,-900.257365,333.400000
643.568452,-867.359608,332.176000
655.151093,-881.662980,337.342000
639.490153,-864.640114,345.766000
639.783915,-864.402231,341.284000
603.160138,-903.266346,341.374000
614.289669,-917.010172,345.226000
625.015484,-905.371465,346.000000
625.559650,-923.633858,346.000000
711.665179,-841.562753,460.867000
697.326836,-853.173715,382.929000
709.566884,-843.261918,378.008000
711.071292,-837.810234,428.282000
710.366453,-836.939831,412.056000
682.333793,-820.278256,395.830000
665.547440,-833.871577,441.183000
680.818358,-821.505431,425.755000
660.121602,-854.343394,363.378000
656.465251,-849.828176,337.310000
692.823126,-855.874978,461.000000
696.051566,-841.190835,461.000000
723.409513,-816.624961,364.949000
724.788947,-815.507917,365.363000
734.748588,-797.297947,348.113000
726.728529,-787.393999,380.474000
714.480752,-789.112821,331.277000
716.948190,-787.114729,395.585000
712.720216,-809.820567,383.372000
717.392920,-815.590875,341.696000
724.385525,-796.934678,398.000000
720.503457,-805.011751,398.000000
763.900000,-687.679000,336.156000
763.900000,-677.951000,365.360000
753.610000,-675.500000,373.200000
755.437000,-675.500000,376.091000
742.900000,-687.318000,361.195000
742.900000,-693.284000,337.822000
758.713000,-694.500000,349.239000
752.749000,-694.500000,348.553000
762.514000,-677.685000,383.000000
753.064000,-694.462000,383.000000
740.901358,-709.304230,352.680000
740.192601,-709.878170,360.120000
727.958836,-679.946801,342.880000
746.253180,-702.538435,368.880000
707.015244,-678.840484,333.120000
710.632858,-675.910997,337.640000
731.289171,-714.250721,363.320000
707.415902,-684.769689,346.400000
717.222244,-694.373636,370.000000
724.314003,-686.314675,370.000000
766.000000,-597.310000,338.204000
766.000000,-644.656000,366.176000
701.322000,-578.200000,365.420000
716.287000,-578.200000,338.060000
693.000000,-579.604000,356.600000
693.000000,-594.892000,345.944000
703.877000,-656.200000,347.816000
747.531000,-656.200000,353.828000
757.824000,-634.282000,371.000000
711.834000,-634.438000,371.000000
704.607000,-627.340000,371.000000
765.700000,-539.480000,346.240000
765.700000,-546.120000,353.580000
760.660000,-537.600000,341.340000
746.500000,-537.600000,337.960000
705.700000,-546.240000,336.460000
705.700000,-571.720000,342.340000
726.580000,-577.600000,351.580000
728.800000,-577.600000,346.720000
727.660000,-558.440000,354.000000
714.400000,-540.880000,354.000000
708.600000,-572.058000,354.810000
708.600000,-560.508000,345.780000
708.600000,-577.224000,540.570000
696.714000,-536.400000,517.350000
668.322000,-536.400000,392.865000
678.948000,-536.400000,471.555000
666.600000,-553.788000,464.890000
666.600000,-557.022000,439.950000
666.600000,-552.570000,402.540000
689.532000,-578.400000,412.215000
667.608000,-578.400000,487.035000
669.288000,-578.400000,333.740000
423.797878,-1021.390897,355.280000
417.176595,-1026.752707,337.240000
424.143087,-990.783717,345.520000
420.535193,-986.328339,346.000000
393.870440,-982.574440,335.720000
405.107971,-973.474468,354.720000
407.766965,-1018.231363,365.960000
405.269193,-1015.146871,363.480000
415.123123,-985.603798,369.000000
417.733006,-1021.194986,369.000000
475.204459,-972.402162,342.760000
479.108840,-969.240456,354.158000
462.113379,-933.201653,404.670000
478.004349,-952.825366,372.116000
430.455081,-935.294198,384.662000
431.474696,-934.468530,390.074000
459.520763,-980.848542,364.572000
436.563155,-952.498257,408.032000
456.170714,-972.999635,410.000000
475.371740,-957.964368,410.000000
505.045033,-943.803144,331.510000
495.649338,-951.411628,330.160000
483.394500,-904.910993,330.290000
483.457432,-904.988707,331.255000
479.337665,-900.282582,329.065000
470.011913,-907.834427,332.350000
460.615044,-924.451179,332.845000
485.819325,-955.575874,328.445000
471.204467,-924.561659,333.000000
489.035302,-936.951471,333.000000
569.136151,-894.387043,333.725000
570.908044,-892.952192,340.445000
568.962049,-888.737610,349.580000
552.385750,-868.267586,345.044000
524.382614,-853.422169,344.456000
531.843216,-847.380693,349.643000
500.168627,-899.125753,339.332000
509.306359,-910.409912,333.242000
537.754221,-900.729852,350.000000
514.491021,-906.134251,350.000000
589.246711,-880.574991,340.205000
611.535257,-862.526083,338.870000
624.100051,-841.812752,336.545000
626.365604,-844.610478,342.155000
591.489926,-840.155684,332.885000
578.387245,-850.766026,330.440000
573.865287,-875.118929,329.210000
567.861571,-867.704957,333.725000
599.236136,-842.761568,344.000000
607.561911,-845.129746,344.000000
568.209505,-854.377927,328.890000
566.321041,-855.907176,332.397000
574.704698,-830.936311,327.182000
568.644343,-823.452396,333.930000
550.658813,-829.987411,332.467000
557.140210,-824.738879,328.463000
555.260640,-854.595371,330.759000
557.582832,-857.463039,329.996000
574.960022,-837.639453,334.000000
557.160115,-838.349544,334.000000
586.135592,-817.486195,354.755000
595.088314,-810.236424,357.975000
592.151718,-801.423484,346.180000
594.098836,-803.827974,330.605000
569.523948,-814.210165,337.640000
565.495223,-817.472562,338.270000
572.199928,-827.633578,329.065000
568.632940,-823.228715,345.935000
567.680193,-818.797865,362.000000
567.259753,-820.058364,362.000000
632.711991,-788.864391,336.080000
628.227082,-792.496199,357.936000
627.749405,-770.570603,328.272000
637.793358,-782.973853,332.944000
603.560717,-786.735436,352.432000
612.507998,-779.490070,339.952000
605.174413,-788.774266,344.624000
605.237345,-788.851980,346.960000
617.775137,-792.261522,358.000000
620.191525,-776.536442,358.000000
683.431450,-795.416606,338.732000
666.348228,-809.250327,328.554000
682.509869,-791.237172,335.302000
659.076495,-762.299365,331.620000
643.978490,-752.732929,331.886000
642.986852,-753.535942,334.686000
637.889784,-782.217412,328.470000
654.132543,-802.275549,337.752000
641.358301,-765.303204,341.000000
633.274530,-762.371041,341.000000
696.173627,-776.924043,342.160000
727.974440,-751.172253,337.944000
728.340359,-733.890711,334.596000
725.728680,-730.665555,344.733000
686.763010,-720.206632,358.032000
664.148062,-738.519856,351.522000
675.135204,-763.528759,350.437000
671.548077,-759.099027,358.311000
708.648868,-742.180347,362.000000
730.936205,-742.340065,362.000000
423.749143,-927.522012,344.894000
426.903579,-924.967601,335.066000
422.905587,-891.347169,340.502000
402.460226,-866.099251,339.008000
386.706007,-877.739859,336.092000
388.603797,-876.203059,342.950000
404.556111,-921.124973,331.700000
378.297088,-888.697780,346.892000
401.927676,-872.992609,347.000000
421.952376,-911.984059,347.000000
457.212511,-898.157155,335.714000
447.047442,-906.388666,336.550000
449.526083,-866.164743,331.059000
450.517262,-867.388748,340.711000
421.455807,-869.208183,345.423000
436.213809,-857.257389,344.872000
442.721924,-905.432779,340.768000
436.123500,-897.284404,330.033000
434.040785,-892.138260,347.000000
440.869496,-892.514705,347.000000
516.021886,-852.489324,342.848000
516.255029,-852.300528,337.008000
510.979588,-820.139186,338.944000
523.315526,-835.372801,340.512000
461.914751,-853.841352,335.024000
470.914101,-846.553822,328.016000
463.914711,-857.359847,331.120000
468.234366,-862.694177,331.520000
474.216521,-845.960265,344.000000
513.246432,-836.095556,344.000000
488.020770,-823.051982,341.981000
469.507599,-838.043653,348.987000
489.714676,-819.950879,334.386000
476.921851,-804.153056,355.776000
469.174346,-807.431286,357.822000
460.920278,-814.115298,331.565000
446.857594,-835.354466,350.258000
456.659888,-847.459292,338.323000
465.070353,-827.029569,359.000000
465.548025,-824.203061,359.000000
535.753315,-832.200166,355.217000
533.361260,-834.137214,349.910000
551.278101,-813.745377,348.141000
548.027032,-809.730641,327.261000
534.728172,-809.868638,341.036000
541.274849,-804.567243,333.612000
527.701102,-827.533632,333.960000
528.720601,-828.792608,339.963000
535.507886,-809.329885,356.000000
528.565732,-822.594882,356.000000
526.225173,-807.490932,329.976000
533.825660,-801.336178,332.418000
532.384240,-782.728496,328.506000
538.204195,-789.915542,327.732000
507.043146,-779.274406,327.042000
504.035591,-781.709876,329.046000
512.643143,-806.020743,331.578000
502.608000,-793.628373,330.360000
527.404945,-783.873161,333.000000
520.234978,-778.260582,333.000000
570.722585,-801.455666,326.234000
565.290335,-805.854616,326.208000
557.393306,-762.065880,336.062000
551.011997,-754.185620,329.055000
525.945733,-760.509672,332.890000
535.970916,-752.391439,331.902000
555.337370,-807.197483,329.705000
554.280112,-805.891878,334.749000
558.123441,-808.492823,339.000000
534.663291,-761.788535,339.000000
589.527182,-744.516271,329.246000
594.053280,-740.851109,326.774000
588.213995,-730.303259,327.782000
591.650084,-734.546476,328.088000
565.549916,-745.918044,326.312000
565.310555,-746.111875,329.402000
566.101488,-747.489029,330.848000
569.722598,-751.960726,330.716000
574.252597,-746.743147,332.000000
575.099712,-756.109333,332.000000
629.944593,-732.299297,325.640000
621.761247,-738.926040,327.420000
630.979818,-729.525702,333.190000
629.972905,-728.282268,329.610000
607.638104,-709.186430,330.750000
597.100004,-717.720014,331.800000
594.716543,-732.414758,328.300000
591.736081,-728.734195,333.990000
617.161688,-739.109527,335.000000
622.439116,-733.518308,335.000000
570.373818,-739.484961,343.338000
574.640350,-736.029992,335.748000
610.110102,-702.578311,335.286000
605.475158,-696.854631,342.942000
585.158429,-708.211226,327.201000
590.278267,-704.065263,350.169000
560.372567,-738.087529,352.149000
563.138430,-741.503086,324.396000
589.560482,-712.193359,357.000000
578.669928,-728.308282,357.000000
662.581437,-721.339445,327.180000
687.341307,-701.289297,334.380000
677.702526,-674.322525,342.280000
680.312947,-677.546126,338.760000
629.555200,-669.591231,337.400000
614.027824,-682.165052,343.140000
636.793661,-719.145228,332.520000
626.582309,-706.535258,327.520000
682.079264,-695.267920,345.000000
680.205627,-679.987802,345.000000
328.893871,-1025.702478,332.572000
327.914667,-1026.495421,331.984000
291.606670,-944.547318,329.644000
344.960453,-1010.433752,334.612000
234.108607,-928.745529,326.716000
242.012181,-922.345341,325.240000
302.937350,-1030.045250,335.776000
232.846791,-943.490618,327.868000
256.754650,-970.511665,337.000000
293.585062,-974.734643,337.000000
313.002855,-981.766767,337.000000
376.088219,-968.665203,331.390000
343.643929,-994.938070,350.325000
379.055191,-939.272814,357.850000
381.997264,-942.905971,357.990000
322.944957,-979.530779,349.275000
366.314365,-944.410925,330.655000
322.949580,-982.808272,340.735000
332.641114,-994.776319,338.320000
347.220317,-986.380227,361.000000
341.943793,-977.946321,361.000000
364.165430,-942.734381,344.894000
357.954479,-947.763909,347.776000
365.525604,-936.348212,339.504000
347.782545,-914.437359,330.594000
291.163425,-859.019926,334.136000
263.675773,-881.278989,335.412000
277.246146,-913.139010,350.746000
281.227856,-918.056013,340.230000
295.445262,-898.544487,352.000000
315.671488,-884.308067,352.000000
321.461965,-948.606072,352.000000
365.037792,-880.394900,353.268000
374.373647,-872.834875,448.572000
367.905461,-878.072708,448.440000
382.938925,-844.126877,453.060000
351.447733,-805.238493,345.480000
354.030464,-808.427900,406.200000
336.582243,-810.791061,420.720000
333.523396,-813.268066,374.388000
330.719454,-815.538654,363.828000
338.977886,-854.989159,388.512000
361.497487,-882.798550,403.296000
326.834519,-839.993351,453.456000
371.738665,-854.401076,459.000000
342.434776,-824.859051,459.000000
396.863365,-845.452542,342.884000
390.661740,-850.474519,327.748000
396.787057,-812.084321,337.494000
391.651803,-805.742810,332.566000
362.204954,-796.312796,332.126000
372.999511,-787.571536,337.384000
378.343618,-836.979042,348.758000
376.002547,-834.088059,342.202000
381.033866,-800.830070,349.000000
359.355030,-805.569120,349.000000
459.464952,-791.625806,330.416000
463.136966,-788.652267,329.072000
446.527453,-754.197614,327.000000
462.233402,-773.592845,332.138000
416.816535,-750.242998,337.584000
417.299143,-749.852190,335.204000
445.037711,-795.261360,334.154000
421.980042,-766.787509,338.256000
439.605353,-787.437468,341.000000
465.031744,-785.371774,341.000000
498.512663,-759.623675,326.000000
489.858366,-766.631787,326.000000
475.059925,-716.745355,326.000000
474.439415,-715.979089,326.000000
447.160044,-726.576151,326.000000
460.276714,-715.954482,326.000000
449.675646,-731.479838,326.000000
479.569624,-768.395826,326.000000
459.031055,-732.710560,326.000000
487.810164,-758.065797,326.000000
583.120570,-683.164355,329.640000
584.405192,-682.124089,330.984000
584.988676,-680.678802,325.720000
577.223491,-671.089598,334.488000
564.889371,-663.185180,337.816000
568.067121,-660.611889,337.992000
550.880129,-684.639711,333.896000
555.297958,-690.095276,325.496000
567.136526,-685.268316,341.000000
560.572424,-692.737856,341.000000
542.836291,-718.452538,329.060000
554.037296,-709.382143,327.435000
557.565968,-694.892374,327.840000
560.133595,-698.063130,328.530000
530.036416,-677.347289,326.615000
523.275247,-682.822377,329.625000
527.854483,-704.283201,325.395000
520.327811,-694.988536,325.720000
533.671575,-682.896209,330.000000
547.851941,-695.707195,330.000000
525.054449,-679.668663,330.360000
522.982578,-681.346431,334.600000
544.978235,-655.896495,326.440000
541.991480,-652.208160,338.104000
521.356807,-664.648321,338.536000
530.011882,-657.639580,325.608000
512.538923,-684.164957,334.632000
513.790012,-685.709923,329.112000
539.486593,-661.550519,341.000000
523.166450,-672.622569,341.000000
587.279774,-643.566635,345.282000
595.833444,-636.664693,341.538000
587.462792,-620.241111,338.938000
591.469197,-625.206303,347.232000
563.584566,-625.422839,332.594000
559.476998,-628.737228,326.926000
574.126682,-649.894549,326.224000
566.514514,-640.460686,332.620000
560.578995,-632.319639,349.000000
565.494702,-639.196819,349.000000
288.688869,-836.336722,340.300000
286.034816,-838.195110,355.945000
279.649579,-813.636081,331.760000
292.607244,-832.141545,328.610000
262.618521,-819.188913,358.185000
268.206776,-815.275975,336.240000
263.291372,-821.656182,349.645000
263.673947,-822.202557,343.905000
275.027854,-831.670477,362.000000
276.289508,-820.166319,362.000000
272.675611,-850.060100,332.642000
251.247800,-867.104551,333.160000
274.883196,-846.119107,329.212000
235.733251,-796.900880,322.226000
212.465330,-776.564548,325.796000
210.670027,-777.992597,325.292000
204.470332,-817.034358,322.366000
231.910777,-851.531726,328.358000
204.246756,-792.206070,334.000000
206.783767,-803.419438,334.000000
313.330057,-809.065059,326.000000
330.836672,-795.039615,326.000000
328.753177,-781.486440,326.000000
325.245566,-777.108226,326.000000
293.101840,-754.796984,326.000000
280.540033,-764.860889,326.000000
293.290958,-788.402485,326.000000
290.024065,-784.324737,326.000000
311.060283,-779.311169,326.000000
302.161463,-752.542507,326.000000
284.851704,-714.876807,327.792000
288.386212,-711.638028,324.664000
299.189025,-694.439243,326.812000
294.420033,-689.234802,325.540000
280.355562,-701.364320,325.836000
281.759338,-700.077997,326.416000
274.920818,-718.281509,324.860000
269.176950,-712.013177,327.292000
289.517980,-693.497485,328.000000
291.326240,-708.203426,328.000000
349.011794,-710.030275,328.290000
343.156337,-715.395812,326.953000
352.147474,-698.856142,326.582000
352.255568,-698.974107,328.486000
339.104031,-705.545650,331.874000
347.719117,-697.651378,330.019000
341.429329,-715.282897,330.159000
339.990321,-713.712496,331.552000
339.041215,-712.479863,332.000000
343.944256,-712.571488,332.000000
340.272046,-693.882788,328.965000
340.594236,-693.587555,325.960000
340.933375,-685.576840,327.745000
343.657355,-688.549542,327.055000
326.843779,-696.693136,326.520000
329.281218,-694.459635,328.150000
326.381255,-697.819546,325.300000
327.450039,-698.985919,324.245000
333.561189,-699.889740,329.000000
341.161912,-690.522879,329.000000
373.462792,-684.534033,326.064000
364.018996,-692.458319,326.020000
375.462164,-682.515649,325.084000
359.337837,-663.299424,326.896000
354.522428,-662.570074,324.108000
349.818149,-666.517433,327.772000
344.440377,-681.326972,327.128000
356.873818,-696.144569,324.648000
355.082603,-679.589878,328.000000
359.224927,-682.057575,328.000000
397.613550,-690.691419,326.152000
409.119533,-661.180100,328.476000
405.516607,-659.024056,329.176000
399.814657,-656.800958,329.352000
386.442722,-664.284798,328.196000
390.167864,-654.730305,326.228000
386.784089,-689.286646,327.220000
388.796542,-690.071268,327.104000
403.164342,-673.095817,330.000000
388.866137,-685.928566,330.000000
425.324983,-657.759000,336.659000
433.145713,-647.189890,339.908000
432.316259,-628.565456,332.004000
438.237468,-632.946921,344.069000
406.330358,-634.674746,327.368000
402.985075,-639.195637,329.230000
411.414758,-660.371257,341.732000
400.901114,-652.591570,333.391000
423.623493,-631.634840,345.000000
421.933137,-632.700375,345.000000
402.564699,-604.806678,327.067000
403.054201,-605.217419,364.405000
379.643334,-629.654363,364.111000
372.912063,-637.676380,326.136000
367.039710,-648.100481,352.106000
366.095177,-647.307924,336.867000
398.823642,-611.463335,340.150000
398.463680,-611.892319,347.598000
397.537995,-608.337671,372.000000
376.799953,-635.894614,372.000000
568.376010,-586.928320,336.544000
577.766183,-579.049030,344.992000
572.800577,-564.394306,330.664000
577.104683,-569.523739,326.248000
531.903260,-594.035260,324.808000
530.703635,-595.041865,331.504000
529.872203,-597.243349,342.952000
534.858949,-603.186321,336.760000
541.543632,-594.687035,346.000000
532.169254,-597.712622,346.000000
562.900000,-536.072000,325.072000
562.900000,-543.065000,323.704000
522.940000,-533.300000,343.216000
560.180000,-533.300000,328.960000
522.900000,-536.051000,337.360000
522.900000,-545.921000,334.216000
533.380000,-554.300000,331.480000
528.260000,-554.300000,339.472000
556.860000,-546.026000,346.000000
525.020000,-540.314000,346.000000
494.541418,-661.905544,343.879000
497.437066,-659.475807,330.336000
516.164423,-636.818226,336.803000
507.313238,-626.269794,336.687000
493.407143,-627.611316,329.698000
495.793372,-625.609033,343.038000
483.400012,-652.221455,351.622000
488.814854,-658.674614,349.389000
496.964202,-636.152030,354.000000
499.908063,-655.287633,354.000000
479.880768,-612.563563,321.000000
495.022395,-600.733627,321.000000
491.182033,-585.187346,321.000000
492.298227,-586.616009,321.000000
462.865593,-578.903601,321.000000
453.184880,-586.467002,321.000000
464.808969,-608.280787,321.000000
459.182439,-601.079156,321.000000
489.923269,-595.514581,321.000000
494.694575,-592.866763,321.000000
470.500000,-566.966000,321.000000
470.500000,-567.036000,321.000000
464.570000,-563.200000,321.000000
460.650000,-563.200000,321.000000
460.500000,-568.275000,321.000000
460.500000,-566.819000,321.000000
469.070000,-570.200000,321.000000
461.000000,-570.200000,321.000000
463.310000,-563.284000,321.000000
467.630000,-566.119000,321.000000
452.821526,-577.752644,321.000000
448.902082,-587.215018,321.000000
447.846423,-569.067649,321.000000
449.407779,-569.714384,321.000000
439.566851,-583.621002,321.000000
444.850178,-570.865921,321.000000
439.544585,-585.111975,321.000000
445.401981,-587.538187,321.000000
447.329921,-584.712917,321.000000
446.108932,-583.505777,321.000000
434.384478,-575.535219,323.964000
433.041837,-579.164849,323.548000
425.648813,-567.761683,322.988000
433.159428,-570.539944,324.424000
424.286269,-571.128057,322.012000
417.271230,-590.092171,321.300000
417.747721,-596.825710,321.032000
418.521479,-597.111932,322.176000
421.569034,-585.956352,325.000000
429.123195,-573.493051,325.000000
479.100000,-555.940000,321.000000
479.100000,-552.820000,321.000000
471.204000,-546.500000,321.000000
441.258000,-546.500000,321.000000
437.100000,-549.690000,321.000000
437.100000,-550.840000,321.000000
456.042000,-556.500000,321.000000
477.714000,-556.500000,321.000000
467.088000,-550.680000,321.000000
452.808000,-551.510000,321.000000
406.699028,-577.672143,321.000000
403.206696,-586.914331,321.000000
413.635903,-548.394081,321.000000
412.195319,-547.849729,321.000000
400.582417,-565.568728,321.000000
406.860130,-548.955242,321.000000
399.824315,-585.935558,321.000000
399.412719,-585.780029,321.000000
406.568396,-555.130790,321.000000
398.145973,-579.400425,321.000000
396.810630,-557.545714,321.000000
398.507309,-552.590119,321.000000
396.078173,-541.655757,321.000000
399.909819,-542.967623,321.000000
385.880487,-558.597983,321.000000
385.915470,-558.495806,321.000000
391.410031,-568.596146,321.000000
385.705136,-566.642924,321.000000
398.278647,-543.008459,321.000000
391.592358,-546.484038,321.000000
1347.429745,-492.769607,350.592000
1332.064426,-501.286742,309.040000
1354.119830,-470.285071,336.872000
1353.753314,-469.623859,321.304000
1313.529056,-487.550630,323.208000
1337.206761,-474.425864,333.568000
1310.376771,-490.378440,309.544000
1318.908451,-505.769997,345.832000
1318.835821,-488.114565,360.000000
1327.739367,-480.514091,360.000000
1269.500000,-499.130000,318.912000
1269.500000,-496.880000,314.684000
1205.800000,-494.600000,312.080000
1239.860000,-494.600000,320.816000
1204.500000,-497.960000,333.248000
1204.500000,-524.270000,326.948000
1220.295000,-524.600000,326.388000
1238.430000,-524.600000,333.080000
1244.995000,-513.350000,337.000000
1264.365000,-522.950000,337.000000
1269.000000,-453.367000,325.417000
1269.000000,-433.243000,313.636000
1264.194000,-416.200000,320.293000
1266.435000,-416.200000,318.235000
1242.000000,-428.290000,315.148000
1242.000000,-440.692000,322.834000
1253.907000,-455.200000,310.024000
1246.347000,-455.200000,327.433000
1244.727000,-432.853000,328.000000
1263.816000,-428.134000,328.000000
1188.300000,-520.560000,315.600000
1188.300000,-521.968000,316.006000
1168.748000,-496.400000,312.170000
1150.132000,-496.400000,319.072000
1136.300000,-512.656000,322.754000
1136.300000,-504.944000,322.138000
1169.528000,-528.400000,319.324000
1177.900000,-528.400000,311.204000
1166.356000,-503.728000,324.000000
1172.440000,-517.776000,324.000000
1131.300000,-508.880000,315.766000
1131.300000,-493.000000,314.626000
1116.950000,-486.600000,315.034000
1121.975000,-486.600000,315.283000
1106.300000,-514.840000,314.299000
1106.300000,-522.840000,315.940000
1127.250000,-526.600000,313.567000
1117.275000,-526.600000,313.597000
1107.675000,-487.840000,316.000000
1120.850000,-487.760000,316.000000
1190.100000,-456.162000,315.560000
1190.100000,-459.078000,317.240000
1131.352000,-449.700000,313.600000
1189.188000,-449.700000,318.992000
1114.100000,-465.972000,319.648000
1114.100000,-459.510000,312.744000
1116.836000,-467.700000,317.696000
1119.952000,-467.700000,314.496000
1154.608000,-464.694000,320.000000
1149.744000,-456.720000,320.000000
1203.900000,-413.196000,340.878000
1203.900000,-439.152000,334.146000
1112.626000,-407.400000,332.582000
1142.706000,-407.400000,341.592000
1109.900000,-411.072000,324.286000
1109.900000,-413.988000,315.038000
1131.896000,-443.400000,315.956000
1177.204000,-443.400000,322.450000
1110.840000,-430.260000,342.000000
1143.364000,-434.436000,342.000000
963.800000,-518.349000,325.470000
963.800000,-501.789000,326.646000
958.054000,-496.200000,324.738000
953.940000,-496.200000,324.303000
929.800000,-503.100000,324.003000
929.800000,-515.106000,324.960000
944.488000,-519.200000,326.271000
941.870000,-519.200000,325.617000
946.392000,-506.251000,327.000000
938.028000,-498.776000,327.000000
1005.000000,-456.550000,322.338000
1005.000000,-451.720000,347.870000
979.310000,-433.600000,341.968000
940.040000,-433.600000,327.564000
935.000000,-448.540000,335.624000
935.000000,-447.430000,333.258000
979.100000,-463.600000,329.254000
1004.580000,-463.600000,338.952000
1002.550000,-440.740000,348.000000
944.030000,-447.790000,348.000000
912.300000,-511.910000,378.500000
912.300000,-523.880000,335.800000
884.050000,-494.900000,354.100000
883.950000,-494.900000,357.700000
898.400000,-494.900000,401.500000
862.300000,-515.810000,329.600000
862.300000,-497.900000,379.600000
903.700000,-524.900000,405.200000
893.950000,-524.900000,401.500000
894.100000,-524.900000,337.400000
884.400000,-496.100000,425.000000
863.100000,-519.920000,425.000000
911.700000,-459.020000,323.450000
911.700000,-457.380000,327.525000
891.862000,-444.300000,342.325000
906.344000,-444.300000,333.000000
885.700000,-480.100000,336.225000
885.700000,-473.860000,338.475000
886.376000,-484.300000,330.125000
892.772000,-484.300000,343.950000
909.620000,-477.980000,347.000000
909.178000,-452.140000,347.000000
914.100000,-407.300000,381.320000
914.100000,-422.840000,355.736000
866.050000,-402.200000,355.944000
871.850000,-402.200000,378.512000
881.500000,-402.200000,387.456000
864.100000,-404.990000,330.568000
864.100000,-413.540000,401.288000
875.300000,-432.200000,409.088000
909.600000,-432.200000,424.064000
864.550000,-432.200000,424.792000
883.950000,-421.520000,425.000000
903.600000,-418.910000,425.000000
864.200000,-491.568000,339.137000
864.200000,-474.031000,366.392000
854.342000,-473.100000,398.861000
834.192000,-473.100000,383.614000
802.200000,-478.629000,379.506000
802.200000,-473.423000,400.915000
828.364000,-492.100000,360.230000
836.238000,-492.100000,339.216000
856.450000,-481.574000,410.000000
844.174000,-490.542000,410.000000
863.600000,-447.906000,380.375000
863.600000,-440.990000,375.319000
841.466000,-433.200000,361.099000
855.974000,-433.200000,392.620000
801.600000,-442.491000,341.823000
801.600000,-445.645000,409.921000
840.040000,-452.200000,401.468000
813.256000,-452.200000,348.222000
823.424000,-437.912000,410.000000
836.506000,-438.501000,410.000000
772.000000,-470.272000,345.876000
772.000000,-494.062000,391.638000
772.000000,-517.974000,356.490000
772.000000,-513.460000,361.536000
708.616000,-400.000000,411.648000
685.246000,-400.000000,410.691000
690.832000,-400.000000,415.650000
658.000000,-483.814000,390.333000
658.000000,-435.868000,342.744000
658.000000,-447.702000,387.723000
658.000000,-502.114000,364.929000
751.366000,-522.000000,369.105000
752.278000,-522.000000,361.797000
665.866000,-522.000000,359.796000
752.506000,-406.100000,420.000000
709.300000,-478.080000,420.000000
659.368000,-430.744000,420.000000
725.716000,-448.312000,420.000000
634.400000,-444.872000,369.286000
634.400000,-414.368000,376.942000
634.400000,-432.844000,371.662000
589.914000,-398.000000,353.116000
610.800000,-398.000000,325.396000
575.400000,-507.740000,337.012000
575.400000,-513.692000,339.850000
575.400000,-407.548000,329.356000
576.403000,-522.000000,386.842000
602.894000,-522.000000,354.304000
593.513000,-503.648000,391.000000
595.283000,-398.124000,391.000000
609.325000,-468.060000,391.000000
574.200000,-421.440000,327.106000
574.200000,-460.062000,356.800000
574.200000,-472.362000,325.048000
519.936000,-399.300000,358.858000
571.977000,-399.300000,323.998000
517.200000,-409.509000,348.568000
517.200000,-469.656000,333.196000
517.200000,-493.272000,340.126000
529.455000,-522.300000,338.320000
523.185000,-522.300000,342.394000
561.888000,-479.742000,361.000000
529.968000,-443.949000,361.000000
525.123000,-507.294000,361.000000
480.900000,-507.998000,339.048000
480.900000,-503.045000,319.364000
476.400000,-469.700000,332.188000
460.560000,-469.700000,325.496000
450.900000,-480.659000,325.356000
450.900000,-477.929000,331.628000
463.290000,-508.700000,346.524000
473.220000,-508.700000,337.760000
458.760000,-487.484000,347.000000
454.230000,-497.936000,347.000000
405.300000,-508.628000,318.904000
405.300000,-484.772000,318.008000
396.252000,-475.700000,324.952000
397.058000,-475.700000,319.760000
379.300000,-495.818000,323.000000
379.300000,-511.400000,321.512000
395.186000,-517.700000,321.040000
389.232000,-517.700000,323.264000
398.514000,-486.494000,325.000000
405.248000,-479.270000,325.000000
499.500000,-434.246000,315.478000
499.500000,-433.697000,316.520000
474.384000,-398.500000,315.966000
455.524000,-398.500000,316.082000
453.500000,-439.858000,316.456000
453.500000,-428.329000,315.644000
490.714000,-459.500000,316.944000
454.466000,-459.500000,315.208000
463.482000,-402.099000,315.000000
494.210000,-425.706000,315.000000
1271.200000,-319.051000,331.140000
1271.200000,-359.274000,337.005000
1271.200000,-352.631000,382.820000
1245.160000,-290.800000,310.315000
1250.375000,-290.800000,355.620000
1236.200000,-354.748000,374.575000
1236.200000,-300.071000,374.235000
1236.200000,-328.030000,328.250000
1236.445000,-363.800000,353.750000
1259.300000,-363.800000,307.850000
1260.490000,-353.653000,392.000000
1263.185000,-349.711000,392.000000
1217.300000,-320.247000,383.122000
1217.300000,-322.777000,353.542000
1170.200000,-315.900000,361.894000
1205.650000,-315.900000,372.595000
1167.300000,-317.602000,340.579000
1167.300000,-333.518000,391.648000
1177.550000,-338.900000,319.351000
1182.250000,-338.900000,323.701000
1175.850000,-331.149000,400.000000
1200.200000,-319.764000,400.000000
1167.900000,-380.055000,341.623000
1167.900000,-345.300000,363.373000
1167.900000,-325.770000,379.642000
1162.300000,-276.000000,320.308000
1133.020000,-276.000000,382.426000
1127.900000,-304.560000,386.080000
1127.900000,-318.525000,314.479000
1127.900000,-368.820000,323.788000
1144.020000,-381.000000,364.852000
1165.420000,-381.000000,333.532000
1153.860000,-324.825000,400.000000
1149.700000,-331.545000,400.000000
1100.100000,-335.685000,447.458000
1100.100000,-300.990000,422.336000
1100.100000,-335.415000,345.074000
1066.300000,-300.000000,408.906000
1049.000000,-300.000000,456.938000
1011.000000,-300.000000,452.356000
1069.400000,-300.000000,384.732000
1048.200000,-300.000000,465.312000
1000.100000,-321.150000,370.354000
1000.100000,-301.980000,333.540000
1000.100000,-325.650000,401.638000
1060.300000,-345.000000,331.644000
1057.800000,-345.000000,368.142000
1025.000000,-345.000000,350.920000
1007.500000,-345.000000,390.894000
1058.900000,-345.000000,324.218000
1012.700000,-312.015000,471.000000
1043.300000,-340.095000,471.000000
997.200000,-370.525000,359.766000
997.200000,-363.105000,406.745000
964.980000,-349.700000,333.170000
988.200000,-349.700000,321.616000
962.520000,-349.700000,353.771000
937.200000,-373.080000,415.465000
937.200000,-373.605000,345.487000
985.200000,-384.700000,388.869000
950.160000,-384.700000,369.358000
993.360000,-384.700000,392.793000
973.440000,-352.115000,428.000000
956.340000,-358.520000,428.000000
998.100000,-272.895000,416.773000
998.100000,-285.040000,419.171000
954.000000,-259.000000,390.068000
950.760000,-259.000000,334.042000
982.200000,-259.000000,401.404000
938.100000,-289.310000,363.472000
938.100000,-270.270000,357.804000
997.980000,-294.000000,336.767000
989.340000,-294.000000,381.675000
975.420000,-294.000000,331.426000
942.960000,-289.485000,428.000000
950.460000,-280.455000,428.000000
879.400000,-363.477000,354.749000
879.400000,-361.315000,327.272000
857.941000,-358.900000,337.425000
869.556000,-358.900000,342.821000
856.400000,-360.372000,391.030000
856.400000,-380.980000,358.370000
860.908000,-381.900000,373.706000
867.739000,-381.900000,373.919000
869.234000,-374.379000,396.000000
858.516000,-381.302000,396.000000
830.200000,-350.132000,395.824000
830.200000,-365.012000,338.440000
826.008000,-350.100000,378.184000
828.056000,-350.100000,354.208000
798.200000,-358.484000,360.616000
798.200000,-369.268000,369.976000
810.808000,-382.100000,343.048000
802.424000,-382.100000,385.744000
799.352000,-365.300000,400.000000
829.528000,-360.820000,400.000000
889.700000,-339.359000,361.048000
889.700000,-340.631000,344.156000
868.973000,-296.800000,341.040000
845.285000,-296.800000,362.114000
869.225000,-296.800000,328.412000
826.700000,-321.180000,403.032000
826.700000,-309.414000,380.072000
863.996000,-349.800000,382.942000
875.273000,-349.800000,398.030000
869.666000,-349.800000,357.850000
859.019000,-311.428000,405.000000
881.258000,-333.688000,405.000000
918.300000,-281.028000,333.857000
918.300000,-267.748000,327.081000
867.708000,-261.700000,331.173000
885.276000,-261.700000,329.490000
822.300000,-282.788000,328.478000
822.300000,-289.764000,331.899000
898.140000,-293.700000,325.794000
861.660000,-293.700000,323.308000
917.436000,-264.196000,334.000000
894.588000,-263.524000,334.000000
775.600000,-329.810000,384.590000
775.600000,-334.850000,381.756000
744.425000,-315.600000,357.885000
733.331000,-315.600000,405.627000
732.600000,-345.595000,331.289000
732.600000,-333.660000,429.498000
775.084000,-350.600000,413.584000
734.707000,-350.600000,344.369000
752.724000,-346.400000,438.000000
760.120000,-330.265000,438.000000
769.600000,-273.184000,328.848000
769.600000,-306.928000,379.133000
730.834000,-263.200000,396.132000
743.476000,-263.200000,398.624000
727.600000,-265.840000,374.327000
727.600000,-270.640000,329.115000
735.412000,-311.200000,352.611000
756.454000,-311.200000,348.606000
767.290000,-295.936000,415.000000
749.734000,-300.640000,415.000000
706.400000,-254.530000,331.880000
706.400000,-271.036000,334.376000
700.471000,-253.900000,327.960000
693.611000,-253.900000,337.880000
657.400000,-269.839000,324.056000
657.400000,-303.922000,325.384000
676.216000,-316.900000,336.152000
673.374000,-316.900000,328.888000
678.127000,-284.392000,339.000000
677.686000,-262.783000,339.000000
646.650000,-354.284000,324.235000
646.650000,-330.656000,365.320000
646.650000,-368.672000,351.460000
603.680700,-247.100000,365.815000
525.420000,-247.100000,322.365000
544.547400,-247.100000,333.805000
511.950000,-306.632000,352.395000
511.950000,-304.124000,334.410000
511.950000,-304.784000,371.150000
590.480100,-379.100000,338.920000
641.935500,-379.100000,346.455000
527.575200,-379.100000,353.550000
633.180000,-284.852000,375.000000
552.360000,-313.364000,375.000000
607.721700,-274.292000,375.000000
524.342400,-369.596000,375.000000
591.423000,-278.780000,375.000000
502.100000,-329.462000,336.600000
502.100000,-380.002000,352.102000
502.100000,-278.922000,309.414000
436.314000,-247.800000,325.376000
433.774000,-247.800000,316.176000
445.585000,-247.800000,340.648000
375.100000,-334.117000,314.106000
375.100000,-257.243000,326.250000
375.100000,-264.159000,325.882000
474.287000,-380.800000,348.882000
451.808000,-380.800000,336.324000
476.954000,-380.800000,311.116000
423.106000,-259.504000,355.000000
398.849000,-362.579000,355.000000
409.898000,-316.827000,355.000000
476.954000,-269.878000,355.000000
421.074000,-291.158000,355.000000
1095.100000,-192.576000,323.920000
1095.100000,-187.330000,321.000000
991.996000,-156.800000,354.120000
1069.612000,-156.800000,329.760000
1076.236000,-156.800000,324.000000
951.100000,-229.642000,344.360000
951.100000,-217.860000,338.520000
1092.076000,-242.800000,334.560000
986.092000,-242.800000,347.280000
1021.516000,-242.800000,338.320000
1074.220000,-233.340000,359.000000
961.756000,-176.064000,359.000000
1071.628000,-228.352000,359.000000
1024.828000,-191.630000,359.000000
921.400000,-176.450000,486.895000
921.400000,-213.875000,365.913000
921.400000,-224.675000,546.382000
921.400000,-173.375000,500.700000
921.400000,-207.875000,546.382000
852.850000,-160.100000,425.651000
860.200000,-160.100000,420.882000
860.050000,-160.100000,466.062000
905.950000,-160.100000,379.969000
891.550000,-160.100000,559.685000
846.400000,-163.475000,364.156000
846.400000,-186.275000,475.851000
846.400000,-197.375000,385.491000
846.400000,-204.350000,510.238000
846.400000,-192.500000,573.239000
859.675000,-235.100000,553.912000
912.550000,-235.100000,530.820000
859.600000,-235.100000,555.920000
919.375000,-235.100000,389.758000
881.425000,-235.100000,335.542000
994.700000,-70.564000,320.512000
994.700000,-71.619600,321.484000
989.436000,-70.200000,327.307000
973.315000,-70.200000,323.455000
947.700000,-74.622600,325.111000
947.700000,-88.181600,325.426000
965.325000,-88.400000,322.915000
972.187000,-88.400000,327.397000
985.770000,-79.172600,328.000000
987.556000,-87.435400,328.000000
998.147092,-59.250330,338.630000
999.475206,-52.837106,330.530000
988.248029,-42.845888,332.042000
997.131539,-44.685574,336.443000
958.337445,-44.370274,325.454000
957.695928,-47.468045,342.329000
979.968466,-58.594101,345.839000
962.941740,-55.068035,321.242000
970.650744,-44.353199,347.000000
989.030720,-48.386526,347.000000
852.734823,-116.164205,327.473000
850.946765,-118.886263,333.563000
843.912972,-96.654211,343.328000
837.218155,-92.256538,338.162000
822.808346,-96.880434,338.204000
826.596604,-91.113363,342.761000
842.112525,-117.486180,333.080000
842.915903,-118.013901,326.360000
851.056121,-103.481803,344.000000
840.993082,-109.463997,344.000000
890.039194,-84.104249,325.410000
893.466711,-78.619074,324.696000
859.034939,-52.452445,323.946000
876.313071,-63.249020,326.010000
832.946272,-60.360149,322.482000
832.089392,-61.731442,321.324000
880.970297,-95.049049,321.012000
853.449440,-77.852109,322.638000
844.673193,-69.450225,327.000000
869.715868,-59.993327,327.000000
922.799258,-13.355051,324.128000
920.153595,-20.867819,331.664000
887.317449,5.638002,320.224000
924.420056,-7.427888,335.168000
883.010416,6.124238,332.304000
878.463462,-6.787537,322.672000
881.295726,-20.866681,328.400000
877.519063,-19.536708,326.176000
906.927757,-21.334189,336.000000
896.219862,-8.689511,336.000000
881.918202,22.726881,325.153000
870.274293,-10.337789,325.946000
880.292758,24.559862,321.968000
869.457960,28.375397,315.793000
859.318711,21.774478,318.796000
860.026879,23.785429,318.640000
856.116661,-10.394388,315.611000
863.049347,-12.835772,321.487000
859.557418,9.997525,328.000000
857.850038,-0.224743,328.000000
783.200000,-230.457000,349.331000
783.200000,-202.915000,399.535000
771.160000,-191.400000,330.543000
771.680000,-191.400000,339.398000
743.200000,-211.704000,388.678000
743.200000,-229.987000,356.261000
765.760000,-238.400000,369.890000
757.360000,-238.400000,373.124000
770.160000,-205.735000,403.000000
749.960000,-196.758000,403.000000
712.800000,-219.150000,324.956000
712.800000,-217.800000,320.414000
690.345000,-187.500000,323.486000
671.085000,-187.500000,321.722000
667.800000,-219.000000,322.022000
667.800000,-210.500000,323.036000
702.090000,-237.500000,320.558000
712.440000,-237.500000,324.350000
674.640000,-192.850000,326.000000
670.320000,-211.250000,326.000000
638.700000,-204.500000,326.092000
638.700000,-215.140000,321.278000
587.122000,-195.800000,319.016000
596.816000,-195.800000,327.629000
564.700000,-212.360000,340.940000
564.700000,-197.780000,333.980000
635.740000,-215.800000,333.835000
611.394000,-215.800000,340.331000
611.246000,-213.980000,345.000000
634.482000,-212.520000,345.000000
423.000000,-198.980000,382.519000
423.000000,-202.620000,331.255000
393.465000,-189.500000,360.803000
416.235000,-189.500000,350.746000
390.000000,-190.540000,338.998000
390.000000,-218.980000,370.237000
395.214000,-229.500000,317.282000
398.910000,-229.500000,389.728000
393.531000,-217.940000,394.000000
417.357000,-197.380000,394.000000
776.400000,-68.240000,322.546000
776.400000,-107.240000,322.672000
771.285000,-65.900000,320.341000
730.035000,-65.900000,324.643000
721.400000,-79.340000,327.145000
721.400000,-88.460000,326.614000
740.980000,-125.900000,324.940000
771.395000,-125.900000,319.585000
753.520000,-96.620000,328.000000
760.780000,-99.380000,328.000000
769.250000,-32.340000,355.968000
769.250000,-0.700000,337.008000
737.967500,1.300000,344.256000
717.435000,1.300000,347.520000
763.015000,1.300000,350.640000
661.750000,-15.620000,332.496000
661.750000,0.700000,358.032000
721.305000,-38.700000,320.784000
720.660000,-38.700000,320.544000
706.362500,-38.700000,319.824000
668.307500,-11.260000,360.000000
726.572500,-35.460000,360.000000
507.800000,-24.616000,313.097000
507.800000,-13.576000,317.582000
478.460000,6.200000,307.462000
500.540000,6.200000,322.619000
447.800000,-23.608000,324.850000
447.800000,-25.192000,304.656000
492.920000,-41.800000,319.238000
459.020000,-41.800000,309.693000
480.140000,0.632000,326.000000
477.200000,-7.288000,326.000000
242.156179,-580.493064,322.961000
237.270778,-585.378464,322.747000
238.547813,-563.698570,322.717000
237.463818,-562.614576,322.966000
221.738470,-571.212287,322.473000
229.549172,-563.401586,322.185000
233.157538,-588.006780,322.228000
231.316232,-586.165474,322.404000
220.505983,-572.919950,323.000000
229.964951,-574.182136,323.000000
296.500000,-331.904000,312.484000
296.500000,-329.216000,312.861000
288.535000,-326.000000,312.240000
292.909000,-326.000000,312.080000
287.500000,-326.408000,312.995000
287.500000,-348.368000,312.299000
288.832000,-350.000000,312.751000
291.676000,-350.000000,312.517000
291.946000,-343.280000,313.000000
289.876000,-326.072000,313.000000
283.000000,-310.932000,312.007000
283.000000,-314.955000,312.974000
281.008000,-310.500000,312.762000
282.088000,-310.500000,312.193000
259.000000,-312.435000,312.518000
259.000000,-315.630000,312.412000
267.328000,-319.500000,312.273000
261.472000,-319.500000,312.631000
282.304000,-315.198000,313.000000
262.600000,-313.776000,313.000000
152.378723,-569.730494,326.232000
152.164882,-569.839452,322.696000
177.679958,-544.495527,324.280000
170.686234,-530.769572,324.448000
150.247888,-527.045486,322.320000
157.518501,-523.340923,326.200000
138.976623,-556.643526,328.368000
142.464632,-563.489130,327.952000
161.351993,-540.996946,330.000000
139.783235,-533.997010,330.000000
136.687363,-305.061374,313.104000
144.377149,-297.371588,313.400000
136.333810,-281.656140,314.614000
140.417351,-285.739682,313.838000
112.663410,-279.587853,314.126000
108.473802,-283.777460,314.276000
124.175108,-304.852778,313.638000
115.216065,-295.893735,314.714000
144.154411,-293.931514,315.000000
144.812020,-293.174909,315.000000
118.827219,-614.143344,372.938000
112.463258,-620.507305,350.231000
100.448100,-632.522463,339.008000
130.435084,-579.523396,351.710000
125.751209,-574.839520,369.284000
83.783007,-615.246430,330.482000
100.176571,-598.852867,388.337000
97.325516,-601.703921,370.154000
90.028174,-640.939862,396.167000
74.398286,-625.309974,407.390000
84.563653,-628.144058,410.000000
115.976164,-610.579526,410.000000
49.406659,-527.179385,320.970000
-14.669035,-428.511470,324.260000
105.713923,-543.115161,328.530000
95.270797,-549.897006,326.450000
109.633964,-539.133851,326.080000
98.486292,-521.967942,328.640000
11.482486,-399.223285,323.640000
-7.706296,-411.684626,320.830000
9.394606,-455.952521,330.000000
8.747027,-440.171232,330.000000
47.171935,-496.432053,330.000000
178.448041,-413.556892,333.640000
162.014289,-427.239262,331.880000
180.097783,-407.561404,328.250000
175.245225,-401.733048,336.676000
137.794244,-384.945549,322.882000
99.922223,-416.476937,341.494000
94.379576,-442.140227,339.492000
93.151080,-440.664694,324.312000
126.742354,-416.507344,342.000000
158.127994,-404.554512,342.000000
57.488658,-323.236217,318.828000
68.745990,-336.652183,336.202000
113.242849,-376.140454,344.532000
127.926389,-363.819501,343.648000
108.002518,-333.653128,336.202000
108.002518,-333.653128,317.094000
60.830121,-304.069247,327.906000
51.000239,-312.317497,324.540000
91.591021,-355.663609,348.000000
89.199431,-334.692351,348.000000
37.886012,-305.368822,333.945000
68.563133,-274.691701,337.278000
48.399276,-252.316014,325.860000
46.589082,-250.505821,344.505000
-4.531910,-257.277076,317.808000
22.394717,-230.350449,318.732000
9.502746,-309.586007,342.756000
2.352482,-302.435743,325.959000
32.087736,-248.986956,345.000000
-2.274825,-287.422452,345.000000
364.000000,-176.411000,306.179000
364.000000,-168.748000,317.943000
287.848000,-131.500000,319.031000
347.128000,-131.500000,304.666000
250.000000,-209.100000,314.883000
250.000000,-197.557000,308.389000
356.134000,-228.500000,310.718000
274.396000,-228.500000,312.112000
340.060000,-222.389000,320.000000
277.930000,-156.041000,320.000000
354.310000,-196.102000,320.000000
281.008000,-167.099000,320.000000
305.121441,-51.383701,312.940000
286.718602,-67.381045,316.888000
297.611966,-22.225543,309.524000
299.223837,-24.079789,305.954000
256.615337,-52.341510,306.094000
282.609347,-29.745262,309.020000
259.170702,-55.435985,316.678000
273.942790,-72.429328,312.086000
272.013323,-49.999963,317.000000
274.030862,-42.641869,317.000000
209.000000,-6.365000,310.233000
209.000000,-10.165000,310.105000
206.568000,0.000000,310.988000
192.812000,0.000000,310.324000
171.000000,-18.620000,310.744000
171.000000,-91.105000,310.543000
183.464000,-95.000000,310.499000
189.696000,-95.000000,310.762000
199.310000,-51.395000,311.000000
171.722000,-92.720000,311.000000
170.000000,-186.835000,323.305000
170.000000,-100.620000,317.398000
125.290000,0.000000,320.621000
158.950000,0.000000,319.807000
0.000000,-84.710000,317.926000
0.000000,-128.570000,322.216000
89.420000,-215.000000,315.242000
22.270000,-215.000000,324.625000
37.740000,-73.745000,326.000000
154.020000,-72.455000,326.000000
102.680000,-130.290000,326.000000
68.510000,-17.845000,326.000000
124.610000,-178.020000,326.000000
163.540000,-138.675000,326.000000
155.210000,-143.190000,326.000000
59.160000,-12.040000,326.000000
91.970000,-78.690000,326.000000
