1522.700000,-1108.470000,305.614000
1519.283000,-1072.200000,305.126000
1505.700000,-1085.187000,304.636000
1513.588000,-1111.200000,304.148000
1508.607000,-1087.956000,306.000000
1493.900000,-1058.788000,306.888000
1471.124000,-1052.600000,306.400000
1469.900000,-1055.354000,307.910000
1474.988000,-1086.600000,307.422000
1482.716000,-1074.904000,308.000000
1570.100000,-972.080000,301.567000
1547.796000,-963.400000,306.859000
1538.100000,-979.980000,305.144000
1568.820000,-983.400000,303.436000
1566.804000,-981.560000,308.000000
1526.200000,-973.480000,315.360000
1519.525000,-952.900000,310.460000
1511.200000,-970.210000,305.580000
1521.820000,-982.900000,320.700000
1515.100000,-957.700000,321.000000
1508.400000,-982.564000,304.195000
1500.294000,-956.300000,301.990000
1466.400000,-965.400000,308.794000
1485.552000,-984.300000,306.598000
1492.566000,-967.836000,310.000000
1489.640317,-725.938625,326.784000
1471.068678,-734.224091,320.169000
1473.339911,-737.379859,313.581000
1513.206836,-763.085236,306.993000
1508.656910,-740.865856,327.000000
1427.300000,-594.194000,319.322000
1410.764000,-569.000000,314.912000
1403.300000,-615.797000,310.520000
1426.172000,-626.000000,324.128000
1411.676000,-621.212000,326.000000
1390.800000,-631.716000,310.128000
1364.520000,-622.000000,308.168000
1330.800000,-629.966000,314.216000
1372.860000,-636.000000,312.256000
1373.520000,-624.352000,316.000000
1366.100000,-618.116000,317.933000
1362.938000,-574.600000,315.238000
1349.100000,-589.182000,312.554000
1356.733000,-620.600000,309.859000
1350.375000,-593.920000,319.000000
1347.700000,-588.718000,309.080000
1324.350000,-580.600000,308.590000
1322.700000,-583.265000,308.102000
1327.625000,-621.600000,309.612000
1333.650000,-608.152000,310.000000
1448.900000,-1091.850000,306.880000
1423.666000,-1079.700000,310.660000
1411.900000,-1101.651000,309.440000
1446.865000,-1106.700000,308.215000
1441.537000,-1104.648000,311.000000
1344.200000,-1097.768000,308.000000
1335.600000,-1073.900000,308.000000
1324.200000,-1092.974000,308.000000
1338.060000,-1107.900000,308.000000
1327.480000,-1079.884000,308.000000
1442.100000,-1061.280000,310.200000
1436.048000,-1042.200000,306.296000
1408.100000,-1048.380000,318.392000
1423.094000,-1062.200000,314.472000
1426.018000,-1050.760000,319.000000
1434.000000,-1010.532000,304.740000
1351.586000,-1006.000000,319.860000
1345.000000,-1007.254000,314.960000
1361.821000,-1028.000000,310.080000
1424.210000,-1020.938000,323.000000
1344.900000,-1036.322000,318.308000
1303.112000,-1009.300000,314.160000
1282.900000,-1056.795000,309.995000
1340.994000,-1068.300000,322.847000
1298.586000,-1064.229000,323.000000
1446.100000,-966.440000,307.054000
1435.972000,-942.300000,303.638000
1422.100000,-961.136000,314.208000
1438.540000,-976.300000,310.792000
1436.884000,-948.522000,316.000000
1399.000000,-986.513000,305.994000
1391.350000,-954.800000,305.262000
1354.000000,-964.766000,304.527000
1373.485000,-987.800000,303.795000
1398.055000,-969.155000,306.000000
1337.700000,-958.329000,306.540000
1323.012000,-951.300000,305.564000
1321.700000,-952.950000,304.584000
1324.596000,-984.300000,307.608000
1327.188000,-973.971000,308.000000
1430.300000,-923.770000,313.152000
1398.998000,-915.400000,303.148000
1383.300000,-929.764000,334.103000
1426.963000,-933.400000,324.099000
1416.482000,-932.302000,343.000000
1308.000000,-888.124000,351.632000
1300.548000,-836.500000,339.920000
1290.000000,-875.812000,328.160000
1302.186000,-908.500000,316.448000
1291.242000,-850.252000,356.000000
1302.100000,-778.394000,322.834000
1299.670000,-753.200000,315.729000
1287.100000,-760.844000,308.653000
1293.475000,-779.200000,330.577000
1293.580000,-764.718000,336.000000
1356.800000,-783.115000,312.307000
1291.280000,-779.800000,334.202000
1284.800000,-780.430000,327.126000
1297.256000,-794.800000,320.050000
1342.040000,-790.225000,336.000000
1451.000000,-768.695000,329.520000
1381.910000,-761.600000,320.700000
1346.000000,-773.450000,311.916000
1442.810000,-776.600000,303.132000
1362.590000,-775.805000,336.000000
1446.700000,-750.025000,316.452000
1441.016000,-723.200000,307.632000
1432.700000,-743.106000,334.848000
1442.080000,-760.200000,326.028000
1439.994000,-730.563000,336.000000
1445.200000,-720.555000,304.512000
1432.180000,-705.900000,340.752000
1361.200000,-710.190000,329.040000
1396.312000,-720.900000,317.280000
1435.456000,-712.665000,348.000000
1359.800000,-709.973000,342.702000
1345.352000,-701.500000,332.412000
1343.800000,-702.758000,322.164000
1346.456000,-738.500000,353.874000
1347.752000,-727.511000,354.000000
1342.600000,-705.834000,327.414000
1318.513000,-699.100000,317.166000
1305.600000,-710.048000,348.918000
1339.418000,-713.100000,338.628000
1328.170000,-712.470000,354.000000
1302.800000,-726.656000,312.168000
1296.017000,-703.200000,343.920000
1285.800000,-720.160000,333.672000
1297.054000,-735.200000,323.382000
1302.341000,-709.824000,354.000000
1268.400000,-1097.075000,317.897000
1264.725000,-1042.900000,313.749000
1243.400000,-1058.190000,309.601000
1253.650000,-1097.900000,322.436000
1251.800000,-1068.145000,324.000000
1228.600000,-1080.847000,308.390000
1219.650000,-1073.500000,307.170000
1218.600000,-1074.306000,310.945000
1220.180000,-1104.500000,309.725000
1225.590000,-1095.541000,312.000000
1220.900000,-1099.390000,311.745000
1200.967000,-1094.500000,311.013000
1189.900000,-1102.240000,310.278000
1217.986000,-1104.500000,309.546000
1191.822000,-1104.120000,312.000000
1216.600000,-1067.815000,307.552000
1213.472000,-1056.700000,307.308000
1208.600000,-1064.545000,307.063000
1213.832000,-1071.700000,307.819000
1212.000000,-1059.910000,308.000000
1195.000000,-1086.748000,309.567000
1193.610000,-1051.000000,311.835000
1185.000000,-1060.756000,311.100000
1189.020000,-1087.000000,310.368000
1192.880000,-1067.776000,312.000000
1187.000000,-1084.044000,319.086000
1173.695000,-1077.700000,316.402000
1172.000000,-1078.194000,313.707000
1174.250000,-1103.700000,311.023000
1174.280000,-1096.368000,321.000000
1148.400000,-1090.000000,311.000000
1116.650000,-1077.600000,311.000000
1098.400000,-1096.775000,311.000000
1143.300000,-1102.600000,311.000000
1124.150000,-1101.850000,311.000000
1231.100000,-1014.456000,309.200000
1222.674000,-998.000000,310.712000
1209.100000,-1009.330000,310.222000
1223.312000,-1020.000000,309.734000
1228.416000,-1002.884000,311.000000
1206.100000,-1045.700000,312.685000
1204.266000,-1004.700000,311.460000
1192.100000,-1015.483000,310.240000
1197.616000,-1045.700000,309.020000
1195.474000,-1024.134000,314.000000
1143.300000,-1011.744000,317.236000
1109.898000,-999.900000,313.806000
1105.300000,-1000.417000,324.390000
1110.696000,-1046.900000,320.974000
1128.252000,-1034.022000,326.000000
1268.000000,-930.240000,308.077000
1249.817000,-925.200000,313.362000
1239.000000,-932.790000,311.654000
1264.810000,-935.200000,309.946000
1267.043000,-934.980000,315.000000
1238.900000,-972.248000,312.592000
1234.025000,-947.300000,311.612000
1225.900000,-964.031000,310.636000
1234.207000,-980.300000,313.656000
1230.190000,-954.890000,314.000000
1224.200000,-949.624000,311.140000
1222.724000,-949.400000,310.160000
1212.200000,-956.540000,313.184000
1216.844000,-977.400000,312.204000
1220.516000,-962.896000,314.000000
1179.800000,-968.420000,313.688000
1159.744000,-965.300000,312.708000
1156.800000,-965.336000,311.732000
1159.905000,-977.300000,310.752000
1158.088000,-974.108000,314.000000
1190.200000,-950.160000,319.486000
1149.280000,-934.800000,315.338000
1124.200000,-957.330000,311.190000
1182.478000,-964.800000,324.025000
1151.854000,-964.380000,327.000000
1268.300000,-870.308000,309.975000
1263.148000,-853.500000,313.755000
1254.300000,-864.478000,312.535000
1263.134000,-875.500000,311.310000
1265.248000,-858.736000,314.000000
1257.000000,-830.436000,312.664000
1255.608000,-830.100000,312.176000
1245.000000,-835.287000,311.688000
1249.548000,-851.100000,311.198000
1246.740000,-840.390000,313.000000
1157.500000,-850.640000,316.000000
1146.268000,-842.600000,316.000000
1144.500000,-872.450000,316.000000
1146.151000,-872.600000,316.000000
1151.104000,-864.860000,316.000000
1145.100000,-865.500000,316.000000
1123.680000,-857.700000,316.000000
1110.100000,-868.845000,316.000000
1140.725000,-872.700000,316.000000
1140.585000,-872.610000,316.000000
1259.300000,-797.048000,310.257000
1252.100000,-790.100000,310.501000
1239.300000,-794.519000,310.746000
1251.760000,-799.100000,310.990000
1243.980000,-792.305000,310.000000
1213.100000,-750.564000,313.000000
1211.696000,-749.100000,313.000000
1200.100000,-763.740000,313.000000
1204.923000,-810.100000,313.000000
1207.861000,-779.417000,313.000000
1200.200000,-765.336000,313.289000
1189.072000,-748.500000,326.141000
1187.200000,-808.768000,321.976000
1188.747000,-809.500000,317.828000
1199.693000,-794.189000,330.000000
1142.500000,-794.702000,322.578000
1120.152000,-781.000000,320.870000
1105.500000,-800.136000,319.155000
1137.579000,-807.000000,324.447000
1117.488000,-781.026000,325.000000
1270.600000,-749.927000,313.164000
1253.000000,-739.800000,312.188000
1220.600000,-746.092000,315.208000
1251.350000,-752.800000,314.232000
1254.950000,-743.089000,316.000000
1238.100000,-690.264000,332.776000
1233.700000,-688.900000,328.611000
1194.100000,-699.108000,324.463000
1210.072000,-732.900000,320.315000
1196.300000,-711.120000,334.000000
1172.300000,-705.656000,318.130000
1150.252000,-696.600000,317.640000
1146.300000,-727.960000,317.152000
1149.186000,-728.600000,318.664000
1157.038000,-720.824000,319.000000
1138.700000,-693.525000,319.606000
1122.012000,-685.500000,321.871000
1110.700000,-696.420000,321.139000
1134.752000,-700.500000,320.407000
1132.428000,-685.635000,322.000000
1202.900000,-658.814000,337.297000
1174.692000,-641.500000,331.662000
1120.900000,-651.972000,326.050000
1170.674000,-663.500000,320.415000
1132.298000,-647.242000,341.000000
1148.800000,-601.516000,319.332000
1145.120000,-599.800000,317.617000
1108.800000,-609.656000,322.909000
1123.040000,-643.800000,321.194000
1128.880000,-622.372000,323.000000
1251.400000,-601.468000,311.243000
1168.982000,-587.500000,319.548000
1153.400000,-634.156000,316.864000
1163.592000,-635.500000,314.169000
1238.170000,-624.220000,321.000000
1253.000000,-575.403000,329.968000
1202.935000,-564.000000,322.160000
1168.000000,-579.120000,314.352000
1240.420000,-585.000000,306.512000
1187.380000,-564.357000,338.000000
994.600000,-1089.230000,341.862000
976.402000,-1062.200000,325.514000
940.600000,-1078.112000,376.166000
973.000000,-1096.200000,359.751000
972.514000,-1071.346000,383.000000
1076.100000,-1000.738000,312.414000
1073.210000,-998.200000,326.022000
1042.100000,-1009.864000,321.630000
1053.932000,-1052.200000,317.220000
1074.536000,-1026.334000,330.000000
1024.800000,-1011.446000,323.940000
943.166000,-995.300000,321.744000
926.800000,-1047.356000,319.548000
936.208000,-1049.300000,326.343000
957.866000,-1037.042000,327.000000
995.200000,-954.842000,340.087000
958.597000,-931.700000,322.763000
932.200000,-961.604000,376.368000
985.372000,-973.700000,359.044000
975.040000,-932.750000,390.000000
1073.100000,-922.038000,328.076000
1052.702000,-885.100000,324.660000
1011.100000,-906.260000,321.230000
1047.804000,-931.100000,317.814000
1013.766000,-897.842000,329.000000
1021.800000,-827.075000,323.426000
1019.259000,-824.600000,321.962000
988.800000,-833.960000,320.492000
1000.020000,-869.600000,325.028000
1002.198000,-848.360000,326.000000
1078.200000,-767.978000,327.776000
1053.450000,-751.400000,363.308000
1048.200000,-803.078000,351.793000
1050.840000,-805.400000,340.325000
1071.300000,-793.520000,365.000000
1028.200000,-784.884000,338.590000
1002.988000,-758.100000,333.222000
984.200000,-791.940000,327.832000
1020.984000,-806.100000,322.464000
990.052000,-759.636000,342.000000
986.200000,-791.800000,334.122000
968.224000,-743.200000,328.998000
930.200000,-770.380000,344.853000
962.904000,-803.200000,339.729000
957.976000,-760.240000,345.000000
1023.800000,-683.244000,327.380000
1017.452000,-679.400000,342.480000
931.800000,-691.862000,337.600000
962.344000,-741.400000,332.720000
1010.828000,-712.632000,345.000000
1083.800000,-623.440000,324.292000
1047.035000,-604.600000,322.577000
1038.800000,-661.540000,320.869000
1042.400000,-664.600000,319.161000
1048.790000,-651.880000,326.000000
987.100000,-639.794000,324.786000
976.930000,-606.400000,324.296000
969.100000,-647.523000,325.808000
984.004000,-665.400000,325.320000
979.630000,-608.760000,326.000000
965.000000,-656.466000,326.510000
959.992000,-626.200000,339.345000
949.000000,-642.665000,335.197000
958.216000,-663.200000,331.049000
964.168000,-637.004000,343.000000
1066.900000,-545.780000,334.006000
1058.604000,-542.000000,329.596000
930.900000,-552.422000,325.204000
974.964000,-596.000000,338.794000
973.196000,-571.376000,340.000000
813.700000,-1072.602000,322.344000
786.194000,-1059.400000,319.649000
779.700000,-1097.981000,327.965000
782.182000,-1100.400000,325.270000
802.616000,-1092.036000,330.000000
892.700000,-1047.822000,339.056000
851.966000,-988.700000,335.136000
819.700000,-1059.667000,331.232000
879.633000,-1091.700000,327.312000
822.401000,-993.644000,340.000000
809.800000,-1045.360000,331.501000
800.926000,-995.800000,328.329000
780.800000,-1022.020000,325.157000
797.301000,-1055.800000,334.972000
792.400000,-1013.800000,337.000000
773.400000,-1074.150000,325.424000
770.592000,-1072.200000,337.520000
721.400000,-1076.825000,333.616000
737.884000,-1097.200000,329.696000
761.076000,-1086.000000,338.000000
772.800000,-1018.680000,416.908000
752.750000,-1000.200000,390.556000
747.800000,-1052.448000,364.204000
749.425000,-1056.200000,337.744000
750.950000,-1045.224000,433.000000
840.300000,-951.746000,361.064000
809.500000,-920.900000,342.032000
784.300000,-956.993000,400.922000
829.828000,-973.900000,381.890000
811.684000,-923.868000,401.000000
844.200000,-879.244000,332.625000
825.724000,-824.200000,348.501000
782.200000,-852.514000,343.356000
816.982000,-890.200000,338.232000
835.024000,-844.528000,351.000000
769.300000,-828.914000,378.006000
768.472000,-824.700000,362.634000
751.300000,-833.373000,347.199000
756.862000,-873.700000,331.827000
755.170000,-852.140000,393.000000
752.578867,-845.774562,355.137000
747.449069,-826.899893,339.765000
727.075748,-862.287481,387.330000
726.489990,-865.660704,371.958000
737.594795,-861.711646,393.000000
869.700000,-755.680000,325.648000
842.600000,-742.700000,339.256000
819.700000,-757.528000,334.846000
859.950000,-764.700000,330.454000
866.800000,-744.086000,343.000000
907.900000,-786.560000,337.114000
897.750000,-736.100000,332.722000
872.900000,-761.420000,328.312000
892.255000,-796.100000,341.920000
883.575000,-755.000000,343.000000
839.167899,-778.100861,393.760000
839.361678,-774.011246,345.740000
797.798791,-760.126342,493.916000
794.545618,-795.835219,446.092000
817.178549,-788.058456,529.000000
909.000000,-641.885000,349.728000
859.482000,-630.500000,343.848000
846.000000,-660.794000,337.992000
849.087000,-663.500000,332.136000
847.953000,-657.527000,351.000000
840.600000,-655.531000,373.632000
812.832000,-641.800000,355.747000
788.600000,-657.118000,337.935000
830.044000,-664.800000,393.123000
809.088000,-643.433000,404.000000
897.700000,-623.164000,372.515000
874.576000,-592.600000,534.840000
839.234000,-592.600000,413.795000
815.700000,-607.504000,482.380000
860.390000,-628.600000,429.920000
879.578000,-628.600000,507.750000
906.700000,-545.343000,337.870000
903.040000,-541.000000,334.195000
784.700000,-547.966000,330.535000
820.446000,-584.000000,326.860000
799.340000,-565.725000,340.000000
554.220802,-1137.264215,339.850000
538.160147,-1112.379933,332.500000
514.925962,-1132.931003,325.180000
514.454828,-1136.195686,347.830000
530.472472,-1140.113425,355.000000
530.299694,-1169.411140,346.988000
511.427627,-1136.248438,467.033000
511.804839,-1136.502871,397.391000
475.582409,-1134.293893,428.237000
512.798658,-1170.947312,389.282000
501.751732,-1163.496067,467.033000
530.236821,-1151.603553,485.000000
491.695532,-1105.385000,372.848000
507.228791,-1086.436956,357.964000
490.181565,-1083.449315,343.080000
483.350412,-1101.442053,328.135000
494.181074,-1085.051365,387.000000
603.956679,-1057.450166,369.145000
608.313358,-1052.264851,342.549000
566.581472,-1015.657477,424.953000
536.555273,-1060.580955,398.248000
566.402730,-1057.019702,434.000000
622.201355,-1031.538273,327.344000
603.324368,-1000.196249,351.536000
586.737193,-999.778885,343.728000
586.676603,-1001.884192,335.888000
615.121641,-1033.340262,358.000000
636.231999,-1001.523003,333.469000
646.891200,-970.853021,330.785000
614.170478,-976.925004,328.090000
618.170671,-1006.891829,336.406000
640.048208,-968.623626,337.000000
650.408205,-964.597865,339.324000
672.088102,-941.888358,329.808000
654.033777,-942.360541,359.253000
642.194567,-962.177483,349.737000
661.924147,-948.729267,366.000000
449.519520,-1084.916828,328.953000
452.875864,-1081.253146,328.709000
417.736257,-1047.603188,328.464000
398.434188,-1080.761934,328.220000
403.951479,-1060.279110,329.000000
457.338961,-1044.364786,366.350000
454.031043,-1021.516750,350.490000
427.920579,-1034.731574,334.565000
425.709920,-1037.391579,383.705000
435.545971,-1041.504028,393.000000
519.322110,-1027.397759,340.528000
526.886544,-1006.148916,388.912000
504.341819,-1009.933090,373.232000
506.920215,-1030.752040,357.616000
528.414226,-1012.665837,390.000000
495.191544,-1008.952956,370.336000
515.188377,-985.094613,358.380000
493.827627,-980.461964,346.375000
484.818382,-1003.206343,334.419000
496.701710,-981.508461,377.000000
556.196823,-998.467329,345.034000
558.368092,-996.222675,336.704000
521.922092,-956.737443,328.408000
514.369516,-981.614352,354.112000
529.214376,-983.976620,362.000000
600.876779,-959.751302,328.690000
602.546744,-925.367873,332.465000
555.255469,-952.944885,331.245000
550.283746,-957.758404,330.025000
574.982877,-973.719798,333.000000
566.481268,-940.819474,373.175000
590.870856,-910.066094,359.210000
555.450980,-927.876713,345.302000
546.342835,-952.008526,331.394000
582.890111,-910.097550,386.000000
632.012674,-928.599439,335.416000
661.834476,-889.916270,331.006000
624.550299,-876.738170,344.614000
613.213531,-915.681253,340.222000
641.796100,-895.546562,346.000000
708.012593,-844.520559,334.517000
691.137568,-813.194136,434.932000
686.025236,-817.288984,402.480000
658.029112,-851.759384,369.895000
688.030372,-857.504245,461.000000
732.249549,-809.466441,376.334000
727.017387,-787.750709,359.429000
705.640717,-796.271340,342.593000
703.459767,-798.384864,394.688000
711.010280,-802.067966,398.000000
763.900000,-687.584000,349.827000
753.505000,-675.500000,337.822000
742.900000,-687.413000,374.866000
758.839000,-694.500000,362.861000
756.655000,-677.590000,383.000000
734.330589,-714.625134,368.360000
740.560977,-695.509149,358.600000
713.586013,-673.519580,348.840000
718.715349,-698.723345,339.040000
714.287717,-673.993626,370.000000
766.000000,-589.120000,356.456000
693.584000,-578.200000,347.672000
693.000000,-587.794000,338.888000
711.615000,-656.200000,366.068000
720.813000,-626.092000,371.000000
765.700000,-553.280000,338.660000
721.300000,-537.600000,353.780000
705.700000,-572.440000,348.900000
705.880000,-577.600000,344.000000
750.340000,-572.240000,354.000000
708.600000,-563.448000,513.050000
688.104000,-536.400000,460.590000
666.600000,-562.398000,407.915000
698.142000,-578.400000,355.455000
418.085856,-1026.016402,349.280000
431.698078,-1000.113354,339.520000
399.582463,-977.948936,329.720000
400.211974,-1008.901726,359.960000
414.005768,-995.903246,369.000000
482.789403,-966.259995,339.808000
451.172644,-919.690971,401.800000
447.738807,-921.298113,381.710000
434.590235,-950.061904,361.702000
465.011153,-968.407874,410.000000
501.664448,-946.540688,331.905000
487.957073,-910.545301,330.685000
459.403871,-916.424650,329.460000
487.518490,-957.674168,328.240000
465.314752,-924.248356,333.000000
541.392041,-916.853781,337.778000
553.669563,-869.852963,332.654000
505.544596,-868.676895,348.509000
515.461112,-918.010400,343.385000
549.351338,-876.438017,350.000000
587.101788,-882.311916,329.825000
624.949633,-842.861899,341.165000
593.588220,-838.456519,337.490000
573.015705,-874.069782,333.830000
610.221413,-860.617598,344.000000
579.959952,-844.862603,331.844000
565.170494,-819.162550,330.136000
562.199431,-820.642003,328.421000
545.915232,-843.054753,333.713000
555.452208,-837.146193,334.000000
587.503369,-816.378591,338.515000
591.701754,-800.867825,329.940000
568.156171,-815.317769,356.400000
572.649892,-828.189237,347.860000
572.844030,-822.378006,362.000000
623.809784,-796.073256,356.912000
632.721036,-776.710056,349.072000
612.462924,-779.526571,341.264000
612.789189,-798.177732,333.456000
623.228997,-771.117198,358.000000
664.387489,-810.838103,335.442000
676.888780,-784.295705,332.012000
640.485219,-755.561724,328.596000
643.510874,-789.158880,339.180000
653.429209,-773.066908,341.000000
729.046901,-750.303791,338.440000
706.188282,-706.535173,361.845000
700.518493,-709.067662,354.281000
665.821262,-752.026999,346.686000
698.700773,-758.021051,362.000000
430.288827,-922.226281,344.786000
412.995050,-879.108675,340.376000
380.166324,-883.035591,335.984000
414.466649,-933.363467,331.574000
383.055649,-888.753549,347.000000
452.666208,-901.838679,337.766000
455.076688,-873.019171,333.111000
426.002111,-865.526659,328.475000
437.171318,-898.578352,342.820000
449.750363,-873.163243,347.000000
485.946337,-876.844023,330.400000
524.395440,-836.706383,342.496000
491.990300,-829.486653,338.592000
471.287199,-866.464112,334.672000
506.880273,-852.545945,344.000000
484.846129,-825.622756,352.397000
476.045837,-803.071269,344.833000
472.382404,-804.833452,337.269000
445.422744,-833.582574,329.674000
456.772351,-823.341847,359.000000
545.279570,-824.485957,339.296000
546.123967,-807.380552,332.220000
525.201917,-817.582848,354.144000
532.855236,-833.898457,347.039000
530.270144,-826.287083,356.000000
526.318430,-807.415413,327.366000
532.277256,-782.596382,331.902000
506.949888,-779.349924,330.432000
512.750127,-806.152858,328.968000
536.784455,-795.265209,333.000000
560.324372,-809.875973,335.074000
574.196160,-782.815678,331.902000
536.343946,-752.089365,328.717000
538.534515,-786.447686,338.545000
545.363335,-766.325963,339.000000
591.790231,-742.683690,328.010000
587.288894,-729.160855,326.546000
585.046953,-730.129654,331.076000
567.017779,-748.620553,329.612000
578.321796,-747.140975,332.000000
621.877818,-738.831642,334.720000
617.809401,-713.261591,332.280000
592.390500,-721.533696,329.830000
607.886960,-748.678869,327.390000
590.789242,-723.036251,335.000000
580.044623,-731.653698,344.097000
608.184382,-700.200245,336.045000
575.487625,-716.042489,327.960000
562.298287,-740.465596,352.908000
599.023610,-704.105638,357.000000
651.110762,-730.628214,329.920000
687.146108,-685.984377,325.040000
641.025874,-660.302462,340.140000
627.350079,-707.483376,335.260000
665.395988,-698.024321,345.000000
339.525227,-1017.093375,335.596000
265.779362,-912.653248,332.668000
258.413847,-909.063534,329.728000
243.806406,-957.024615,326.800000
246.096457,-935.540651,337.000000
368.032324,-975.188738,344.200000
381.352211,-942.109397,335.625000
331.000852,-973.007244,327.085000
336.385571,-999.400338,353.545000
333.406140,-985.792877,361.000000
339.153764,-962.988428,333.454000
337.304360,-901.497878,350.064000
274.209209,-872.749180,344.696000
305.467390,-947.989344,339.328000
348.723851,-929.672099,352.000000
363.572095,-881.581799,431.808000
385.023234,-846.700784,399.468000
338.047940,-809.604163,367.260000
336.893577,-852.415252,335.052000
343.358193,-822.350996,459.000000
408.613812,-835.937218,336.482000
377.756409,-788.583427,331.092000
373.768886,-786.948509,347.724000
359.615044,-813.851179,342.334000
380.457868,-823.763326,349.000000
460.598030,-790.708257,327.952000
444.522438,-751.721627,338.522000
415.683456,-751.160547,335.106000
447.042726,-797.737347,331.676000
447.310425,-794.635654,341.000000
489.587919,-766.850791,326.000000
489.514155,-734.594844,326.000000
456.084789,-719.349036,326.000000
471.685498,-758.659741,326.000000
474.906580,-724.482001,326.000000
564.054070,-698.604102,330.456000
582.388953,-677.468412,326.552000
561.418637,-665.995725,338.648000
553.479851,-687.850101,334.728000
569.723694,-681.366658,341.000000
558.702503,-705.604332,329.890000
539.869479,-673.039030,328.670000
536.707437,-671.945203,327.450000
520.403329,-695.081793,326.225000
547.994682,-714.223885,330.000000
533.542437,-672.795226,334.840000
542.740372,-653.132964,330.936000
512.868819,-671.521758,327.032000
514.776786,-686.928488,339.112000
512.081559,-678.680566,341.000000
582.856240,-647.135977,329.552000
591.032134,-624.664645,323.208000
568.008100,-621.853497,342.864000
570.557340,-645.471015,336.494000
589.719555,-631.350539,349.000000
279.163769,-843.006269,358.115000
290.394960,-828.982075,349.575000
272.158365,-812.509042,341.000000
269.179707,-830.065597,332.460000
271.749551,-815.910714,362.000000
269.866831,-852.294305,327.364000
221.421639,-778.908718,323.948000
215.274111,-774.330343,320.518000
198.792999,-809.896972,331.102000
223.674198,-822.395039,334.000000
324.643176,-800.001541,326.000000
313.140868,-761.999093,326.000000
281.788721,-763.860501,326.000000
308.903267,-807.889833,326.000000
306.409376,-801.501419,326.000000
284.926906,-714.807897,327.200000
299.153894,-694.400904,326.224000
280.280360,-701.433231,325.244000
274.955949,-718.319847,324.268000
290.893017,-694.847096,328.000000
342.750097,-715.768062,328.059000
355.160606,-702.144399,326.351000
345.365728,-699.807862,331.636000
338.416196,-711.994640,329.928000
347.017488,-705.632111,332.000000
341.714898,-692.560658,324.370000
340.446274,-685.045263,328.150000
339.409197,-685.179052,326.925000
326.868356,-698.351123,325.705000
334.634990,-698.136737,329.000000
367.348991,-689.664121,326.844000
363.289695,-668.009066,325.864000
342.999587,-672.238885,324.888000
356.612846,-695.833555,327.912000
345.351457,-680.373201,328.000000
400.207164,-684.039144,327.392000
401.733941,-657.549256,326.412000
383.849108,-670.937074,329.436000
390.566755,-690.761446,328.460000
400.000104,-664.198649,330.000000
419.764580,-665.273454,344.715000
438.074285,-632.826172,340.060000
411.890761,-627.160292,335.424000
405.656731,-656.110541,330.788000
431.490715,-649.085214,345.000000
401.866066,-604.220456,353.478000
368.736514,-642.652605,341.473000
365.440209,-646.758341,329.517000
373.734356,-641.363581,366.512000
379.773889,-632.761127,372.000000
562.336516,-591.996058,328.216000
574.501393,-566.421259,322.336000
537.984121,-588.932812,340.480000
539.741564,-609.005195,334.600000
539.477622,-604.574197,346.000000
562.900000,-548.609000,343.504000
546.820000,-533.300000,337.624000
522.900000,-544.514000,331.768000
549.500000,-554.300000,325.888000
526.180000,-537.563000,346.000000
493.281275,-662.962929,340.428000
516.980121,-637.790337,333.352000
494.667286,-626.553931,326.276000
482.584314,-651.249345,348.171000
497.751980,-639.650034,354.000000
493.753698,-601.724842,321.000000
479.723957,-570.521678,321.000000
476.573040,-568.194170,321.000000
453.487570,-593.790057,321.000000
476.306940,-606.340638,321.000000
470.500000,-566.595000,321.000000
464.040000,-563.200000,321.000000
460.500000,-568.646000,321.000000
469.600000,-570.200000,321.000000
462.210000,-569.913000,321.000000
450.086870,-584.354687,321.000000
451.514224,-570.586902,321.000000
442.301506,-577.018958,321.000000
445.115579,-587.419556,321.000000
449.404838,-573.824091,321.000000
425.568843,-599.366977,321.320000
434.387125,-570.994082,324.344000
422.693835,-575.432967,323.364000
419.326188,-597.409603,322.388000
429.980860,-584.174011,325.000000
479.100000,-548.910000,321.000000
441.678000,-546.500000,321.000000
437.100000,-546.720000,321.000000
443.568000,-556.500000,321.000000
448.020000,-553.650000,321.000000
410.276193,-568.205450,321.000000
411.269230,-547.499789,321.000000
397.005252,-575.035421,321.000000
402.190988,-586.829849,321.000000
400.047686,-584.608869,321.000000
395.087713,-562.577942,321.000000
397.941962,-542.293874,321.000000
387.612149,-553.540210,321.000000
389.546243,-567.958028,321.000000
399.564997,-549.099528,321.000000
1320.225573,-507.849125,339.168000
1360.706939,-482.168529,325.504000
1340.733228,-472.471111,311.784000
1313.970665,-496.861995,354.120000
1335.690320,-483.670093,360.000000
1269.500000,-502.070000,316.420000
1212.105000,-494.600000,309.588000
1204.500000,-495.020000,330.728000
1213.990000,-524.600000,323.896000
1250.845000,-516.290000,337.000000
1269.000000,-435.739000,325.942000
1251.963000,-416.200000,320.797000
1242.000000,-445.918000,315.673000
1266.138000,-455.200000,310.549000
1244.052000,-454.186000,328.000000
1188.300000,-520.496000,317.546000
1168.592000,-496.400000,314.116000
1136.300000,-512.752000,310.700000
1169.684000,-528.400000,321.284000
1159.128000,-503.632000,324.000000
1131.300000,-486.760000,313.528000
1128.125000,-486.600000,315.793000
1106.300000,-496.960000,315.061000
1116.050000,-526.600000,314.329000
1126.350000,-505.720000,316.000000
1190.100000,-454.308000,318.504000
1123.600000,-449.700000,316.544000
1114.100000,-449.826000,314.592000
1124.588000,-467.700000,312.640000
1126.640000,-462.840000,320.000000
1203.900000,-425.688000,323.300000
1145.338000,-407.400000,314.970000
1109.900000,-434.580000,340.674000
1193.184000,-443.400000,332.344000
1159.532000,-442.752000,342.000000
963.800000,-513.680000,324.261000
951.186000,-496.200000,326.526000
929.800000,-507.769000,325.794000
951.356000,-519.200000,325.059000
960.094000,-501.582000,327.000000
1005.000000,-433.960000,340.824000
996.670000,-433.600000,334.454000
935.000000,-441.130000,328.110000
961.740000,-463.600000,347.740000
952.780000,-448.180000,348.000000
912.300000,-502.820000,361.000000
868.950000,-494.900000,336.600000
862.300000,-524.870000,412.200000
868.800000,-524.900000,387.700000
893.150000,-517.040000,425.000000
911.700000,-464.940000,346.925000
895.710000,-444.300000,340.825000
885.700000,-474.180000,334.725000
908.528000,-484.300000,328.600000
911.180000,-483.900000,347.000000
914.100000,-425.240000,386.936000
895.950000,-402.200000,361.560000
864.100000,-417.050000,336.184000
895.450000,-432.200000,414.704000
881.250000,-409.460000,425.000000
864.200000,-473.480000,352.409000
857.256000,-473.100000,333.133000
802.200000,-477.717000,392.778000
825.450000,-492.100000,373.502000
845.972000,-482.486000,410.000000
863.600000,-438.368000,402.732000
810.280000,-433.200000,383.456000
801.600000,-452.029000,364.101000
809.226000,-452.200000,344.825000
805.878000,-447.374000,410.000000
772.000000,-463.928000,380.415000
772.000000,-477.470000,358.143000
702.688000,-400.000000,359.187000
658.000000,-490.158000,337.872000
658.000000,-452.582000,396.249000
757.294000,-522.000000,403.644000
707.248000,-521.756000,420.000000
753.190000,-461.488000,420.000000
634.400000,-494.224000,337.012000
613.396000,-398.000000,386.908000
575.400000,-458.388000,370.738000
611.921000,-522.000000,354.634000
622.364000,-429.000000,391.000000
574.200000,-402.744000,353.398000
568.272000,-399.300000,343.150000
517.200000,-428.205000,332.860000
538.119000,-522.300000,322.612000
526.263000,-461.046000,361.000000
480.900000,-480.620000,331.768000
455.340000,-469.700000,324.936000
450.900000,-508.037000,346.076000
454.350000,-508.700000,339.244000
466.560000,-499.106000,347.000000
405.300000,-498.044000,317.744000
389.700000,-475.700000,323.784000
379.300000,-506.402000,321.832000
401.738000,-517.700000,319.880000
402.310000,-475.910000,325.000000
499.500000,-446.324000,315.540000
483.492000,-398.500000,316.030000
453.500000,-427.719000,316.518000
481.606000,-459.500000,315.006000
464.908000,-414.177000,315.000000
1271.200000,-293.428000,338.195000
1267.840000,-290.800000,317.370000
1236.200000,-307.444000,381.630000
1248.765000,-363.800000,360.890000
1257.585000,-327.957000,392.000000
1217.300000,-322.501000,313.348000
1175.100000,-315.900000,379.033000
1167.300000,-338.348000,357.805000
1172.650000,-338.900000,336.577000
1216.000000,-333.403000,400.000000
1167.900000,-332.595000,368.767000
1144.220000,-276.000000,347.452000
1127.900000,-352.020000,326.224000
1162.100000,-381.000000,391.909000
1141.380000,-277.365000,400.000000
1100.100000,-335.595000,356.924000
1066.100000,-300.000000,318.214000
1068.500000,-300.000000,410.486000
1000.100000,-321.240000,437.662000
1060.400000,-345.000000,398.952000
1038.300000,-345.000000,321.690000
1070.100000,-311.925000,471.000000
997.200000,-351.205000,418.735000
991.920000,-349.700000,392.030000
937.200000,-357.400000,365.434000
958.260000,-384.700000,338.729000
940.980000,-367.795000,428.000000
998.100000,-269.325000,379.059000
947.940000,-259.000000,352.463000
938.100000,-292.880000,325.867000
944.040000,-294.000000,408.162000
963.660000,-285.915000,428.000000
879.400000,-371.481000,338.348000
865.968000,-358.900000,392.024000
856.400000,-375.368000,374.700000
875.881000,-381.900000,357.305000
874.547000,-359.383000,396.000000
830.200000,-375.668000,387.400000
819.576000,-350.100000,369.832000
798.200000,-364.948000,352.264000
817.272000,-382.100000,334.624000
803.064000,-358.836000,400.000000
889.700000,-299.503000,360.884000
884.660000,-296.800000,340.876000
826.700000,-308.036000,402.786000
848.372000,-349.800000,382.778000
859.145000,-324.625000,405.000000
918.300000,-271.396000,324.089000
838.716000,-261.700000,332.405000
822.300000,-292.420000,329.710000
831.132000,-293.700000,327.026000
906.588000,-286.564000,334.000000
775.600000,-335.025000,409.224000
750.789000,-315.600000,382.628000
732.600000,-340.380000,355.923000
768.720000,-350.600000,329.327000
742.963000,-316.615000,438.000000
769.600000,-301.936000,359.197000
755.950000,-263.200000,337.481000
727.600000,-285.088000,404.676000
752.296000,-311.200000,382.960000
752.968000,-276.688000,415.000000
706.400000,-257.617000,323.160000
702.823000,-253.900000,335.256000
657.400000,-266.752000,331.336000
673.864000,-316.900000,327.432000
704.832000,-287.479000,339.000000
646.650000,-288.152000,355.585000
536.061300,-247.100000,342.165000
511.950000,-372.764000,328.690000
523.264800,-379.100000,370.270000
556.535700,-350.720000,375.000000
548.453700,-299.636000,375.000000
502.100000,-322.679000,322.064000
429.837000,-247.800000,310.840000
375.100000,-340.900000,345.570000
480.764000,-380.800000,334.346000
463.238000,-252.721000,355.000000
492.575000,-264.957000,355.000000
1095.100000,-226.890000,355.840000
1049.452000,-156.800000,346.040000
951.100000,-195.328000,336.280000
1034.620000,-242.800000,326.520000
959.308000,-181.568000,359.000000
1034.620000,-230.846000,359.000000
921.400000,-165.125000,465.058000
921.400000,-214.325000,548.390000
916.525000,-160.100000,403.563000
860.650000,-160.100000,352.359000
846.400000,-174.875000,342.319000
846.400000,-185.750000,407.328000
871.000000,-235.100000,532.075000
912.025000,-235.100000,462.297000
994.700000,-76.005800,320.755000
956.489000,-70.200000,327.550000
947.700000,-87.399000,325.354000
951.272000,-88.400000,323.158000
984.501000,-84.614400,328.000000
999.020943,-55.030663,342.464000
977.925063,-40.708104,335.849000
957.467062,-48.573196,329.261000
990.291433,-60.731885,322.646000
965.722169,-38.949371,347.000000
850.724521,-119.224598,332.849000
849.834166,-100.543708,327.704000
824.818648,-93.820041,343.580000
836.191332,-113.596683,338.435000
841.428605,-101.538620,344.000000
894.596234,-76.811460,321.636000
892.608315,-73.431419,326.166000
841.372253,-46.875760,324.702000
847.396921,-74.070076,323.232000
881.820722,-82.522233,327.000000
921.911391,-15.876285,331.872000
891.426127,4.191108,327.968000
874.929932,-16.821539,324.064000
877.187048,-19.419787,320.144000
885.911519,-16.767105,336.000000
874.441587,1.495882,319.927000
871.359496,27.705760,316.755000
853.176720,4.333348,326.583000
865.049922,-13.540286,323.398000
873.642288,24.641526,328.000000
783.200000,-230.410000,327.232000
771.160000,-191.400000,385.444000
743.200000,-211.751000,366.656000
765.760000,-238.400000,347.791000
781.640000,-205.688000,403.000000
712.800000,-191.600000,323.918000
710.595000,-187.500000,322.454000
667.800000,-196.550000,320.984000
681.885000,-237.500000,325.520000
682.380000,-215.300000,326.000000
638.700000,-202.480000,324.410000
579.648000,-195.800000,317.334000
564.700000,-214.380000,339.229000
569.214000,-215.800000,332.153000
615.538000,-211.960000,345.000000
423.000000,-212.940000,387.503000
404.982000,-189.500000,365.787000
390.000000,-216.580000,343.982000
416.697000,-229.500000,322.266000
391.650000,-191.900000,394.000000
776.400000,-116.180000,324.076000
760.230000,-65.900000,321.880000
721.400000,-91.400000,319.675000
752.035000,-125.900000,326.479000
744.115000,-84.620000,328.000000
769.250000,-2.300000,321.648000
764.735000,1.300000,357.936000
661.750000,-5.620000,346.176000
694.537500,-38.700000,334.464000
745.277500,-21.260000,360.000000
507.800000,-10.216000,322.274000
460.400000,6.200000,316.662000
447.800000,-38.008000,311.027000
450.980000,-41.800000,305.415000
456.200000,-32.968000,326.000000
239.928792,-582.720450,322.475000
240.760350,-565.911108,322.231000
223.965857,-568.984901,322.986000
230.945001,-585.794243,322.742000
240.359420,-567.529675,323.000000
296.500000,-346.304000,312.112000
293.926000,-326.000000,312.867000
287.500000,-336.008000,312.623000
292.441000,-350.000000,312.379000
295.294000,-333.680000,313.000000
283.000000,-311.382000,312.749000
282.184000,-310.500000,312.504000
259.000000,-311.985000,312.260000
266.128000,-319.500000,312.016000
264.496000,-315.639000,313.000000
170.198854,-560.650684,325.088000
168.827143,-527.120900,323.128000
132.392117,-536.143455,329.176000
130.123808,-539.268899,327.224000
146.117114,-555.062489,330.000000
137.588924,-304.159813,313.046000
135.096373,-280.418703,314.556000
111.761849,-280.489414,314.068000
125.412545,-306.090215,313.578000
145.773685,-293.747666,315.000000
98.513455,-634.457107,380.420000
137.223309,-586.311621,359.105000
104.096771,-594.932667,337.877000
83.239949,-634.151637,403.562000
113.719080,-596.103636,410.000000
63.552024,-548.961337,322.970000
74.347644,-563.484661,320.520000
95.488599,-517.351899,328.080000
5.947261,-402.817902,325.630000
30.920272,-472.941650,330.000000
158.227087,-430.392401,340.526000
158.599109,-381.739572,335.158000
90.386589,-424.416090,329.790000
85.165859,-431.073727,324.400000
96.810080,-421.816223,342.000000
71.774613,-340.261554,333.380000
119.371205,-370.998153,325.084000
93.716563,-316.627790,316.788000
54.701765,-309.211548,342.458000
116.368721,-363.885327,348.000000
28.269360,-314.985474,318.831000
57.450242,-261.366981,343.779000
5.084743,-247.660423,335.727000
0.451779,-300.535040,327.642000
43.152543,-279.285067,345.000000
364.000000,-142.461000,317.348000
361.948000,-131.500000,313.200000
250.000000,-146.050000,309.052000
282.034000,-228.500000,304.887000
265.162000,-188.439000,320.000000
357.388000,-145.371000,320.000000
301.287516,-54.716481,309.734000
299.652309,-24.572690,306.318000
260.449262,-49.008730,316.888000
257.150762,-53.112309,313.472000
272.831382,-58.684238,317.000000
209.000000,-58.615000,310.118000
189.430000,0.000000,310.874000
171.000000,-61.370000,310.629000
200.564000,-95.000000,310.385000
203.642000,-8.645000,311.000000
170.000000,-186.835000,323.305000
125.290000,0.000000,320.621000
0.000000,-84.710000,317.926000
89.420000,-215.000000,315.242000
37.740000,-73.745000,326.000000
154.020000,-72.455000,326.000000
102.680000,-130.290000,326.000000
68.510000,-17.845000,326.000000
