1522.700000,-1084.719000,305.680000
1508.913000,-1072.200000,305.190000
1505.700000,-1108.938000,304.702000
1506.958000,-1111.200000,304.214000
1508.046000,-1103.205000,306.000000
1493.900000,-1057.428000,306.262000
1470.140000,-1052.600000,307.774000
1469.900000,-1056.714000,307.286000
1475.972000,-1086.600000,306.796000
1490.204000,-1073.544000,308.000000
1570.100000,-982.660000,303.961000
1564.692000,-963.400000,302.253000
1538.100000,-969.400000,307.538000
1551.924000,-983.400000,305.830000
1555.860000,-972.140000,308.000000
1526.200000,-976.420000,315.300000
1520.980000,-952.900000,310.400000
1511.200000,-967.270000,305.520000
1520.365000,-982.900000,320.640000
1515.145000,-960.640000,321.000000
1508.400000,-973.240000,301.054000
1486.266000,-956.300000,307.858000
1466.400000,-974.724000,305.662000
1499.580000,-984.300000,303.457000
1507.182000,-958.512000,310.000000
1499.189118,-733.265678,308.046000
1473.786798,-730.681769,301.458000
1504.252130,-761.099639,321.843000
1522.055183,-751.553845,315.255000
1514.666372,-752.805465,327.000000
1427.300000,-583.079000,318.620000
1406.060000,-569.000000,314.210000
1403.300000,-569.912000,309.818000
1406.852000,-626.000000,323.426000
1412.612000,-610.097000,326.000000
1390.800000,-622.952000,315.048000
1386.960000,-622.000000,313.096000
1330.800000,-624.730000,311.144000
1350.420000,-636.000000,309.184000
1336.560000,-629.588000,316.000000
1366.100000,-615.494000,309.903000
1361.969000,-574.600000,318.219000
1349.100000,-591.804000,315.524000
1357.702000,-620.600000,312.840000
1362.785000,-591.298000,319.000000
1347.700000,-609.710000,308.930000
1337.150000,-580.600000,308.440000
1322.700000,-603.273000,309.952000
1339.825000,-621.600000,309.464000
1335.525000,-588.144000,310.000000
1448.900000,-1094.037000,309.780000
1426.663000,-1079.700000,308.560000
1411.900000,-1099.464000,307.340000
1443.868000,-1106.700000,306.115000
1420.077000,-1079.835000,311.000000
1344.200000,-1085.868000,308.000000
1328.600000,-1073.900000,308.000000
1324.200000,-1104.874000,308.000000
1325.060000,-1107.900000,308.000000
1342.800000,-1101.984000,308.000000
1442.100000,-1045.660000,308.440000
1409.494000,-1042.200000,304.520000
1408.100000,-1044.000000,316.616000
1415.648000,-1062.200000,312.696000
1429.792000,-1055.140000,319.000000
1434.000000,-1027.868000,315.620000
1421.718000,-1006.000000,310.740000
1345.000000,-1011.918000,305.860000
1380.689000,-1028.000000,320.960000
1375.794000,-1016.296000,323.000000
1344.900000,-1057.385000,321.691000
1325.246000,-1009.300000,317.543000
1282.900000,-1035.732000,313.378000
1318.860000,-1068.300000,309.230000
1286.310000,-1026.351000,323.000000
1446.100000,-963.924000,305.010000
1434.196000,-942.300000,315.580000
1422.100000,-963.618000,312.164000
1440.316000,-976.300000,308.734000
1440.412000,-946.040000,316.000000
1399.000000,-969.881000,304.518000
1368.625000,-954.800000,303.786000
1354.000000,-981.398000,303.054000
1396.210000,-987.800000,305.319000
1375.195000,-985.523000,306.000000
1337.700000,-960.474000,307.192000
1324.036000,-951.300000,306.216000
1321.700000,-983.805000,305.236000
1323.572000,-984.300000,304.260000
1324.580000,-976.116000,308.000000
1430.300000,-917.182000,305.690000
1428.749000,-915.400000,336.645000
1383.300000,-918.352000,326.641000
1397.212000,-933.400000,316.596000
1425.036000,-925.714000,343.000000
1308.000000,-902.740000,326.288000
1304.184000,-836.500000,314.576000
1290.000000,-861.196000,350.864000
1298.550000,-908.500000,339.104000
1300.728000,-864.868000,356.000000
1302.100000,-772.466000,326.517000
1296.235000,-753.200000,319.441000
1287.100000,-766.772000,312.336000
1296.910000,-779.200000,334.260000
1291.675000,-758.790000,336.000000
1356.800000,-788.230000,334.985000
1315.760000,-779.800000,327.880000
1284.800000,-790.315000,320.804000
1344.776000,-794.800000,313.699000
1285.736000,-780.340000,336.000000
1451.000000,-767.345000,309.216000
1372.355000,-761.600000,300.432000
1346.000000,-774.800000,327.648000
1347.260000,-776.600000,318.828000
1421.705000,-774.455000,336.000000
1446.700000,-730.748000,319.728000
1433.708000,-723.200000,310.944000
1432.700000,-725.383000,302.124000
1435.374000,-760.200000,329.340000
1438.720000,-748.286000,336.000000
1445.200000,-706.275000,340.320000
1436.212000,-705.900000,328.560000
1361.200000,-709.470000,316.848000
1392.280000,-720.900000,305.088000
1372.792000,-713.385000,348.000000
1359.800000,-732.802000,317.502000
1355.224000,-701.500000,349.254000
1343.800000,-716.929000,338.964000
1352.584000,-738.500000,328.716000
1357.336000,-713.340000,354.000000
1342.600000,-708.438000,329.766000
1325.432000,-699.100000,319.518000
1305.600000,-707.444000,351.228000
1332.536000,-713.100000,340.980000
1326.135000,-701.074000,354.000000
1302.800000,-718.816000,342.030000
1291.869000,-703.200000,331.740000
1285.800000,-728.000000,321.492000
1301.219000,-735.200000,353.202000
1290.271000,-733.984000,354.000000
1268.400000,-1059.895000,307.102000
1247.850000,-1042.900000,319.954000
1243.400000,-1095.370000,315.789000
1245.550000,-1097.900000,311.641000
1267.675000,-1085.965000,324.000000
1228.600000,-1077.530000,308.490000
1228.590000,-1073.500000,307.270000
1218.600000,-1077.623000,311.045000
1221.250000,-1104.500000,309.825000
1225.400000,-1092.224000,312.000000
1220.900000,-1104.010000,310.770000
1215.320000,-1094.500000,310.035000
1189.900000,-1097.620000,309.303000
1203.664000,-1104.500000,311.568000
1201.928000,-1098.750000,312.000000
1216.600000,-1068.280000,307.881000
1213.728000,-1056.700000,307.637000
1208.600000,-1064.065000,307.392000
1213.584000,-1071.700000,307.148000
1209.368000,-1060.390000,308.000000
1195.000000,-1072.348000,309.519000
1189.620000,-1051.000000,311.787000
1185.000000,-1075.120000,311.052000
1193.020000,-1087.000000,310.320000
1193.050000,-1053.412000,312.000000
1187.000000,-1088.464000,315.115000
1176.245000,-1077.700000,312.420000
1172.000000,-1099.774000,320.736000
1186.715000,-1103.700000,318.041000
1179.695000,-1100.788000,321.000000
1148.400000,-1083.475000,311.000000
1103.600000,-1077.600000,311.000000
1098.400000,-1078.300000,311.000000
1106.350000,-1102.600000,311.000000
1109.450000,-1095.325000,311.000000
1231.100000,-999.232000,309.096000
1229.450000,-998.000000,310.606000
1209.100000,-1002.554000,310.118000
1216.536000,-1020.000000,309.630000
1229.560000,-1009.660000,311.000000
1206.100000,-1040.657000,310.700000
1202.544000,-1004.700000,309.475000
1192.100000,-1020.526000,313.255000
1199.338000,-1045.700000,312.030000
1201.032000,-1019.091000,314.000000
1143.300000,-1032.706000,320.834000
1126.846000,-999.900000,317.418000
1105.300000,-1026.455000,313.988000
1131.748000,-1046.900000,324.572000
1118.448000,-1007.984000,326.000000
1268.000000,-930.390000,314.461000
1250.252000,-925.200000,312.746000
1239.000000,-932.640000,311.038000
1264.375000,-935.200000,309.330000
1240.595000,-935.130000,315.000000
1238.900000,-958.520000,310.860000
1228.617000,-947.300000,313.880000
1225.900000,-977.759000,312.904000
1226.602000,-980.300000,311.924000
1235.819000,-974.162000,314.000000
1224.200000,-953.908000,312.024000
1212.560000,-949.400000,311.048000
1212.200000,-952.256000,310.068000
1214.996000,-977.400000,313.092000
1217.852000,-967.180000,314.000000
1179.800000,-977.084000,313.192000
1176.373000,-965.300000,312.212000
1156.800000,-968.672000,311.236000
1166.276000,-977.300000,310.260000
1160.940000,-970.772000,314.000000
1190.200000,-958.890000,311.530000
1168.552000,-934.800000,324.365000
1124.200000,-948.600000,320.217000
1163.206000,-964.800000,316.052000
1182.808000,-943.110000,327.000000
1268.300000,-867.228000,310.905000
1261.202000,-853.500000,309.685000
1254.300000,-867.558000,313.460000
1265.080000,-875.500000,312.240000
1262.644000,-855.656000,314.000000
1257.000000,-839.445000,312.346000
1248.768000,-830.100000,311.856000
1245.000000,-847.278000,311.368000
1256.388000,-851.100000,312.880000
1248.660000,-849.399000,313.000000
1157.500000,-850.580000,316.000000
1146.255000,-842.600000,316.000000
1144.500000,-872.510000,316.000000
1146.164000,-872.600000,316.000000
1144.669000,-864.800000,316.000000
1145.100000,-859.005000,316.000000
1143.560000,-857.700000,316.000000
1110.100000,-860.340000,316.000000
1120.845000,-872.700000,316.000000
1135.335000,-866.115000,316.000000
1259.300000,-798.272000,310.452000
1254.840000,-790.100000,310.697000
1239.300000,-793.295000,310.941000
1249.020000,-799.100000,310.185000
1247.900000,-793.538000,310.000000
1213.100000,-793.569000,313.000000
1207.874000,-749.100000,313.000000
1200.100000,-781.674000,313.000000
1208.745000,-810.100000,313.000000
1201.894000,-761.483000,313.000000
1200.200000,-782.050000,315.227000
1192.647000,-748.500000,328.079000
1187.200000,-791.993000,323.914000
1198.172000,-809.500000,319.766000
1198.198000,-749.964000,330.000000
1142.500000,-790.646000,320.961000
1114.380000,-781.000000,319.246000
1105.500000,-804.192000,324.538000
1106.351000,-807.000000,322.830000
1126.035000,-802.970000,325.000000
1270.600000,-742.296000,314.856000
1223.650000,-739.800000,313.880000
1220.600000,-740.723000,312.904000
1230.700000,-752.800000,315.924000
1233.750000,-748.458000,316.000000
1238.100000,-689.472000,317.102000
1232.908000,-688.900000,329.954000
1194.100000,-699.900000,325.789000
1210.864000,-732.900000,321.641000
1236.824000,-710.328000,334.000000
1172.300000,-723.288000,317.596000
1164.578000,-696.600000,317.106000
1146.300000,-710.328000,318.618000
1160.860000,-728.600000,318.130000
1163.980000,-706.456000,319.000000
1138.700000,-695.325000,320.767000
1125.372000,-685.500000,320.035000
1110.700000,-694.620000,319.303000
1131.392000,-700.500000,321.568000
1121.564000,-687.435000,322.000000
1202.900000,-651.972000,338.263000
1149.190000,-641.500000,332.651000
1120.900000,-658.814000,327.016000
1196.176000,-663.500000,321.404000
1128.772000,-662.400000,341.000000
1148.800000,-612.868000,317.211000
1115.440000,-599.800000,322.496000
1108.800000,-642.304000,320.788000
1112.680000,-643.800000,319.080000
1141.000000,-633.724000,323.000000
1251.400000,-593.164000,315.104000
1250.126000,-587.500000,312.420000
1153.400000,-594.460000,320.736000
1180.448000,-635.500000,318.041000
1203.674000,-615.916000,321.000000
1253.000000,-583.719000,330.192000
1236.680000,-564.000000,322.384000
1168.000000,-570.804000,314.544000
1206.675000,-585.000000,306.736000
1186.785000,-572.673000,338.000000
994.600000,-1088.040000,319.216000
974.566000,-1062.200000,369.801000
940.600000,-1079.302000,353.453000
974.836000,-1096.200000,337.105000
990.820000,-1070.156000,383.000000
1076.100000,-1029.574000,318.102000
1057.400000,-998.200000,313.710000
1042.100000,-1035.028000,327.318000
1069.742000,-1052.200000,322.908000
1063.792000,-1001.170000,330.000000
1024.800000,-1017.008000,323.679000
953.358000,-995.300000,321.483000
926.800000,-1041.794000,319.278000
1024.016000,-1049.300000,326.082000
960.806000,-1042.604000,327.000000
995.200000,-941.066000,384.533000
937.996000,-931.700000,367.138000
932.200000,-933.380000,349.814000
942.973000,-973.700000,332.490000
935.665000,-960.974000,390.000000
1073.100000,-887.124000,317.996000
1067.706000,-885.100000,328.580000
1011.100000,-895.174000,325.164000
1032.800000,-931.100000,321.734000
1058.406000,-908.928000,329.000000
1021.800000,-863.525000,323.036000
1013.022000,-824.600000,321.572000
988.800000,-842.510000,320.102000
1006.257000,-869.600000,324.638000
1004.376000,-839.855000,326.000000
1078.200000,-788.444000,355.506000
1064.850000,-751.400000,343.991000
1048.200000,-782.558000,332.523000
1069.440000,-805.400000,321.055000
1053.600000,-760.040000,365.000000
1028.200000,-782.436000,321.958000
1000.744000,-758.100000,338.590000
984.200000,-794.388000,333.222000
1023.228000,-806.100000,327.832000
1023.272000,-805.188000,342.000000
986.200000,-762.880000,332.001000
941.232000,-743.200000,326.877000
930.200000,-799.300000,342.732000
933.896000,-803.200000,337.608000
963.632000,-791.320000,345.000000
1023.800000,-688.638000,338.460000
933.456000,-679.400000,333.560000
931.800000,-686.468000,328.680000
954.340000,-741.400000,343.800000
959.860000,-718.026000,345.000000
1083.800000,-662.800000,325.748000
1076.555000,-604.600000,324.040000
1038.800000,-622.180000,322.332000
1057.880000,-664.600000,320.617000
1039.385000,-631.240000,326.000000
987.100000,-653.069000,324.512000
980.980000,-606.400000,324.024000
969.100000,-634.248000,325.534000
979.954000,-665.400000,325.046000
982.096000,-622.035000,326.000000
965.000000,-648.844000,335.316000
956.696000,-626.200000,331.151000
949.000000,-650.287000,327.003000
961.512000,-663.200000,339.838000
955.880000,-629.382000,343.000000
1066.900000,-565.382000,337.102000
971.972000,-542.000000,332.710000
930.900000,-586.820000,328.318000
1061.596000,-596.000000,323.908000
949.668000,-590.978000,340.000000
813.700000,-1069.814000,320.441000
783.882000,-1059.400000,328.757000
779.700000,-1059.769000,326.062000
784.460000,-1100.400000,323.378000
808.498000,-1089.248000,330.000000
892.700000,-996.528000,330.768000
888.612000,-988.700000,326.848000
819.700000,-1008.064000,338.944000
842.987000,-1091.700000,335.024000
860.215000,-1045.247000,340.000000
809.800000,-1049.620000,333.282000
802.985000,-995.800000,330.110000
780.800000,-1017.820000,326.938000
795.242000,-1055.800000,336.753000
788.427000,-1018.000000,337.000000
773.400000,-1090.150000,322.096000
751.872000,-1072.200000,334.192000
721.400000,-1085.850000,330.272000
756.604000,-1097.200000,326.368000
771.944000,-1076.975000,338.000000
772.800000,-1030.384000,357.184000
757.975000,-1000.200000,330.724000
747.800000,-1040.800000,412.372000
769.200000,-1056.200000,385.912000
764.800000,-1000.872000,433.000000
840.300000,-939.980000,368.942000
797.068000,-920.900000,349.910000
784.300000,-968.812000,330.878000
786.260000,-973.900000,389.768000
806.028000,-965.049000,401.000000
844.200000,-836.146000,348.501000
785.238000,-824.200000,343.377000
782.200000,-829.678000,338.232000
795.468000,-890.200000,333.108000
788.214000,-867.364000,351.000000
769.300000,-824.798000,340.899000
766.960000,-824.700000,388.464000
751.300000,-837.538000,373.092000
758.374000,-873.700000,357.657000
765.790000,-847.975000,393.000000
743.459050,-865.067684,359.232000
754.464749,-830.216190,343.860000
736.176761,-843.034139,391.425000
733.939630,-869.182132,376.053000
746.324013,-840.773845,393.000000
869.700000,-756.868000,338.608000
845.300000,-742.700000,334.216000
819.700000,-756.318000,329.806000
857.250000,-764.700000,325.414000
830.800000,-745.274000,343.000000
907.900000,-764.000000,325.864000
884.555000,-736.100000,339.454000
872.900000,-783.980000,335.062000
905.450000,-796.100000,330.652000
905.450000,-792.380000,343.000000
835.615156,-784.954795,399.444000
807.080710,-757.278382,351.620000
782.943542,-788.785022,499.600000
786.874893,-791.859092,451.776000
812.445664,-794.255608,529.000000
909.000000,-634.031000,342.144000
907.425000,-630.500000,336.288000
846.000000,-635.648000,330.408000
864.144000,-663.500000,348.552000
867.861000,-649.640000,351.000000
840.600000,-663.144000,398.379000
829.992000,-641.800000,380.494000
788.600000,-649.505000,362.682000
812.884000,-664.800000,344.797000
791.460000,-651.023000,404.000000
897.700000,-619.564000,371.010000
866.294000,-592.600000,533.550000
829.804000,-592.600000,516.565000
815.700000,-611.104000,480.875000
868.672000,-628.600000,428.415000
889.008000,-628.600000,395.735000
906.700000,-565.510000,332.590000
838.136000,-541.000000,328.930000
784.700000,-570.799000,325.255000
885.350000,-584.000000,336.595000
842.284000,-542.849000,340.000000
553.519574,-1138.303828,348.940000
539.233751,-1113.104088,341.590000
515.627190,-1131.891389,334.270000
513.381225,-1135.471531,326.920000
520.997754,-1135.195439,355.000000
536.453053,-1160.288410,340.151000
490.195975,-1121.927508,460.355000
537.509149,-1153.840647,370.043000
485.086452,-1120.203570,421.400000
480.088980,-1148.884356,382.604000
476.047422,-1146.158291,439.685000
522.996051,-1167.220473,485.000000
509.625844,-1090.865320,349.241000
509.222478,-1088.898954,334.296000
494.011340,-1080.348024,380.412000
481.356725,-1098.980055,365.528000
494.746473,-1093.580244,387.000000
568.639281,-1086.049631,398.357000
599.326663,-1041.167207,371.652000
554.492966,-1025.446556,345.056000
545.541968,-1071.678599,427.351000
569.081637,-1035.610737,434.000000
618.785022,-1034.304765,356.848000
612.611878,-1011.665369,349.040000
590.153527,-997.012393,341.200000
606.967151,-1026.940932,333.392000
595.314381,-993.619426,358.000000
640.323673,-998.209631,328.816000
644.461394,-967.852460,326.121000
610.078805,-980.238376,334.437000
620.600477,-1009.892390,331.753000
617.973764,-1004.503498,337.000000
665.739741,-952.182632,348.372000
666.915088,-935.500218,338.817000
638.702242,-954.775773,329.301000
637.927775,-956.908433,358.746000
647.097832,-956.276757,366.000000
448.834077,-1085.471889,328.839000
422.686736,-1043.972677,328.595000
418.421699,-1047.048128,328.350000
397.786617,-1079.962251,328.106000
406.781420,-1065.175308,329.000000
442.666445,-1056.246355,336.515000
463.684817,-1033.438169,385.590000
442.593094,-1022.850005,369.730000
432.418475,-1045.675955,353.870000
453.243930,-1042.562148,393.000000
515.491558,-1030.499680,353.072000
529.187969,-1008.990939,337.392000
508.172371,-1006.831170,385.776000
504.618790,-1027.910017,370.096000
521.722605,-1012.283892,390.000000
502.589974,-1002.961826,362.986000
511.251349,-980.232788,351.030000
486.456398,-986.431068,339.025000
488.755410,-1008.068168,376.069000
506.229621,-978.202637,377.000000
550.407085,-1003.155766,328.204000
534.477831,-966.720660,353.874000
508.283180,-967.782015,345.578000
538.259777,-1011.116367,337.282000
540.246373,-1009.438168,362.000000
607.181764,-954.645626,329.485000
599.679560,-921.827196,328.265000
596.356387,-919.662018,332.045000
553.150929,-961.299081,330.820000
577.864360,-964.386447,333.000000
593.218197,-919.168336,362.573000
595.524681,-915.813088,348.665000
576.119954,-911.139308,334.700000
541.689011,-946.261532,377.792000
564.200350,-929.279079,386.000000
631.802844,-928.769355,343.858000
661.947754,-890.056156,339.448000
624.760129,-876.568253,335.056000
613.100253,-915.541366,330.664000
628.304464,-879.314813,346.000000
685.708503,-862.582054,350.876000
703.758589,-828.779798,451.424000
669.472027,-830.693509,418.972000
667.434305,-863.373830,386.387000
701.852331,-840.726907,461.000000
729.471252,-811.716262,361.016000
729.430201,-790.730286,344.180000
708.419014,-794.021520,396.275000
718.038603,-816.388227,379.439000
731.415787,-793.222006,398.000000
763.900000,-682.112000,371.044000
747.436000,-675.500000,359.039000
742.900000,-692.885000,347.083000
743.887000,-694.500000,335.127000
747.562000,-691.118000,383.000000
744.947180,-706.027988,331.880000
720.170996,-670.329620,362.120000
717.735195,-670.159638,352.360000
710.757593,-688.896334,342.560000
735.965844,-709.247638,370.000000
766.000000,-655.420000,347.204000
755.634000,-578.200000,338.420000
693.000000,-599.494000,365.600000
722.565000,-656.200000,356.816000
739.574000,-614.392000,371.000000
765.700000,-570.040000,346.620000
746.440000,-537.600000,341.720000
705.700000,-555.680000,336.840000
740.740000,-577.600000,351.960000
726.520000,-549.000000,354.000000
708.600000,-562.944000,524.230000
687.600000,-536.400000,471.770000
666.600000,-562.902000,419.310000
698.646000,-578.400000,366.635000
428.414125,-1017.652734,337.560000
418.037420,-983.243847,367.800000
389.254193,-986.312604,358.000000
413.872632,-1025.771233,348.240000
410.054812,-1017.576674,369.000000
479.655951,-968.797415,369.492000
455.692423,-925.272433,349.402000
426.003589,-938.898946,329.394000
430.070456,-944.480442,391.386000
448.928174,-954.953962,410.000000
508.775333,-940.782406,331.985000
509.825956,-937.551123,330.765000
475.607364,-903.303320,329.545000
465.649607,-930.668346,328.320000
471.922182,-917.868358,333.000000
529.082049,-926.822216,330.869000
563.637998,-882.162955,346.745000
517.854588,-858.708460,341.600000
505.492677,-905.700408,336.476000
549.379742,-901.738443,350.000000
594.888790,-876.006125,334.715000
621.796738,-838.968398,331.040000
585.847846,-844.724550,342.380000
576.168600,-877.963284,338.720000
611.807033,-846.749079,344.000000
570.587572,-852.452207,331.704000
572.760098,-828.534930,329.996000
548.280746,-831.913131,328.288000
557.205240,-856.996752,333.573000
569.729605,-826.318038,334.000000
588.199692,-815.814720,360.740000
591.464501,-800.574841,352.200000
567.459848,-815.881640,343.625000
564.705981,-818.379324,335.085000
568.345313,-815.398795,362.000000
634.154374,-787.696372,334.192000
626.931288,-769.560313,326.352000
624.655567,-769.653163,350.544000
605.992529,-789.784555,342.736000
619.972704,-792.026079,358.000000
684.445626,-794.595343,334.658000
680.867343,-789.208822,331.242000
642.964315,-753.554192,327.826000
639.532310,-784.245763,338.396000
652.957645,-777.553536,341.000000
697.385975,-775.942303,357.009000
727.522243,-732.880421,349.445000
685.550662,-721.188372,341.850000
675.953320,-764.539049,334.286000
694.820458,-722.624818,362.000000
423.928664,-927.376639,331.358000
422.632462,-891.009888,344.948000
386.526486,-877.885232,340.556000
404.829236,-921.462254,336.164000
431.448630,-909.080889,347.000000
456.932739,-898.383710,336.018000
449.865916,-866.584402,331.382000
421.735580,-868.981628,345.746000
442.382091,-905.013120,341.091000
433.279582,-891.770298,347.000000
514.576394,-853.659860,339.424000
511.623383,-820.934206,335.520000
463.360243,-852.670816,331.600000
463.270916,-856.564827,343.696000
477.189429,-852.682411,344.000000
486.349906,-824.405021,328.186000
490.469861,-820.883454,351.591000
470.878627,-806.051186,344.027000
446.102410,-834.421891,336.463000
470.087214,-836.709587,359.000000
534.284509,-833.389581,335.613000
552.059717,-814.710592,328.537000
536.196978,-808.679223,350.461000
526.919486,-826.568417,343.356000
541.696650,-819.975613,356.000000
524.150193,-809.171217,330.534000
534.267167,-785.053717,329.070000
509.118125,-777.594121,327.600000
510.760216,-803.695522,332.136000
523.340055,-783.096111,333.000000
568.204632,-803.494664,337.453000
561.433543,-767.055158,334.268000
528.463686,-758.470674,331.096000
551.297133,-802.208206,327.911000
546.371416,-751.458220,339.000000
586.763651,-746.754134,327.032000
589.324116,-731.674145,331.568000
568.313447,-743.680181,330.104000
573.793042,-756.987307,328.634000
574.731325,-752.984866,332.000000
626.540694,-735.055720,329.640000
613.781750,-708.287857,327.200000
611.042003,-706.430006,334.750000
591.776358,-728.783932,332.310000
605.702488,-731.918482,335.000000
609.957748,-707.430527,348.948000
611.677110,-704.513405,340.863000
592.980403,-701.877116,332.811000
558.814999,-736.164093,324.726000
580.143180,-716.557403,357.000000
654.001745,-728.287142,325.940000
684.804406,-683.092617,341.060000
638.134891,-662.643534,336.180000
629.730169,-710.422542,331.280000
675.841274,-705.107377,345.000000
321.794642,-1031.451319,329.068000
308.938154,-965.949918,326.140000
241.207835,-922.996687,335.200000
285.690825,-1008.747564,332.272000
309.519758,-978.681097,337.000000
363.838844,-978.584551,348.085000
382.563652,-943.605403,339.510000
335.249509,-969.566749,330.970000
335.189862,-997.923761,357.395000
327.411119,-987.076791,361.000000
354.009686,-950.958339,350.284000
312.575845,-870.960705,344.916000
259.353287,-884.779269,339.548000
260.411197,-892.349579,334.158000
268.105296,-885.547699,352.000000
388.584538,-861.327122,355.248000
349.454046,-802.776495,455.040000
344.898482,-804.056704,422.700000
327.197008,-840.440987,390.492000
362.788071,-860.352070,459.000000
390.335339,-850.738833,338.132000
407.359640,-825.140373,332.742000
368.732980,-791.026505,327.374000
367.808795,-823.969619,343.984000
382.661832,-816.188173,349.000000
453.191052,-796.706309,338.158000
457.629294,-767.907245,334.742000
423.090434,-745.162495,331.312000
433.973000,-781.597580,327.896000
433.781559,-750.170380,341.000000
491.345823,-765.427268,326.000000
486.667110,-731.079035,326.000000
454.326884,-720.772559,326.000000
474.532543,-762.175549,326.000000
499.148843,-750.824349,326.000000
575.525522,-689.314703,331.096000
573.740203,-666.788096,327.176000
549.947186,-675.285123,339.272000
562.128601,-698.530418,335.352000
557.995238,-689.509216,341.000000
557.350269,-706.699350,328.360000
541.379847,-674.904180,327.140000
538.059671,-670.850185,325.915000
518.867787,-693.185557,329.695000
529.172514,-693.745330,330.000000
545.940247,-662.755678,340.424000
548.290978,-659.987391,336.520000
533.888286,-654.500530,332.600000
509.226180,-680.074060,328.696000
521.413319,-664.854763,341.000000
578.387568,-650.741741,329.656000
594.656109,-629.155887,323.286000
572.476772,-618.247733,342.942000
566.933365,-640.979774,336.572000
585.196250,-634.888596,349.000000
282.599293,-840.600689,346.145000
286.535938,-823.470821,337.605000
268.722842,-814.914622,329.030000
273.038730,-835.576852,355.490000
280.873806,-821.629484,362.000000
260.137446,-860.033407,331.746000
241.351445,-803.963918,328.330000
196.046994,-789.624283,324.900000
238.002083,-859.189546,321.484000
224.449981,-783.904593,334.000000
327.015685,-798.100803,326.000000
309.908363,-757.964268,326.000000
279.416213,-765.761239,326.000000
277.747426,-769.000985,326.000000
309.916699,-801.017162,326.000000
298.112374,-702.725642,325.688000
294.542991,-689.368986,324.712000
292.162321,-690.545419,327.732000
270.784180,-713.767160,326.756000
282.322123,-709.348304,328.000000
356.156011,-703.483806,329.998000
355.457866,-702.468801,328.290000
345.968083,-699.255905,326.575000
338.118937,-711.670238,331.867000
344.543748,-704.141810,332.000000
333.141837,-700.416421,324.030000
343.345232,-688.208920,327.805000
333.973988,-690.159503,326.585000
328.698530,-700.348407,325.360000
340.377771,-693.520066,329.000000
364.159948,-692.340046,325.188000
366.682328,-672.052248,324.212000
346.206249,-669.548176,327.232000
353.220213,-691.790373,326.256000
367.462485,-677.454709,328.000000
403.372898,-675.919455,328.356000
397.094118,-655.740265,327.376000
380.683374,-679.056763,326.400000
395.206577,-692.570437,329.424000
385.961294,-686.937282,330.000000
435.134801,-644.501792,342.739000
422.222228,-621.096267,338.084000
396.520541,-647.931953,333.448000
398.196939,-650.590586,328.793000
403.370253,-643.404238,345.000000
401.610974,-604.006408,331.428000
400.737053,-604.515848,368.472000
365.695302,-646.972389,356.467000
377.729923,-636.601849,344.511000
395.681048,-613.285657,372.000000
543.390705,-607.893481,333.136000
579.800534,-572.736530,327.256000
556.929932,-573.035389,345.400000
534.442423,-602.689925,339.544000
559.526325,-582.934385,346.000000
562.900000,-549.176000,340.144000
547.900000,-533.300000,334.264000
522.900000,-543.947000,328.408000
548.420000,-554.300000,322.528000
531.780000,-538.130000,346.000000
504.113143,-653.873913,326.363000
509.968593,-629.434324,348.287000
483.835418,-635.642947,341.182000
489.595841,-659.605358,334.106000
517.001153,-640.592369,354.000000
489.202936,-605.280287,321.000000
483.482571,-575.332483,321.000000
453.543425,-586.186876,321.000000
472.508431,-618.135649,321.000000
467.906447,-604.968652,321.000000
470.500000,-564.733000,321.000000
461.380000,-563.200000,321.000000
460.500000,-563.508000,321.000000
462.250000,-570.200000,321.000000
463.970000,-568.051000,321.000000
454.888016,-572.763695,321.000000
454.322818,-571.750259,321.000000
444.388662,-571.980119,321.000000
442.306985,-586.256198,321.000000
442.892300,-577.029876,321.000000
426.901076,-595.765483,321.856000
433.076894,-570.509413,324.876000
421.361602,-579.034460,323.900000
420.636419,-597.894272,322.924000
429.940961,-580.064951,325.000000
479.100000,-553.320000,321.000000
460.242000,-546.500000,321.000000
437.100000,-552.310000,321.000000
467.004000,-556.500000,321.000000
456.924000,-548.060000,321.000000
410.134803,-568.579628,321.000000
411.372129,-547.538672,321.000000
397.146641,-574.661244,321.000000
402.088089,-586.790967,321.000000
395.762279,-583.417153,321.000000
398.769682,-551.823789,321.000000
393.968403,-540.933421,321.000000
383.930180,-564.294363,321.000000
384.058948,-566.079307,321.000000
393.574032,-563.572242,321.000000
1355.994021,-488.022351,325.280000
1352.042906,-466.538200,311.616000
1346.946526,-469.027024,353.952000
1312.453696,-494.125310,340.232000
1331.991729,-491.650833,360.000000
1269.500000,-523.580000,327.816000
1258.775000,-494.600000,320.984000
1204.500000,-503.510000,314.124000
1232.320000,-524.600000,335.292000
1224.325000,-507.800000,337.000000
1269.000000,-446.893000,327.244000
1259.712000,-416.200000,322.099000
1242.000000,-434.764000,316.975000
1258.389000,-455.200000,311.851000
1242.378000,-426.379000,328.000000
1188.300000,-515.856000,313.570000
1161.104000,-496.400000,310.154000
1136.300000,-517.360000,320.738000
1177.172000,-528.400000,317.308000
1173.844000,-499.024000,324.000000
1131.300000,-503.760000,314.641000
1113.750000,-486.600000,313.909000
1106.300000,-519.960000,313.174000
1130.425000,-526.600000,315.442000
1117.050000,-522.720000,316.000000
1190.100000,-454.200000,318.712000
1123.144000,-449.700000,316.752000
1114.100000,-449.934000,314.800000
1125.044000,-467.700000,312.848000
1124.664000,-462.732000,320.000000
1203.900000,-409.956000,312.420000
1198.260000,-407.400000,338.124000
1109.900000,-414.312000,329.828000
1140.262000,-443.400000,321.498000
1189.518000,-427.020000,342.000000
963.800000,-516.716000,325.266000
955.674000,-496.200000,324.534000
929.800000,-504.733000,326.799000
946.868000,-519.200000,326.067000
948.670000,-504.618000,327.000000
1005.000000,-454.990000,340.564000
975.740000,-433.600000,334.194000
935.000000,-450.100000,327.850000
982.670000,-463.600000,347.506000
953.480000,-439.210000,348.000000
912.300000,-510.920000,325.500000
882.450000,-494.900000,401.100000
862.300000,-516.770000,376.700000
905.300000,-524.900000,352.200000
910.900000,-495.140000,425.000000
911.700000,-458.500000,329.425000
891.524000,-444.300000,323.325000
885.700000,-480.620000,342.200000
886.714000,-484.300000,336.100000
903.380000,-477.460000,347.000000
914.100000,-407.480000,382.256000
866.350000,-402.200000,356.776000
864.100000,-404.810000,331.400000
875.000000,-432.200000,410.024000
883.550000,-421.700000,425.000000
864.200000,-492.043000,400.520000
855.892000,-473.100000,381.244000
802.200000,-478.154000,361.968000
826.814000,-492.100000,342.613000
808.214000,-482.049000,410.000000
863.600000,-448.742000,344.588000
844.194000,-433.200000,404.312000
801.600000,-441.655000,384.957000
837.312000,-452.200000,365.681000
851.572000,-438.748000,410.000000
772.000000,-477.958000,373.368000
772.000000,-435.624000,354.663000
715.912000,-400.000000,352.053000
658.000000,-476.128000,417.825000
658.000000,-494.306000,392.769000
744.070000,-522.000000,396.597000
716.596000,-413.786000,420.000000
757.750000,-419.642000,420.000000
634.400000,-455.164000,374.830000
594.811000,-398.000000,358.726000
575.400000,-497.572000,342.622000
630.506000,-522.000000,326.452000
588.498000,-513.816000,391.000000
574.200000,-433.986000,320.974000
525.750000,-399.300000,352.726000
517.200000,-520.086000,342.436000
523.641000,-522.300000,332.188000
570.267000,-492.165000,361.000000
480.900000,-473.717000,328.492000
480.030000,-469.700000,321.632000
450.900000,-475.979000,342.800000
459.660000,-508.700000,335.968000
470.070000,-492.164000,347.000000
405.300000,-514.508000,322.040000
399.892000,-475.700000,320.088000
379.300000,-489.980000,318.136000
391.546000,-517.700000,324.176000
388.322000,-492.374000,325.000000
499.500000,-443.945000,315.156000
481.698000,-398.500000,315.644000
453.500000,-430.159000,316.134000
483.400000,-459.500000,316.622000
456.076000,-411.798000,315.000000
1271.200000,-332.118000,325.190000
1251.390000,-290.800000,389.365000
1236.200000,-341.754000,368.625000
1265.215000,-363.800000,347.885000
1262.940000,-293.647000,392.000000
1217.300000,-324.801000,356.935000
1180.050000,-315.900000,335.707000
1167.300000,-336.071000,314.479000
1167.700000,-338.900000,380.164000
1190.900000,-335.680000,400.000000
1167.900000,-297.840000,382.339000
1130.940000,-276.000000,361.111000
1127.900000,-281.880000,339.796000
1135.380000,-381.000000,318.568000
1135.140000,-347.505000,400.000000
1100.100000,-301.305000,327.062000
1089.800000,-300.000000,446.352000
1011.900000,-300.000000,411.750000
1000.100000,-310.530000,407.800000
1036.700000,-345.000000,369.090000
1094.800000,-345.000000,322.954000
1089.000000,-322.590000,471.000000
997.200000,-379.450000,360.420000
980.280000,-349.700000,333.824000
937.200000,-364.155000,416.228000
969.900000,-384.700000,389.523000
973.020000,-361.005000,428.000000
998.100000,-282.485000,392.248000
970.440000,-259.000000,365.652000
938.100000,-279.720000,338.947000
981.540000,-294.000000,421.351000
956.460000,-264.040000,428.000000
879.400000,-370.216000,393.444000
864.680000,-358.900000,376.049000
856.400000,-376.633000,358.725000
877.169000,-381.900000,341.330000
856.722000,-381.095000,396.000000
830.200000,-360.116000,346.360000
803.992000,-350.100000,328.792000
798.200000,-380.500000,383.224000
800.824000,-382.100000,365.584000
821.304000,-375.252000,400.000000
889.700000,-303.902000,367.854000
826.826000,-296.800000,347.846000
826.700000,-303.637000,327.756000
843.143000,-349.800000,389.748000
853.853000,-328.971000,405.000000
918.300000,-292.260000,332.229000
901.308000,-261.700000,329.534000
822.300000,-271.556000,326.850000
864.540000,-293.700000,324.155000
835.644000,-275.396000,334.000000
775.600000,-342.760000,343.170000
760.292000,-315.600000,425.574000
732.600000,-332.645000,398.978000
759.217000,-350.600000,372.273000
769.021000,-324.315000,438.000000
769.600000,-291.856000,363.558000
747.130000,-263.200000,341.842000
727.600000,-295.168000,409.037000
761.116000,-311.200000,387.321000
750.952000,-266.608000,415.000000
706.400000,-280.234000,334.424000
671.414000,-253.900000,330.504000
657.400000,-307.135000,326.600000
705.273000,-316.900000,338.680000
670.336000,-310.096000,339.000000
646.650000,-278.648000,320.275000
526.362900,-247.100000,361.855000
511.950000,-250.268000,348.380000
532.963200,-379.100000,334.960000
642.878400,-341.216000,375.000000
614.995500,-309.668000,375.000000
502.100000,-255.780000,322.662000
492.956000,-247.800000,311.438000
375.100000,-274.799000,346.168000
417.645000,-380.800000,334.944000
461.587000,-318.822000,355.000000
498.163000,-257.110000,355.000000
1095.100000,-232.566000,342.560000
1058.956000,-156.800000,332.760000
951.100000,-189.652000,323.000000
1025.116000,-242.800000,353.200000
1007.116000,-187.330000,359.000000
976.156000,-213.990000,359.000000
921.400000,-212.750000,545.880000
921.400000,-189.425000,511.995000
889.150000,-160.100000,484.636000
910.825000,-160.100000,566.964000
846.400000,-202.175000,423.141000
846.400000,-210.650000,370.933000
898.375000,-235.100000,361.897000
861.925000,-235.100000,425.902000
994.700000,-79.718600,320.548000
966.077000,-70.200000,327.352000
947.700000,-83.668000,325.147000
988.684000,-88.400000,322.951000
985.582000,-88.345400,328.000000
999.804634,-51.246358,332.528000
968.589152,-38.774730,325.913000
956.683370,-52.357500,346.325000
958.499985,-54.148192,339.710000
978.173066,-55.044057,347.000000
857.361548,-109.120690,338.855000
830.255545,-87.682958,333.731000
828.283641,-88.545094,328.586000
826.015210,-106.912220,323.462000
829.424001,-101.204092,344.000000
882.755718,-95.760246,321.282000
888.004262,-70.554487,325.818000
840.229747,-48.704152,324.348000
852.000974,-76.947007,322.884000
886.015353,-82.601020,327.000000
917.597615,-28.125918,325.424000
911.346990,-2.824135,321.504000
879.243709,-4.571907,333.600000
898.767983,-27.019634,329.680000
907.332819,-9.454222,336.000000
873.760656,-0.437724,323.190000
872.330073,27.363966,320.018000
853.857650,6.266954,316.833000
864.079346,-13.198492,326.661000
867.989631,24.458741,328.000000
783.200000,-212.503000,396.994000
755.880000,-191.400000,378.129000
743.200000,-229.658000,359.341000
781.040000,-238.400000,340.553000
745.440000,-234.781000,403.000000
712.800000,-201.000000,321.284000
674.010000,-187.500000,325.814000
667.800000,-237.150000,324.350000
673.425000,-237.500000,322.880000
702.180000,-224.700000,326.000000
638.700000,-197.620000,330.645000
635.666000,-195.800000,323.569000
564.700000,-199.240000,316.464000
587.196000,-215.800000,338.388000
599.628000,-207.100000,345.000000
423.000000,-225.980000,375.933000
415.740000,-189.500000,354.128000
390.000000,-203.540000,332.412000
405.939000,-229.500000,310.696000
395.973000,-204.940000,394.000000
776.400000,-109.880000,319.801000
754.455000,-65.900000,326.596000
721.400000,-97.700000,324.400000
757.810000,-125.900000,322.195000
770.295000,-78.320000,328.000000
769.250000,-20.860000,330.240000
707.115000,1.300000,318.528000
661.750000,-27.060000,354.768000
752.157500,-38.700000,343.056000
725.927500,0.180000,360.000000
507.800000,-11.800000,318.456000
462.380000,6.200000,312.821000
447.800000,-36.424000,307.209000
449.000000,-41.800000,324.597000
466.160000,-34.552000,326.000000
245.838791,-576.810452,322.964000
234.850352,-560.001109,322.719000
232.905101,-560.045657,322.475000
222.005757,-576.854999,322.230000
224.158897,-569.207639,323.000000
296.500000,-326.408000,312.255000
295.465000,-326.000000,312.011000
287.500000,-331.904000,312.766000
290.902000,-350.000000,312.522000
293.998000,-337.784000,313.000000
283.000000,-318.042000,312.547000
275.944000,-310.500000,312.302000
259.000000,-314.325000,312.058000
272.368000,-319.500000,312.814000
269.344000,-313.308000,313.000000
159.186013,-566.262007,328.704000
174.298182,-537.858420,326.752000
143.440598,-530.513973,324.800000
142.358398,-563.280634,322.840000
162.688244,-526.790939,330.000000
139.727922,-302.020815,313.260000
132.077027,-277.399357,314.772000
109.622851,-282.628412,314.282000
128.431891,-309.109561,313.794000
127.562150,-306.613474,315.000000
126.616707,-606.353855,359.714000
127.838588,-576.926900,338.399000
75.993519,-623.035919,404.171000
75.654107,-626.565796,382.943000
94.949637,-622.951066,410.000000
61.959499,-546.509064,327.130000
73.757220,-563.868086,324.690000
97.081124,-519.804171,322.250000
6.537685,-402.434476,329.800000
44.715675,-460.496340,330.000000
118.596722,-463.387746,320.110000
176.565858,-403.319246,336.742000
130.016954,-391.420745,331.352000
97.911501,-446.382385,325.984000
153.309423,-432.737891,342.000000
62.917321,-329.705845,324.098000
115.596138,-374.165810,315.768000
102.573855,-327.183500,341.472000
58.476832,-306.043890,333.176000
100.794751,-358.965580,348.000000
41.540340,-301.714494,331.404000
44.914653,-248.831392,323.352000
-8.186237,-260.931403,315.300000
12.987368,-313.070629,340.215000
39.181432,-248.771995,345.000000
364.000000,-170.882000,317.960000
281.236000,-131.500000,313.812000
250.000000,-214.629000,309.647000
362.746000,-228.500000,305.499000
261.058000,-216.860000,320.000000
283.288000,-184.850000,320.000000
306.578332,-50.117245,305.408000
296.816232,-21.310156,315.978000
293.497693,-20.280167,312.562000
259.966436,-56.351372,309.146000
284.447263,-61.361157,317.000000
209.000000,-4.560000,310.463000
205.808000,0.000000,310.219000
171.000000,-20.425000,310.975000
184.186000,-95.000000,310.730000
190.532000,-49.590000,311.000000
170.000000,-186.835000,323.305000
125.290000,0.000000,320.621000
0.000000,-84.710000,317.926000
89.420000,-215.000000,315.242000
37.740000,-73.745000,326.000000
154.020000,-72.455000,326.000000
102.680000,-130.290000,326.000000
68.510000,-17.845000,326.000000
