1522.700000,-1100.397000,305.584000
1515.764000,-1072.200000,305.096000
1505.700000,-1093.260000,304.606000
1517.107000,-1111.200000,304.118000
1508.845000,-1079.883000,306.000000
1493.900000,-1074.360000,307.858000
1482.092000,-1052.600000,307.370000
1469.900000,-1073.782000,306.880000
1488.020000,-1086.600000,306.392000
1471.052000,-1056.476000,308.000000
1570.100000,-974.520000,301.462000
1551.700000,-963.400000,306.754000
1538.100000,-977.540000,305.039000
1564.916000,-983.400000,303.331000
1567.252000,-964.000000,308.000000
1526.200000,-967.090000,305.060000
1516.315000,-952.900000,320.180000
1511.200000,-976.600000,315.280000
1525.030000,-982.900000,310.400000
1522.810000,-981.310000,321.000000
1508.400000,-967.192000,304.060000
1477.236000,-956.300000,301.864000
1466.400000,-980.772000,308.659000
1466.610000,-984.300000,306.463000
1493.154000,-980.464000,310.000000
1494.333796,-729.540058,312.879000
1472.410388,-732.475540,306.291000
1509.107453,-764.825259,326.676000
1511.876692,-764.818713,320.088000
1507.729086,-751.793113,327.000000
1427.300000,-581.711000,319.052000
1405.484000,-569.000000,314.660000
1403.300000,-571.280000,310.250000
1407.428000,-626.000000,323.858000
1412.012000,-608.672000,326.000000
1390.800000,-623.946000,314.008000
1331.280000,-622.000000,312.056000
1330.800000,-623.736000,310.096000
1346.100000,-636.000000,308.144000
1344.360000,-630.582000,316.000000
1366.100000,-577.176000,317.768000
1364.808000,-574.600000,315.084000
1349.100000,-584.122000,312.389000
1354.863000,-620.600000,309.705000
1350.613000,-598.980000,319.000000
1347.700000,-620.452000,308.050000
1343.725000,-580.600000,309.562000
1322.700000,-592.531000,309.072000
1333.250000,-621.600000,308.584000
1346.500000,-598.886000,310.000000
1448.900000,-1103.703000,306.810000
1439.909000,-1079.700000,310.590000
1411.900000,-1089.798000,309.365000
1430.622000,-1106.700000,308.145000
1442.055000,-1089.501000,311.000000
1344.200000,-1101.304000,308.000000
1337.680000,-1073.900000,308.000000
1324.200000,-1089.472000,308.000000
1335.980000,-1107.900000,308.000000
1337.760000,-1083.386000,308.000000
1442.100000,-1056.640000,309.976000
1428.194000,-1042.200000,306.072000
1408.100000,-1053.020000,318.152000
1430.982000,-1062.200000,314.248000
1426.494000,-1046.120000,319.000000
1434.000000,-1020.058000,314.460000
1390.123000,-1006.000000,309.580000
1345.000000,-1019.728000,304.680000
1412.284000,-1028.000000,319.800000
1380.956000,-1008.486000,323.000000
1344.900000,-1042.045000,318.070000
1309.188000,-1009.300000,313.922000
1282.900000,-1051.072000,309.757000
1334.918000,-1068.300000,322.609000
1299.454000,-1011.011000,323.000000
1446.100000,-958.348000,313.858000
1430.260000,-942.300000,310.442000
1422.100000,-969.194000,307.012000
1444.252000,-976.300000,303.596000
1425.220000,-974.464000,316.000000
1399.000000,-967.604000,305.952000
1365.565000,-954.800000,305.220000
1354.000000,-983.675000,304.485000
1354.270000,-987.800000,303.753000
1398.685000,-983.246000,306.000000
1337.700000,-961.365000,304.484000
1324.468000,-951.300000,307.508000
1321.700000,-982.914000,306.528000
1323.140000,-984.300000,305.552000
1335.396000,-977.007000,308.000000
1430.300000,-919.396000,312.578000
1387.530000,-915.400000,302.574000
1383.300000,-916.156000,333.529000
1391.431000,-933.400000,323.525000
1417.093000,-927.910000,343.000000
1308.000000,-846.436000,326.960000
1290.126000,-836.500000,315.248000
1290.000000,-845.500000,351.536000
1294.626000,-908.500000,339.776000
1300.476000,-880.564000,356.000000
1302.100000,-754.630000,322.428000
1300.945000,-753.200000,315.352000
1287.100000,-758.608000,308.276000
1292.200000,-779.200000,330.171000
1293.775000,-766.954000,336.000000
1356.800000,-794.365000,326.401000
1345.280000,-779.800000,319.325000
1284.800000,-784.180000,312.249000
1315.256000,-794.800000,334.144000
1306.976000,-786.475000,336.000000
1451.000000,-774.920000,329.016000
1425.380000,-761.600000,320.232000
1346.000000,-767.225000,311.448000
1399.235000,-776.600000,302.628000
1363.955000,-767.030000,336.000000
1446.700000,-752.948000,333.948000
1442.122000,-723.200000,325.164000
1432.700000,-740.183000,316.380000
1440.960000,-760.200000,307.560000
1433.176000,-733.486000,336.000000
1445.200000,-716.715000,303.840000
1410.676000,-705.900000,340.128000
1361.200000,-714.030000,328.416000
1417.816000,-720.900000,316.656000
1436.548000,-708.825000,348.000000
1359.800000,-725.106000,321.114000
1351.896000,-701.500000,352.866000
1343.800000,-724.662000,342.618000
1355.912000,-738.500000,332.328000
1355.960000,-705.607000,354.000000
1342.600000,-706.856000,326.868000
1321.251000,-699.100000,316.620000
1305.600000,-709.026000,348.372000
1336.680000,-713.100000,338.082000
1328.651000,-699.492000,354.000000
1302.800000,-718.272000,332.622000
1291.563000,-703.200000,322.374000
1285.800000,-728.544000,312.126000
1301.508000,-735.200000,343.836000
1294.062000,-733.440000,354.000000
1268.400000,-1064.185000,317.676000
1249.800000,-1042.900000,313.528000
1243.400000,-1091.080000,309.380000
1243.575000,-1097.900000,322.215000
1252.125000,-1090.255000,324.000000
1228.600000,-1082.924000,310.825000
1220.320000,-1073.500000,309.605000
1218.600000,-1103.229000,308.385000
1219.510000,-1104.500000,307.160000
1220.720000,-1097.618000,312.000000
1220.900000,-1096.700000,311.706000
1192.659000,-1094.500000,310.974000
1189.900000,-1094.930000,310.242000
1195.294000,-1104.500000,309.507000
1192.225000,-1101.440000,312.000000
1216.600000,-1058.755000,307.039000
1208.640000,-1056.700000,307.795000
1208.600000,-1058.590000,307.551000
1210.664000,-1071.700000,307.306000
1216.104000,-1065.865000,308.000000
1195.000000,-1052.944000,309.528000
1194.220000,-1051.000000,311.796000
1185.000000,-1058.560000,311.064000
1188.410000,-1087.000000,310.329000
1193.010000,-1069.972000,312.000000
1187.000000,-1102.920000,313.443000
1184.585000,-1077.700000,310.759000
1172.000000,-1085.318000,319.075000
1178.360000,-1103.700000,316.380000
1181.960000,-1089.244000,321.000000
1148.400000,-1099.775000,311.000000
1136.150000,-1077.600000,311.000000
1098.400000,-1087.000000,311.000000
1123.800000,-1102.600000,311.000000
1124.750000,-1086.625000,311.000000
1231.100000,-1015.666000,310.174000
1223.884000,-998.000000,309.686000
1209.100000,-1008.120000,309.198000
1222.102000,-1020.000000,310.708000
1217.680000,-1004.094000,311.000000
1206.100000,-1034.220000,312.620000
1200.332000,-1004.700000,311.400000
1192.100000,-1026.963000,310.180000
1201.550000,-1045.700000,313.955000
1195.642000,-1012.654000,314.000000
1143.300000,-1029.792000,324.054000
1124.490000,-999.900000,320.638000
1105.300000,-1029.369000,317.222000
1134.104000,-1046.900000,313.792000
1109.708000,-1005.070000,326.000000
1268.000000,-930.730000,314.986000
1251.209000,-925.200000,313.278000
1239.000000,-932.300000,311.570000
1263.418000,-935.200000,309.855000
1267.391000,-925.470000,315.000000
1238.900000,-962.810000,310.540000
1230.294000,-947.300000,313.564000
1225.900000,-973.469000,312.588000
1237.925000,-980.300000,311.608000
1236.846000,-978.419000,314.000000
1224.200000,-960.208000,311.088000
1215.260000,-949.400000,310.112000
1212.200000,-973.956000,313.136000
1212.296000,-977.400000,312.156000
1220.660000,-973.480000,314.000000
1179.800000,-968.936000,311.636000
1160.733000,-965.300000,310.660000
1156.800000,-976.820000,313.684000
1158.916000,-977.300000,312.704000
1169.864000,-974.624000,314.000000
1190.200000,-941.370000,319.282000
1130.008000,-934.800000,315.134000
1124.200000,-936.120000,310.986000
1135.750000,-964.800000,323.821000
1152.646000,-955.590000,327.000000
1268.300000,-856.492000,312.415000
1254.356000,-853.500000,311.195000
1254.300000,-856.294000,309.975000
1257.926000,-875.500000,313.750000
1258.416000,-866.920000,314.000000
1257.000000,-831.192000,312.640000
1256.052000,-830.100000,312.152000
1245.000000,-834.531000,311.664000
1249.104000,-851.100000,311.174000
1246.884000,-841.146000,313.000000
1157.500000,-871.670000,316.000000
1155.381000,-842.600000,316.000000
1144.500000,-851.420000,316.000000
1150.038000,-872.600000,316.000000
1144.760000,-855.890000,316.000000
1145.100000,-870.990000,316.000000
1136.490000,-857.700000,316.000000
1110.100000,-863.355000,316.000000
1127.915000,-872.700000,316.000000
1141.005000,-863.085000,316.000000
1259.300000,-797.318000,310.769000
1252.720000,-790.100000,310.013000
1239.300000,-794.249000,310.257000
1251.140000,-799.100000,310.502000
1254.220000,-792.584000,310.000000
1213.100000,-792.959000,313.000000
1207.731000,-749.100000,313.000000
1200.100000,-782.284000,313.000000
1208.888000,-810.100000,313.000000
1208.017000,-760.873000,313.000000
1200.200000,-787.235000,321.585000
1193.752000,-748.500000,317.437000
1187.200000,-786.808000,313.289000
1197.067000,-809.500000,326.124000
1193.336000,-755.149000,330.000000
1142.500000,-795.352000,322.494000
1121.040000,-781.000000,320.786000
1105.500000,-799.486000,319.078000
1136.691000,-807.000000,324.363000
1117.895000,-781.676000,325.000000
1270.600000,-745.884000,315.116000
1237.450000,-739.800000,314.140000
1220.600000,-750.135000,313.164000
1266.900000,-752.800000,312.184000
1230.500000,-752.046000,316.000000
1238.100000,-705.840000,332.572000
1205.276000,-688.900000,328.424000
1194.100000,-727.532000,324.276000
1194.540000,-732.900000,320.111000
1196.784000,-726.696000,334.000000
1172.300000,-706.264000,317.106000
1150.720000,-696.600000,318.618000
1146.300000,-727.352000,318.130000
1148.718000,-728.600000,317.640000
1170.324000,-721.400000,319.000000
1138.700000,-688.770000,319.570000
1113.136000,-685.500000,321.838000
1110.700000,-686.175000,321.106000
1115.628000,-700.500000,320.371000
1132.736000,-695.880000,322.000000
1202.900000,-644.470000,325.521000
1121.146000,-641.500000,319.909000
1120.900000,-644.316000,337.297000
1142.220000,-663.500000,331.662000
1174.200000,-654.898000,341.000000
1148.800000,-602.044000,319.248000
1145.600000,-599.800000,317.540000
1108.800000,-609.128000,322.832000
1122.520000,-643.800000,321.117000
1129.320000,-622.900000,323.000000
1251.400000,-633.964000,316.611000
1235.328000,-587.500000,313.927000
1153.400000,-601.660000,311.243000
1195.246000,-635.500000,319.548000
1190.248000,-608.716000,321.000000
1253.000000,-582.564000,329.616000
1232.005000,-564.000000,321.808000
1168.000000,-571.959000,314.000000
1211.350000,-585.000000,306.160000
1188.315000,-571.518000,338.000000
994.600000,-1089.434000,374.625000
976.780000,-1062.200000,358.277000
940.600000,-1077.908000,341.929000
972.676000,-1096.200000,325.514000
946.108000,-1071.550000,383.000000
1076.100000,-1036.972000,312.216000
1062.024000,-998.200000,325.824000
1042.100000,-1027.630000,321.432000
1065.118000,-1052.200000,317.022000
1074.910000,-1008.514000,330.000000
1024.800000,-1029.536000,319.341000
976.094000,-995.300000,326.145000
926.800000,-1029.266000,323.949000
1001.280000,-1049.300000,321.744000
1007.944000,-1001.132000,327.000000
995.200000,-954.842000,339.306000
958.597000,-931.700000,321.982000
932.200000,-961.604000,375.658000
985.372000,-973.700000,358.263000
975.733000,-932.750000,390.000000
1073.100000,-906.582000,320.922000
1031.932000,-885.100000,317.506000
1011.100000,-921.716000,328.090000
1068.574000,-931.100000,324.660000
1045.448000,-928.386000,329.000000
1021.800000,-841.880000,323.360000
997.116000,-824.600000,321.896000
988.800000,-864.155000,320.432000
989.163000,-869.600000,324.962000
1002.561000,-863.210000,326.000000
1078.200000,-767.654000,350.759000
1053.270000,-751.400000,339.291000
1048.200000,-803.402000,327.823000
1051.020000,-805.400000,363.308000
1056.600000,-793.196000,365.000000
1028.200000,-768.516000,338.348000
987.984000,-758.100000,332.980000
984.200000,-760.308000,327.612000
992.032000,-806.100000,322.222000
990.492000,-791.268000,342.000000
986.200000,-751.240000,344.391000
930.312000,-743.200000,339.267000
930.200000,-750.940000,334.143000
944.816000,-803.200000,328.998000
930.536000,-779.680000,345.000000
1023.800000,-682.500000,327.160000
1016.348000,-679.400000,342.280000
931.800000,-692.606000,337.400000
963.448000,-741.400000,332.500000
1011.748000,-711.888000,345.000000
1083.800000,-662.620000,320.715000
1076.375000,-604.600000,319.007000
1038.800000,-622.360000,324.299000
1058.060000,-664.600000,322.584000
1071.740000,-631.060000,326.000000
987.100000,-658.497000,324.764000
982.636000,-606.400000,324.276000
969.100000,-628.820000,325.788000
978.298000,-665.400000,325.298000
979.810000,-627.463000,326.000000
965.000000,-655.800000,334.823000
959.688000,-626.200000,330.675000
949.000000,-643.331000,326.527000
958.520000,-663.200000,339.362000
956.328000,-636.338000,343.000000
1066.900000,-580.718000,333.808000
1010.460000,-542.000000,329.416000
930.900000,-571.538000,325.024000
1023.108000,-596.000000,338.614000
974.556000,-552.260000,340.000000
813.700000,-1085.353000,327.734000
796.768000,-1059.400000,325.039000
779.700000,-1085.230000,322.355000
805.608000,-1100.400000,319.660000
785.956000,-1063.787000,330.000000
892.700000,-1045.350000,338.896000
850.214000,-988.700000,334.976000
819.700000,-1062.139000,331.072000
881.385000,-1091.700000,327.152000
823.131000,-991.172000,340.000000
809.800000,-1023.760000,324.884000
790.515000,-995.800000,334.699000
780.800000,-1043.620000,331.527000
807.712000,-1055.800000,328.342000
807.190000,-1052.200000,337.000000
773.400000,-1081.775000,325.280000
734.452000,-1072.200000,337.360000
721.400000,-1094.200000,333.456000
722.024000,-1097.200000,329.536000
761.596000,-1093.625000,338.000000
772.800000,-1016.944000,361.936000
752.000000,-1000.200000,335.476000
747.800000,-1054.184000,417.124000
750.175000,-1056.200000,390.664000
763.700000,-1043.488000,433.000000
840.300000,-932.348000,360.362000
789.004000,-920.900000,341.252000
784.300000,-923.391000,400.220000
794.324000,-973.900000,381.110000
812.244000,-957.470000,401.000000
844.200000,-832.978000,342.936000
782.262000,-824.200000,337.791000
782.200000,-832.846000,332.667000
798.444000,-890.200000,348.522000
804.644000,-864.196000,351.000000
769.300000,-827.101000,377.439000
767.824000,-824.700000,362.004000
751.300000,-835.186000,346.632000
757.510000,-873.700000,331.197000
755.350000,-850.327000,393.000000
740.770115,-870.756172,386.070000
756.533290,-831.193984,370.635000
738.884500,-837.305872,355.263000
731.871089,-868.204338,339.828000
737.468513,-843.596079,393.000000
869.700000,-762.104000,325.486000
857.250000,-742.700000,339.076000
819.700000,-751.082000,334.684000
845.300000,-764.700000,330.274000
867.250000,-750.532000,343.000000
907.900000,-784.040000,327.952000
896.245000,-736.100000,341.542000
872.900000,-763.940000,337.150000
893.760000,-796.100000,332.740000
901.390000,-752.480000,343.000000
827.718128,-800.189707,391.996000
824.259938,-766.183247,343.976000
790.840570,-773.550110,492.152000
809.647357,-803.663217,444.132000
824.496335,-774.821068,529.000000
909.000000,-651.356000,337.512000
877.500000,-630.500000,331.632000
846.000000,-651.323000,349.776000
894.069000,-663.500000,343.896000
880.020000,-633.998000,351.000000
840.600000,-654.427000,372.975000
810.284000,-641.800000,355.090000
788.600000,-658.245000,337.278000
832.592000,-664.800000,392.393000
809.556000,-642.306000,404.000000
897.700000,-609.340000,478.080000
843.088000,-592.600000,425.405000
844.892000,-592.600000,497.430000
815.700000,-621.328000,372.945000
891.878000,-628.600000,535.270000
873.838000,-628.600000,376.600000
906.700000,-557.426000,337.735000
815.200000,-541.000000,334.060000
784.700000,-578.883000,330.400000
786.286000,-584.000000,326.725000
800.438000,-577.808000,340.000000
555.235737,-1135.759511,354.580000
536.564250,-1111.303487,347.230000
513.911027,-1134.435706,339.910000
516.050726,-1137.272132,332.560000
546.256711,-1148.570743,355.000000
536.406080,-1160.358050,345.557000
490.357637,-1122.036550,465.602000
521.289029,-1142.900038,392.780000
485.133424,-1120.133931,426.806000
479.927318,-1148.775314,387.851000
492.267542,-1157.098900,462.422000
521.170793,-1166.090643,485.000000
507.493356,-1092.592175,341.860000
510.343927,-1090.283828,326.915000
496.143828,-1078.621169,373.031000
480.235276,-1097.595181,358.086000
493.984644,-1096.999723,387.000000
606.848439,-1055.108465,368.273000
606.163600,-1049.610120,341.568000
563.689712,-1017.999178,423.972000
538.705031,-1063.235685,397.267000
569.611667,-1055.069682,434.000000
615.629809,-1036.859806,343.088000
621.189515,-1022.257869,335.248000
593.308740,-994.457352,327.440000
598.389514,-1016.348433,351.600000
604.918191,-1011.908302,358.000000
626.859619,-1009.112606,333.381000
652.477677,-977.751745,330.686000
623.542859,-969.335400,328.002000
612.584194,-999.993104,336.307000
630.862736,-976.444042,337.000000
652.282681,-963.079944,358.512000
671.455635,-941.107326,348.957000
652.159301,-943.878462,339.441000
642.827034,-962.958514,329.886000
659.163678,-941.487666,366.000000
430.033362,-1100.696408,328.945000
440.479511,-1065.944924,328.700000
404.582284,-1058.255065,328.456000
410.830541,-1096.070156,328.211000
417.382982,-1049.969955,329.000000
450.823369,-1049.641009,333.330000
458.317973,-1026.810668,382.405000
434.436170,-1029.455352,366.545000
437.785320,-1052.303456,350.620000
462.202608,-1036.946885,393.000000
521.104883,-1025.954098,340.016000
525.829915,-1004.844088,388.336000
502.559046,-1011.376751,372.720000
507.976844,-1032.056868,357.040000
530.288702,-1011.384680,390.000000
506.316388,-999.944235,345.444000
509.268360,-977.784001,333.439000
482.729983,-989.448659,370.483000
490.738399,-1010.516955,358.478000
487.952225,-1003.628153,377.000000
551.203660,-1002.510713,344.762000
533.084516,-965.000059,336.432000
507.486606,-968.427069,328.136000
505.669791,-970.871086,353.806000
524.512509,-988.339997,362.000000
604.621845,-956.718607,331.150000
600.856389,-923.280459,329.925000
551.510402,-955.977580,328.705000
551.974100,-959.845818,332.480000
568.200672,-957.687005,333.000000
586.107312,-924.926617,372.719000
586.431001,-904.583329,358.754000
583.230839,-905.381026,344.846000
540.084244,-944.279809,330.881000
555.195839,-932.698928,386.000000
663.487085,-903.111963,344.272000
668.914330,-898.659162,339.862000
635.041770,-868.242344,335.470000
606.133676,-906.938360,331.060000
617.371476,-886.836375,346.000000
711.315463,-841.845947,333.453000
711.269528,-838.055035,433.868000
682.722366,-819.963596,401.416000
659.923366,-854.098593,368.831000
691.509452,-855.047234,461.000000
721.000361,-818.575854,341.282000
736.855553,-799.899832,393.377000
716.889905,-787.161928,376.541000
710.613252,-807.218682,359.636000
727.821500,-806.103703,398.000000
763.900000,-692.220000,349.435000
758.629000,-675.500000,337.430000
742.900000,-682.777000,374.474000
753.715000,-694.500000,362.469000
756.823000,-682.226000,383.000000
735.674274,-713.537039,348.080000
737.955591,-692.291765,338.280000
712.242327,-674.607675,368.520000
721.292416,-701.905757,358.720000
730.032433,-690.659131,370.000000
766.000000,-633.814000,356.204000
735.486000,-578.200000,347.384000
693.000000,-621.100000,338.600000
742.713000,-656.200000,365.780000
721.397000,-592.786000,371.000000
765.700000,-562.800000,348.520000
735.580000,-537.600000,343.620000
705.700000,-562.920000,338.740000
751.600000,-577.600000,353.840000
720.820000,-541.760000,354.000000
708.600000,-559.332000,511.545000
684.030000,-536.400000,458.870000
666.600000,-566.514000,406.410000
702.216000,-578.400000,353.735000
428.180982,-1017.841530,329.000000
418.345787,-983.624648,359.200000
389.487337,-986.123807,349.440000
413.564265,-1025.390432,339.640000
416.451559,-1025.952703,369.000000
477.019872,-970.932070,339.234000
459.494777,-929.967949,401.144000
428.614799,-936.784429,381.136000
426.268102,-939.784926,361.046000
459.553460,-973.414189,410.000000
504.089143,-944.577208,329.370000
484.716073,-906.542999,328.145000
456.979175,-918.388130,331.925000
459.324937,-922.858029,330.700000
483.724186,-942.024384,333.000000
561.862065,-900.277482,337.631000
537.093264,-849.382939,332.486000
531.703329,-847.493971,348.362000
494.278188,-891.851667,343.217000
523.456919,-897.947342,350.000000
623.239075,-853.048518,337.220000
629.216425,-848.130949,333.545000
604.126319,-829.922935,329.885000
568.748912,-868.800733,341.210000
590.375665,-857.657193,344.000000
582.524534,-842.785846,331.795000
581.973349,-839.912347,330.080000
559.658163,-822.699880,328.372000
547.991989,-845.619335,333.657000
558.125633,-835.251516,334.000000
573.701257,-827.555321,355.770000
596.242301,-806.474933,347.195000
581.958283,-804.141039,338.655000
568.109345,-822.582129,330.080000
579.877274,-808.435755,362.000000
618.851593,-800.088320,356.688000
635.477459,-780.113955,348.848000
617.421115,-775.511507,341.040000
610.032766,-794.773832,333.200000
618.358911,-775.241063,358.000000
666.979270,-808.739319,328.344000
672.654712,-779.067067,338.914000
637.870900,-757.678758,335.498000
647.744941,-794.387518,332.068000
674.549323,-793.802629,341.000000
703.447713,-771.033604,338.223000
723.463126,-727.867829,361.628000
679.488924,-726.097071,354.064000
680.043903,-769.590497,346.500000
719.950605,-741.263642,362.000000
424.800622,-926.670542,335.660000
421.305855,-889.371664,331.250000
385.654528,-878.591330,344.858000
406.155844,-923.100478,340.466000
422.995319,-896.859043,347.000000
455.510562,-899.535367,337.633000
451.621720,-868.752639,332.978000
423.157757,-867.829971,328.342000
440.626287,-902.844883,342.706000
452.792953,-871.104731,347.000000
507.255679,-859.588058,338.304000
514.883891,-824.960599,334.384000
470.680957,-846.742618,330.480000
480.777980,-878.184250,342.576000
471.322445,-860.405816,344.000000
477.928752,-831.224337,352.211000
479.187405,-806.950781,344.616000
445.882504,-826.292648,337.052000
442.281176,-829.703061,329.488000
449.960701,-829.073988,359.000000
547.965386,-822.311025,353.622000
544.674013,-805.590007,346.517000
522.516100,-819.757779,339.441000
522.977423,-821.700374,332.365000
527.371371,-817.215758,356.000000
537.112988,-798.674153,327.330000
522.370494,-770.362550,331.860000
519.446395,-769.230453,330.396000
501.259995,-791.963727,328.932000
524.437726,-805.569641,333.000000
578.952561,-794.791163,328.496000
581.823523,-792.234687,338.311000
541.030137,-748.294563,335.139000
530.907152,-777.028677,331.967000
559.821071,-793.761545,339.000000
594.706082,-740.322480,327.974000
594.918774,-738.582972,326.504000
582.131102,-732.490864,331.040000
568.198384,-750.078479,329.576000
581.299321,-744.855925,332.000000
609.521198,-748.837836,329.660000
628.502813,-726.466855,327.210000
604.747121,-711.527501,334.770000
597.193548,-735.473605,332.330000
611.957094,-726.771249,335.000000
570.800471,-739.139464,343.899000
610.025144,-702.473397,335.814000
584.731776,-708.556723,327.762000
560.457525,-738.192444,352.710000
589.836098,-711.661347,357.000000
657.685417,-725.304164,339.800000
681.771711,-679.347551,334.900000
634.451220,-665.626512,330.020000
632.724476,-714.120202,325.140000
652.960073,-669.319513,345.000000
321.200125,-1031.932750,335.524000
310.297486,-967.628553,332.584000
241.802352,-922.515257,329.656000
284.246534,-1006.964014,326.728000
263.217701,-922.718416,337.000000
357.603802,-983.633588,326.490000
384.325750,-945.781412,352.915000
341.429374,-964.562393,344.375000
333.412032,-995.728323,335.835000
386.115884,-959.386876,361.000000
345.280783,-958.026866,333.322000
327.105594,-888.903451,349.932000
268.082190,-877.710742,344.564000
315.666156,-960.583771,339.196000
355.269997,-925.228116,352.000000
378.898190,-869.170971,365.016000
363.183300,-819.730711,332.676000
322.721845,-822.014990,432.468000
358.733511,-879.385325,400.260000
349.748705,-864.055286,459.000000
404.347280,-839.392187,336.350000
384.666347,-797.116490,330.960000
354.721038,-802.373151,347.592000
352.705106,-805.318116,342.224000
376.417892,-827.498068,349.000000
463.787437,-788.125526,334.868000
438.841563,-744.706330,331.438000
412.494049,-753.743278,328.022000
415.593698,-758.901032,338.606000
432.157660,-769.402227,341.000000
500.586089,-757.944648,326.000000
471.701871,-712.598504,326.000000
467.623852,-710.004887,326.000000
452.997199,-735.581614,326.000000
463.586520,-734.096597,326.000000
582.602213,-683.584112,338.376000
585.379483,-681.161410,334.456000
565.407727,-662.765423,330.552000
550.489321,-684.157103,326.648000
557.340729,-674.231387,341.000000
562.263386,-702.720786,329.865000
561.039816,-699.182220,328.640000
533.146555,-674.828749,327.420000
524.380634,-699.993356,326.200000
526.556323,-680.422765,330.000000
516.633296,-686.487979,326.760000
547.207288,-658.649146,338.840000
529.777961,-657.829005,334.936000
510.309870,-681.412306,331.032000
533.047799,-670.817845,341.000000
578.996932,-650.250046,329.422000
594.146203,-628.523953,323.052000
571.867408,-618.739428,342.708000
567.443271,-641.611707,336.364000
585.969513,-634.600022,349.000000
281.596650,-841.302747,340.440000
287.667030,-825.086188,331.865000
269.725484,-814.212564,358.325000
271.907637,-833.961484,349.785000
282.599093,-826.227429,362.000000
255.388580,-863.810826,327.294000
250.991084,-816.082606,323.864000
200.795860,-785.846864,320.448000
228.362444,-847.070859,331.032000
238.507282,-811.324605,334.000000
320.547478,-803.282815,326.000000
318.814945,-769.081499,326.000000
285.884420,-760.579228,326.000000
303.229190,-800.807427,326.000000
310.299607,-763.570633,326.000000
289.213437,-710.880016,327.180000
297.652057,-692.761937,326.200000
275.993829,-705.361112,325.224000
276.457786,-719.958815,324.248000
295.223461,-690.967138,328.000000
349.838282,-709.272938,331.524000
351.742120,-698.413776,329.809000
338.277543,-706.302986,328.101000
341.834683,-715.725263,326.393000
336.767240,-708.310842,332.000000
339.501591,-694.588780,324.345000
341.198206,-685.865853,328.120000
327.614234,-695.987144,326.900000
326.116424,-697.530533,325.680000
332.431320,-700.203500,329.000000
370.467558,-687.047333,324.824000
359.990266,-664.076960,327.844000
339.898639,-674.840890,326.868000
341.271434,-677.550373,325.892000
357.866030,-688.989917,328.000000
406.716626,-667.343237,327.372000
392.193423,-653.829563,326.392000
390.053439,-655.023788,329.416000
381.473449,-687.216114,328.440000
393.888942,-680.148261,330.000000
438.909546,-639.400517,335.120000
441.617686,-635.448151,330.465000
415.349061,-622.486668,344.829000
402.113330,-653.488563,340.193000
416.493050,-645.220156,345.000000
401.445508,-603.867565,353.233000
398.145333,-607.604540,341.228000
365.860768,-647.111231,329.272000
380.321643,-633.513158,366.316000
379.533311,-632.193744,372.000000
542.397911,-608.726534,340.096000
580.078218,-573.067461,334.216000
557.922726,-572.202336,328.360000
534.176309,-602.372782,322.504000
555.178180,-579.768686,346.000000
562.900000,-551.696000,343.384000
552.660000,-533.300000,337.504000
522.900000,-541.427000,331.648000
543.660000,-554.300000,325.792000
526.380000,-540.629000,346.000000
498.348659,-658.710889,325.812000
513.699975,-633.881212,347.707000
489.599902,-630.805971,340.631000
485.864459,-655.158470,333.555000
511.583773,-645.843009,354.000000
480.625439,-611.981763,321.000000
490.544208,-584.370967,321.000000
462.120922,-579.485401,321.000000
465.446794,-609.097166,321.000000
490.872955,-595.195188,321.000000
470.500000,-567.575000,321.000000
465.440000,-563.200000,321.000000
460.500000,-567.666000,321.000000
468.190000,-570.200000,321.000000
467.260000,-563.893000,321.000000
451.430089,-581.111870,321.000000
449.712659,-569.840669,321.000000
440.958288,-580.261776,321.000000
446.917144,-588.165788,321.000000
450.794251,-570.600408,321.000000
431.095528,-584.426406,323.304000
428.919232,-568.971447,322.324000
417.167150,-590.373538,321.348000
424.794081,-599.432237,324.372000
419.992670,-595.481044,325.000000
479.100000,-550.250000,321.000000
447.348000,-546.500000,321.000000
437.100000,-555.380000,321.000000
437.940000,-556.500000,321.000000
448.230000,-554.990000,321.000000
413.118131,-560.684480,321.000000
409.388987,-546.789305,321.000000
394.163314,-582.556391,321.000000
394.716790,-584.005585,321.000000
398.273315,-575.300780,321.000000
399.784192,-548.860650,321.000000
392.870944,-540.557677,321.000000
391.661441,-541.713197,321.000000
385.156407,-566.455052,321.000000
395.553549,-560.939498,321.000000
1356.833656,-487.556934,310.944000
1362.010107,-484.519507,353.224000
1346.106891,-469.492441,339.560000
1312.667497,-494.511018,325.896000
1335.447882,-495.905738,360.000000
1269.500000,-495.830000,316.308000
1263.650000,-494.600000,309.448000
1204.500000,-501.260000,330.616000
1227.445000,-524.600000,323.784000
1251.105000,-510.050000,337.000000
1269.000000,-453.562000,315.358000
1264.302000,-416.200000,310.213000
1242.000000,-428.095000,326.089000
1253.799000,-455.200000,320.965000
1257.660000,-433.048000,328.000000
1188.300000,-524.400000,317.490000
1174.936000,-496.400000,314.060000
1136.300000,-508.848000,310.644000
1163.340000,-528.400000,321.228000
1159.336000,-507.536000,324.000000
1131.300000,-518.240000,315.016000
1122.800000,-486.600000,314.281000
1106.300000,-505.480000,313.549000
1121.400000,-526.600000,315.817000
1113.950000,-497.200000,316.000000
1190.100000,-462.444000,318.472000
1157.876000,-449.700000,316.512000
1114.100000,-459.690000,314.560000
1166.312000,-467.700000,312.608000
1126.944000,-452.976000,320.000000
1203.900000,-429.864000,340.164000
1156.242000,-407.400000,331.834000
1109.900000,-430.404000,323.538000
1182.280000,-443.400000,315.242000
1112.908000,-410.928000,342.000000
963.800000,-508.643000,324.249000
943.706000,-496.200000,326.514000
929.800000,-512.806000,325.782000
958.836000,-519.200000,325.050000
960.230000,-496.545000,327.000000
1005.000000,-447.310000,327.720000
957.820000,-433.600000,347.350000
935.000000,-457.780000,341.006000
1000.590000,-463.600000,334.662000
988.060000,-461.530000,348.000000
912.300000,-506.120000,360.700000
874.400000,-494.900000,336.200000
862.300000,-521.570000,411.800000
863.350000,-524.900000,387.400000
893.350000,-520.340000,425.000000
911.700000,-455.940000,334.350000
889.834000,-444.300000,328.250000
885.700000,-483.220000,322.125000
888.404000,-484.300000,341.025000
898.284000,-474.860000,347.000000
914.100000,-408.410000,386.624000
867.900000,-402.200000,361.248000
864.100000,-403.880000,335.768000
873.500000,-432.200000,414.392000
881.450000,-422.630000,425.000000
864.200000,-475.456000,391.672000
863.704000,-473.100000,372.396000
802.200000,-475.741000,353.041000
819.002000,-492.100000,333.765000
815.220000,-484.462000,410.000000
863.600000,-433.960000,402.495000
857.958000,-433.200000,383.219000
801.600000,-437.437000,363.864000
823.548000,-452.200000,344.588000
806.126000,-442.966000,410.000000
772.000000,-516.754000,336.654000
772.000000,-509.434000,343.788000
752.050000,-400.000000,402.426000
658.000000,-437.332000,381.111000
658.000000,-420.618000,381.894000
707.932000,-522.000000,359.883000
764.704000,-452.582000,420.000000
772.000000,-493.452000,420.000000
634.400000,-506.252000,336.814000
619.178000,-398.000000,386.710000
575.400000,-446.360000,370.540000
606.139000,-522.000000,354.436000
622.541000,-441.028000,391.000000
574.200000,-496.470000,332.272000
554.706000,-399.300000,322.024000
517.200000,-457.479000,353.734000
551.685000,-522.300000,343.486000
554.934000,-431.772000,361.000000
480.900000,-497.273000,331.684000
468.150000,-469.700000,324.852000
450.900000,-491.423000,345.992000
471.540000,-508.700000,339.160000
466.650000,-476.720000,347.000000
405.300000,-501.866000,321.720000
392.092000,-475.700000,319.768000
379.300000,-502.580000,317.808000
399.346000,-517.700000,323.856000
389.388000,-479.774000,325.000000
499.500000,-431.440000,315.546000
472.268000,-398.500000,316.034000
453.500000,-442.603000,316.524000
492.830000,-459.500000,315.012000
465.046000,-399.354000,315.000000
1271.200000,-324.088000,380.440000
1247.575000,-290.800000,359.700000
1236.200000,-349.711000,338.875000
1269.030000,-363.800000,318.135000
1240.190000,-358.690000,392.000000
1217.300000,-324.479000,313.087000
1179.350000,-315.900000,378.859000
1167.300000,-336.370000,357.544000
1168.400000,-338.900000,336.316000
1216.150000,-335.381000,400.000000
1167.900000,-306.345000,325.006000
1134.220000,-276.000000,390.778000
1127.900000,-378.270000,369.463000
1132.100000,-381.000000,348.235000
1161.500000,-356.115000,400.000000
1100.100000,-309.270000,356.450000
1007.500000,-300.000000,317.898000
1026.600000,-300.000000,344.126000
1000.100000,-302.565000,437.188000
1019.000000,-345.000000,398.636000
1080.200000,-345.000000,413.330000
1070.400000,-330.600000,471.000000
997.200000,-354.005000,363.908000
996.660000,-349.700000,337.312000
937.200000,-354.635000,419.607000
953.520000,-384.700000,393.011000
971.160000,-370.560000,428.000000
998.100000,-260.365000,378.841000
992.580000,-259.000000,352.245000
938.100000,-266.840000,325.540000
959.400000,-294.000000,407.944000
963.840000,-276.955000,428.000000
879.400000,-380.888000,373.706000
875.352000,-358.900000,356.382000
856.400000,-365.961000,338.987000
866.497000,-381.900000,392.663000
863.116000,-368.790000,396.000000
830.200000,-378.004000,387.256000
821.912000,-350.100000,369.688000
798.200000,-362.612000,352.048000
814.904000,-382.100000,334.480000
803.160000,-361.172000,400.000000
889.700000,-338.617000,401.720000
868.091000,-296.800000,381.712000
826.700000,-321.922000,361.622000
864.878000,-349.800000,341.614000
827.834000,-310.739000,405.000000
918.300000,-284.260000,324.067000
877.404000,-261.700000,332.383000
822.300000,-279.556000,329.688000
888.444000,-293.700000,327.004000
906.876000,-267.428000,334.000000
775.600000,-337.370000,354.506000
753.670000,-315.600000,436.910000
732.600000,-338.035000,410.205000
765.839000,-350.600000,383.609000
764.592000,-318.960000,438.000000
769.600000,-289.072000,359.019000
744.694000,-263.200000,337.303000
727.600000,-297.952000,404.498000
763.552000,-311.200000,382.782000
753.094000,-263.776000,415.000000
706.400000,-282.565000,331.128000
673.276000,-253.900000,327.224000
657.400000,-304.804000,323.304000
703.411000,-316.900000,335.400000
680.430000,-312.427000,339.000000
646.650000,-296.204000,355.475000
544.278000,-247.100000,342.055000
511.950000,-364.712000,328.580000
515.048100,-379.100000,370.160000
556.805100,-358.772000,375.000000
523.534200,-291.188000,375.000000
502.100000,-286.104000,344.972000
395.039000,-247.800000,333.748000
375.100000,-377.475000,322.478000
388.562000,-380.800000,311.254000
399.992000,-349.146000,355.000000
486.860000,-261.233000,355.000000
1095.100000,-174.430000,355.760000
961.612000,-156.800000,346.000000
951.100000,-161.788000,336.200000
978.460000,-242.800000,326.440000
959.596000,-215.194000,359.000000
1048.156000,-231.448000,359.000000
921.400000,-169.175000,339.056000
921.400000,-217.475000,489.656000
920.650000,-160.100000,528.812000
863.875000,-160.100000,544.625000
846.400000,-170.750000,467.317000
846.400000,-182.600000,348.594000
866.875000,-235.100000,406.073000
908.875000,-235.100000,403.563000
994.700000,-70.891600,320.737000
990.282000,-70.200000,327.541000
947.700000,-74.295000,325.336000
964.479000,-88.400000,323.140000
984.595000,-79.518400,328.000000
997.685892,-61.477376,328.910000
993.717968,-43.978657,322.322000
958.802112,-42.126482,342.707000
974.498527,-57.461331,336.119000
985.036521,-49.654907,347.000000
850.229522,-119.978162,332.807000
851.292148,-101.501423,327.683000
825.313647,-93.066477,343.538000
834.733349,-112.638968,338.414000
840.993115,-102.331275,344.000000
885.326357,-91.646365,324.624000
877.761537,-64.154123,323.160000
837.659109,-52.818033,321.690000
862.243699,-83.347372,326.226000
859.771862,-60.482072,327.000000
918.521355,-25.502815,331.856000
907.113806,-1.333396,327.952000
878.319969,-7.195009,324.032000
903.001166,-28.510373,320.128000
891.572836,-0.955854,336.000000
873.855987,-0.167019,326.414000
872.191419,27.412794,323.242000
853.762320,5.996250,320.057000
864.218000,-13.247320,316.885000
863.192465,26.452366,328.000000
783.200000,-216.639000,327.155000
759.440000,-191.400000,385.367000
743.200000,-225.522000,366.502000
777.480000,-238.400000,347.714000
781.720000,-191.917000,403.000000
712.800000,-210.200000,320.912000
682.335000,-187.500000,325.448000
667.800000,-227.950000,323.978000
710.145000,-237.500000,322.514000
704.970000,-233.900000,326.000000
638.700000,-203.220000,324.381000
582.386000,-195.800000,317.305000
564.700000,-213.640000,339.200000
566.476000,-215.800000,332.124000
615.686000,-212.680000,345.000000
423.000000,-200.980000,342.914000
395.148000,-189.500000,321.198000
390.000000,-228.540000,388.393000
393.531000,-229.500000,366.677000
408.216000,-219.940000,394.000000
776.400000,-78.140000,324.067000
725.360000,-65.900000,321.871000
721.400000,-69.440000,319.666000
731.905000,-125.900000,326.470000
744.225000,-106.580000,328.000000
769.250000,-3.500000,345.600000
768.067500,1.300000,333.888000
661.750000,-4.420000,322.128000
691.205000,-38.700000,358.416000
691.635000,-22.460000,360.000000
507.800000,4.424000,322.251000
502.100000,6.200000,316.639000
447.800000,-4.648000,311.004000
469.280000,-41.800000,305.392000
456.260000,-18.328000,326.000000
234.597914,-588.051328,322.974000
246.106077,-571.256835,322.730000
229.296735,-563.654023,322.485000
225.599273,-580.448516,322.241000
227.618770,-565.450781,323.000000
296.500000,-346.880000,312.111000
294.151000,-326.000000,312.867000
287.500000,-335.432000,312.622000
292.225000,-350.000000,312.378000
295.303000,-334.256000,313.000000
283.000000,-317.583000,312.248000
274.720000,-310.500000,312.004000
259.000000,-314.784000,312.759000
273.592000,-319.500000,312.515000
276.520000,-312.840000,313.000000
157.617842,-567.061030,325.080000
175.094936,-539.422136,323.128000
145.008770,-529.714950,329.168000
141.561645,-561.716918,327.216000
169.158428,-543.366123,330.000000
137.253048,-304.495689,314.044000
135.541850,-280.864180,313.556000
112.097725,-280.153538,313.066000
124.967068,-305.644738,314.578000
133.088189,-281.733922,315.000000
114.652461,-618.318102,380.333000
131.843641,-580.931952,359.105000
87.957765,-611.071672,337.790000
88.619617,-639.531306,403.562000
129.875055,-579.981601,410.000000
30.952109,-498.761872,327.960000
98.444326,-547.836092,325.520000
34.410599,-423.300027,323.070000
-18.149422,-418.466471,320.630000
16.734209,-410.784089,330.000000
157.347915,-431.124379,340.526000
158.967658,-382.182232,335.158000
91.198133,-423.740418,329.768000
84.797310,-430.631067,324.400000
95.998537,-422.491896,342.000000
90.232066,-362.258291,316.380000
127.289040,-364.354300,342.084000
75.259110,-294.631054,333.754000
71.272839,-295.306766,325.458000
65.425644,-328.065315,348.000000
59.908146,-283.346688,318.831000
27.627307,-231.544046,343.779000
21.529218,-231.215948,335.694000
-14.980119,-285.103142,327.642000
26.708068,-295.729542,345.000000
364.000000,-143.043000,308.848000
362.632000,-131.500000,304.700000
250.000000,-145.468000,317.535000
281.350000,-228.500000,313.387000
322.162000,-189.021000,320.000000
309.736000,-134.992000,320.000000
313.901128,-43.751635,309.734000
313.322611,-40.298574,306.318000
286.174896,-26.645777,316.888000
263.863492,-60.834422,313.472000
285.444994,-47.719392,317.000000
209.000000,-90.440000,310.618000
202.198000,0.000000,310.374000
171.000000,-29.545000,310.129000
187.796000,-95.000000,310.885000
184.642000,-40.470000,311.000000
170.000000,-186.835000,323.305000
125.290000,0.000000,320.621000
0.000000,-84.710000,317.926000
89.420000,-215.000000,315.242000
37.740000,-73.745000,326.000000
154.020000,-72.455000,326.000000
102.680000,-130.290000,326.000000
68.510000,-17.845000,326.000000
