1522.700000,-1109.562000,304.012000
1519.759000,-1072.200000,305.522000
1505.700000,-1084.095000,305.034000
1513.112000,-1111.200000,304.546000
1522.224000,-1089.048000,306.000000
1493.900000,-1056.748000,306.150000
1493.660000,-1052.600000,307.662000
1469.900000,-1057.394000,307.174000
1476.452000,-1086.600000,306.684000
1491.548000,-1072.864000,308.000000
1570.100000,-969.100000,302.015000
1543.028000,-963.400000,307.307000
1538.100000,-982.960000,305.592000
1541.588000,-983.400000,303.884000
1564.724000,-978.580000,308.000000
1526.200000,-966.340000,305.300000
1515.955000,-952.900000,320.400000
1511.200000,-977.350000,315.520000
1525.390000,-982.900000,310.640000
1522.645000,-980.560000,321.000000
1508.400000,-973.436000,303.556000
1486.560000,-956.300000,301.360000
1466.400000,-974.528000,308.164000
1499.286000,-984.300000,305.959000
1495.506000,-958.708000,310.000000
1513.310014,-744.101022,309.558000
1477.835061,-725.405969,302.970000
1490.131234,-750.264295,323.355000
1518.018486,-756.814571,316.767000
1487.666959,-733.453178,327.000000
1427.300000,-622.466000,315.632000
1422.668000,-569.000000,311.222000
1403.300000,-587.525000,324.830000
1414.244000,-626.000000,320.438000
1416.596000,-592.484000,326.000000
1390.800000,-623.428000,311.952000
1389.000000,-622.000000,309.992000
1330.800000,-624.254000,308.040000
1348.380000,-636.000000,314.080000
1359.840000,-630.064000,316.000000
1366.100000,-586.790000,314.193000
1351.378000,-574.600000,311.509000
1349.100000,-620.508000,308.814000
1351.310000,-620.600000,317.130000
1356.138000,-608.594000,319.000000
1347.700000,-598.148000,309.266000
1330.125000,-580.600000,308.778000
1322.700000,-614.835000,308.288000
1346.850000,-621.600000,309.800000
1331.325000,-617.582000,310.000000
1448.900000,-1095.684000,309.515000
1428.920000,-1079.700000,308.290000
1411.900000,-1097.817000,307.070000
1441.611000,-1106.700000,310.845000
1422.075000,-1081.482000,311.000000
1344.200000,-1099.570000,308.000000
1336.660000,-1073.900000,308.000000
1324.200000,-1091.172000,308.000000
1337.000000,-1107.900000,308.000000
1328.300000,-1081.686000,308.000000
1442.100000,-1060.560000,316.472000
1434.858000,-1042.200000,312.568000
1408.100000,-1049.100000,308.648000
1424.284000,-1062.200000,304.744000
1412.724000,-1050.040000,319.000000
1434.000000,-1007.804000,321.240000
1429.550000,-1006.000000,316.340000
1345.000000,-1009.982000,311.460000
1372.857000,-1028.000000,306.560000
1350.874000,-1018.232000,323.000000
1344.900000,-1023.755000,322.677000
1289.906000,-1009.300000,318.529000
1282.900000,-1010.362000,314.381000
1292.200000,-1068.300000,310.216000
1344.652000,-1051.721000,323.000000
1446.100000,-956.172000,302.714000
1428.748000,-942.300000,313.298000
1422.100000,-971.370000,309.868000
1445.764000,-976.300000,306.452000
1444.348000,-972.288000,316.000000
1399.000000,-973.676000,303.363000
1373.800000,-954.800000,305.628000
1354.000000,-977.603000,304.896000
1391.035000,-987.800000,304.164000
1392.565000,-956.285000,306.000000
1337.700000,-975.555000,304.760000
1331.348000,-951.300000,307.784000
1321.700000,-968.724000,306.808000
1332.260000,-984.300000,305.828000
1334.292000,-958.197000,308.000000
1430.300000,-931.564000,312.660000
1419.349000,-915.400000,302.656000
1383.300000,-921.970000,333.611000
1406.612000,-933.400000,323.607000
1416.999000,-922.096000,343.000000
1308.000000,-840.964000,323.840000
1306.740000,-836.500000,312.080000
1290.000000,-850.972000,348.368000
1295.994000,-908.500000,336.656000
1301.664000,-875.020000,356.000000
1302.100000,-759.050000,318.571000
1288.495000,-753.200000,311.495000
1287.100000,-754.188000,333.419000
1289.650000,-779.200000,326.314000
1295.770000,-771.374000,336.000000
1356.800000,-785.620000,320.601000
1303.304000,-779.800000,313.525000
1284.800000,-792.925000,335.420000
1285.232000,-794.800000,328.344000
1321.376000,-792.730000,336.000000
1451.000000,-769.880000,319.404000
1390.100000,-761.600000,310.584000
1346.000000,-772.280000,301.800000
1434.515000,-776.600000,329.016000
1392.095000,-761.975000,336.000000
1446.700000,-749.655000,321.924000
1440.862000,-723.200000,313.104000
1432.700000,-743.476000,304.320000
1442.220000,-760.200000,331.500000
1437.866000,-730.193000,336.000000
1445.200000,-719.070000,332.544000
1423.948000,-705.900000,320.832000
1361.200000,-711.675000,309.072000
1404.544000,-720.900000,345.360000
1386.316000,-711.180000,348.000000
1359.800000,-703.054000,343.416000
1358.360000,-701.500000,333.168000
1343.800000,-709.714000,322.878000
1349.448000,-738.500000,312.630000
1347.480000,-720.555000,354.000000
1342.600000,-701.970000,346.356000
1308.301000,-699.100000,336.066000
1305.600000,-699.912000,325.818000
1312.630000,-713.100000,315.528000
1311.520000,-708.606000,354.000000
1302.800000,-714.976000,349.254000
1289.829000,-703.200000,339.006000
1285.800000,-731.840000,328.758000
1286.242000,-735.200000,318.468000
1287.330000,-730.144000,354.000000
1268.400000,-1072.105000,323.269000
1253.400000,-1042.900000,319.121000
1243.400000,-1083.160000,314.956000
1264.975000,-1097.900000,310.808000
1243.925000,-1043.175000,324.000000
1228.600000,-1095.045000,307.135000
1224.230000,-1073.500000,310.910000
1218.600000,-1091.108000,309.690000
1225.600000,-1104.500000,308.465000
1228.110000,-1078.739000,312.000000
1220.900000,-1103.080000,309.288000
1212.437000,-1094.500000,311.556000
1189.900000,-1098.550000,310.824000
1206.547000,-1104.500000,310.089000
1217.211000,-1097.820000,312.000000
1216.600000,-1057.015000,307.166000
1215.720000,-1056.700000,307.922000
1208.600000,-1060.330000,307.677000
1211.584000,-1071.700000,307.433000
1215.096000,-1064.125000,308.000000
1195.000000,-1057.660000,309.708000
1185.530000,-1051.000000,311.973000
1185.000000,-1053.808000,311.241000
1187.100000,-1087.000000,310.509000
1192.420000,-1074.724000,312.000000
1187.000000,-1086.748000,313.355000
1175.255000,-1077.700000,310.671000
1172.000000,-1101.490000,318.987000
1172.705000,-1103.700000,316.292000
1182.080000,-1099.072000,321.000000
1148.400000,-1090.375000,311.000000
1117.400000,-1077.600000,311.000000
1098.400000,-1096.400000,311.000000
1142.550000,-1102.600000,311.000000
1128.500000,-1102.225000,311.000000
1231.100000,-1012.850000,309.890000
1221.046000,-998.000000,309.400000
1209.100000,-1010.936000,310.912000
1224.940000,-1020.000000,310.424000
1220.826000,-1001.278000,311.000000
1206.100000,-1039.058000,311.570000
1201.984000,-1004.700000,310.350000
1192.100000,-1022.125000,309.130000
1199.898000,-1045.700000,312.905000
1198.582000,-1017.492000,314.000000
1143.300000,-999.947000,320.176000
1138.360000,-999.900000,316.760000
1105.300000,-1012.214000,313.330000
1120.234000,-1046.900000,323.914000
1120.234000,-1022.225000,326.000000
1268.000000,-926.850000,312.578000
1239.957000,-925.200000,310.863000
1239.000000,-926.180000,309.155000
1245.670000,-935.200000,314.447000
1248.396000,-931.590000,315.000000
1238.900000,-958.124000,312.896000
1228.448000,-947.300000,311.916000
1225.900000,-978.155000,310.940000
1226.771000,-980.300000,313.960000
1229.202000,-973.766000,314.000000
1224.200000,-963.148000,313.172000
1216.520000,-949.400000,312.196000
1212.200000,-971.016000,311.216000
1223.036000,-977.400000,310.240000
1214.408000,-976.420000,314.000000
1179.800000,-973.160000,313.452000
1168.829000,-965.300000,312.476000
1156.800000,-972.596000,311.496000
1173.820000,-977.300000,310.520000
1159.445000,-966.836000,314.000000
1190.200000,-959.340000,325.861000
1169.476000,-934.800000,321.696000
1124.200000,-948.150000,317.548000
1162.282000,-964.800000,313.383000
1127.170000,-943.560000,327.000000
1268.300000,-875.082000,309.010000
1266.200000,-853.500000,312.790000
1254.300000,-859.704000,311.570000
1260.082000,-875.500000,310.345000
1267.950000,-863.510000,314.000000
1257.000000,-833.145000,311.144000
1245.156000,-830.100000,312.656000
1245.000000,-832.578000,312.166000
1248.000000,-851.100000,311.678000
1255.872000,-843.078000,313.000000
1157.500000,-851.840000,316.000000
1146.788000,-842.600000,316.000000
1144.500000,-871.250000,316.000000
1145.631000,-872.600000,316.000000
1155.368000,-866.060000,316.000000
1145.100000,-864.765000,316.000000
1122.000000,-857.700000,316.000000
1110.100000,-869.580000,316.000000
1142.405000,-872.700000,316.000000
1136.910000,-871.875000,316.000000
1259.300000,-795.815000,310.719000
1249.360000,-790.100000,310.963000
1239.300000,-795.761000,310.208000
1254.500000,-799.100000,310.452000
1253.240000,-791.072000,310.000000
1213.100000,-797.778000,313.000000
1208.758000,-749.100000,313.000000
1200.100000,-777.465000,313.000000
1207.861000,-810.100000,313.000000
1208.251000,-765.692000,313.000000
1200.200000,-807.121000,320.140000
1197.990000,-748.500000,315.992000
1187.200000,-766.922000,328.844000
1192.829000,-809.500000,324.679000
1194.441000,-775.035000,330.000000
1142.500000,-784.250000,321.430000
1142.241000,-781.000000,319.722000
1105.500000,-784.614000,318.007000
1115.490000,-807.000000,323.299000
1123.519000,-796.548000,325.000000
1270.600000,-743.544000,314.240000
1228.400000,-739.800000,313.260000
1220.600000,-752.475000,312.284000
1225.950000,-752.800000,315.308000
1241.500000,-749.706000,316.000000
1238.100000,-708.744000,327.693000
1208.180000,-688.900000,323.545000
1194.100000,-724.628000,319.397000
1235.592000,-732.900000,332.232000
1209.412000,-729.600000,334.000000
1172.300000,-716.248000,318.398000
1158.858000,-696.600000,317.910000
1146.300000,-717.368000,317.420000
1166.580000,-728.600000,318.932000
1153.528000,-699.416000,319.000000
1138.700000,-697.170000,321.307000
1128.788000,-685.500000,320.572000
1110.700000,-692.775000,319.840000
1127.976000,-700.500000,319.108000
1116.552000,-689.280000,322.000000
1202.900000,-662.202000,337.297000
1187.320000,-641.500000,331.662000
1120.900000,-648.584000,326.050000
1158.046000,-663.500000,320.415000
1132.298000,-650.630000,341.000000
1148.800000,-604.376000,322.356000
1147.720000,-599.800000,320.648000
1108.800000,-606.796000,318.933000
1120.400000,-643.800000,317.225000
1111.560000,-625.232000,323.000000
1251.400000,-600.364000,320.758000
1166.728000,-587.500000,318.074000
1153.400000,-635.260000,315.379000
1165.846000,-635.500000,312.695000
1251.400000,-623.116000,321.000000
1253.000000,-573.051000,307.536000
1193.500000,-564.000000,331.696000
1168.000000,-581.472000,323.888000
1249.940000,-585.000000,316.048000
1247.050000,-583.005000,338.000000
994.600000,-1082.396000,323.839000
965.602000,-1062.200000,374.491000
940.600000,-1084.946000,358.143000
983.800000,-1096.200000,341.728000
987.040000,-1064.512000,383.000000
1076.100000,-1039.132000,315.366000
1063.384000,-998.200000,328.974000
1042.100000,-1025.470000,324.564000
1063.758000,-1052.200000,320.172000
1068.994000,-1010.728000,330.000000
1024.800000,-1045.034000,320.313000
1004.220000,-995.300000,318.108000
926.800000,-1013.768000,324.912000
973.252000,-1049.300000,322.707000
997.458000,-1016.630000,327.000000
995.200000,-935.228000,342.146000
992.239000,-931.700000,324.822000
932.200000,-939.218000,378.498000
951.730000,-973.700000,361.103000
973.213000,-955.136000,390.000000
1073.100000,-896.508000,320.544000
1018.292000,-885.100000,317.128000
1011.100000,-885.790000,327.698000
1020.214000,-931.100000,324.282000
1047.184000,-918.312000,329.000000
1021.800000,-843.095000,322.796000
998.007000,-824.600000,321.326000
988.800000,-862.940000,325.862000
1021.272000,-869.600000,324.398000
1005.696000,-864.425000,326.000000
1078.200000,-782.396000,343.145000
1061.490000,-751.400000,331.677000
1048.200000,-788.606000,320.209000
1072.800000,-805.400000,355.694000
1061.460000,-753.992000,365.000000
1028.200000,-793.524000,333.310000
1010.864000,-758.100000,327.942000
984.200000,-783.300000,322.552000
1013.108000,-806.100000,339.184000
1000.568000,-768.276000,342.000000
986.200000,-797.260000,338.175000
973.264000,-743.200000,333.030000
930.200000,-764.920000,327.906000
957.864000,-803.200000,343.782000
947.168000,-765.700000,345.000000
1023.800000,-683.368000,339.880000
1017.636000,-679.400000,335.000000
931.800000,-691.738000,330.120000
962.160000,-741.400000,325.220000
953.236000,-712.756000,345.000000
1083.800000,-618.280000,324.698000
1043.120000,-604.600000,322.990000
1038.800000,-606.700000,321.275000
1046.315000,-664.600000,319.567000
1046.135000,-646.660000,326.000000
987.100000,-629.469000,325.768000
973.762000,-606.400000,325.278000
969.100000,-657.848000,324.790000
969.172000,-665.400000,324.302000
970.792000,-657.435000,326.000000
965.000000,-646.698000,342.218000
955.768000,-626.200000,338.053000
949.000000,-652.433000,333.905000
962.440000,-663.200000,329.740000
949.384000,-627.236000,343.000000
1066.900000,-580.772000,322.414000
1010.596000,-542.000000,336.022000
930.900000,-571.430000,331.612000
1022.972000,-596.000000,327.220000
1060.644000,-552.314000,340.000000
813.700000,-1095.521000,320.023000
805.166000,-1059.400000,328.339000
779.700000,-1075.062000,325.644000
797.176000,-1100.400000,322.960000
809.790000,-1073.955000,330.000000
892.700000,-993.232000,326.608000
886.349000,-988.700000,338.688000
819.700000,-1011.257000,334.784000
845.250000,-1091.700000,330.864000
879.195000,-1042.054000,340.000000
809.800000,-1008.280000,327.016000
783.004000,-995.800000,336.844000
780.800000,-999.160000,333.672000
786.223000,-1055.800000,330.487000
802.405000,-1036.660000,337.000000
773.400000,-1081.475000,326.832000
733.828000,-1072.200000,322.928000
721.400000,-1094.500000,335.008000
722.648000,-1097.200000,331.104000
756.552000,-1093.325000,338.000000
772.800000,-1030.104000,365.176000
757.875000,-1000.200000,338.716000
747.800000,-1041.024000,420.364000
769.300000,-1056.200000,393.904000
762.950000,-1000.648000,433.000000
840.300000,-957.894000,357.398000
815.996000,-920.900000,338.366000
784.300000,-950.898000,397.334000
823.332000,-973.900000,378.224000
814.316000,-929.963000,401.000000
844.200000,-881.026000,340.731000
827.398000,-824.200000,335.607000
782.200000,-850.732000,330.462000
815.308000,-890.200000,346.338000
811.154000,-846.310000,351.000000
769.300000,-825.876000,366.603000
767.374000,-824.700000,351.168000
751.300000,-836.411000,335.796000
757.960000,-873.700000,383.424000
758.446000,-849.102000,393.000000
755.418233,-839.767838,370.950000
745.279271,-825.874234,355.578000
743.040128,-828.514573,340.206000
728.659788,-866.686362,387.771000
736.770096,-854.021594,393.000000
869.700000,-750.422000,337.960000
830.650000,-742.700000,333.568000
819.700000,-762.764000,329.158000
821.900000,-764.700000,342.766000
832.550000,-760.850000,343.000000
907.900000,-766.940000,339.220000
886.305000,-736.100000,334.810000
872.900000,-781.040000,330.418000
903.735000,-796.100000,326.026000
879.480000,-795.380000,343.000000
828.417632,-798.840228,501.364000
822.741774,-765.396306,453.540000
790.141067,-774.899590,405.716000
811.165522,-804.450159,357.696000
802.862843,-761.895263,529.000000
909.000000,-658.253000,349.296000
890.667000,-630.500000,343.440000
846.000000,-644.426000,337.560000
880.902000,-663.500000,331.704000
849.024000,-640.895000,351.000000
840.600000,-641.892000,403.927000
833.996000,-641.800000,386.042000
788.600000,-647.757000,368.230000
808.932000,-664.800000,350.418000
839.508000,-652.794000,404.000000
897.700000,-598.612000,339.835000
818.652000,-592.600000,502.160000
852.190000,-592.600000,478.510000
815.700000,-596.056000,449.700000
834.314000,-628.600000,397.025000
866.622000,-628.600000,357.680000
906.700000,-555.233000,327.070000
808.978000,-541.000000,338.410000
784.700000,-581.076000,334.735000
792.508000,-584.000000,331.075000
887.058000,-575.615000,340.000000
551.618878,-1141.121726,331.240000
542.222431,-1115.119978,353.920000
517.527887,-1129.073491,346.570000
539.408859,-1153.027392,339.250000
536.198230,-1149.588029,355.000000
529.485509,-1170.618219,370.202000
514.229774,-1138.138510,331.247000
498.817966,-1127.743114,387.215000
476.396594,-1133.086814,451.451000
509.942623,-1169.020893,412.496000
514.738606,-1172.255824,456.857000
521.555070,-1147.503892,485.000000
492.478896,-1104.750645,347.167000
506.820991,-1085.933365,332.283000
489.398202,-1084.083670,378.399000
483.758211,-1101.945644,363.454000
499.733428,-1090.306223,387.000000
562.476514,-1091.040142,370.453000
603.908115,-1046.824829,343.857000
560.655734,-1020.456045,426.152000
540.960515,-1066.020976,399.556000
571.940806,-1051.742412,434.000000
624.529685,-1029.652829,341.584000
597.024241,-992.416241,333.744000
595.288907,-992.853843,357.936000
592.976729,-1009.664200,350.096000
604.317312,-1015.237336,358.000000
646.793413,-992.970538,332.116000
640.619393,-963.107984,329.432000
603.609065,-985.477468,326.748000
603.674906,-988.991049,335.053000
618.227436,-991.516695,337.000000
661.347312,-955.739551,351.414000
668.397138,-937.330397,341.898000
643.094670,-951.218855,332.343000
645.885531,-966.735444,361.827000
641.969099,-958.924415,366.000000
432.546652,-1098.661186,328.696000
438.105085,-1063.012753,328.451000
402.068994,-1060.290287,328.207000
413.204966,-1099.002327,328.963000
427.574610,-1057.416690,329.000000
446.595695,-1053.064512,377.725000
461.099569,-1030.245653,361.865000
438.663844,-1026.031849,346.005000
435.003724,-1048.868471,330.080000
446.807969,-1026.529486,393.000000
511.058717,-1034.089323,379.440000
531.851253,-1012.279821,363.824000
512.605212,-1003.241526,348.144000
501.955506,-1024.621135,332.528000
511.311850,-1008.491426,390.000000
515.482825,-992.521401,372.345000
518.879341,-989.652574,360.340000
500.763655,-974.845280,348.384000
481.127418,-998.648382,336.428000
489.172233,-986.392297,377.000000
552.952238,-1001.094742,361.116000
530.026019,-961.223129,352.820000
505.718598,-969.858773,344.524000
508.728288,-974.648016,336.194000
509.881136,-966.696471,362.000000
597.179118,-962.745608,328.220000
604.194305,-927.402441,332.000000
558.953129,-949.950579,330.775000
570.033078,-982.146798,329.555000
573.275128,-979.171440,333.000000
567.002733,-940.397200,335.498000
590.753174,-909.920767,378.533000
554.929515,-928.298987,364.625000
546.460518,-952.153852,350.717000
590.483249,-918.408065,386.000000
636.167296,-925.235092,331.312000
659.002534,-886.419113,344.902000
620.353711,-880.136500,340.510000
616.045473,-919.178409,336.100000
652.449516,-900.121749,346.000000
676.460466,-870.070967,361.649000
709.000828,-835.253424,329.197000
678.720064,-823.204596,429.612000
662.192066,-856.900204,397.160000
690.820170,-846.012611,461.000000
737.631284,-805.108398,351.287000
739.302350,-802.921375,334.451000
719.687630,-784.896374,386.546000
708.166454,-804.197138,369.710000
722.559985,-805.326730,398.000000
763.900000,-680.630000,353.257000
745.819000,-675.500000,341.252000
742.900000,-694.367000,378.296000
745.504000,-694.500000,366.291000
755.185000,-689.636000,383.000000
741.034250,-709.196616,348.480000
727.675642,-679.597086,338.720000
706.882352,-678.948098,368.960000
731.572365,-714.600437,359.160000
720.300356,-697.903065,370.000000
766.000000,-624.766000,354.152000
727.018000,-578.200000,345.368000
693.000000,-630.148000,336.548000
751.181000,-656.200000,363.764000
725.558000,-583.738000,371.000000
765.700000,-568.000000,346.040000
743.440000,-537.600000,341.140000
705.700000,-557.720000,336.260000
743.740000,-577.600000,351.360000
728.260000,-546.960000,354.000000
708.600000,-575.208000,470.265000
699.864000,-536.400000,417.805000
666.600000,-550.638000,365.345000
686.382000,-578.400000,527.670000
436.947188,-1010.742796,358.640000
437.618724,-1007.424743,348.880000
404.035509,-974.342930,339.080000
394.322164,-1001.628417,329.320000
402.367771,-990.636576,369.000000
480.252799,-968.314097,394.502000
454.867384,-924.253595,374.412000
450.275412,-919.244011,354.404000
430.895495,-945.499280,334.396000
438.584287,-940.959961,410.000000
501.338046,-946.805002,332.400000
488.397597,-911.089303,331.180000
459.730272,-916.160335,329.960000
487.077966,-957.130166,328.735000
461.873215,-920.665798,333.000000
544.889197,-914.021839,348.950000
550.875381,-866.402435,343.826000
502.047439,-871.508837,338.681000
518.293054,-921.507557,333.557000
532.676200,-848.790706,350.000000
594.748904,-876.119403,329.300000
621.872257,-839.061656,340.625000
585.987733,-844.611273,336.965000
576.093081,-877.870026,333.305000
618.482687,-855.278848,344.000000
562.520797,-858.984553,327.623000
579.292444,-836.601705,332.915000
556.347522,-825.380785,331.207000
550.672894,-848.929976,329.492000
572.669644,-846.442666,334.000000
595.958717,-809.531585,332.565000
597.093142,-807.525634,359.025000
584.569493,-802.026522,350.450000
567.258504,-821.531428,341.910000
582.681995,-817.238390,362.000000
633.478257,-788.243881,333.328000
627.321467,-770.042144,357.488000
625.331684,-769.105654,349.680000
605.602351,-789.302725,341.872000
619.636420,-792.993246,358.000000
676.039238,-801.402702,331.186000
657.981478,-760.947131,327.756000
628.833470,-764.997125,338.340000
625.917593,-767.432987,334.910000
653.639903,-795.584437,341.000000
710.675171,-765.180925,342.408000
718.554427,-721.806091,334.844000
672.261466,-731.949751,358.249000
684.921136,-775.613378,350.685000
722.898683,-730.126370,362.000000
422.466852,-928.560391,336.884000
424.895498,-893.804505,332.492000
387.988298,-876.701481,346.082000
402.566200,-918.667637,341.690000
418.008334,-895.472445,347.000000
447.606987,-905.935555,337.652000
461.193683,-880.573029,332.997000
431.061331,-861.429783,328.361000
431.054324,-891.024493,342.706000
444.884374,-877.451068,347.000000
526.606614,-843.917980,337.232000
527.032922,-839.963402,333.328000
497.958781,-824.653472,329.424000
468.628950,-863.181448,341.504000
492.044039,-846.428362,344.000000
483.542855,-826.678126,348.057000
476.649985,-803.817329,340.493000
473.685678,-803.778081,332.898000
444.818596,-832.836513,356.334000
457.598698,-827.027079,359.000000
546.307734,-823.653366,347.793000
545.568907,-806.695109,340.688000
524.152770,-818.432430,333.612000
522.082529,-820.595273,355.507000
528.011583,-821.352821,356.000000
529.535815,-804.810027,331.716000
529.324485,-778.950013,330.252000
503.732504,-781.955311,328.788000
515.702898,-809.799227,327.318000
524.489091,-773.503174,333.000000
565.616736,-805.590301,337.128000
565.662576,-772.277578,333.956000
531.051582,-756.375037,330.771000
547.068100,-796.985785,327.599000
544.727501,-754.719576,339.000000
576.884571,-754.754055,331.556000
593.324076,-736.613685,330.086000
578.170766,-735.697881,328.622000
569.793082,-752.047767,327.158000
579.999797,-735.153522,332.000000
631.296827,-731.204279,334.950000
629.811799,-728.083319,332.510000
606.285870,-710.281447,330.070000
595.884561,-733.857141,327.620000
619.883323,-739.705579,335.000000
603.415733,-712.728146,326.145000
603.539997,-694.464908,351.093000
599.522418,-696.579497,343.008000
557.502866,-734.543744,334.956000
580.114632,-729.898483,357.000000
678.248699,-708.652346,327.700000
664.842364,-658.441547,342.800000
613.887937,-682.278330,337.920000
611.265280,-687.620302,333.040000
650.119667,-719.107491,345.000000
327.984610,-1026.438782,327.448000
293.815585,-947.275100,336.520000
235.017868,-928.009224,333.592000
300.728435,-1027.317467,330.652000
292.122563,-1016.046548,337.000000
354.734580,-985.957039,335.590000
385.159599,-946.811130,327.050000
344.353774,-962.194261,353.475000
332.578182,-994.698605,344.935000
379.085169,-956.684131,361.000000
332.732984,-968.187873,337.568000
347.992108,-914.696148,332.178000
280.629989,-867.549735,348.810000
294.779642,-934.791074,343.442000
329.240268,-918.740325,352.000000
393.363985,-857.456802,381.648000
387.923143,-850.281873,349.308000
340.119034,-807.927024,449.100000
333.993668,-848.834163,416.760000
358.505305,-845.290848,459.000000
409.173357,-835.484107,337.626000
376.850187,-787.464337,332.258000
373.209340,-787.401619,348.868000
360.559024,-815.016898,343.500000
379.016174,-820.838892,349.000000
462.969103,-788.788200,334.742000
440.326759,-746.540394,331.326000
413.312384,-753.080604,327.896000
414.108502,-757.066968,338.480000
431.673494,-770.477566,341.000000
494.117903,-763.182482,326.000000
482.141038,-725.489801,326.000000
451.554805,-723.017345,326.000000
479.058615,-767.764783,326.000000
459.892379,-742.760090,326.000000
570.589868,-693.311517,336.072000
577.461374,-671.383360,332.168000
554.882840,-671.288310,328.264000
558.424421,-693.956137,340.344000
570.295422,-668.709061,341.000000
544.706882,-716.937763,328.810000
555.501797,-692.343335,327.590000
528.165826,-678.862063,326.365000
529.918653,-706.832240,325.145000
536.825979,-682.966813,330.000000
515.731029,-687.218620,338.312000
547.436361,-658.932027,334.392000
530.680227,-657.098364,330.488000
510.080797,-681.129424,326.568000
525.784362,-663.693094,341.000000
595.404632,-637.010701,346.426000
580.906858,-612.116253,340.082000
578.028759,-613.767845,333.738000
562.471688,-635.450356,327.368000
567.880004,-624.788877,349.000000
288.674124,-836.347046,360.985000
279.682847,-813.683592,352.445000
262.648010,-819.168264,343.870000
263.258104,-821.608671,335.330000
265.167838,-817.651679,362.000000
262.135445,-858.444127,320.574000
237.211723,-798.759574,331.144000
194.048995,-791.213562,327.728000
242.141805,-864.393891,324.312000
244.684313,-864.677879,334.000000
320.197845,-803.562923,326.000000
319.261993,-769.639507,326.000000
286.234053,-760.299119,326.000000
302.782142,-800.249419,326.000000
328.760399,-787.329990,326.000000
282.695905,-716.852233,324.720000
299.944334,-695.263519,327.744000
282.511361,-699.388895,326.764000
274.165508,-717.457233,325.788000
294.098491,-702.824303,328.000000
342.736089,-715.780899,326.750000
355.167362,-702.151772,325.035000
345.379736,-699.795026,330.327000
338.409440,-711.987267,328.619000
348.280842,-707.010819,332.000000
342.947625,-691.431072,325.595000
344.759242,-689.752042,324.375000
338.176469,-686.308639,328.155000
327.284519,-698.805286,326.930000
334.690343,-695.750395,329.000000
370.467558,-687.047333,325.556000
360.008907,-664.099175,324.580000
339.898639,-674.840890,327.600000
341.252793,-677.528157,326.624000
354.436115,-684.902304,328.000000
403.563605,-675.430317,327.836000
396.795977,-655.624024,326.856000
380.492667,-679.545901,329.880000
395.504719,-692.686677,328.904000
388.587112,-687.359988,330.000000
427.743533,-654.490518,336.051000
429.821891,-626.719721,331.396000
403.911808,-637.943228,326.760000
413.909126,-662.216992,341.105000
426.788022,-628.918353,345.000000
403.148425,-605.296482,352.302000
388.822341,-618.715248,340.346000
366.455984,-647.610677,328.341000
389.644634,-622.402449,365.385000
379.586025,-630.922125,372.000000
542.894308,-608.310007,338.032000
579.927806,-572.888207,332.176000
557.384963,-572.653573,326.296000
534.315151,-602.538248,344.440000
556.710978,-580.503286,346.000000
562.900000,-535.610000,339.712000
562.020000,-533.300000,333.832000
522.900000,-536.513000,327.976000
534.300000,-554.300000,322.096000
532.500000,-545.564000,346.000000
512.263856,-647.034652,348.403000
504.692593,-623.146631,341.327000
475.684705,-642.482208,334.251000
477.516577,-645.209850,327.146000
485.150308,-640.531443,354.000000
488.127301,-606.120665,321.000000
484.348191,-576.440427,321.000000
454.591480,-585.368047,321.000000
471.642811,-617.027706,321.000000
454.603035,-590.101339,321.000000
470.500000,-567.400000,321.000000
465.180000,-563.200000,321.000000
460.500000,-567.841000,321.000000
468.450000,-570.200000,321.000000
460.810000,-563.718000,321.000000
449.907774,-584.787063,321.000000
451.763672,-570.690226,321.000000
442.480602,-576.586583,321.000000
444.866131,-587.316231,321.000000
453.170708,-575.890525,321.000000
426.224552,-597.594367,321.344000
433.747484,-570.757472,324.368000
422.038126,-577.205577,323.388000
419.965828,-597.646213,322.412000
430.584984,-582.382320,325.000000
479.100000,-547.400000,321.000000
477.336000,-546.500000,321.000000
437.100000,-548.230000,321.000000
449.910000,-556.500000,321.000000
471.624000,-552.140000,321.000000
413.669552,-559.225187,321.000000
409.033518,-546.654984,321.000000
407.750887,-546.597923,321.000000
395.072259,-584.139906,321.000000
404.647767,-576.084588,321.000000
397.965071,-554.173865,321.000000
394.838802,-541.231425,321.000000
384.734791,-561.944287,321.000000
392.649403,-569.020478,321.000000
390.811025,-565.251809,321.000000
1337.731961,-498.145176,324.440000
1356.461461,-474.509484,310.720000
1323.226839,-482.175061,353.056000
1318.216143,-504.521040,339.392000
1355.874312,-478.796668,360.000000
1269.500000,-516.890000,321.152000
1244.280000,-494.600000,314.320000
1204.500000,-510.200000,335.488000
1246.880000,-524.600000,328.628000
1239.795000,-501.110000,337.000000
1269.000000,-451.534000,317.584000
1262.925000,-416.200000,312.460000
1242.000000,-430.123000,307.315000
1255.176000,-455.200000,323.191000
1254.771000,-431.020000,328.000000
1188.300000,-498.640000,318.036000
1185.076000,-496.400000,314.606000
1136.300000,-502.576000,311.190000
1153.200000,-528.400000,321.774000
1157.308000,-513.808000,324.000000
1131.300000,-495.920000,314.932000
1108.850000,-486.600000,314.197000
1106.300000,-487.800000,313.465000
1110.350000,-526.600000,315.730000
1114.650000,-514.880000,316.000000
1190.100000,-456.828000,317.704000
1134.240000,-449.700000,315.752000
1114.100000,-465.306000,313.792000
1189.948000,-467.700000,319.840000
1134.164000,-465.360000,320.000000
1203.900000,-427.560000,334.622000
1150.132000,-407.400000,326.326000
1109.900000,-432.708000,317.996000
1188.390000,-443.400000,309.700000
1128.230000,-408.624000,342.000000
963.800000,-512.829000,326.559000
949.894000,-496.200000,325.824000
929.800000,-508.620000,325.092000
952.648000,-519.200000,324.357000
934.050000,-500.731000,327.000000
1005.000000,-460.180000,345.972000
987.850000,-433.600000,339.628000
935.000000,-444.910000,333.284000
970.560000,-463.600000,326.914000
938.850000,-444.400000,348.000000
912.300000,-496.400000,424.200000
908.200000,-494.900000,399.800000
862.300000,-501.290000,375.300000
879.550000,-524.900000,350.900000
911.600000,-510.590000,425.000000
911.700000,-452.820000,323.550000
887.806000,-444.300000,342.425000
885.700000,-446.300000,336.325000
890.432000,-484.300000,330.200000
909.516000,-471.780000,347.000000
914.100000,-413.480000,334.624000
876.350000,-402.200000,413.248000
864.100000,-428.810000,387.872000
865.000000,-432.200000,362.392000
906.400000,-427.700000,425.000000
864.200000,-483.360000,346.879000
827.496000,-473.100000,406.603000
802.200000,-486.837000,387.248000
855.210000,-492.100000,367.972000
850.374000,-473.347000,410.000000
863.600000,-446.557000,352.409000
837.002000,-433.200000,333.054000
801.600000,-443.840000,392.778000
844.504000,-452.200000,373.502000
845.434000,-436.563000,410.000000
772.000000,-505.652000,362.580000
772.000000,-500.040000,385.548000
741.790000,-400.000000,341.352000
658.000000,-448.434000,407.124000
658.000000,-429.890000,336.654000
718.192000,-522.000000,385.809000
730.618000,-441.480000,420.000000
717.280000,-484.058000,420.000000
634.400000,-401.720000,352.060000
628.382000,-398.000000,335.956000
575.400000,-427.016000,385.786000
596.935000,-522.000000,369.682000
608.853000,-460.372000,391.000000
574.200000,-423.039000,339.160000
520.677000,-399.300000,328.870000
517.200000,-407.910000,360.622000
528.714000,-522.300000,350.374000
545.586000,-481.341000,361.000000
480.900000,-483.584000,334.372000
457.650000,-469.700000,327.540000
450.900000,-505.073000,320.708000
452.040000,-508.700000,341.848000
463.740000,-502.070000,347.000000
405.300000,-497.540000,321.952000
389.388000,-475.700000,320.000000
379.300000,-506.948000,318.040000
402.050000,-517.700000,324.088000
388.608000,-517.406000,325.000000
499.500000,-440.163000,315.622000
478.846000,-398.500000,316.112000
453.500000,-433.880000,316.600000
486.252000,-459.500000,315.088000
466.794000,-408.077000,315.000000
1271.200000,-352.558000,371.515000
1261.225000,-290.800000,350.690000
1236.200000,-321.241000,329.950000
1255.380000,-363.800000,309.125000
1243.865000,-314.160000,392.000000
1217.300000,-316.107000,385.036000
1211.200000,-315.900000,363.808000
1167.300000,-321.742000,342.493000
1186.550000,-338.900000,321.265000
1174.750000,-327.009000,400.000000
1167.900000,-294.165000,391.126000
1129.540000,-276.000000,369.898000
1127.900000,-285.450000,348.583000
1136.780000,-381.000000,327.355000
1131.100000,-343.935000,400.000000
1100.100000,-315.120000,465.944000
1020.600000,-300.000000,427.234000
1067.300000,-300.000000,444.772000
1000.100000,-341.715000,388.682000
1005.900000,-345.000000,349.972000
1039.500000,-345.000000,355.976000
1001.100000,-336.450000,471.000000
997.200000,-367.165000,323.033000
959.280000,-349.700000,405.437000
937.200000,-376.440000,378.841000
990.900000,-384.700000,352.136000
993.600000,-383.755000,428.000000
998.100000,-282.205000,330.663000
969.960000,-259.000000,413.067000
938.100000,-280.000000,386.362000
982.020000,-294.000000,359.766000
990.360000,-263.795000,428.000000
879.400000,-377.898000,337.567000
872.385000,-358.900000,391.172000
856.400000,-368.951000,373.848000
869.487000,-381.900000,356.453000
874.823000,-365.800000,396.000000
830.200000,-381.748000,345.712000
825.656000,-350.100000,328.144000
798.200000,-358.868000,382.576000
811.160000,-382.100000,364.936000
821.592000,-364.916000,400.000000
889.700000,-304.909000,348.912000
828.023000,-296.800000,328.904000
826.700000,-302.630000,390.814000
841.946000,-349.800000,370.806000
868.406000,-330.031000,405.000000
918.300000,-271.812000,327.246000
840.060000,-261.700000,324.551000
822.300000,-292.004000,332.867000
829.884000,-293.700000,330.183000
879.132000,-286.980000,334.000000
775.600000,-332.365000,378.595000
747.564000,-315.600000,351.999000
732.600000,-343.040000,434.403000
771.945000,-350.600000,407.698000
755.046000,-348.955000,438.000000
769.600000,-294.064000,372.725000
749.062000,-263.200000,351.009000
727.600000,-292.960000,329.204000
759.184000,-311.200000,396.488000
746.584000,-268.816000,415.000000
706.400000,-304.678000,332.520000
690.426000,-253.900000,328.600000
657.400000,-282.691000,324.696000
686.261000,-316.900000,336.792000
676.167000,-271.540000,339.000000
646.650000,-375.008000,356.520000
624.828600,-247.100000,343.100000
511.950000,-285.908000,329.680000
569.197500,-379.100000,371.205000
554.111100,-305.576000,375.000000
593.982300,-298.448000,375.000000
502.100000,-265.489000,342.764000
375.227000,-247.800000,331.540000
375.100000,-265.090000,320.270000
408.374000,-380.800000,309.046000
405.961000,-328.531000,355.000000
466.286000,-290.493000,355.000000
1095.100000,-182.256000,351.160000
974.716000,-156.800000,341.360000
951.100000,-239.962000,331.600000
965.356000,-242.800000,321.840000
976.156000,-223.020000,359.000000
1070.332000,-178.472000,359.000000
921.400000,-194.525000,544.374000
921.400000,-183.725000,371.686000
871.000000,-160.100000,482.879000
905.050000,-160.100000,426.655000
846.400000,-220.400000,421.635000
846.400000,-216.425000,481.624000
916.525000,-235.100000,360.140000
867.625000,-235.100000,536.593000
994.700000,-81.538600,327.487000
970.777000,-70.200000,325.291000
947.700000,-81.848000,323.086000
983.984000,-88.400000,320.890000
949.298000,-71.947200,328.000000
998.271927,-58.647520,320.351000
986.767445,-42.539273,340.763000
958.216077,-44.956338,334.148000
981.449051,-58.900715,327.560000
998.656461,-49.541705,347.000000
849.441564,-121.177712,324.743000
853.613018,-103.025950,340.598000
826.101605,-91.866927,335.474000
832.412479,-111.114441,330.329000
851.630979,-111.036187,344.000000
894.089896,-77.621770,321.912000
894.574090,-74.659772,326.448000
841.878591,-46.065450,324.984000
845.431145,-72.841723,323.514000
878.896014,-81.792487,327.000000
922.359809,-14.602934,323.552000
889.309536,4.936478,335.648000
874.481515,-18.094890,331.728000
879.303640,-20.165157,327.824000
907.982372,-23.108216,336.000000
876.334573,6.871308,318.796000
868.606229,28.675338,315.611000
851.283734,-1.042078,325.439000
867.803189,-14.509864,322.254000
863.659743,-9.269011,328.000000
783.200000,-219.741000,353.797000
762.040000,-191.400000,335.009000
743.200000,-222.467000,393.221000
774.880000,-238.400000,374.356000
767.840000,-194.972000,403.000000
712.800000,-225.800000,322.586000
696.330000,-187.500000,321.122000
667.800000,-212.350000,325.652000
696.105000,-237.500000,324.188000
692.415000,-199.500000,326.000000
638.700000,-214.380000,330.529000
623.752000,-195.800000,323.424000
564.700000,-202.480000,316.348000
599.110000,-215.800000,338.272000
599.998000,-203.860000,345.000000
423.000000,-193.220000,355.730000
421.713000,-189.500000,334.014000
390.000000,-196.340000,312.298000
399.966000,-229.500000,379.493000
403.431000,-212.140000,394.000000
776.400000,-81.260000,324.760000
728.220000,-65.900000,322.564000
721.400000,-66.320000,320.359000
729.045000,-125.900000,327.163000
739.935000,-109.700000,328.000000
769.250000,-15.460000,346.080000
692.710000,1.300000,334.320000
661.750000,-32.460000,322.608000
766.562500,-38.700000,358.896000
690.560000,-34.420000,360.000000
507.800000,-21.736000,320.917000
474.860000,6.200000,315.305000
447.800000,-26.488000,309.693000
496.520000,-41.800000,304.058000
459.680000,3.512000,326.000000
237.671708,-584.977535,322.849000
243.017435,-568.168192,322.605000
226.222942,-566.727816,322.360000
228.687916,-583.537158,322.116000
232.533870,-564.218294,323.000000
296.500000,-347.816000,312.919000
294.502000,-326.000000,312.674000
287.500000,-334.496000,312.430000
291.865000,-350.000000,312.186000
288.031000,-335.192000,313.000000
283.000000,-311.148000,312.989000
281.584000,-310.500000,312.744000
259.000000,-312.219000,312.500000
266.728000,-319.500000,312.255000
282.736000,-315.414000,313.000000
174.261844,-558.580488,322.464000
166.808701,-523.159485,328.512000
164.005029,-520.035873,326.552000
132.142250,-543.230314,324.600000
155.934204,-564.373458,330.000000
141.159813,-300.588924,313.256000
130.097128,-275.419458,314.768000
108.190960,-284.060303,314.278000
130.436539,-311.114208,313.790000
129.068287,-305.255829,315.000000
113.328757,-619.641806,340.226000
132.284875,-581.373187,405.911000
89.281469,-609.747968,384.683000
88.178383,-639.090071,363.368000
136.374781,-589.128734,410.000000
5.378039,-459.381256,322.670000
88.370216,-554.378296,320.230000
59.984670,-462.680642,327.790000
-8.075311,-411.924267,325.340000
65.354058,-528.307866,330.000000
122.248667,-460.347220,327.414000
174.938101,-401.364165,322.046000
126.365009,-394.461272,338.656000
99.569970,-448.374355,333.288000
146.795567,-417.487326,342.000000
103.603720,-378.194007,327.838000
108.511759,-380.110310,319.508000
119.031275,-346.796689,345.212000
65.561211,-300.099390,336.882000
87.033808,-337.089778,348.000000
59.283063,-283.971771,327.708000
28.215620,-232.132358,319.656000
22.154300,-230.590866,344.604000
-15.568432,-284.514829,336.519000
13.909435,-284.181074,345.000000
364.000000,-168.263000,312.282000
278.158000,-131.500000,308.134000
250.000000,-217.248000,303.969000
251.824000,-228.500000,316.821000
299.248000,-214.241000,320.000000
315.664000,-184.074000,320.000000
294.501470,-60.615502,311.624000
303.263718,-28.727140,308.194000
267.235309,-43.109710,304.778000
273.922386,-72.405856,315.362000
301.650521,-28.110283,317.000000
209.000000,-67.070000,310.685000
192.812000,0.000000,310.441000
171.000000,-52.915000,310.197000
197.182000,-95.000000,310.952000
182.096000,-17.005000,311.000000
170.000000,-186.835000,323.305000
125.290000,0.000000,320.621000
0.000000,-84.710000,317.926000
89.420000,-215.000000,315.242000
37.740000,-73.745000,326.000000
154.020000,-72.455000,326.000000
102.680000,-130.290000,326.000000
68.510000,-17.845000,326.000000
