1522.700000,-1099.890000,304.838000
1515.526000,-1072.200000,304.350000
1505.700000,-1093.767000,305.862000
1517.345000,-1111.200000,305.372000
1515.186000,-1079.376000,306.000000
1493.900000,-1068.920000,307.364000
1478.276000,-1052.600000,306.876000
1469.900000,-1079.222000,306.386000
1491.836000,-1086.600000,307.898000
1477.004000,-1085.036000,308.000000
1570.100000,-968.420000,307.608000
1541.940000,-963.400000,305.900000
1538.100000,-963.640000,304.192000
1542.708000,-983.400000,302.477000
1539.156000,-977.900000,308.000000
1526.200000,-953.560000,305.140000
1524.550000,-952.900000,320.260000
1511.200000,-960.130000,315.360000
1516.795000,-982.900000,310.480000
1522.765000,-967.780000,321.000000
1508.400000,-978.476000,305.230000
1494.162000,-956.300000,303.025000
1466.400000,-969.488000,309.829000
1491.684000,-984.300000,307.624000
1487.736000,-963.748000,310.000000
1504.732278,-737.519094,319.764000
1475.371404,-728.616670,313.176000
1498.708970,-756.846223,306.561000
1520.470577,-753.618944,326.973000
1474.717098,-732.569113,327.000000
1427.300000,-588.038000,325.910000
1408.148000,-569.000000,321.500000
1403.300000,-622.010000,317.108000
1404.764000,-626.000000,312.698000
1426.892000,-614.999000,326.000000
1390.800000,-623.456000,310.056000
1389.180000,-622.000000,308.104000
1330.800000,-624.226000,314.144000
1348.200000,-636.000000,312.192000
1374.000000,-630.092000,316.000000
1366.100000,-614.850000,313.720000
1361.731000,-574.600000,311.025000
1349.100000,-592.448000,308.341000
1357.940000,-620.600000,316.657000
1356.886000,-590.654000,319.000000
1347.700000,-607.045000,309.564000
1335.550000,-580.600000,309.076000
1322.700000,-605.938000,308.588000
1341.425000,-621.600000,308.098000
1327.575000,-585.479000,310.000000
1448.900000,-1090.932000,306.225000
1422.408000,-1079.700000,310.000000
1411.900000,-1102.569000,308.780000
1448.123000,-1106.700000,307.560000
1446.421000,-1103.730000,311.000000
1344.200000,-1080.258000,308.000000
1325.300000,-1073.900000,308.000000
1324.200000,-1076.484000,308.000000
1328.360000,-1107.900000,308.000000
1337.600000,-1096.340000,308.000000
1442.100000,-1061.340000,312.120000
1436.184000,-1042.200000,308.216000
1408.100000,-1048.320000,304.296000
1422.958000,-1062.200000,316.392000
1421.972000,-1050.820000,319.000000
1434.000000,-1022.016000,319.660000
1398.044000,-1006.000000,314.760000
1345.000000,-1017.770000,309.880000
1404.363000,-1028.000000,304.980000
1357.905000,-1010.444000,323.000000
1344.900000,-1038.682000,307.615000
1305.654000,-1009.300000,320.467000
1282.900000,-1054.435000,316.302000
1338.452000,-1068.300000,312.154000
1337.646000,-1066.648000,323.000000
1446.100000,-951.446000,307.012000
1425.412000,-942.300000,303.582000
1422.100000,-976.096000,314.166000
1425.124000,-976.300000,310.736000
1436.980000,-967.562000,316.000000
1399.000000,-956.120000,304.860000
1394.860000,-954.800000,304.128000
1354.000000,-962.159000,303.393000
1369.975000,-987.800000,305.661000
1370.065000,-971.762000,306.000000
1337.700000,-978.030000,307.532000
1332.564000,-951.300000,306.552000
1321.700000,-966.249000,305.576000
1331.044000,-984.300000,304.600000
1323.220000,-960.672000,308.000000
1430.300000,-925.858000,307.945000
1404.403000,-915.400000,338.941000
1383.300000,-927.676000,328.896000
1421.558000,-933.400000,318.892000
1422.404000,-916.390000,343.000000
1308.000000,-861.844000,327.584000
1293.960000,-836.500000,315.824000
1290.000000,-902.164000,352.112000
1290.774000,-908.500000,340.400000
1300.260000,-895.900000,356.000000
1302.100000,-756.372000,326.430000
1301.965000,-753.200000,319.354000
1287.100000,-756.866000,312.278000
1291.180000,-779.200000,334.173000
1291.705000,-768.696000,336.000000
1356.800000,-793.195000,334.057000
1339.592000,-779.800000,326.952000
1284.800000,-785.350000,319.876000
1320.944000,-794.800000,312.800000
1288.040000,-785.305000,336.000000
1451.000000,-771.545000,307.020000
1401.860000,-761.600000,334.236000
1346.000000,-770.600000,325.452000
1422.755000,-776.600000,316.632000
1428.110000,-763.655000,336.000000
1446.700000,-739.258000,316.488000
1436.928000,-723.200000,307.704000
1432.700000,-753.873000,334.884000
1446.154000,-760.200000,326.100000
1439.980000,-756.796000,336.000000
1445.200000,-708.975000,334.608000
1367.332000,-705.900000,322.848000
1361.200000,-706.770000,311.136000
1377.160000,-720.900000,347.376000
1382.788000,-716.070000,348.000000
1359.800000,-737.575000,353.286000
1357.304000,-701.500000,343.038000
1343.800000,-712.156000,332.748000
1350.504000,-738.500000,322.500000
1359.704000,-718.113000,354.000000
1342.600000,-709.544000,322.332000
1328.318000,-699.100000,312.042000
1305.600000,-706.338000,343.794000
1329.613000,-713.100000,333.504000
1332.684000,-702.180000,354.000000
1302.800000,-719.712000,333.336000
1292.345000,-703.200000,323.088000
1285.800000,-727.104000,312.798000
1300.726000,-735.200000,344.550000
1293.773000,-734.880000,354.000000
1268.400000,-1058.685000,320.107000
1247.300000,-1042.900000,315.942000
1243.400000,-1096.580000,311.794000
1246.100000,-1097.900000,307.646000
1248.575000,-1084.755000,324.000000
1228.600000,-1075.298000,307.165000
1227.860000,-1073.500000,310.945000
1218.600000,-1079.855000,309.720000
1221.970000,-1104.500000,308.500000
1228.040000,-1089.992000,312.000000
1220.900000,-1102.780000,309.888000
1211.507000,-1094.500000,309.153000
1189.900000,-1098.850000,311.421000
1207.446000,-1104.500000,310.689000
1211.042000,-1097.520000,312.000000
1216.600000,-1065.685000,307.558000
1212.336000,-1056.700000,307.314000
1208.600000,-1066.660000,307.070000
1214.968000,-1071.700000,307.825000
1211.952000,-1057.795000,308.000000
1195.000000,-1064.320000,311.463000
1187.380000,-1051.000000,310.731000
1185.000000,-1083.184000,309.996000
1185.250000,-1087.000000,309.264000
1186.570000,-1081.348000,312.000000
1187.000000,-1081.340000,310.913000
1172.135000,-1077.700000,319.229000
1172.000000,-1080.898000,316.545000
1175.810000,-1103.700000,313.850000
1185.410000,-1093.664000,321.000000
1148.400000,-1100.375000,311.000000
1137.350000,-1077.600000,311.000000
1098.400000,-1086.400000,311.000000
1122.600000,-1102.600000,311.000000
1130.000000,-1087.225000,311.000000
1231.100000,-1012.982000,310.218000
1221.200000,-998.000000,309.728000
1209.100000,-1010.804000,309.240000
1224.786000,-1020.000000,310.750000
1217.218000,-1001.410000,311.000000
1206.100000,-1023.232000,313.355000
1196.580000,-1004.700000,312.135000
1192.100000,-1037.951000,310.910000
1205.302000,-1045.700000,309.690000
1193.584000,-1042.666000,314.000000
1143.300000,-1010.381000,313.876000
1108.758000,-999.900000,324.446000
1105.300000,-1001.780000,321.030000
1111.836000,-1046.900000,317.600000
1137.372000,-1032.612000,326.000000
1268.000000,-935.130000,310.772000
1263.998000,-925.200000,309.064000
1239.000000,-927.900000,314.349000
1250.629000,-935.200000,312.641000
1255.849000,-929.870000,315.000000
1238.900000,-972.512000,312.636000
1234.116000,-947.300000,311.656000
1225.900000,-963.767000,310.680000
1234.103000,-980.300000,313.704000
1230.047000,-955.154000,314.000000
1224.200000,-964.352000,313.684000
1217.036000,-949.400000,312.708000
1212.200000,-969.812000,311.732000
1222.520000,-977.400000,310.752000
1212.872000,-949.624000,314.000000
1179.800000,-968.960000,310.736000
1160.802000,-965.300000,313.756000
1156.800000,-976.796000,312.780000
1158.870000,-977.300000,311.804000
1175.062000,-974.648000,314.000000
1190.200000,-937.080000,317.582000
1186.504000,-934.800000,313.434000
1124.200000,-940.410000,326.286000
1145.254000,-964.800000,322.121000
1159.246000,-951.300000,327.000000
1268.300000,-872.112000,312.545000
1264.310000,-853.500000,311.325000
1254.300000,-862.674000,310.100000
1261.972000,-875.500000,313.880000
1258.066000,-860.540000,314.000000
1257.000000,-843.057000,312.942000
1250.820000,-830.100000,312.454000
1245.000000,-843.666000,311.966000
1254.336000,-851.100000,311.476000
1245.072000,-832.011000,313.000000
1157.500000,-854.240000,316.000000
1147.828000,-842.600000,316.000000
1144.500000,-868.880000,316.000000
1144.591000,-872.600000,316.000000
1154.172000,-868.430000,316.000000
1145.100000,-860.070000,316.000000
1111.045000,-857.700000,316.000000
1110.100000,-859.275000,316.000000
1118.360000,-872.700000,316.000000
1126.935000,-867.180000,316.000000
1259.300000,-798.461000,310.241000
1255.240000,-790.100000,310.485000
1239.300000,-793.106000,310.730000
1248.620000,-799.100000,310.974000
1243.660000,-793.727000,310.000000
1213.100000,-791.739000,313.000000
1207.484000,-749.100000,313.000000
1200.100000,-783.504000,313.000000
1209.135000,-810.100000,313.000000
1212.528000,-759.653000,313.000000
1200.200000,-777.170000,317.828000
1191.594000,-748.500000,313.680000
1187.200000,-796.873000,326.515000
1199.225000,-809.500000,322.367000
1196.209000,-806.084000,330.000000
1142.500000,-787.266000,321.829000
1109.533000,-781.000000,320.114000
1105.500000,-781.572000,318.406000
1111.198000,-807.000000,323.698000
1121.447000,-799.564000,325.000000
1270.600000,-739.943000,315.236000
1264.600000,-739.800000,314.260000
1220.600000,-743.076000,313.284000
1239.750000,-752.800000,312.304000
1229.000000,-746.105000,316.000000
1238.100000,-723.308000,318.224000
1222.700000,-688.900000,331.059000
1194.100000,-710.064000,326.911000
1221.072000,-732.900000,322.763000
1233.964000,-700.164000,334.000000
1172.300000,-714.264000,317.668000
1157.246000,-696.600000,317.180000
1146.300000,-719.352000,318.692000
1168.192000,-728.600000,318.202000
1163.018000,-697.432000,319.000000
1138.700000,-690.345000,320.791000
1116.076000,-685.500000,320.059000
1110.700000,-699.600000,319.324000
1112.716000,-700.500000,321.592000
1121.368000,-697.455000,322.000000
1202.900000,-643.568000,337.780000
1199.784000,-641.500000,332.145000
1120.900000,-645.218000,326.533000
1145.582000,-663.500000,320.898000
1130.576000,-653.996000,341.000000
1148.800000,-637.816000,316.854000
1138.120000,-599.800000,322.146000
1108.800000,-617.356000,320.431000
1130.000000,-643.800000,318.723000
1143.040000,-614.672000,323.000000
1251.400000,-617.980000,314.235000
1202.694000,-587.500000,311.540000
1153.400000,-617.644000,319.856000
1227.880000,-635.500000,317.161000
1211.514000,-592.732000,321.000000
1253.000000,-572.526000,326.704000
1191.290000,-564.000000,318.896000
1168.000000,-582.018000,311.056000
1252.065000,-585.000000,335.248000
1196.050000,-582.459000,338.000000
994.600000,-1068.184000,376.970000
943.030000,-1062.200000,360.555000
940.600000,-1065.158000,344.207000
952.372000,-1096.200000,327.859000
944.272000,-1084.300000,383.000000
1076.100000,-1049.338000,315.096000
1069.810000,-998.200000,328.704000
1042.100000,-1015.264000,324.294000
1057.332000,-1052.200000,319.902000
1069.470000,-1020.934000,330.000000
1024.800000,-1034.018000,321.915000
984.228000,-995.300000,319.710000
926.800000,-1024.784000,326.514000
993.146000,-1049.300000,324.318000
980.014000,-1005.614000,327.000000
995.200000,-952.196000,368.487000
954.628000,-931.700000,351.163000
932.200000,-964.250000,333.839000
989.341000,-973.700000,387.444000
949.840000,-972.104000,390.000000
1073.100000,-897.014000,328.440000
1018.974000,-885.100000,325.010000
1011.100000,-885.284000,321.594000
1019.532000,-931.100000,318.178000
1012.216000,-918.772000,329.000000
1021.800000,-825.905000,321.332000
1018.434000,-824.600000,325.868000
988.800000,-835.130000,324.404000
1000.845000,-869.600000,322.934000
1013.715000,-847.235000,326.000000
1078.200000,-794.600000,340.795000
1068.240000,-751.400000,329.327000
1048.200000,-776.402000,364.812000
1066.050000,-805.400000,353.344000
1062.990000,-766.196000,365.000000
1028.200000,-785.460000,336.456000
1003.516000,-758.100000,331.066000
984.200000,-791.364000,325.698000
1020.456000,-806.100000,320.308000
994.320000,-760.212000,342.000000
986.200000,-763.660000,324.210000
941.960000,-743.200000,340.086000
930.200000,-798.520000,334.941000
933.224000,-803.200000,329.817000
984.408000,-792.100000,345.000000
1023.800000,-686.344000,330.460000
1021.960000,-679.400000,325.560000
931.800000,-688.762000,340.680000
957.836000,-741.400000,335.780000
996.660000,-715.732000,345.000000
1083.800000,-657.520000,322.745000
1072.595000,-604.600000,321.037000
1038.800000,-627.460000,319.322000
1061.840000,-664.600000,324.614000
1058.690000,-625.960000,326.000000
987.100000,-644.927000,325.596000
978.478000,-606.400000,325.106000
969.100000,-642.390000,324.618000
982.456000,-665.400000,324.130000
972.340000,-613.893000,326.000000
965.000000,-641.888000,327.020000
953.672000,-626.200000,339.872000
949.000000,-657.280000,335.707000
964.536000,-663.200000,331.559000
963.672000,-659.389000,343.000000
1066.900000,-552.476000,327.814000
939.468000,-542.000000,323.404000
930.900000,-545.726000,337.012000
958.100000,-596.000000,332.620000
1019.980000,-578.072000,340.000000
813.700000,-1098.965000,325.435000
808.022000,-1059.400000,322.751000
779.700000,-1071.618000,320.067000
794.320000,-1100.400000,328.372000
793.028000,-1077.399000,330.000000
892.700000,-1064.405000,337.568000
863.792000,-988.700000,333.664000
819.700000,-1043.084000,329.744000
867.807000,-1091.700000,325.840000
829.190000,-1010.227000,340.000000
809.800000,-1026.160000,325.430000
791.646000,-995.800000,335.258000
780.800000,-1041.220000,332.086000
806.581000,-1055.800000,328.901000
805.943000,-1054.600000,337.000000
773.400000,-1079.125000,327.968000
728.940000,-1072.200000,324.064000
721.400000,-1096.850000,336.144000
727.536000,-1097.200000,332.240000
752.860000,-1090.950000,338.000000
772.800000,-1002.832000,393.688000
770.700000,-1000.200000,367.228000
747.800000,-1012.296000,340.876000
756.475000,-1056.200000,422.416000
756.350000,-1029.376000,433.000000
840.300000,-964.254000,393.044000
822.716000,-920.900000,374.012000
784.300000,-944.485000,354.902000
816.612000,-973.900000,335.870000
788.724000,-936.376000,401.000000
844.200000,-863.008000,333.381000
810.534000,-824.200000,349.236000
782.200000,-868.750000,344.112000
832.172000,-890.200000,338.967000
832.854000,-828.292000,351.000000
769.300000,-842.291000,356.649000
755.404000,-824.700000,341.277000
751.300000,-868.996000,388.842000
751.948000,-873.700000,373.470000
761.272000,-865.517000,393.000000
756.490046,-837.500399,373.218000
758.905603,-832.315371,357.783000
741.968314,-830.782012,342.411000
729.498777,-867.082951,390.039000
737.335624,-851.514835,393.000000
869.700000,-762.500000,342.064000
858.150000,-742.700000,337.672000
819.700000,-750.686000,333.262000
844.400000,-764.700000,328.870000
821.150000,-750.928000,343.000000
907.900000,-776.360000,328.798000
891.765000,-736.100000,342.388000
872.900000,-771.620000,337.996000
898.240000,-796.100000,333.604000
899.745000,-744.800000,343.000000
832.743510,-790.494763,425.708000
813.313174,-760.508984,377.884000
785.796781,-783.280567,526.060000
820.594121,-809.337480,478.040000
804.220490,-797.020571,529.000000
909.000000,-637.496000,344.664000
851.103000,-630.500000,338.808000
846.000000,-632.183000,332.928000
857.466000,-663.500000,327.072000
861.246000,-653.138000,351.000000
840.600000,-664.409000,403.854000
832.852000,-641.800000,386.042000
788.600000,-648.240000,368.230000
810.024000,-664.800000,350.345000
839.508000,-652.311000,404.000000
897.700000,-619.708000,381.115000
866.704000,-592.600000,328.655000
832.428000,-592.600000,444.755000
815.700000,-610.960000,490.980000
868.262000,-628.600000,438.520000
886.384000,-628.600000,538.925000
906.700000,-563.532000,332.860000
832.524000,-541.000000,329.185000
784.700000,-572.777000,325.525000
890.962000,-584.000000,336.850000
840.088000,-583.914000,340.000000
555.291098,-1135.677437,348.580000
536.448185,-1111.225200,341.260000
513.855667,-1134.517780,333.910000
516.166791,-1137.350419,326.590000
523.088457,-1132.784337,355.000000
538.754691,-1156.876092,333.791000
536.215851,-1152.968306,453.836000
539.610759,-1155.258201,432.530000
482.784814,-1123.615889,415.040000
487.956547,-1154.191097,376.085000
473.945812,-1144.740737,343.172000
527.507074,-1165.298403,485.000000
492.152494,-1105.014960,344.971000
506.990908,-1086.143194,330.087000
489.724603,-1083.819355,376.142000
483.588295,-1101.735814,361.258000
499.814826,-1091.074128,387.000000
580.395945,-1076.529273,387.566000
590.621903,-1030.417724,360.861000
542.736302,-1034.966914,334.265000
554.246727,-1082.428082,416.669000
584.327253,-1030.398875,434.000000
622.027275,-1031.679240,352.752000
603.827195,-1000.817189,344.944000
586.911274,-999.637917,337.136000
586.203354,-1001.299778,329.296000
591.462582,-1004.479697,358.000000
652.493778,-988.354473,327.089000
637.234279,-958.927716,335.394000
632.880267,-961.774116,332.710000
607.060020,-993.171317,330.026000
633.404379,-998.674733,337.000000
648.925411,-965.798608,341.079000
672.597852,-942.517846,331.563000
655.516572,-941.159798,361.047000
641.684817,-961.547994,351.492000
660.016561,-949.405436,366.000000
430.849365,-1100.035621,328.624000
439.677757,-1064.954840,328.380000
403.766281,-1058.915852,328.135000
411.632295,-1097.060240,328.891000
428.097566,-1061.532897,329.000000
455.075912,-1046.197367,385.590000
455.520015,-1023.355477,369.730000
430.158759,-1032.919131,353.870000
440.583278,-1055.758647,337.945000
428.439673,-1037.355693,393.000000
528.741896,-1019.769767,335.536000
521.241540,-999.177917,383.920000
519.013558,-998.052150,368.240000
498.090850,-1019.848682,352.624000
514.847396,-1025.960486,390.000000
518.910039,-989.746098,348.188000
517.041096,-987.382531,336.183000
497.336441,-977.620583,373.227000
482.965663,-1000.918425,361.222000
499.735311,-992.429052,377.000000
543.626487,-1008.646587,350.916000
546.371987,-981.408719,342.620000
515.063779,-962.291195,334.290000
526.365622,-996.428308,359.994000
530.159595,-971.120804,362.000000
593.007399,-966.123800,332.685000
606.077231,-929.727661,331.460000
563.124849,-946.572387,330.240000
568.150152,-979.821578,329.015000
597.423283,-920.591805,333.000000
581.414127,-928.727083,340.343000
587.490147,-905.891266,383.435000
540.518120,-939.969104,369.470000
539.025097,-942.971873,355.562000
556.616080,-943.951915,386.000000
665.459482,-901.514748,336.316000
667.583318,-897.015498,331.906000
633.069373,-869.839560,345.514000
607.464689,-908.582024,341.122000
631.861055,-900.696593,346.000000
679.957623,-867.239025,424.292000
707.018468,-832.805414,391.840000
675.222907,-826.036538,359.388000
664.174426,-859.348214,459.803000
683.942980,-830.369418,461.000000
727.586673,-813.242364,397.103000
731.095383,-792.786615,380.198000
710.303593,-792.495418,363.362000
716.373421,-814.331899,346.526000
737.653217,-804.777954,398.000000
763.900000,-683.005000,346.201000
748.444000,-675.500000,334.245000
742.900000,-691.992000,371.289000
742.900000,-694.500000,359.284000
758.188000,-692.011000,383.000000
744.991477,-705.992117,350.480000
720.086038,-670.224705,340.720000
717.690898,-670.195510,330.920000
710.842551,-689.001249,361.160000
722.869932,-692.984959,370.000000
766.000000,-651.208000,362.900000
751.765000,-578.200000,354.080000
693.000000,-603.706000,345.296000
726.434000,-656.200000,336.476000
707.819000,-610.180000,371.000000
765.700000,-565.880000,334.740000
740.200000,-537.600000,349.860000
705.700000,-559.840000,344.960000
746.980000,-577.600000,340.080000
762.160000,-544.840000,354.000000
708.600000,-556.476000,390.500000
681.132000,-536.400000,337.825000
666.600000,-569.412000,500.365000
705.114000,-578.400000,447.690000
433.193573,-1013.782414,351.480000
411.746734,-975.475496,341.720000
407.789124,-971.303312,331.920000
389.326619,-995.459432,362.160000
404.103088,-1000.454461,369.000000
485.997462,-963.662160,395.650000
482.416514,-958.273937,375.560000
444.530749,-923.895947,355.552000
439.217628,-955.776259,335.544000
443.826753,-935.687862,410.000000
492.595154,-953.884857,328.435000
500.228821,-925.699647,332.215000
468.473164,-909.080481,330.990000
475.246743,-942.519822,329.770000
501.397255,-939.679878,333.000000
545.681886,-913.379932,336.350000
550.195715,-865.563118,331.205000
501.254750,-872.150744,347.081000
518.934961,-922.300246,341.957000
556.162182,-876.172683,350.000000
613.820066,-860.675881,338.180000
614.131616,-829.502760,334.520000
566.916571,-860.054795,330.860000
564.954110,-864.114543,342.185000
579.776110,-863.731363,344.000000
581.242243,-843.824224,333.125000
583.030607,-841.217952,331.410000
560.940454,-821.661502,329.702000
546.934731,-844.313729,327.994000
553.256216,-831.860162,334.000000
575.939437,-825.742879,331.795000
595.497815,-805.555569,358.255000
579.720103,-805.953482,349.715000
568.853831,-823.501493,341.140000
587.711371,-813.533694,362.000000
624.192917,-795.763001,338.800000
632.507067,-776.445826,330.992000
612.079791,-779.836826,355.152000
613.003158,-798.441961,347.344000
630.736037,-779.604236,358.000000
675.611031,-801.749458,336.282000
658.711489,-761.848621,332.852000
629.261677,-764.650369,329.436000
661.724664,-811.651038,340.006000
639.925483,-779.524087,341.000000
728.067697,-751.096734,359.675000
706.817602,-707.312319,352.111000
701.497697,-708.274718,344.516000
665.191942,-751.249853,336.952000
676.135880,-732.157888,362.000000
416.465731,-933.420003,332.384000
434.025679,-905.079339,345.974000
393.989419,-871.841869,341.582000
393.436020,-907.392803,337.172000
421.761679,-912.377819,347.000000
451.313974,-902.933697,336.550000
456.690895,-875.012550,331.914000
427.354345,-864.431641,346.259000
435.557112,-896.584972,341.623000
450.182252,-876.461469,347.000000
505.670301,-860.871871,339.408000
515.589989,-825.832557,335.488000
472.219706,-845.496564,331.584000
480.071883,-877.312293,343.680000
468.350733,-859.882309,344.000000
481.671487,-828.193530,358.225000
477.495792,-804.861813,350.661000
442.139769,-829.323455,343.066000
443.972789,-831.792029,335.502000
450.758216,-822.406138,359.000000
553.378985,-817.927179,333.902000
553.079216,-815.969569,355.797000
538.085442,-807.149974,348.721000
525.899987,-825.309440,341.645000
540.487852,-822.344179,356.000000
523.240932,-809.907522,330.000000
535.123043,-786.110636,328.536000
510.027386,-776.857816,327.072000
509.904340,-802.638604,331.602000
524.313720,-786.157637,333.000000
568.461090,-803.286989,335.919000
561.018191,-766.542241,332.747000
528.207228,-758.678349,329.562000
551.712484,-802.721122,326.390000
551.083463,-756.752738,339.000000
588.091016,-745.679255,326.150000
588.786676,-731.010462,330.686000
566.986081,-744.755060,329.222000
565.519996,-746.770946,327.752000
577.375591,-753.491732,332.000000
629.151905,-732.941203,327.880000
631.684657,-730.396105,325.440000
608.430793,-708.544523,332.990000
594.011704,-731.544355,330.550000
611.858031,-734.180851,335.000000
570.231601,-739.600127,342.183000
610.138422,-702.613283,334.098000
585.300647,-708.096060,326.046000
560.344247,-738.052558,350.961000
589.758097,-712.728183,357.000000
663.933671,-720.244428,341.260000
676.627647,-672.995159,336.380000
628.202966,-670.686248,331.480000
637.868540,-720.472593,326.600000
656.367575,-660.751741,345.000000
330.992165,-1024.003313,325.912000
286.594134,-938.357350,334.972000
232.010313,-930.444694,332.044000
308.034845,-1036.340132,329.104000
306.089732,-1027.145075,337.000000
381.109359,-964.599164,337.830000
377.623487,-937.504807,329.290000
373.156358,-938.870388,355.715000
324.381284,-984.576279,347.175000
349.275672,-978.764570,361.000000
327.319385,-972.571719,343.222000
357.003347,-925.824101,337.832000
286.043588,-863.165889,332.464000
285.768403,-923.663121,349.096000
305.874046,-900.954528,352.000000
369.912829,-876.447174,440.916000
375.961021,-835.509883,408.708000
331.707206,-814.738788,376.500000
345.955790,-863.606153,344.160000
346.527152,-813.299555,459.000000
401.153210,-841.978693,329.772000
389.801601,-803.458001,346.382000
357.891794,-799.805524,341.014000
385.329075,-845.605363,335.646000
384.537144,-844.007694,349.000000
463.997267,-787.955609,332.432000
438.507394,-744.293665,329.016000
412.284220,-753.913195,339.600000
415.927867,-759.313697,336.170000
438.790963,-777.164639,341.000000
504.079360,-755.115853,326.000000
502.508363,-750.641353,326.000000
464.130581,-712.833682,326.000000
458.691290,-742.613231,326.000000
468.831819,-733.431376,326.000000
566.871225,-696.322815,339.608000
580.264997,-674.845545,335.704000
558.601483,-668.277011,331.800000
555.603807,-690.472969,327.880000
562.821624,-667.083129,341.000000
549.822833,-712.794947,325.880000
549.762395,-685.255764,329.660000
523.049874,-683.004879,328.435000
535.658055,-713.919811,327.215000
556.693200,-697.040298,330.000000
536.449740,-670.440938,332.024000
541.973860,-652.186400,328.104000
509.961516,-673.876046,340.200000
506.732813,-676.995008,336.280000
516.581735,-678.224986,341.000000
595.698030,-636.773959,341.226000
580.688327,-611.845424,334.882000
577.735361,-614.004587,328.512000
562.690219,-635.721185,348.168000
571.815587,-629.065946,349.000000
279.901006,-842.490050,360.740000
289.563274,-827.794305,352.165000
271.421129,-813.025261,343.625000
270.011393,-831.253368,335.050000
271.255893,-813.636595,362.000000
256.315188,-863.073769,323.164000
249.157779,-813.777825,333.748000
199.869252,-786.583921,330.318000
230.195749,-849.375640,326.902000
256.820724,-832.445793,334.000000
324.967835,-799.741440,326.000000
312.728208,-761.484009,326.000000
281.464062,-764.120602,326.000000
309.350316,-808.447840,326.000000
295.557822,-787.291124,326.000000
297.310217,-703.460684,327.004000
294.815254,-689.666109,326.028000
292.964479,-689.810377,325.052000
270.511917,-713.470037,324.072000
278.630466,-706.930011,328.000000
342.413899,-716.076132,325.098000
355.329504,-702.328719,330.383000
345.701926,-699.499793,328.675000
338.247299,-711.810321,326.967000
349.539036,-709.058863,332.000000
334.108407,-699.530723,325.380000
343.014193,-687.847654,324.160000
333.007418,-691.045202,327.940000
329.029569,-700.709673,326.715000
340.062747,-691.235753,329.000000
366.256612,-690.580736,326.156000
364.445427,-669.386414,325.180000
344.091967,-671.322270,324.200000
355.457114,-694.456207,327.224000
365.084325,-670.326730,328.000000
405.534243,-670.375892,329.208000
393.926368,-654.505210,328.228000
378.522029,-684.600326,327.252000
379.740503,-686.540466,326.272000
384.153634,-679.846269,330.000000
440.107519,-637.781549,327.216000
440.382158,-634.533908,341.580000
414.151088,-624.105636,336.925000
403.348858,-654.402805,332.289000
427.388752,-650.777131,345.000000
403.286313,-605.412184,339.023000
390.982108,-616.141339,327.018000
366.318096,-647.494975,364.062000
387.484868,-624.976358,352.057000
389.514854,-619.369438,372.000000
556.669319,-596.751401,336.136000
576.074937,-568.296536,330.280000
543.651318,-584.177469,324.400000
538.168020,-607.129918,342.544000
571.347097,-570.054916,346.000000
562.900000,-541.385000,342.448000
533.020000,-533.300000,336.568000
522.900000,-551.738000,330.712000
523.300000,-554.300000,324.856000
527.940000,-551.318000,346.000000
515.427619,-644.379940,328.306000
502.644671,-620.706014,350.230000
499.332497,-622.639354,343.125000
479.564498,-647.650468,336.049000
500.341271,-652.210188,354.000000
474.640497,-616.657712,321.000000
495.487354,-590.697905,321.000000
468.105864,-574.809452,321.000000
460.503648,-602.770227,321.000000
480.058765,-593.689981,321.000000
470.500000,-568.072000,321.000000
466.150000,-563.200000,321.000000
460.500000,-567.169000,321.000000
467.480000,-570.200000,321.000000
463.880000,-564.390000,321.000000
451.946712,-579.864633,321.000000
449.028988,-569.557483,321.000000
440.441665,-581.509013,321.000000
447.610054,-588.452801,321.000000
440.145010,-584.211178,321.000000
433.385303,-578.236339,321.656000
426.639224,-568.128047,324.680000
425.285444,-568.426937,323.704000
416.757310,-596.459346,322.724000
426.522641,-590.859473,325.000000
479.100000,-546.580000,321.000000
473.934000,-546.500000,321.000000
437.100000,-549.050000,321.000000
453.312000,-556.500000,321.000000
460.242000,-551.320000,321.000000
406.232441,-578.906930,321.000000
413.944600,-548.510727,321.000000
401.049004,-564.333942,321.000000
399.515618,-585.818911,321.000000
407.009190,-556.708446,321.000000
396.793138,-557.596802,321.000000
396.097095,-541.662235,321.000000
385.897978,-558.546894,321.000000
391.391109,-568.589667,321.000000
392.187288,-540.979998,321.000000
1348.647215,-492.094752,316.040000
1353.824581,-469.752428,358.320000
1312.311586,-488.225485,344.656000
1310.672020,-490.911083,330.936000
1326.334970,-498.772158,360.000000
1269.500000,-497.330000,322.356000
1266.835000,-494.600000,315.524000
1204.500000,-499.760000,336.664000
1224.260000,-524.600000,329.832000
1237.000000,-511.550000,337.000000
1269.000000,-449.779000,322.540000
1261.710000,-416.200000,317.395000
1242.000000,-431.878000,312.271000
1256.391000,-455.200000,307.147000
1248.426000,-429.265000,328.000000
1188.300000,-516.624000,310.028000
1162.300000,-496.400000,320.612000
1136.300000,-516.592000,317.182000
1175.976000,-528.400000,313.766000
1187.000000,-499.792000,324.000000
1131.300000,-502.720000,313.795000
1113.075000,-486.600000,313.060000
1106.300000,-521.000000,315.328000
1131.100000,-526.600000,314.596000
1124.125000,-521.640000,316.000000
1190.100000,-452.814000,316.216000
1117.292000,-449.700000,314.264000
1114.100000,-451.320000,312.312000
1130.896000,-467.700000,318.352000
1148.300000,-461.346000,320.000000
1203.900000,-441.384000,334.860000
1186.228000,-407.400000,326.564000
1109.900000,-418.884000,318.234000
1152.294000,-443.400000,309.938000
1127.572000,-422.448000,342.000000
963.800000,-512.622000,324.156000
949.622000,-496.200000,326.424000
929.800000,-508.827000,325.692000
952.920000,-519.200000,324.957000
961.250000,-500.524000,327.000000
1005.000000,-448.150000,330.190000
959.780000,-433.600000,323.846000
935.000000,-456.940000,343.476000
998.700000,-463.600000,337.132000
981.410000,-462.370000,348.000000
912.300000,-502.580000,382.800000
868.500000,-494.900000,358.300000
862.300000,-495.110000,333.900000
869.250000,-524.900000,409.400000
882.300000,-516.800000,425.000000
911.700000,-445.340000,343.000000
908.970000,-444.300000,336.900000
885.700000,-453.780000,330.775000
895.268000,-484.300000,324.675000
889.262000,-464.300000,347.000000
914.100000,-426.110000,331.712000
897.350000,-402.200000,410.232000
864.100000,-416.180000,384.856000
894.000000,-432.200000,359.376000
907.850000,-410.330000,425.000000
864.200000,-483.892000,359.835000
829.232000,-473.100000,340.559000
802.200000,-486.324000,400.204000
853.474000,-492.100000,380.928000
840.144000,-473.879000,410.000000
863.600000,-439.622000,380.612000
814.434000,-433.200000,361.257000
801.600000,-450.775000,341.981000
805.072000,-452.200000,401.705000
823.300000,-448.628000,410.000000
772.000000,-413.298000,410.430000
772.000000,-463.318000,395.118000
769.378000,-400.000000,389.202000
658.000000,-418.788000,367.887000
658.000000,-466.612000,346.224000
690.604000,-522.000000,346.659000
667.918000,-471.126000,420.000000
704.740000,-447.336000,420.000000
634.400000,-506.996000,335.098000
619.532000,-398.000000,384.928000
575.400000,-445.616000,368.824000
605.785000,-522.000000,352.720000
624.075000,-441.772000,391.000000
574.200000,-479.250000,336.430000
546.726000,-399.300000,326.182000
517.200000,-474.699000,357.934000
559.665000,-522.300000,347.644000
549.234000,-414.552000,361.000000
480.900000,-486.119000,337.984000
459.570000,-469.700000,331.152000
450.900000,-502.538000,324.292000
480.120000,-508.700000,345.460000
459.900000,-504.566000,347.000000
405.300000,-483.722000,324.520000
380.860000,-475.700000,322.568000
379.300000,-478.724000,320.616000
384.578000,-517.700000,318.656000
380.262000,-503.630000,325.000000
499.500000,-457.182000,316.594000
491.680000,-398.500000,315.082000
453.500000,-416.861000,315.572000
473.418000,-459.500000,316.060000
489.150000,-425.096000,315.000000
1271.200000,-344.236000,346.610000
1257.235000,-290.800000,325.785000
1236.200000,-329.563000,390.045000
1259.370000,-363.800000,369.220000
1254.120000,-305.838000,392.000000
1217.300000,-327.469000,376.336000
1185.900000,-315.900000,355.108000
1167.300000,-333.380000,333.793000
1211.900000,-338.900000,399.565000
1179.750000,-338.371000,400.000000
1167.900000,-304.770000,399.217000
1133.580000,-276.000000,377.902000
1127.900000,-379.845000,356.674000
1132.740000,-381.000000,335.359000
1167.380000,-354.540000,400.000000
1100.100000,-301.980000,352.974000
1091.400000,-300.000000,314.422000
1036.600000,-300.000000,355.660000
1000.100000,-309.855000,433.712000
1035.100000,-345.000000,395.160000
1070.200000,-345.000000,424.864000
1072.500000,-323.310000,471.000000
997.200000,-378.225000,375.244000
978.180000,-349.700000,348.539000
937.200000,-365.380000,321.943000
972.000000,-384.700000,404.347000
964.920000,-359.815000,428.000000
998.100000,-279.510000,403.802000
965.340000,-259.000000,377.206000
938.100000,-282.730000,350.610000
986.640000,-294.000000,323.905000
950.040000,-261.065000,428.000000
879.400000,-367.088000,327.911000
861.575000,-358.900000,381.516000
856.400000,-379.761000,364.192000
857.274000,-381.900000,346.868000
877.951000,-377.990000,396.000000
830.200000,-354.164000,349.816000
830.040000,-350.100000,332.248000
798.200000,-354.452000,386.680000
806.776000,-382.100000,369.040000
819.768000,-369.332000,400.000000
889.700000,-344.341000,369.412000
874.958000,-296.800000,349.404000
826.700000,-316.198000,329.314000
858.011000,-349.800000,391.306000
852.656000,-316.463000,405.000000
918.300000,-283.076000,332.108000
873.756000,-261.700000,329.424000
822.300000,-280.740000,326.740000
892.092000,-293.700000,324.045000
836.604000,-266.244000,334.000000
775.600000,-330.965000,338.919000
745.801000,-315.600000,421.323000
732.600000,-344.440000,394.618000
773.708000,-350.600000,368.022000
770.741000,-347.520000,438.000000
769.600000,-273.232000,357.506000
730.876000,-263.200000,335.701000
727.600000,-265.792000,402.985000
735.370000,-311.200000,381.180000
753.808000,-295.984000,415.000000
706.400000,-315.640000,332.856000
698.952000,-253.900000,328.952000
657.400000,-271.729000,325.032000
677.735000,-316.900000,337.128000
675.089000,-282.502000,339.000000
646.650000,-346.100000,368.345000
595.329300,-247.100000,354.870000
511.950000,-314.816000,341.450000
598.696800,-379.100000,328.030000
525.285300,-276.668000,375.000000
516.125700,-301.088000,375.000000
502.100000,-317.093000,315.486000
424.630000,-247.800000,350.262000
375.100000,-346.486000,338.992000
486.098000,-380.800000,327.768000
481.272000,-380.135000,355.000000
416.629000,-337.309000,355.000000
1095.100000,-181.912000,335.160000
974.140000,-156.800000,325.360000
951.100000,-240.306000,355.600000
965.932000,-242.800000,345.840000
1033.756000,-222.676000,359.000000
1040.812000,-237.468000,359.000000
921.400000,-164.750000,492.166000
921.400000,-185.075000,376.706000
916.225000,-160.100000,430.922000
906.400000,-160.100000,431.675000
846.400000,-175.175000,369.678000
846.400000,-215.075000,486.644000
871.300000,-235.100000,559.183000
866.275000,-235.100000,541.613000
994.700000,-85.360600,327.361000
980.647000,-70.200000,325.156000
947.700000,-78.026000,322.960000
974.114000,-88.400000,320.764000
950.003000,-75.787400,328.000000
998.903042,-55.599983,325.157000
979.282265,-40.989167,345.569000
957.581495,-48.020620,338.981000
988.934230,-60.450821,332.366000
991.929246,-44.952869,347.000000
855.250226,-112.334870,332.534000
836.504041,-91.787453,327.410000
820.292943,-100.709769,343.265000
819.766714,-102.807726,338.141000
836.298611,-110.320927,344.000000
893.674440,-78.286639,325.302000
844.498546,-43.369099,323.832000
842.294047,-45.400580,322.368000
843.775756,-71.807320,326.898000
849.291327,-64.246791,327.000000
916.629033,-30.876355,335.664000
915.870686,-4.417180,331.760000
880.212291,-1.821469,327.840000
894.244287,-25.426589,323.936000
921.304884,-17.466092,336.000000
872.970777,-2.680708,318.146000
873.478918,26.959394,327.961000
854.647529,8.509938,324.789000
862.930501,-12.793920,321.604000
874.904938,19.502333,328.000000
783.200000,-212.879000,364.808000
756.200000,-191.400000,346.020000
743.200000,-229.282000,327.155000
780.720000,-238.400000,385.367000
762.120000,-235.110000,403.000000
712.800000,-198.850000,324.602000
672.120000,-187.500000,323.132000
667.800000,-189.300000,321.668000
675.315000,-237.500000,320.204000
677.295000,-222.550000,326.000000
638.700000,-215.760000,316.841000
628.784000,-195.800000,338.765000
564.700000,-201.100000,331.660000
594.078000,-215.800000,324.584000
634.852000,-205.240000,345.000000
423.000000,-220.220000,330.988000
411.021000,-189.500000,309.183000
390.000000,-209.300000,376.467000
410.658000,-229.500000,354.751000
412.638000,-199.180000,394.000000
776.400000,-98.240000,323.986000
743.840000,-65.900000,321.790000
721.400000,-109.340000,319.594000
768.480000,-125.900000,326.389000
744.665000,-66.680000,328.000000
769.250000,-11.100000,351.216000
680.885000,1.300000,339.504000
661.750000,-36.820000,327.744000
670.887500,-38.700000,316.032000
679.057500,-30.060000,360.000000
507.800000,2.360000,304.817000
504.740000,6.200000,322.205000
447.800000,-2.584000,316.593000
466.640000,-41.800000,310.958000
501.680000,-20.392000,326.000000
236.112537,-586.536705,322.342000
244.576605,-569.727363,322.098000
227.782112,-565.168645,322.853000
227.128745,-581.977988,322.609000
238.518114,-573.320880,323.000000
296.500000,-340.928000,312.605000
291.910000,-326.000000,312.360000
287.500000,-341.408000,312.116000
294.457000,-350.000000,312.871000
290.857000,-328.280000,313.000000
283.000000,-314.028000,312.867000
265.264000,-310.500000,312.623000
259.000000,-318.339000,312.378000
259.048000,-319.500000,312.134000
261.640000,-318.294000,313.000000
176.863583,-557.254835,323.040000
165.516190,-520.622790,329.080000
161.403290,-521.361525,327.128000
133.434761,-545.767010,325.168000
157.278843,-560.580608,330.000000
131.719938,-310.028800,313.784000
143.312953,-288.635284,313.296000
117.630835,-274.620428,314.806000
117.195964,-297.873634,314.318000
130.747666,-290.459619,315.000000
106.099297,-626.871266,379.985000
134.677725,-583.766036,358.670000
96.510929,-602.518508,337.442000
85.785533,-636.697222,403.214000
121.389774,-588.602647,410.000000
28.891195,-495.588342,329.170000
97.632493,-548.363302,326.730000
36.471513,-426.473556,324.280000
-17.337589,-417.939261,321.840000
19.175279,-404.686938,330.000000
165.801491,-424.086123,323.960000
155.159321,-377.608079,340.570000
150.440794,-374.416318,335.202000
88.605646,-435.205221,329.834000
127.541627,-443.323748,342.000000
105.660897,-380.645656,329.028000
109.418755,-379.349250,320.732000
116.974097,-344.345040,346.436000
64.654215,-300.860451,338.106000
89.973468,-338.800936,348.000000
31.875604,-311.379230,335.265000
54.056130,-257.972869,327.213000
1.478498,-251.266668,319.128000
3.845892,-303.929153,344.076000
24.267135,-253.187170,345.000000
364.000000,-185.529000,319.439000
298.564000,-131.500000,315.291000
250.000000,-199.982000,311.143000
345.418000,-228.500000,306.978000
251.140000,-134.507000,320.000000
252.052000,-184.268000,320.000000
302.706068,-53.483353,306.220000
298.876979,-23.680774,316.804000
259.030710,-50.241858,313.374000
257.905689,-53.980754,309.958000
279.391600,-63.365919,317.000000
209.000000,-9.310000,310.493000
207.746000,0.000000,310.248000
171.000000,-15.675000,310.004000
182.248000,-95.000000,310.759000
189.430000,-54.340000,311.000000
170.000000,-186.835000,323.305000
125.290000,0.000000,320.621000
0.000000,-84.710000,317.926000
89.420000,-215.000000,315.242000
37.740000,-73.745000,326.000000
154.020000,-72.455000,326.000000
102.680000,-130.290000,326.000000
68.510000,-17.845000,326.000000
