1522.700000,-1072.707000,305.900000
1520.694000,-1072.200000,305.412000
1505.700000,-1081.950000,304.922000
1512.177000,-1111.200000,304.434000
1506.176000,-1091.193000,306.000000
1493.900000,-1065.520000,306.402000
1475.852000,-1052.600000,307.914000
1469.900000,-1082.622000,307.426000
1470.260000,-1086.600000,306.936000
1488.524000,-1081.636000,308.000000
1570.100000,-978.340000,304.171000
1557.780000,-963.400000,302.456000
1538.100000,-973.740000,307.748000
1558.836000,-983.400000,306.040000
1554.900000,-967.800000,308.000000
1526.200000,-956.290000,315.080000
1525.930000,-952.900000,310.200000
1511.200000,-957.400000,305.300000
1515.415000,-982.900000,320.420000
1515.295000,-970.510000,321.000000
1508.400000,-969.740000,309.595000
1481.016000,-956.300000,307.399000
1466.400000,-978.224000,305.203000
1504.830000,-984.300000,302.998000
1467.324000,-983.012000,310.000000
1516.182747,-746.305347,305.589000
1478.656280,-724.335735,325.974000
1487.258502,-748.059970,319.386000
1517.185701,-757.899878,312.798000
1492.251529,-733.426594,327.000000
1427.300000,-581.141000,316.244000
1405.244000,-569.000000,311.852000
1403.300000,-571.850000,325.442000
1407.668000,-626.000000,321.050000
1415.756000,-608.159000,326.000000
1390.800000,-630.120000,313.672000
1357.680000,-622.000000,311.720000
1330.800000,-631.562000,309.768000
1379.700000,-636.000000,315.808000
1346.880000,-622.742000,316.000000
1366.100000,-618.116000,318.571000
1362.955000,-574.600000,315.876000
1349.100000,-589.182000,313.192000
1356.716000,-620.600000,310.508000
1349.389000,-593.920000,319.000000
1347.700000,-593.433000,308.424000
1327.225000,-580.600000,309.936000
1322.700000,-619.550000,309.446000
1324.750000,-621.600000,308.958000
1341.825000,-612.867000,310.000000
1448.900000,-1098.033000,308.320000
1432.176000,-1079.700000,307.095000
1411.900000,-1095.468000,310.875000
1438.355000,-1106.700000,309.650000
1430.918000,-1083.831000,311.000000
1344.200000,-1075.464000,308.000000
1342.500000,-1073.900000,308.000000
1324.200000,-1081.278000,308.000000
1331.180000,-1107.900000,308.000000
1329.460000,-1091.580000,308.000000
1442.100000,-1050.460000,318.456000
1417.654000,-1042.200000,314.552000
1408.100000,-1059.200000,310.632000
1441.488000,-1062.200000,306.728000
1408.474000,-1059.940000,319.000000
1434.000000,-1023.138000,307.360000
1402.672000,-1006.000000,322.460000
1345.000000,-1016.648000,317.580000
1399.735000,-1028.000000,312.680000
1412.640000,-1011.566000,323.000000
1344.900000,-1017.914000,313.973000
1283.768000,-1009.300000,309.825000
1282.900000,-1016.203000,322.660000
1298.338000,-1068.300000,318.512000
1314.458000,-1045.880000,323.000000
1446.100000,-959.742000,312.080000
1431.244000,-942.300000,308.664000
1422.100000,-967.834000,305.234000
1443.268000,-976.300000,315.818000
1428.268000,-975.824000,316.000000
1399.000000,-983.807000,305.916000
1387.660000,-954.800000,305.181000
1354.000000,-967.472000,304.449000
1377.175000,-987.800000,303.714000
1354.270000,-966.449000,306.000000
1337.700000,-959.418000,304.892000
1323.524000,-951.300000,307.916000
1321.700000,-951.861000,306.936000
1324.084000,-984.300000,305.960000
1333.780000,-975.060000,308.000000
1430.300000,-926.416000,321.434000
1405.907000,-915.400000,311.430000
1383.300000,-927.118000,342.426000
1420.054000,-933.400000,332.381000
1406.941000,-916.948000,343.000000
1308.000000,-906.988000,342.848000
1305.246000,-836.500000,331.088000
1290.000000,-856.948000,319.376000
1297.488000,-908.500000,355.616000
1294.536000,-869.116000,356.000000
1302.100000,-762.196000,335.333000
1290.310000,-753.200000,328.257000
1287.100000,-777.042000,321.152000
1287.835000,-779.200000,314.076000
1287.115000,-774.520000,336.000000
1356.800000,-790.480000,313.612000
1326.632000,-779.800000,335.536000
1284.800000,-788.065000,328.460000
1333.904000,-794.800000,321.355000
1338.728000,-782.590000,336.000000
1451.000000,-762.785000,317.280000
1445.435000,-761.600000,308.460000
1346.000000,-764.360000,335.676000
1379.180000,-776.600000,326.892000
1398.290000,-769.895000,336.000000
1446.700000,-739.702000,326.316000
1437.096000,-723.200000,317.532000
1432.700000,-753.466000,308.712000
1445.986000,-760.200000,335.928000
1436.144000,-757.203000,336.000000
1445.200000,-718.080000,347.136000
1418.404000,-705.900000,335.424000
1361.200000,-712.665000,323.712000
1410.088000,-720.900000,311.952000
1444.780000,-710.190000,348.000000
1359.800000,-708.123000,321.828000
1344.552000,-701.500000,353.538000
1343.800000,-704.608000,343.290000
1347.256000,-738.500000,333.042000
1355.704000,-725.661000,354.000000
1342.600000,-706.730000,332.370000
1320.918000,-699.100000,322.122000
1305.600000,-709.152000,353.832000
1337.013000,-713.100000,343.584000
1323.804000,-699.366000,354.000000
1302.800000,-732.384000,342.912000
1299.060000,-703.200000,332.664000
1285.800000,-714.432000,322.416000
1294.011000,-735.200000,312.126000
1289.897000,-715.552000,354.000000
1268.400000,-1058.245000,323.796000
1247.075000,-1042.900000,319.631000
1243.400000,-1097.020000,315.483000
1246.300000,-1097.900000,311.335000
1268.150000,-1084.260000,324.000000
1228.600000,-1093.495000,308.195000
1223.740000,-1073.500000,311.975000
1218.600000,-1092.658000,310.750000
1226.090000,-1104.500000,309.530000
1225.980000,-1077.189000,312.000000
1220.900000,-1094.620000,310.473000
1217.180000,-1094.500000,309.738000
1189.900000,-1097.010000,309.006000
1201.773000,-1104.500000,311.271000
1204.997000,-1099.360000,312.000000
1216.600000,-1062.370000,307.742000
1210.576000,-1056.700000,307.497000
1208.600000,-1069.975000,307.253000
1208.728000,-1071.700000,307.009000
1210.488000,-1069.480000,308.000000
1195.000000,-1077.820000,311.979000
1191.140000,-1051.000000,311.247000
1185.000000,-1069.648000,310.512000
1191.500000,-1087.000000,309.780000
1194.840000,-1058.884000,312.000000
1187.000000,-1080.612000,312.695000
1186.700000,-1077.700000,310.000000
1172.000000,-1081.626000,318.316000
1176.245000,-1103.700000,315.621000
1182.995000,-1092.936000,321.000000
1148.400000,-1089.550000,311.000000
1115.750000,-1077.600000,311.000000
1098.400000,-1097.225000,311.000000
1144.200000,-1102.600000,311.000000
1122.500000,-1101.400000,311.000000
1231.100000,-1016.590000,310.494000
1224.786000,-998.000000,310.006000
1209.100000,-1007.196000,309.516000
1221.200000,-1020.000000,309.028000
1214.160000,-1005.018000,311.000000
1206.100000,-1013.392000,313.995000
1193.220000,-1004.700000,312.770000
1192.100000,-1006.832000,311.550000
1194.662000,-1045.700000,310.325000
1205.806000,-1032.785000,314.000000
1143.300000,-1027.066000,315.500000
1122.286000,-999.900000,312.084000
1105.300000,-1032.095000,322.654000
1136.308000,-1046.900000,319.238000
1132.964000,-1002.344000,326.000000
1268.000000,-934.650000,311.507000
1262.577000,-925.200000,309.799000
1239.000000,-928.380000,308.091000
1252.050000,-935.200000,313.376000
1252.804000,-929.390000,315.000000
1238.900000,-957.563000,313.012000
1228.240000,-947.300000,312.032000
1225.900000,-978.716000,311.056000
1226.979000,-980.300000,310.076000
1228.825000,-973.205000,314.000000
1224.200000,-968.384000,310.016000
1218.752000,-949.400000,313.040000
1212.200000,-965.780000,312.060000
1220.804000,-977.400000,311.084000
1223.888000,-953.656000,314.000000
1179.800000,-965.840000,311.020000
1177.799000,-965.300000,310.044000
1156.800000,-967.916000,313.068000
1164.850000,-977.300000,312.088000
1173.406000,-971.516000,314.000000
1190.200000,-947.130000,318.619000
1142.680000,-934.800000,314.454000
1124.200000,-960.360000,310.306000
1189.078000,-964.800000,323.158000
1155.286000,-961.350000,327.000000
1268.300000,-870.616000,312.790000
1263.344000,-853.500000,311.570000
1254.300000,-864.170000,310.345000
1262.938000,-875.500000,309.125000
1257.380000,-859.044000,314.000000
1257.000000,-833.124000,311.018000
1245.156000,-830.100000,312.530000
1245.000000,-832.599000,312.042000
1248.000000,-851.100000,311.552000
1256.616000,-843.078000,313.000000
1157.500000,-857.930000,316.000000
1149.440000,-842.600000,316.000000
1144.500000,-865.160000,316.000000
1155.992000,-872.600000,316.000000
1153.821000,-872.150000,316.000000
1145.100000,-870.870000,316.000000
1136.210000,-857.700000,316.000000
1110.100000,-863.475000,316.000000
1128.195000,-872.700000,316.000000
1126.375000,-862.980000,316.000000
1259.300000,-792.296000,310.237000
1241.560000,-790.100000,310.481000
1239.300000,-790.271000,310.725000
1242.300000,-799.100000,310.970000
1243.580000,-796.562000,310.000000
1213.100000,-786.371000,313.000000
1206.327000,-749.100000,313.000000
1200.100000,-788.872000,313.000000
1210.292000,-810.100000,313.000000
1212.619000,-754.285000,313.000000
1200.200000,-808.158000,317.522000
1198.198000,-748.500000,313.374000
1187.200000,-765.885000,326.209000
1192.621000,-809.500000,322.061000
1196.443000,-776.011000,330.000000
1142.500000,-789.944000,321.626000
1113.381000,-781.000000,319.911000
1105.500000,-804.894000,318.203000
1107.350000,-807.000000,323.488000
1122.520000,-802.268000,325.000000
1270.600000,-749.043000,315.076000
1249.550000,-739.800000,314.096000
1220.600000,-746.976000,313.120000
1254.800000,-752.800000,312.144000
1231.050000,-742.205000,316.000000
1238.100000,-692.288000,317.340000
1235.724000,-688.900000,330.192000
1194.100000,-697.084000,326.027000
1208.048000,-732.900000,321.879000
1236.208000,-713.144000,334.000000
1172.300000,-710.808000,317.544000
1154.438000,-696.600000,317.054000
1146.300000,-722.808000,318.566000
1171.026000,-728.600000,318.076000
1164.656000,-725.976000,319.000000
1138.700000,-697.665000,320.569000
1129.712000,-685.500000,319.837000
1110.700000,-692.280000,319.102000
1127.052000,-700.500000,321.370000
1123.440000,-689.775000,322.000000
1202.900000,-645.394000,335.802000
1124.672000,-641.500000,330.190000
1120.900000,-643.392000,324.555000
1138.694000,-663.500000,318.943000
1137.546000,-655.822000,341.000000
1148.800000,-623.736000,316.182000
1125.280000,-599.800000,321.467000
1108.800000,-631.436000,319.759000
1142.840000,-643.800000,318.044000
1146.880000,-600.592000,323.000000
1251.400000,-631.228000,313.047000
1229.742000,-587.500000,310.363000
1153.400000,-604.444000,318.668000
1200.832000,-635.500000,315.984000
1222.098000,-605.932000,321.000000
1253.000000,-569.817000,322.896000
1180.410000,-564.000000,315.088000
1168.000000,-584.706000,307.280000
1177.945000,-585.000000,331.440000
1206.165000,-579.771000,338.000000
994.600000,-1084.096000,368.260000
968.248000,-1062.200000,351.845000
940.600000,-1083.246000,335.497000
981.154000,-1096.200000,319.082000
951.292000,-1066.212000,383.000000
1076.100000,-998.740000,312.558000
1071.986000,-998.200000,326.166000
1042.100000,-1011.862000,321.756000
1055.156000,-1052.200000,317.364000
1074.298000,-1024.336000,330.000000
1024.800000,-1015.658000,320.538000
950.810000,-995.300000,318.342000
926.800000,-1043.144000,325.146000
928.564000,-1049.300000,322.941000
994.910000,-1041.254000,327.000000
995.200000,-962.948000,356.914000
970.756000,-931.700000,339.519000
932.200000,-953.498000,322.195000
973.213000,-973.700000,375.871000
960.172000,-940.814000,390.000000
1073.100000,-890.160000,325.990000
1071.798000,-885.100000,322.574000
1011.100000,-892.138000,319.144000
1028.708000,-931.100000,315.728000
1023.066000,-911.964000,329.000000
1021.800000,-846.065000,320.216000
1000.185000,-824.600000,324.752000
988.800000,-859.970000,323.288000
1019.094000,-869.600000,321.818000
1019.853000,-867.395000,326.000000
1078.200000,-796.922000,331.536000
1069.560000,-751.400000,320.021000
1048.200000,-774.080000,355.553000
1064.730000,-805.400000,344.085000
1068.900000,-768.518000,365.000000
1028.200000,-768.180000,331.858000
987.676000,-758.100000,326.490000
984.200000,-760.644000,321.100000
992.340000,-806.100000,337.732000
1003.472000,-790.932000,342.000000
986.200000,-777.820000,340.590000
955.120000,-743.200000,335.466000
930.200000,-784.360000,330.342000
976.008000,-803.200000,325.197000
940.672000,-746.260000,345.000000
1023.800000,-737.866000,325.840000
1006.504000,-679.400000,340.940000
931.800000,-699.240000,336.060000
973.292000,-741.400000,331.180000
1017.912000,-705.254000,345.000000
1083.800000,-623.200000,321.051000
1046.810000,-604.600000,319.343000
1038.800000,-661.780000,324.628000
1042.625000,-664.600000,322.920000
1069.580000,-651.640000,326.000000
987.100000,-646.343000,325.090000
978.910000,-606.400000,324.600000
969.100000,-641.033000,324.112000
982.024000,-665.400000,325.622000
976.894000,-615.250000,326.000000
965.000000,-627.791000,339.532000
963.592000,-626.200000,335.367000
949.000000,-634.340000,331.219000
954.616000,-663.200000,327.071000
951.912000,-645.329000,343.000000
1066.900000,-564.140000,322.846000
968.708000,-542.000000,336.454000
930.900000,-588.062000,332.044000
1064.860000,-596.000000,327.652000
1057.380000,-589.736000,340.000000
813.700000,-1091.216000,322.289000
801.630000,-1059.400000,319.594000
779.700000,-1079.367000,327.910000
800.712000,-1100.400000,325.215000
802.786000,-1069.650000,330.000000
892.700000,-1003.429000,332.800000
820.503000,-988.700000,328.896000
819.700000,-1001.060000,324.976000
838.096000,-1091.700000,337.072000
850.944000,-1052.251000,340.000000
809.800000,-1026.400000,334.413000
791.762000,-995.800000,331.241000
780.800000,-1040.980000,328.056000
806.465000,-1055.800000,324.884000
785.904000,-1054.780000,337.000000
773.400000,-1094.100000,322.848000
760.140000,-1072.200000,334.928000
721.400000,-1081.875000,331.024000
748.336000,-1097.200000,327.104000
769.500000,-1080.950000,338.000000
772.800000,-1013.808000,357.832000
750.575000,-1000.200000,331.480000
747.800000,-1001.320000,413.020000
751.600000,-1056.200000,386.668000
764.650000,-1040.352000,433.000000
840.300000,-953.177000,366.290000
811.068000,-920.900000,347.258000
784.300000,-955.562000,328.226000
828.260000,-973.900000,387.116000
807.932000,-925.299000,401.000000
844.200000,-888.616000,346.947000
834.590000,-824.200000,341.802000
782.200000,-843.142000,336.678000
808.116000,-890.200000,331.533000
792.802000,-853.900000,351.000000
769.300000,-841.507000,333.654000
755.098000,-824.700000,381.282000
751.300000,-869.780000,365.847000
752.236000,-873.700000,350.475000
767.860000,-864.733000,393.000000
745.602677,-860.532806,349.467000
752.830168,-829.443527,334.095000
734.051937,-847.529237,381.723000
735.574211,-869.954795,366.288000
750.690961,-837.338595,393.000000
869.700000,-744.372000,335.098000
866.900000,-742.700000,330.688000
819.700000,-746.814000,326.296000
835.650000,-764.700000,339.904000
840.550000,-754.800000,343.000000
907.900000,-762.680000,339.616000
883.785000,-736.100000,335.224000
872.900000,-785.300000,330.814000
906.220000,-796.100000,326.422000
878.710000,-791.060000,343.000000
825.987777,-803.527893,345.348000
828.015397,-768.129893,493.524000
792.570921,-770.211925,445.700000
805.891898,-801.716572,397.680000
832.234535,-783.067284,529.000000
909.000000,-636.308000,334.560000
848.772000,-630.500000,328.680000
846.000000,-633.371000,346.824000
859.797000,-663.500000,340.968000
887.769000,-651.950000,351.000000
840.600000,-654.266000,372.318000
809.972000,-641.800000,354.506000
788.600000,-658.383000,336.621000
832.904000,-664.800000,391.809000
809.972000,-642.168000,404.000000
897.700000,-625.324000,500.655000
879.496000,-592.600000,448.195000
890.156000,-592.600000,433.790000
815.700000,-605.344000,395.735000
855.552000,-628.600000,343.060000
828.574000,-628.600000,527.960000
906.700000,-552.868000,326.035000
802.268000,-541.000000,337.360000
784.700000,-583.441000,333.700000
799.218000,-584.000000,330.040000
895.598000,-573.250000,340.000000
548.887780,-1145.170746,334.600000
546.545862,-1118.036169,327.280000
520.258985,-1125.024471,349.930000
535.085428,-1150.111201,342.610000
548.641654,-1124.067201,355.000000
539.631505,-1155.576161,416.948000
533.144266,-1150.896496,377.993000
503.075074,-1130.614569,456.539000
481.908000,-1124.915820,339.197000
491.028131,-1156.262907,459.242000
510.427610,-1169.348021,367.181000
500.200756,-1144.988709,485.000000
502.162134,-1096.909313,376.203000
501.780135,-1079.708426,361.258000
479.693203,-1091.942623,346.374000
477.471301,-1094.181956,331.490000
482.297650,-1093.423642,387.000000
573.948742,-1081.750115,333.066000
595.414807,-1036.336467,415.470000
549.183505,-1029.746073,388.765000
549.453823,-1076.509338,362.169000
595.465779,-1057.336284,434.000000
624.943126,-1029.318030,336.432000
625.448756,-1027.517593,328.592000
594.875466,-993.188642,352.784000
594.130274,-1011.088709,344.944000
609.492821,-1020.783201,358.000000
641.058076,-997.614923,332.347000
644.046043,-967.339544,329.663000
609.344402,-980.833084,326.968000
621.015829,-1010.405306,335.284000
612.041776,-995.676483,337.000000
651.051682,-964.076787,359.292000
671.870987,-941.620243,349.776000
653.390300,-942.881618,340.221000
642.411682,-962.445598,330.705000
657.734443,-942.239708,366.000000
446.516628,-1087.348522,328.080000
424.876141,-1046.676367,328.835000
420.739149,-1045.171494,328.591000
395.597211,-1077.258560,328.346000
427.932503,-1095.966426,329.000000
452.216015,-1048.513266,349.515000
457.418045,-1025.699349,333.655000
433.043525,-1030.583094,382.730000
438.685248,-1053.414775,366.870000
459.521033,-1030.787900,393.000000
511.588731,-1033.660127,363.248000
531.532817,-1011.886585,347.632000
512.075198,-1003.670723,332.016000
502.273942,-1025.014371,380.336000
515.503879,-1012.584442,390.000000
510.559605,-996.508146,368.866000
507.024833,-975.013476,356.861000
478.486766,-992.884749,344.905000
478.507557,-995.413123,332.900000
485.276694,-991.648121,377.000000
545.491637,-1007.136218,330.890000
543.109590,-977.379994,356.594000
513.198628,-963.801564,348.264000
529.662002,-1000.498999,339.968000
552.074893,-994.370305,362.000000
616.710351,-946.929528,329.680000
616.775678,-942.939143,328.460000
586.827800,-927.378115,332.240000
557.451705,-966.610096,331.015000
586.558467,-955.639854,333.000000
576.910566,-932.373995,362.516000
588.517198,-907.159568,348.551000
545.021681,-936.322192,334.643000
548.696493,-954.915052,377.735000
547.914116,-942.511161,386.000000
636.419091,-925.031192,343.102000
658.832618,-886.209284,338.710000
620.143882,-880.306416,334.300000
616.215389,-919.388239,329.908000
634.110127,-877.045455,346.000000
707.624020,-844.835219,339.970000
691.335804,-813.438937,440.518000
686.374952,-817.005790,408.066000
657.830876,-851.514583,375.481000
686.755555,-856.645034,461.000000
729.840396,-811.417335,352.598000
729.124351,-790.352593,335.693000
708.049869,-794.320447,387.857000
718.344453,-816.765920,371.021000
714.446256,-811.236991,398.000000
763.900000,-692.125000,363.057000
758.503000,-675.500000,351.101000
742.900000,-682.872000,339.096000
753.820000,-694.500000,376.140000
750.964000,-682.131000,383.000000
743.884044,-706.888898,363.760000
722.238314,-672.882545,354.000000
718.798331,-669.298728,344.240000
708.690275,-686.343410,334.440000
712.332132,-682.236208,370.000000
766.000000,-625.624000,338.456000
727.821000,-578.200000,365.636000
693.000000,-629.290000,356.852000
750.451000,-656.200000,348.068000
757.386000,-584.596000,371.000000
765.700000,-576.600000,340.940000
756.280000,-537.600000,336.060000
705.700000,-549.120000,351.160000
730.900000,-577.600000,346.280000
743.500000,-555.560000,354.000000
708.600000,-550.722000,454.785000
675.420000,-536.400000,402.110000
666.600000,-575.124000,349.650000
668.826000,-578.400000,511.975000
422.468959,-1022.467035,363.000000
425.900779,-992.954286,353.200000
395.199360,-981.498303,343.440000
406.009273,-1016.060794,333.680000
407.842720,-979.330467,369.000000
484.604816,-964.789903,336.282000
484.425305,-960.754586,398.274000
445.898525,-922.788344,378.184000
437.208837,-953.295609,358.176000
468.393898,-968.822428,410.000000
500.708558,-947.314752,329.765000
489.278646,-912.177308,328.540000
460.359760,-915.650586,332.320000
486.196917,-956.042162,331.095000
477.857785,-941.692201,333.000000
534.117954,-922.744220,341.684000
559.560002,-877.127050,336.560000
512.818682,-862.786456,331.415000
509.570674,-910.736314,347.291000
535.007407,-873.693266,350.000000
621.140781,-854.747683,341.825000
611.186396,-825.865717,338.165000
606.224614,-828.223770,334.490000
567.899330,-867.751586,330.830000
582.462451,-852.175530,344.000000
570.983916,-852.131254,327.749000
572.439145,-828.138586,333.034000
547.884402,-832.234084,331.326000
557.526193,-857.393096,329.611000
580.811810,-839.193023,334.000000
575.044165,-826.467856,339.530000
595.792337,-805.919273,330.990000
580.615375,-805.228505,357.415000
568.559309,-823.137789,348.875000
585.041112,-812.015896,362.000000
632.486619,-789.046894,345.488000
627.875269,-770.726032,337.680000
603.786089,-786.552933,329.872000
605.048549,-788.618836,354.032000
613.849360,-787.874407,358.000000
670.472542,-805.910524,339.054000
666.997122,-772.080525,335.624000
634.400166,-760.489303,332.208000
653.402532,-801.374060,328.778000
650.097111,-756.510117,341.000000
736.320987,-744.413352,334.472000
732.745602,-739.330732,357.908000
693.244407,-714.958100,350.313000
670.729961,-758.088737,342.749000
710.002510,-757.104346,362.000000
431.340305,-921.374811,335.534000
411.395317,-877.133170,331.142000
379.114845,-883.887061,344.750000
377.087535,-887.204106,340.340000
404.123292,-912.619983,347.000000
450.940943,-903.235771,339.685000
457.144006,-875.572095,335.030000
427.727375,-864.129567,330.394000
435.104001,-896.025427,344.758000
445.164838,-871.028206,347.000000
523.808888,-846.183534,341.856000
528.299744,-841.527797,337.952000
500.756506,-822.387919,334.032000
467.362128,-861.617053,330.128000
483.265252,-841.307920,344.000000
474.720694,-833.822171,331.627000
480.622255,-808.722674,355.063000
449.090562,-823.694813,347.499000
455.950015,-846.582671,339.904000
456.766388,-844.037769,359.000000
536.508701,-831.588466,337.701000
550.858974,-813.227798,330.596000
533.951803,-810.497329,352.520000
528.120229,-828.051211,345.444000
543.137554,-817.164313,356.000000
537.229560,-798.579755,330.720000
522.284907,-770.256858,329.256000
519.353138,-769.305971,327.786000
501.345583,-792.069419,332.322000
512.420342,-790.538726,333.000000
568.554348,-803.211470,337.323000
560.867154,-766.355726,334.151000
528.113971,-758.753868,330.979000
551.863521,-802.907637,327.794000
547.060965,-751.594685,339.000000
575.230804,-756.093249,326.738000
594.002483,-737.451448,331.268000
579.846293,-734.341066,329.804000
569.114674,-751.210003,328.340000
585.399090,-745.247012,332.000000
624.768801,-736.490570,328.740000
615.312257,-710.177876,326.300000
589.499517,-723.874768,333.850000
590.245851,-726.893914,331.410000
605.722900,-735.566644,335.000000
580.471276,-731.308201,344.658000
608.099424,-700.095330,336.573000
575.060972,-716.387986,328.521000
562.383245,-740.570511,353.436000
599.337193,-703.523580,357.000000
692.843500,-696.833709,342.540000
691.215293,-691.009403,337.640000
645.921894,-656.337743,332.760000
623.280894,-702.458350,327.880000
636.230168,-672.113674,345.000000
331.831482,-1023.323647,326.536000
284.470177,-935.734483,335.608000
231.170995,-931.124360,332.668000
310.073843,-1038.858085,329.740000
302.426263,-1020.904930,337.000000
349.603085,-990.112442,339.300000
386.622769,-948.617994,330.725000
349.485269,-958.038858,357.185000
331.115013,-992.891740,348.610000
372.301708,-958.799525,361.000000
362.234999,-944.297612,343.882000
298.884350,-854.053117,338.514000
293.093856,-857.456695,333.124000
274.102691,-909.257166,349.756000
296.728141,-904.075826,352.000000
377.432493,-870.357870,443.424000
365.267609,-822.304618,411.216000
324.187542,-820.828092,378.876000
356.649202,-876.811418,346.668000
321.322922,-831.949251,459.000000
392.783348,-848.756474,329.948000
403.394921,-820.244353,346.558000
366.284970,-793.008864,341.190000
371.735754,-828.819010,335.800000
399.156273,-831.551712,349.000000
464.920516,-787.207977,332.390000
436.836548,-742.230343,328.974000
432.343911,-737.669177,339.544000
417.598713,-761.377019,336.128000
439.862732,-776.600413,341.000000
491.638807,-765.190014,326.000000
486.156102,-730.447993,326.000000
454.033900,-721.009813,326.000000
475.043551,-762.806592,326.000000
479.462045,-725.868038,326.000000
563.535714,-699.023858,339.208000
582.779761,-677.951020,335.288000
561.936994,-665.575968,331.384000
553.089043,-687.367493,327.464000
559.927897,-670.329729,341.000000
555.592365,-708.122873,325.695000
543.318154,-677.297789,329.475000
517.280343,-687.676954,328.250000
516.929481,-690.791948,327.030000
540.856893,-711.768691,330.000000
525.121284,-679.614542,331.240000
544.969425,-655.885615,327.336000
521.289973,-664.702443,339.432000
512.547733,-684.175837,335.512000
539.060041,-660.887115,341.000000
597.142449,-635.608459,339.692000
597.733756,-632.970056,333.322000
576.290942,-615.170086,326.978000
563.873929,-637.188173,346.634000
574.352662,-629.254589,349.000000
286.801543,-837.658242,358.255000
281.778695,-816.676773,349.715000
264.520592,-817.857069,341.140000
277.795973,-842.370899,332.600000
264.592687,-820.815797,362.000000
252.608756,-866.021998,322.016000
256.727557,-823.294340,332.600000
203.575684,-783.635692,329.184000
222.625971,-839.859125,325.754000
257.963681,-841.490540,334.000000
331.860597,-794.219297,326.000000
303.202636,-749.594152,326.000000
299.545074,-749.634980,326.000000
284.453153,-777.371102,326.000000
305.648700,-785.760883,326.000000
289.288639,-710.811105,326.588000
297.625709,-692.733183,325.612000
275.893559,-705.452992,324.632000
276.484134,-719.987568,327.656000
296.614784,-692.284194,328.000000
343.590594,-714.997890,331.286000
354.762008,-701.709406,329.578000
344.525231,-700.578035,327.870000
338.814794,-712.429634,326.155000
344.736758,-701.455717,332.000000
340.944443,-693.266650,324.750000
340.706377,-685.329115,328.525000
326.171382,-697.309274,327.305000
326.608254,-698.067271,326.085000
333.491113,-698.463334,329.000000
364.371376,-692.162636,325.604000
366.458638,-671.785665,324.628000
345.994821,-669.725586,327.648000
353.443903,-692.056956,326.672000
365.735265,-674.966909,328.000000
409.297526,-660.723571,328.612000
407.025947,-659.612523,327.632000
387.472539,-661.643454,326.656000
385.274749,-688.698179,329.676000
390.693357,-671.276437,330.000000
433.326539,-646.945517,343.176000
424.063864,-622.459006,338.521000
398.328802,-645.488228,333.885000
396.355303,-649.227847,329.249000
401.048422,-645.420669,345.000000
403.047307,-605.211634,330.595000
387.238513,-620.602782,367.639000
366.557102,-647.695525,355.634000
391.228463,-620.514916,343.678000
395.431182,-611.833246,372.000000
577.683450,-579.118451,331.768000
581.767464,-575.080626,325.888000
564.003587,-567.099888,344.032000
532.475493,-600.345829,338.152000
553.112171,-589.655847,346.000000
562.900000,-543.212000,337.792000
536.540000,-533.300000,331.936000
522.900000,-549.911000,326.056000
559.780000,-554.300000,344.200000
535.700000,-553.166000,346.000000
497.088515,-659.768275,351.361000
514.515673,-634.853322,344.285000
490.860045,-629.748585,337.180000
485.066117,-654.207042,330.104000
495.016286,-628.657813,354.000000
494.498368,-601.143042,321.000000
479.086132,-569.705299,321.000000
475.828369,-568.775970,321.000000
454.125395,-594.606436,321.000000
477.256626,-606.021245,321.000000
470.500000,-567.204000,321.000000
464.910000,-563.200000,321.000000
460.500000,-568.037000,321.000000
468.720000,-570.200000,321.000000
466.160000,-563.522000,321.000000
448.695433,-587.713913,321.000000
453.380461,-571.359922,321.000000
443.692943,-573.659732,321.000000
443.249342,-586.646535,321.000000
445.980866,-576.341413,321.000000
432.677555,-580.149632,324.660000
427.340765,-568.387555,323.680000
415.574715,-594.678448,322.704000
416.055769,-596.199838,321.724000
418.087716,-589.882411,325.000000
479.100000,-553.220000,321.000000
459.822000,-546.500000,321.000000
437.100000,-552.410000,321.000000
467.424000,-556.500000,321.000000
471.204000,-547.960000,321.000000
416.695296,-551.217786,321.000000
416.376754,-549.429762,321.000000
404.725142,-554.605324,321.000000
397.083464,-584.899877,321.000000
405.877459,-567.398516,321.000000
398.061275,-553.892878,321.000000
394.734732,-541.195794,321.000000
384.638587,-562.225274,321.000000
392.753472,-569.056109,321.000000
387.378330,-563.762609,321.000000
1329.671466,-502.613181,355.520000
1358.416213,-478.035951,341.856000
1331.287335,-477.707055,328.136000
1316.261390,-500.994574,314.472000
1342.163361,-473.070981,360.000000
1269.500000,-498.770000,313.788000
1204.955000,-494.600000,334.956000
1204.500000,-498.320000,328.124000
1221.140000,-524.600000,321.264000
1256.890000,-512.960000,337.000000
1269.000000,-435.895000,315.883000
1252.098000,-416.200000,310.738000
1242.000000,-445.762000,326.614000
1266.003000,-455.200000,321.490000
1256.985000,-454.381000,328.000000
1188.300000,-524.304000,319.436000
1174.780000,-496.400000,316.020000
1136.300000,-508.912000,312.590000
1163.496000,-528.400000,323.174000
1152.056000,-507.472000,324.000000
1131.300000,-496.160000,315.775000
1108.975000,-486.600000,315.043000
1106.300000,-487.600000,314.311000
1110.200000,-526.600000,313.576000
1107.600000,-515.080000,316.000000
1190.100000,-460.590000,313.416000
1150.124000,-449.700000,319.456000
1114.100000,-461.544000,317.504000
1174.064000,-467.700000,315.552000
1174.976000,-451.122000,320.000000
1203.900000,-442.392000,322.552000
1188.860000,-407.400000,314.256000
1109.900000,-417.876000,339.926000
1149.662000,-443.400000,331.630000
1161.506000,-423.456000,342.000000
963.800000,-503.974000,326.040000
936.838000,-496.200000,325.305000
929.800000,-517.475000,324.573000
931.704000,-519.200000,326.838000
939.932000,-514.876000,327.000000
1005.000000,-454.750000,346.206000
975.110000,-433.600000,339.836000
935.000000,-450.340000,333.492000
983.300000,-463.600000,327.148000
938.290000,-438.970000,348.000000
912.300000,-497.060000,343.200000
909.300000,-494.900000,418.800000
862.300000,-500.630000,394.300000
878.450000,-524.900000,369.900000
902.050000,-511.250000,425.000000
911.700000,-461.820000,332.850000
893.682000,-444.300000,326.725000
885.700000,-477.300000,345.625000
910.556000,-484.300000,339.500000
899.844000,-480.780000,347.000000
914.100000,-426.350000,392.240000
897.750000,-402.200000,366.864000
864.100000,-415.940000,341.384000
893.600000,-432.200000,420.008000
878.750000,-410.570000,425.000000
864.200000,-476.349000,404.944000
804.680000,-473.100000,385.668000
802.200000,-474.848000,366.313000
816.026000,-492.100000,347.037000
804.742000,-485.355000,410.000000
863.600000,-443.422000,345.852000
826.834000,-433.200000,405.497000
801.600000,-446.975000,386.221000
854.734000,-452.200000,366.866000
850.580000,-433.428000,410.000000
772.000000,-510.410000,371.193000
772.000000,-492.842000,397.293000
746.122000,-400.000000,349.965000
658.000000,-443.676000,415.650000
658.000000,-437.210000,348.399000
713.860000,-522.000000,394.422000
719.446000,-446.238000,420.000000
701.890000,-476.738000,420.000000
634.400000,-431.604000,370.540000
583.660000,-398.000000,354.436000
575.400000,-521.008000,338.332000
582.657000,-522.000000,388.162000
592.333000,-490.380000,391.000000
574.200000,-477.774000,358.564000
546.042000,-399.300000,348.274000
517.200000,-476.175000,338.026000
560.349000,-522.300000,327.736000
519.252000,-413.076000,361.000000
480.900000,-469.895000,324.404000
477.090000,-469.700000,345.572000
450.900000,-479.801000,338.712000
462.600000,-508.700000,331.880000
474.450000,-488.342000,347.000000
405.300000,-491.282000,320.552000
385.540000,-475.700000,318.600000
379.300000,-513.164000,324.648000
379.898000,-517.700000,322.688000
393.158000,-511.190000,325.000000
499.500000,-443.518000,315.608000
481.376000,-398.500000,316.098000
453.500000,-430.525000,316.586000
483.722000,-459.500000,315.074000
466.472000,-411.432000,315.000000
1271.200000,-298.392000,387.495000
1270.255000,-290.800000,366.755000
1236.200000,-302.407000,345.930000
1246.350000,-363.800000,325.190000
1237.285000,-332.994000,392.000000
1217.300000,-326.733000,330.226000
1184.250000,-315.900000,395.998000
1167.300000,-334.116000,374.770000
1213.500000,-338.900000,353.455000
1206.250000,-337.635000,400.000000
1167.900000,-363.990000,352.150000
1156.140000,-276.000000,330.835000
1127.900000,-320.625000,396.607000
1150.180000,-381.000000,375.379000
1149.020000,-308.655000,400.000000
1100.100000,-309.180000,423.758000
1007.400000,-300.000000,385.206000
1046.100000,-300.000000,455.674000
1000.100000,-302.655000,346.496000
1019.100000,-345.000000,465.944000
1060.700000,-345.000000,366.878000
1027.700000,-330.510000,471.000000
997.200000,-369.685000,422.768000
963.540000,-349.700000,396.172000
937.200000,-373.920000,369.576000
986.640000,-384.700000,342.871000
938.700000,-351.275000,428.000000
998.100000,-291.795000,341.236000
986.460000,-259.000000,423.531000
938.100000,-270.410000,396.935000
965.520000,-294.000000,370.339000
984.540000,-273.385000,428.000000
879.400000,-365.892000,357.305000
860.379000,-358.900000,339.981000
856.400000,-380.957000,393.586000
858.493000,-381.900000,376.262000
868.406000,-376.794000,396.000000
830.200000,-371.572000,378.904000
815.448000,-350.100000,361.264000
798.200000,-369.044000,343.696000
821.368000,-382.100000,398.056000
806.872000,-354.740000,400.000000
889.700000,-298.761000,401.556000
883.778000,-296.800000,381.466000
826.700000,-308.778000,361.458000
849.191000,-349.800000,341.450000
827.960000,-323.883000,405.000000
918.300000,-274.628000,325.299000
848.412000,-261.700000,333.615000
822.300000,-289.188000,330.920000
917.436000,-293.700000,328.236000
896.028000,-289.796000,334.000000
775.600000,-342.585000,379.249000
760.077000,-315.600000,352.544000
732.600000,-332.855000,434.948000
759.432000,-350.600000,408.243000
754.831000,-324.140000,438.000000
769.600000,-269.776000,389.368000
727.852000,-263.200000,367.652000
727.600000,-269.248000,345.847000
738.394000,-311.200000,413.131000
738.772000,-292.528000,415.000000
706.400000,-285.652000,338.408000
675.628000,-253.900000,334.504000
657.400000,-301.717000,330.584000
701.059000,-316.900000,326.680000
658.086000,-315.514000,339.000000
646.650000,-361.940000,331.825000
611.493300,-247.100000,373.350000
511.950000,-298.976000,359.930000
582.532800,-379.100000,346.455000
614.726100,-292.508000,375.000000
519.493200,-277.460000,375.000000
502.100000,-279.321000,330.436000
388.562000,-247.800000,319.212000
375.100000,-251.258000,353.942000
395.166000,-380.800000,342.718000
440.124000,-342.363000,355.000000
453.586000,-296.611000,355.000000
1095.100000,-208.744000,347.680000
1019.068000,-156.800000,337.920000
951.100000,-213.474000,328.160000
1065.004000,-242.800000,358.360000
988.540000,-163.508000,359.000000
977.020000,-200.144000,359.000000
921.400000,-232.850000,568.219000
921.400000,-218.000000,421.133000
909.325000,-160.100000,506.724000
864.325000,-160.100000,476.102000
846.400000,-182.075000,445.480000
846.400000,-182.150000,531.071000
878.200000,-235.100000,383.985000
908.350000,-235.100000,335.040000
994.700000,-76.333400,320.980000
957.335000,-70.200000,327.784000
947.700000,-87.053200,325.579000
950.426000,-88.400000,323.383000
983.326000,-84.960200,328.000000
998.556276,-57.274454,332.717000
983.395001,-41.840874,326.129000
957.928261,-46.346149,346.541000
984.821494,-59.599115,339.926000
980.066819,-44.242561,347.000000
858.321240,-107.659698,338.183000
857.213342,-105.390920,333.038000
827.323949,-90.006085,327.914000
828.812155,-108.749470,343.790000
831.365599,-100.388093,344.000000
889.883397,-84.353575,326.844000
859.603979,-52.808021,325.380000
833.102068,-60.110823,323.910000
880.401257,-94.693474,322.446000
832.205435,-62.006183,327.000000
917.633488,-28.024049,323.600000
911.222484,-2.780290,335.696000
879.207836,-4.673775,331.792000
898.892488,-27.063479,327.872000
912.058395,-11.003859,336.000000
879.997978,17.274111,321.201000
863.258157,30.558692,318.016000
861.238935,27.227248,327.844000
853.343586,-9.417834,324.672000
863.658728,2.424238,328.000000
783.200000,-216.639000,382.056000
759.400000,-191.400000,363.268000
743.200000,-225.522000,344.403000
777.520000,-238.400000,402.615000
753.160000,-191.870000,403.000000
712.800000,-232.650000,325.874000
702.540000,-187.500000,324.410000
667.800000,-205.500000,322.946000
689.895000,-237.500000,321.476000
712.710000,-206.350000,326.000000
638.700000,-201.200000,322.699000
574.912000,-195.800000,344.594000
564.700000,-215.660000,337.518000
573.950000,-215.800000,330.442000
619.978000,-210.680000,345.000000
423.000000,-214.940000,347.898000
406.665000,-189.500000,326.182000
390.000000,-214.580000,393.377000
415.014000,-229.500000,371.661000
406.335000,-193.900000,394.000000
776.400000,-66.080000,325.606000
769.360000,-65.900000,323.401000
721.400000,-81.500000,321.205000
742.960000,-125.900000,319.000000
734.820000,-94.520000,328.000000
769.250000,-13.500000,359.280000
687.335000,1.300000,347.520000
661.750000,-34.420000,335.808000
664.437500,-38.700000,324.096000
768.497500,-32.460000,360.000000
507.800000,-29.128000,308.428000
484.100000,6.200000,325.816000
447.800000,-19.096000,320.181000
487.280000,-41.800000,314.569000
492.260000,-3.880000,326.000000
247.219770,-575.429472,322.488000
248.318614,-573.469372,322.243000
231.524121,-561.426636,322.999000
223.386736,-578.235979,322.754000
232.608116,-574.894899,323.000000
296.500000,-337.280000,312.739000
290.542000,-326.000000,312.495000
287.500000,-345.056000,312.250000
295.825000,-350.000000,312.006000
289.651000,-348.632000,313.000000
283.000000,-318.024000,312.990000
275.920000,-310.500000,312.746000
259.000000,-314.343000,312.501000
272.392000,-319.500000,312.257000
282.688000,-313.290000,313.000000
175.437972,-557.981220,323.936000
166.224415,-522.012760,329.976000
162.828900,-520.635140,328.024000
132.726536,-544.377040,326.064000
153.870202,-557.415077,330.000000
138.154609,-303.594128,313.986000
134.304413,-279.626744,313.498000
111.196163,-281.055099,313.008000
126.204505,-306.882174,314.520000
134.707464,-281.550074,315.000000
94.287785,-638.682777,387.728000
138.614895,-587.703207,366.500000
108.322441,-590.706997,345.272000
81.848363,-632.760051,323.957000
108.050912,-598.886808,410.000000
45.003797,-520.399572,329.960000
103.979552,-544.241474,327.510000
20.358912,-401.662326,325.070000
13.216857,-398.096971,322.620000
1.358370,-451.737335,330.000000
137.126961,-447.959888,325.434000
168.181375,-393.248732,320.066000
111.486715,-406.848603,336.676000
106.295984,-456.452900,331.308000
164.437976,-408.419945,342.000000
104.518021,-379.283629,330.932000
108.928487,-379.760634,322.636000
118.116974,-345.707067,314.340000
65.144483,-300.449067,340.010000
90.203344,-336.287033,348.000000
50.339577,-292.915257,336.750000
36.678274,-240.595012,328.665000
-16.985474,-269.730640,320.613000
21.223748,-321.307009,312.561000
-7.388621,-280.769991,345.000000
364.000000,-206.093000,303.017000
322.732000,-131.500000,315.869000
250.000000,-179.418000,311.704000
321.364000,-228.500000,307.556000
361.378000,-155.071000,320.000000
275.194000,-221.322000,320.000000
310.067204,-47.084415,306.528000
294.959519,-19.174253,303.112000
290.008821,-23.312997,313.696000
261.823149,-58.487276,310.266000
286.283456,-56.427138,317.000000
209.000000,-47.690000,310.504000
185.098000,0.000000,310.259000
171.000000,-72.295000,310.015000
204.896000,-95.000000,310.771000
189.012000,-92.720000,311.000000
170.000000,-186.835000,323.305000
125.290000,0.000000,320.621000
0.000000,-84.710000,317.926000
89.420000,-215.000000,315.242000
37.740000,-73.745000,326.000000
154.020000,-72.455000,326.000000
102.680000,-130.290000,326.000000
68.510000,-17.845000,326.000000
