1522.700000,-1107.924000,305.962000
1519.028000,-1072.200000,305.474000
1505.700000,-1085.733000,304.984000
1513.843000,-1111.200000,304.496000
1522.632000,-1087.410000,306.000000
1493.900000,-1066.268000,306.120000
1476.404000,-1052.600000,307.630000
1469.900000,-1081.874000,307.142000
1493.708000,-1086.600000,306.654000
1491.932000,-1082.384000,308.000000
1570.100000,-981.180000,301.973000
1562.324000,-963.400000,307.258000
1538.100000,-970.880000,305.550000
1554.292000,-983.400000,303.835000
1564.948000,-970.660000,308.000000
1526.200000,-964.150000,305.340000
1514.860000,-952.900000,320.460000
1511.200000,-979.540000,315.560000
1511.485000,-982.900000,310.680000
1522.600000,-978.370000,321.000000
1508.400000,-980.436000,303.664000
1497.060000,-956.300000,301.459000
1466.400000,-967.528000,308.263000
1488.786000,-984.300000,306.067000
1495.044000,-965.708000,310.000000
1496.033158,-730.844025,310.098000
1472.896180,-731.842444,303.510000
1507.408090,-763.521292,323.922000
1511.379334,-765.466882,317.307000
1510.619795,-751.544488,327.000000
1427.300000,-616.595000,316.154000
1420.172000,-569.000000,311.762000
1403.300000,-593.396000,325.352000
1416.740000,-626.000000,320.960000
1415.876000,-586.613000,326.000000
1390.800000,-626.494000,312.256000
1342.200000,-622.000000,310.296000
1330.800000,-635.188000,308.344000
1335.180000,-636.000000,314.392000
1357.560000,-633.130000,316.000000
1366.100000,-611.768000,314.710000
1360.592000,-574.600000,312.026000
1349.100000,-595.530000,309.342000
1359.079000,-620.600000,317.647000
1355.339000,-587.572000,319.000000
1347.700000,-592.654000,309.378000
1326.775000,-580.600000,308.890000
1322.700000,-620.329000,308.400000
1325.200000,-621.600000,309.912000
1329.925000,-612.088000,310.000000
1448.900000,-1100.787000,309.840000
1435.913000,-1079.700000,308.615000
1411.900000,-1092.714000,307.395000
1434.618000,-1106.700000,306.175000
1419.670000,-1086.585000,311.000000
1344.200000,-1082.978000,308.000000
1326.920000,-1073.900000,308.000000
1324.200000,-1107.764000,308.000000
1326.740000,-1107.900000,308.000000
1326.820000,-1099.094000,308.000000
1442.100000,-1057.280000,317.800000
1429.248000,-1042.200000,313.896000
1408.100000,-1052.380000,309.976000
1429.894000,-1062.200000,306.072000
1409.902000,-1046.760000,319.000000
1434.000000,-1011.280000,303.080000
1354.701000,-1006.000000,318.180000
1345.000000,-1006.506000,313.300000
1358.706000,-1028.000000,308.400000
1431.686000,-1021.708000,323.000000
1344.900000,-1052.193000,307.394000
1319.790000,-1009.300000,320.246000
1282.900000,-1040.924000,316.081000
1324.316000,-1068.300000,311.933000
1338.390000,-1021.159000,323.000000
1446.100000,-949.542000,304.254000
1424.068000,-942.300000,314.838000
1422.100000,-944.000000,311.408000
1426.444000,-976.300000,307.992000
1441.708000,-965.658000,316.000000
1399.000000,-977.900000,303.720000
1379.560000,-954.800000,305.985000
1354.000000,-973.379000,305.253000
1385.275000,-987.800000,304.518000
1387.210000,-960.542000,306.000000
1337.700000,-957.471000,305.272000
1322.580000,-951.300000,304.296000
1321.700000,-953.841000,307.316000
1325.028000,-984.300000,306.340000
1332.244000,-973.080000,308.000000
1430.300000,-927.514000,318.277000
1408.774000,-915.400000,308.232000
1383.300000,-926.020000,339.228000
1417.234000,-933.400000,329.224000
1410.607000,-918.046000,343.000000
1308.000000,-848.020000,330.800000
1290.504000,-836.500000,319.088000
1290.000000,-843.988000,355.376000
1294.230000,-908.500000,343.616000
1299.036000,-882.076000,356.000000
1302.100000,-769.996000,323.066000
1294.825000,-753.200000,315.990000
1287.100000,-769.242000,308.885000
1298.335000,-779.200000,330.809000
1293.445000,-756.320000,336.000000
1356.800000,-781.795000,325.357000
1284.872000,-779.800000,318.252000
1284.800000,-781.750000,311.176000
1303.664000,-794.800000,333.100000
1309.640000,-788.890000,336.000000
1451.000000,-770.885000,325.596000
1397.240000,-761.600000,316.812000
1346.000000,-771.260000,308.028000
1427.375000,-776.600000,335.208000
1373.930000,-762.995000,336.000000
1446.700000,-727.122000,328.440000
1446.336000,-723.200000,319.656000
1432.700000,-729.009000,310.836000
1436.746000,-760.200000,302.052000
1435.332000,-744.623000,336.000000
1445.200000,-714.780000,341.712000
1399.924000,-705.900000,329.952000
1361.200000,-715.965000,318.240000
1428.568000,-720.900000,306.528000
1370.356000,-706.890000,348.000000
1359.800000,-704.423000,351.774000
1358.952000,-701.500000,341.526000
1343.800000,-708.308000,331.278000
1348.856000,-738.500000,320.988000
1344.280000,-721.961000,354.000000
1342.600000,-707.010000,313.092000
1321.658000,-699.100000,344.844000
1305.600000,-708.872000,334.554000
1336.273000,-713.100000,324.306000
1340.824000,-699.646000,354.000000
1302.800000,-704.864000,316.410000
1301.440000,-703.200000,348.120000
1285.800000,-709.952000,337.872000
1291.631000,-735.200000,327.582000
1300.641000,-720.032000,354.000000
1268.400000,-1072.490000,310.111000
1253.575000,-1042.900000,322.963000
1243.400000,-1082.775000,318.815000
1264.800000,-1097.900000,314.650000
1263.250000,-1043.560000,324.000000
1228.600000,-1074.275000,308.310000
1227.530000,-1073.500000,307.090000
1218.600000,-1080.878000,310.865000
1222.300000,-1104.500000,309.645000
1225.760000,-1088.969000,312.000000
1220.900000,-1099.610000,310.023000
1201.680000,-1094.500000,309.288000
1189.900000,-1102.020000,311.556000
1217.273000,-1104.500000,310.821000
1209.647000,-1104.350000,312.000000
1216.600000,-1071.670000,307.419000
1215.528000,-1056.700000,307.175000
1208.600000,-1060.675000,307.930000
1211.776000,-1071.700000,307.686000
1213.064000,-1063.780000,308.000000
1195.000000,-1068.424000,310.494000
1188.530000,-1051.000000,309.759000
1185.000000,-1079.044000,309.027000
1194.100000,-1087.000000,311.295000
1189.800000,-1085.488000,312.000000
1187.000000,-1102.946000,316.347000
1184.585000,-1077.700000,313.652000
1172.000000,-1085.292000,310.968000
1178.360000,-1103.700000,319.273000
1178.015000,-1089.270000,321.000000
1148.400000,-1089.025000,311.000000
1114.700000,-1077.600000,311.000000
1098.400000,-1097.750000,311.000000
1145.250000,-1102.600000,311.000000
1114.500000,-1100.875000,311.000000
1231.100000,-1018.768000,310.468000
1226.964000,-998.000000,309.978000
1209.100000,-1005.018000,309.490000
1219.022000,-1020.000000,309.002000
1214.468000,-1007.196000,311.000000
1206.100000,-1022.330000,313.060000
1196.286000,-1004.700000,311.840000
1192.100000,-1038.853000,310.620000
1205.596000,-1045.700000,309.395000
1194.410000,-1041.764000,314.000000
1143.300000,-1042.999000,324.474000
1135.130000,-999.900000,321.058000
1105.300000,-1016.162000,317.628000
1123.464000,-1046.900000,314.212000
1108.568000,-1018.277000,326.000000
1268.000000,-929.230000,314.790000
1246.888000,-925.200000,313.075000
1239.000000,-933.800000,311.367000
1267.739000,-935.200000,309.659000
1239.232000,-933.970000,315.000000
1238.900000,-976.670000,310.192000
1235.754000,-947.300000,313.216000
1225.900000,-959.609000,312.240000
1232.465000,-980.300000,311.260000
1237.977000,-959.312000,314.000000
1224.200000,-959.928000,310.508000
1215.140000,-949.400000,313.532000
1212.200000,-974.236000,312.552000
1212.416000,-977.400000,311.576000
1222.412000,-973.200000,314.000000
1179.800000,-975.656000,310.824000
1173.613000,-965.300000,313.844000
1156.800000,-970.100000,312.868000
1169.036000,-977.300000,311.892000
1174.556000,-969.344000,314.000000
1190.200000,-945.300000,314.828000
1138.588000,-934.800000,310.680000
1124.200000,-962.220000,323.532000
1127.170000,-964.800000,319.367000
1169.938000,-959.490000,327.000000
1268.300000,-871.892000,310.815000
1264.156000,-853.500000,309.595000
1254.300000,-862.894000,313.370000
1262.126000,-875.500000,312.150000
1262.910000,-860.320000,314.000000
1257.000000,-836.883000,311.884000
1247.292000,-830.100000,311.394000
1245.000000,-849.861000,312.906000
1245.864000,-851.100000,312.416000
1251.432000,-846.816000,313.000000
1157.500000,-866.870000,316.000000
1153.314000,-842.600000,316.000000
1144.500000,-856.220000,316.000000
1152.118000,-872.600000,316.000000
1150.441000,-851.090000,316.000000
1145.100000,-862.140000,316.000000
1115.840000,-857.700000,316.000000
1110.100000,-872.205000,316.000000
1113.565000,-872.700000,316.000000
1123.365000,-869.235000,316.000000
1259.300000,-797.138000,310.322000
1252.320000,-790.100000,310.567000
1239.300000,-794.429000,310.811000
1251.560000,-799.100000,310.056000
1245.300000,-792.404000,310.000000
1213.100000,-765.509000,313.000000
1201.881000,-749.100000,313.000000
1200.100000,-809.734000,313.000000
1201.738000,-810.100000,313.000000
1202.973000,-794.362000,313.000000
1200.200000,-794.555000,327.195000
1195.312000,-748.500000,323.030000
1187.200000,-779.488000,318.882000
1195.507000,-809.500000,314.734000
1189.059000,-762.469000,330.000000
1142.500000,-787.292000,324.398000
1109.570000,-781.000000,322.683000
1105.500000,-781.546000,320.975000
1111.161000,-807.000000,319.260000
1107.868000,-799.616000,325.000000
1270.600000,-749.264000,315.968000
1250.450000,-739.800000,314.992000
1220.600000,-746.755000,314.012000
1253.900000,-752.800000,313.036000
1269.850000,-742.426000,316.000000
1238.100000,-698.360000,318.207000
1197.752000,-688.900000,331.042000
1194.100000,-691.012000,326.894000
1202.020000,-732.900000,322.746000
1234.008000,-719.216000,334.000000
1172.300000,-719.032000,317.298000
1161.120000,-696.600000,318.810000
1146.300000,-714.584000,318.322000
1164.318000,-728.600000,317.832000
1167.828000,-702.200000,319.000000
1138.700000,-688.320000,319.684000
1112.268000,-685.500000,321.952000
1110.700000,-686.625000,321.217000
1116.496000,-700.500000,320.485000
1131.672000,-695.430000,322.000000
1202.900000,-656.328000,325.061000
1165.426000,-641.500000,319.426000
1120.900000,-654.458000,336.814000
1179.940000,-663.500000,331.202000
1175.922000,-644.756000,341.000000
1148.800000,-606.884000,318.695000
1109.960000,-599.800000,316.987000
1108.800000,-604.288000,322.279000
1118.160000,-643.800000,320.564000
1132.480000,-627.740000,323.000000
1251.400000,-618.556000,315.104000
1203.968000,-587.500000,312.420000
1153.400000,-617.068000,320.725000
1226.606000,-635.500000,318.041000
1203.772000,-593.308000,321.000000
1253.000000,-566.814000,323.376000
1168.170000,-564.000000,315.536000
1168.000000,-566.709000,307.728000
1190.185000,-585.000000,331.888000
1204.975000,-576.768000,338.000000
994.600000,-1083.280000,357.607000
967.006000,-1062.200000,341.259000
940.600000,-1084.062000,324.911000
982.396000,-1096.200000,375.496000
959.824000,-1065.396000,383.000000
1076.100000,-1003.978000,324.600000
1075.250000,-998.200000,320.208000
1042.100000,-1006.624000,315.798000
1051.892000,-1052.200000,329.406000
1051.552000,-1029.574000,330.000000
1024.800000,-1027.322000,325.011000
972.076000,-995.300000,322.806000
926.800000,-1031.480000,320.610000
1005.298000,-1049.300000,318.405000
946.302000,-998.918000,327.000000
995.200000,-935.060000,379.847000
991.924000,-931.700000,362.523000
932.200000,-939.386000,345.128000
952.045000,-973.700000,327.804000
939.760000,-954.968000,390.000000
1073.100000,-911.136000,328.104000
1038.070000,-885.100000,324.674000
1011.100000,-917.162000,321.258000
1062.436000,-931.100000,317.842000
1013.704000,-886.940000,329.000000
1021.800000,-826.985000,320.090000
1019.193000,-824.600000,324.620000
988.800000,-834.050000,323.156000
1000.086000,-869.600000,321.686000
1020.579000,-848.315000,326.000000
1078.200000,-780.506000,322.371000
1060.440000,-751.400000,357.903000
1048.200000,-790.496000,346.388000
1073.850000,-805.400000,334.920000
1074.720000,-752.102000,365.000000
1028.200000,-759.348000,323.784000
1023.536000,-758.100000,340.394000
984.200000,-769.476000,335.026000
1000.436000,-806.100000,329.658000
1019.664000,-782.100000,342.000000
986.200000,-773.920000,329.250000
951.536000,-743.200000,324.126000
930.200000,-788.260000,340.002000
979.592000,-803.200000,334.857000
970.912000,-802.360000,345.000000
1023.800000,-741.338000,331.580000
1011.564000,-679.400000,326.700000
931.800000,-695.768000,341.800000
968.232000,-741.400000,336.920000
991.416000,-708.726000,345.000000
1083.800000,-633.760000,321.856000
1054.730000,-604.600000,320.141000
1038.800000,-651.280000,325.433000
1079.705000,-664.600000,323.725000
1064.450000,-662.140000,326.000000
987.100000,-663.748000,324.972000
984.220000,-606.400000,324.484000
969.100000,-623.569000,325.996000
976.714000,-665.400000,325.506000
977.938000,-632.714000,326.000000
965.000000,-643.183000,335.605000
954.232000,-626.200000,331.457000
949.000000,-655.985000,327.292000
963.976000,-663.200000,340.144000
955.608000,-660.684000,343.000000
1066.900000,-593.030000,333.592000
1041.604000,-542.000000,329.182000
930.900000,-559.172000,324.790000
992.100000,-596.000000,338.398000
976.324000,-564.626000,340.000000
813.700000,-1077.112000,326.942000
789.900000,-1059.400000,324.258000
779.700000,-1093.471000,321.574000
812.442000,-1100.400000,329.879000
788.370000,-1096.505000,330.000000
892.700000,-1083.254000,336.816000
877.151000,-988.700000,332.912000
819.700000,-1024.235000,328.992000
854.521000,-1091.700000,325.088000
832.621000,-1029.076000,340.000000
809.800000,-1020.100000,335.440000
788.717000,-995.800000,332.255000
780.800000,-1047.280000,329.083000
809.510000,-1055.800000,325.898000
783.642000,-1048.480000,337.000000
773.400000,-1094.475000,337.328000
760.920000,-1072.200000,333.424000
721.400000,-1081.500000,329.504000
747.556000,-1097.200000,325.600000
722.388000,-1081.325000,338.000000
772.800000,-1021.368000,328.996000
753.950000,-1000.200000,410.644000
747.800000,-1049.760000,384.184000
748.225000,-1056.200000,357.832000
771.325000,-1047.912000,433.000000
840.300000,-966.692000,332.048000
825.348000,-920.900000,390.938000
784.300000,-942.047000,371.906000
813.980000,-973.900000,352.796000
832.572000,-938.814000,401.000000
844.200000,-847.366000,334.074000
795.778000,-824.200000,349.950000
782.200000,-884.392000,344.805000
784.928000,-890.200000,339.681000
830.746000,-878.650000,351.000000
769.300000,-865.713000,347.199000
764.008000,-824.700000,331.764000
751.300000,-845.574000,379.392000
761.326000,-873.700000,364.020000
763.990000,-839.939000,393.000000
752.842120,-845.217648,352.176000
747.246554,-826.804164,336.741000
726.812495,-862.844396,384.369000
726.692504,-865.756432,368.934000
738.519114,-861.515884,393.000000
869.700000,-760.520000,332.740000
853.650000,-742.700000,328.348000
819.700000,-752.666000,341.938000
848.900000,-764.700000,337.546000
847.050000,-748.948000,343.000000
907.900000,-753.920000,334.162000
878.675000,-736.100000,329.752000
872.900000,-794.060000,325.360000
876.330000,-796.100000,338.968000
889.315000,-782.360000,343.000000
826.466385,-802.604565,448.052000
826.976653,-767.591459,400.228000
792.092314,-771.135253,352.404000
806.930642,-802.255006,500.384000
811.778456,-771.292446,529.000000
909.000000,-639.410000,342.984000
854.694000,-630.500000,337.128000
846.000000,-663.269000,331.248000
853.875000,-663.500000,349.392000
865.593000,-655.052000,351.000000
840.600000,-659.188000,385.385000
821.100000,-641.800000,367.500000
788.600000,-653.461000,349.688000
821.776000,-664.800000,331.876000
800.716000,-647.090000,404.000000
897.700000,-601.348000,501.945000
824.802000,-592.600000,449.485000
838.742000,-592.600000,401.540000
815.700000,-593.320000,397.025000
828.164000,-628.600000,344.350000
879.988000,-628.600000,495.495000
906.700000,-572.347000,338.530000
857.656000,-541.000000,334.870000
784.700000,-563.962000,331.195000
865.830000,-584.000000,327.535000
793.972000,-549.729000,340.000000
556.748913,-1133.516136,354.430000
534.155896,-1109.679031,347.080000
530.851217,-1109.320842,339.760000
518.459080,-1138.896588,332.410000
547.914969,-1146.425226,355.000000
528.780926,-1171.662806,335.381000
516.654709,-1139.774149,455.585000
506.469982,-1132.904464,367.976000
477.101177,-1132.042227,416.789000
507.517688,-1167.385253,377.834000
507.086589,-1167.094473,437.618000
532.597949,-1156.472242,485.000000
506.231271,-1093.614192,334.418000
499.661843,-1077.092553,380.534000
497.405914,-1077.599153,365.589000
479.589593,-1096.797829,350.705000
494.104547,-1099.728352,387.000000
577.124938,-1079.178082,348.653000
593.053597,-1033.420616,430.948000
546.007310,-1032.318105,404.352000
551.815033,-1079.425190,377.647000
593.637619,-1048.584386,434.000000
624.366484,-1029.784986,335.440000
597.438334,-992.927603,327.632000
595.452108,-992.721686,351.792000
592.562637,-1009.152838,343.984000
609.803521,-1022.345933,358.000000
635.007994,-1002.514182,330.114000
647.638833,-971.776270,327.430000
615.394483,-975.933825,335.735000
617.423039,-1005.968580,333.051000
645.179080,-977.462425,337.000000
670.831601,-948.059325,344.667000
665.197044,-933.378610,335.112000
661.587636,-936.243547,364.596000
639.645819,-959.030042,355.041000
653.086474,-953.260883,366.000000
433.036254,-1098.264714,328.531000
437.611698,-1062.403470,328.287000
401.546752,-1060.713191,328.042000
413.698354,-1099.611610,328.798000
433.154071,-1063.238932,329.000000
463.829684,-1039.108703,367.650000
466.139167,-1036.469038,351.725000
446.298526,-1019.849405,335.865000
429.980488,-1042.665292,385.005000
441.700941,-1035.884172,393.000000
519.948490,-1026.890527,370.032000
526.510211,-1005.684183,354.416000
503.691348,-1010.459831,338.800000
507.296548,-1031.216773,387.120000
522.353447,-1003.900652,390.000000
516.734030,-991.508195,365.583000
518.213520,-988.830354,353.627000
499.512450,-975.858485,341.622000
481.807713,-999.488476,329.666000
492.406427,-987.827878,377.000000
547.570502,-1005.452786,356.764000
539.439393,-972.847679,348.434000
511.119763,-965.484996,340.138000
533.298215,-1004.989348,331.842000
528.311895,-960.735104,362.000000
616.141480,-947.390191,332.620000
617.053838,-943.282641,331.400000
587.396671,-926.917452,330.180000
557.194942,-966.293021,328.955000
573.408223,-940.563815,333.000000
570.605581,-937.479671,329.171000
589.929393,-908.903483,372.263000
551.326666,-931.216516,358.298000
547.284298,-953.171136,344.390000
595.321031,-916.918621,386.000000
667.809571,-899.611683,329.476000
665.997430,-895.057090,343.066000
630.719284,-871.742624,338.674000
609.050577,-910.540432,334.282000
644.972523,-912.082724,346.000000
693.169105,-856.540579,349.280000
699.529556,-823.557377,449.828000
662.011426,-836.734985,417.376000
671.663338,-868.596251,384.791000
670.719948,-866.477852,461.000000
720.281501,-819.157975,345.491000
737.484244,-800.676200,397.655000
717.608765,-786.579806,380.750000
709.984561,-806.442313,363.914000
726.066149,-805.405865,398.000000
763.900000,-684.753000,349.582000
750.355000,-675.500000,337.577000
742.900000,-690.244000,374.621000
761.968000,-694.500000,362.616000
756.760000,-693.759000,383.000000
733.075498,-715.641486,345.840000
742.968127,-698.481733,336.080000
714.841104,-672.503228,366.320000
716.279879,-695.715790,356.520000
728.976459,-694.698971,370.000000
766.000000,-614.080000,352.100000
716.944000,-578.200000,343.316000
693.000000,-640.834000,370.496000
761.255000,-656.200000,361.712000
729.719000,-651.052000,371.000000
765.700000,-575.440000,345.080000
754.600000,-537.600000,340.180000
705.700000,-550.280000,335.300000
732.580000,-577.600000,350.400000
731.140000,-554.400000,354.000000
708.600000,-554.586000,461.880000
679.242000,-536.400000,409.420000
666.600000,-571.260000,356.745000
707.004000,-578.400000,519.285000
417.549625,-1026.450633,357.440000
432.438159,-1001.027278,347.640000
400.118694,-977.514705,337.880000
399.471893,-1007.987802,368.120000
407.209688,-988.607206,369.000000
476.373286,-971.455664,392.780000
460.427430,-931.119679,372.690000
429.286253,-936.240696,352.682000
461.206712,-982.930516,332.592000
435.458071,-945.031772,410.000000
490.193773,-955.829457,332.340000
503.469821,-929.701949,331.120000
470.874545,-907.135881,329.895000
472.005743,-938.517520,328.675000
474.420913,-911.276928,333.000000
554.121691,-906.545513,348.887000
543.361295,-857.123313,343.742000
492.814945,-878.985163,338.618000
488.010157,-884.111293,333.494000
495.430973,-879.260119,350.000000
588.920309,-880.839306,329.375000
624.232208,-841.975953,340.715000
591.816327,-839.891370,337.055000
573.733130,-874.955729,333.380000
612.540814,-859.858864,344.000000
575.390334,-848.563007,327.728000
568.870898,-823.732168,333.020000
543.477984,-835.802331,331.305000
542.214828,-838.485135,329.597000
561.941608,-854.551017,334.000000
576.784972,-825.058178,333.405000
595.227837,-805.222174,359.830000
578.874568,-806.638182,351.290000
569.123810,-823.834889,342.750000
588.188754,-812.394363,362.000000
631.337220,-789.977659,334.352000
628.504589,-771.503178,326.544000
604.935488,-785.622168,350.736000
604.419228,-787.841690,342.896000
617.080031,-794.214108,358.000000
666.641212,-809.013073,331.760000
673.238721,-779.788258,328.344000
638.231496,-757.386753,338.914000
647.160932,-793.666326,335.498000
665.282585,-783.096464,341.000000
722.752019,-755.401286,343.989000
710.404728,-711.742051,336.394000
660.184618,-741.729390,359.830000
661.604815,-746.820121,352.266000
686.773473,-756.163089,362.000000
420.825520,-929.889516,337.946000
427.392642,-896.888220,333.554000
389.629630,-875.372356,329.162000
400.069057,-915.583922,342.752000
414.025930,-893.910586,347.000000
461.898702,-894.362353,338.944000
443.833880,-859.135458,334.308000
416.769617,-873.002985,329.653000
420.094710,-877.490496,344.017000
433.912674,-882.398291,347.000000
493.453567,-870.764788,338.480000
521.031093,-832.551761,334.560000
484.436441,-835.603647,330.656000
474.630779,-870.593089,342.736000
503.967275,-833.503459,344.000000
482.406667,-827.598193,350.723000
477.163510,-804.451480,343.159000
474.821865,-802.858015,335.564000
444.320174,-832.221014,328.000000
455.148489,-826.324465,359.000000
538.816824,-829.719385,350.548000
549.612919,-811.689049,343.472000
531.643679,-812.366411,336.367000
529.366283,-829.589960,329.291000
540.427476,-809.098270,356.000000
536.996416,-798.768551,332.346000
522.498876,-770.521088,330.876000
519.586281,-769.117175,329.412000
501.153011,-791.831612,327.942000
506.410037,-783.593322,333.000000
565.523478,-805.665820,338.597000
565.775854,-772.417465,335.425000
531.144840,-756.299518,332.240000
546.954822,-796.845899,329.068000
540.353006,-749.460537,339.000000
591.550870,-742.877521,326.288000
587.394619,-729.291415,330.818000
585.286314,-729.935824,329.354000
566.912053,-748.489993,327.890000
580.619854,-750.468258,332.000000
616.142481,-743.476027,326.260000
622.763411,-719.379284,333.820000
598.125837,-716.889311,331.380000
602.932950,-742.561176,328.930000
625.428559,-729.821039,335.000000
604.695692,-711.691655,330.765000
603.285123,-694.150163,355.713000
598.242459,-697.615988,347.628000
557.757740,-734.858488,339.576000
580.073018,-727.229986,357.000000
664.399958,-719.866835,330.680000
676.205373,-672.473695,325.780000
627.736678,-671.063840,340.900000
638.290814,-720.994058,336.020000
677.179790,-685.499277,345.000000
341.308777,-1015.649084,329.344000
261.531449,-907.407512,326.416000
256.665269,-910.479505,335.488000
248.054319,-962.270350,332.548000
292.023327,-988.680327,337.000000
357.879689,-983.410179,341.435000
384.247085,-945.684268,332.895000
341.208664,-964.741120,359.320000
333.490697,-995.825466,350.780000
379.618599,-950.912116,361.000000
363.535942,-943.244130,341.440000
366.573422,-937.642160,336.050000
291.792913,-858.510177,330.682000
276.198328,-911.845062,347.314000
305.782940,-912.597560,352.000000
374.596688,-872.654260,405.936000
369.300294,-827.284570,373.728000
327.023348,-818.531702,341.520000
352.616517,-871.831466,441.180000
363.218444,-824.334586,459.000000
411.225022,-833.822701,341.894000
411.286599,-829.989764,336.526000
371.157675,-789.063025,331.136000
363.844077,-819.073599,347.768000
373.780309,-810.178135,349.000000
458.017129,-792.798230,337.584000
449.052287,-757.315523,334.154000
418.264358,-749.070574,330.738000
442.512878,-792.143451,327.308000
440.167091,-748.188068,341.000000
504.079360,-755.115853,326.000000
502.544863,-750.686428,326.000000
464.130581,-712.833682,326.000000
458.654790,-742.568157,326.000000
462.115712,-725.137674,326.000000
573.249261,-691.157983,339.608000
575.439368,-668.886390,335.704000
552.223446,-673.441844,331.784000
560.429436,-696.432124,327.880000
569.216653,-661.939280,341.000000
562.623982,-702.428782,329.960000
560.662224,-698.715932,328.735000
532.785959,-675.120754,327.515000
524.758226,-700.459643,326.290000
551.588914,-710.644218,330.000000
531.503984,-674.445933,326.120000
543.277811,-653.796647,338.216000
514.907273,-669.871051,334.296000
514.239346,-686.264805,330.392000
514.844819,-686.260898,341.000000
598.767421,-634.297272,326.874000
596.422569,-631.345085,346.504000
574.665970,-616.481273,340.160000
565.166905,-638.790576,333.816000
584.955622,-639.069945,349.000000
286.093795,-838.153812,334.980000
282.577113,-817.817033,361.405000
265.228339,-817.361499,352.865000
276.997554,-841.230640,344.290000
274.946361,-837.108714,362.000000
247.744063,-869.891549,324.284000
266.662890,-835.784766,320.868000
208.440377,-779.766141,331.438000
212.690638,-827.368699,328.022000
243.518488,-833.315751,334.000000
324.668150,-799.981533,326.000000
313.106479,-761.956170,326.000000
281.763747,-763.880509,326.000000
308.937656,-807.932756,326.000000
298.834525,-791.995279,326.000000
279.086195,-720.159923,325.852000
301.209039,-696.643702,324.876000
286.121071,-696.081205,327.900000
272.900804,-716.077049,326.920000
288.003284,-703.419549,328.000000
350.202497,-708.939197,328.794000
351.566466,-698.222084,327.086000
337.913328,-706.636728,325.371000
342.010336,-715.916955,330.663000
339.745492,-710.857945,332.000000
331.881093,-701.571681,327.105000
343.770854,-688.673405,325.880000
335.234733,-689.004244,324.660000
328.272908,-699.883922,328.440000
336.208611,-691.501347,329.000000
368.458989,-688.732722,326.796000
362.115322,-666.609502,325.820000
341.907208,-673.155501,324.844000
357.787219,-697.233118,327.864000
346.648886,-679.700954,328.000000
398.007678,-689.680534,329.112000
404.938959,-658.798840,328.136000
386.035881,-665.328293,327.156000
387.361737,-689.511862,326.180000
389.800787,-666.683470,330.000000
433.168316,-647.159343,342.283000
424.250359,-622.597005,337.628000
398.487025,-645.274402,332.992000
396.192120,-649.107098,328.356000
401.963253,-646.475785,345.000000
403.341468,-605.458465,368.815000
391.810018,-615.154674,356.859000
366.265239,-647.450623,344.903000
386.656958,-625.963024,332.898000
367.646082,-645.538970,372.000000
567.465949,-587.691952,322.336000
573.066691,-564.711448,340.480000
532.854688,-593.236918,334.600000
529.617659,-596.939995,328.744000
547.441749,-603.648347,346.000000
562.900000,-550.940000,324.232000
551.220000,-533.300000,342.352000
522.900000,-542.183000,336.496000
545.100000,-554.300000,330.616000
558.300000,-539.873000,346.000000
510.842843,-648.227023,329.959000
505.612422,-624.242841,351.883000
477.105718,-641.289837,344.778000
476.596748,-644.113641,337.702000
494.767245,-654.878329,354.000000
477.757079,-614.222770,321.000000
492.913273,-587.403232,321.000000
464.989282,-577.244393,321.000000
463.077729,-606.064900,321.000000
486.095921,-594.936354,321.000000
470.500000,-565.293000,321.000000
462.180000,-563.200000,321.000000
460.500000,-569.948000,321.000000
461.450000,-570.200000,321.000000
466.990000,-568.611000,321.000000
449.749343,-585.169549,321.000000
451.966925,-570.774417,321.000000
442.639033,-576.204097,321.000000
444.662878,-587.232041,321.000000
449.399908,-574.776719,321.000000
433.031429,-579.192986,322.944000
427.000311,-568.261617,321.964000
415.231249,-595.606958,324.988000
416.396223,-596.325776,324.012000
422.857081,-590.591090,325.000000
479.100000,-554.090000,321.000000
463.434000,-546.500000,321.000000
437.100000,-551.540000,321.000000
463.812000,-556.500000,321.000000
454.446000,-548.830000,321.000000
413.782664,-558.925845,321.000000
408.958683,-546.626706,321.000000
407.637775,-546.897265,321.000000
395.147095,-584.168184,321.000000
400.850723,-574.307721,321.000000
395.201408,-562.245866,321.000000
397.818971,-542.251765,321.000000
387.498454,-553.872286,321.000000
389.669234,-568.000138,321.000000
392.762808,-546.399616,321.000000
1352.929353,-489.721124,348.800000
1352.786119,-467.878992,335.136000
1350.011193,-467.328251,321.472000
1311.710482,-492.784518,307.752000
1324.651041,-485.635460,360.000000
1269.500000,-515.750000,333.612000
1241.745000,-494.600000,326.780000
1204.500000,-511.340000,319.920000
1249.350000,-524.600000,313.088000
1210.870000,-499.970000,337.000000
1269.000000,-423.649000,327.118000
1243.620000,-416.200000,321.973000
1242.000000,-419.008000,316.849000
1247.481000,-455.200000,311.725000
1242.540000,-442.135000,328.000000
1188.300000,-518.096000,310.504000
1164.692000,-496.400000,321.088000
1136.300000,-515.120000,317.672000
1173.584000,-528.400000,314.242000
1185.232000,-501.264000,324.000000
1131.300000,-493.160000,313.345000
1107.125000,-486.600000,315.613000
1106.300000,-490.560000,314.878000
1112.050000,-526.600000,314.146000
1127.875000,-512.120000,316.000000
1190.100000,-461.418000,313.552000
1153.544000,-449.700000,319.592000
1114.100000,-460.716000,317.640000
1170.644000,-467.700000,315.680000
1173.684000,-451.950000,320.000000
1203.900000,-412.332000,317.248000
1110.464000,-407.400000,308.952000
1109.900000,-411.936000,334.656000
1134.058000,-443.400000,326.326000
1176.170000,-429.396000,342.000000
963.800000,-510.552000,325.053000
946.528000,-496.200000,324.321000
929.800000,-510.897000,326.586000
956.014000,-519.200000,325.854000
951.118000,-498.454000,327.000000
1005.000000,-436.900000,333.180000
1003.530000,-433.600000,326.810000
935.000000,-438.190000,346.466000
954.880000,-463.600000,340.096000
973.360000,-451.120000,348.000000
912.300000,-512.810000,375.800000
885.550000,-494.900000,351.400000
862.300000,-514.880000,326.900000
902.200000,-524.900000,402.500000
885.750000,-497.030000,425.000000
911.700000,-447.620000,336.675000
910.452000,-444.300000,330.575000
885.700000,-451.500000,324.450000
893.786000,-484.300000,343.350000
895.866000,-466.580000,347.000000
914.100000,-419.300000,390.264000
886.000000,-402.200000,364.784000
864.100000,-422.990000,339.408000
905.350000,-432.200000,417.928000
879.700000,-403.520000,425.000000
864.200000,-474.183000,389.776000
859.550000,-473.100000,370.500000
802.200000,-477.033000,351.145000
823.156000,-492.100000,331.869000
816.646000,-483.170000,410.000000
863.600000,-443.517000,396.017000
827.082000,-433.200000,376.662000
801.600000,-446.880000,357.386000
854.424000,-452.200000,338.110000
811.210000,-433.523000,410.000000
772.000000,-403.660000,411.387000
772.000000,-500.894000,366.408000
760.372000,-400.000000,390.159000
658.000000,-428.548000,368.931000
658.000000,-429.036000,404.514000
699.610000,-522.000000,347.616000
666.664000,-461.366000,420.000000
742.360000,-484.912000,420.000000
634.400000,-461.984000,389.680000
598.115000,-398.000000,373.576000
575.400000,-490.628000,357.406000
627.261000,-522.000000,341.302000
634.223000,-520.760000,391.000000
574.200000,-399.669000,321.478000
566.847000,-399.300000,353.188000
517.200000,-431.280000,342.940000
539.544000,-522.300000,332.692000
569.583000,-457.848000,361.000000
480.900000,-488.771000,322.836000
461.640000,-469.700000,344.004000
450.900000,-499.886000,337.172000
478.080000,-508.700000,330.312000
476.100000,-507.257000,347.000000
405.300000,-516.692000,318.728000
401.244000,-475.700000,324.776000
379.300000,-487.754000,322.816000
390.194000,-517.700000,320.864000
399.112000,-494.558000,325.000000
499.500000,-426.682000,316.410000
468.726000,-398.500000,316.900000
453.500000,-447.361000,315.388000
496.372000,-459.500000,315.876000
484.918000,-455.596000,315.000000
1271.200000,-360.077000,338.705000
1264.795000,-290.800000,317.965000
1236.200000,-313.722000,382.225000
1251.810000,-363.800000,361.400000
1257.340000,-321.679000,392.000000
1217.300000,-325.905000,352.324000
1182.500000,-315.900000,331.096000
1167.300000,-334.944000,396.781000
1215.250000,-338.900000,375.553000
1193.600000,-336.807000,400.000000
1167.900000,-372.810000,359.197000
1159.500000,-276.000000,337.882000
1127.900000,-311.805000,316.654000
1146.820000,-381.000000,382.339000
1145.780000,-317.580000,400.000000
1100.100000,-318.360000,409.222000
1027.800000,-300.000000,370.670000
1059.700000,-300.000000,364.824000
1000.100000,-338.475000,331.960000
1098.700000,-345.000000,451.408000
1047.100000,-345.000000,433.870000
1036.900000,-339.690000,471.000000
997.200000,-381.025000,393.992000
982.980000,-349.700000,367.396000
937.200000,-362.580000,340.691000
967.200000,-384.700000,423.095000
954.600000,-362.615000,428.000000
998.100000,-272.335000,402.603000
953.100000,-259.000000,375.898000
938.100000,-289.870000,349.302000
938.880000,-294.000000,322.597000
950.760000,-288.925000,428.000000
879.400000,-378.864000,384.995000
873.328000,-358.900000,367.671000
856.400000,-367.985000,350.276000
868.521000,-381.900000,332.952000
859.436000,-366.766000,396.000000
830.200000,-361.428000,394.528000
805.336000,-350.100000,376.888000
798.200000,-379.188000,359.320000
799.480000,-382.100000,341.752000
799.928000,-376.596000,400.000000
889.700000,-341.373000,323.246000
871.367000,-296.800000,385.156000
826.700000,-319.166000,365.148000
861.602000,-349.800000,345.058000
888.125000,-313.495000,405.000000
918.300000,-272.164000,323.891000
841.116000,-261.700000,332.207000
822.300000,-291.652000,329.512000
828.732000,-293.700000,326.828000
908.316000,-287.332000,334.000000
775.600000,-344.090000,346.440000
761.926000,-315.600000,428.735000
732.600000,-331.315000,402.139000
757.583000,-350.600000,375.543000
767.774000,-325.680000,438.000000
769.600000,-277.600000,347.182000
734.698000,-263.200000,414.466000
727.600000,-309.424000,392.750000
731.548000,-311.200000,370.945000
758.638000,-300.352000,415.000000
706.400000,-303.481000,328.072000
689.495000,-253.900000,324.168000
657.400000,-283.888000,336.248000
687.192000,-316.900000,332.344000
689.740000,-270.343000,339.000000
646.650000,-283.136000,341.780000
531.077400,-247.100000,328.305000
511.950000,-377.780000,369.885000
528.248700,-379.100000,356.465000
590.345400,-345.704000,375.000000
645.033600,-290.924000,375.000000
502.100000,-348.880000,330.804000
454.856000,-247.800000,319.580000
375.100000,-314.699000,354.356000
455.745000,-380.800000,343.086000
438.981000,-278.922000,355.000000
462.095000,-296.478000,355.000000
1095.100000,-177.956000,341.120000
967.660000,-156.800000,331.360000
951.100000,-158.262000,321.560000
972.412000,-242.800000,351.800000
1012.300000,-218.720000,359.000000
1006.252000,-191.114000,359.000000
921.400000,-215.075000,483.632000
921.400000,-202.400000,336.044000
891.475000,-160.100000,422.137000
848.725000,-160.100000,391.013000
846.400000,-199.850000,360.893000
846.400000,-197.750000,445.982000
896.050000,-235.100000,550.398000
849.025000,-235.100000,500.951000
994.700000,-74.185800,325.390000
951.836000,-70.200000,323.194000
947.700000,-71.000800,320.998000
955.925000,-88.400000,327.793000
960.249000,-82.812600,328.000000
998.549340,-57.307943,341.303000
983.477256,-41.857908,334.715000
957.938664,-46.295915,328.100000
984.739239,-59.582081,321.512000
967.019044,-41.592885,347.000000
857.078691,-109.551298,341.228000
831.088678,-88.230224,336.083000
828.556395,-88.129865,330.959000
825.182077,-106.364954,325.814000
825.818715,-99.430257,344.000000
886.741506,-89.381652,326.676000
872.122865,-60.630689,325.212000
836.243959,-55.082745,323.742000
867.882371,-86.870805,322.278000
843.443301,-47.129859,327.000000
923.346328,-11.801563,320.400000
884.744338,6.544138,332.496000
882.454378,4.545284,328.576000
883.868838,-21.772817,324.672000
917.153713,-23.160550,336.000000
873.433810,-1.365855,316.352000
872.825264,27.189581,326.167000
854.184497,7.195086,322.995000
863.603962,-13.031083,319.810000
878.101430,19.854583,328.000000
783.200000,-197.933000,340.014000
743.480000,-191.400000,398.226000
743.200000,-197.228000,379.361000
753.440000,-238.400000,360.573000
775.000000,-220.164000,403.000000
712.800000,-218.750000,321.566000
690.030000,-187.500000,320.096000
667.800000,-219.400000,324.632000
702.450000,-237.500000,323.168000
700.065000,-192.450000,326.000000
638.700000,-198.040000,325.831000
637.220000,-195.800000,318.755000
564.700000,-198.820000,340.679000
585.642000,-215.800000,333.574000
611.912000,-207.500000,345.000000
423.000000,-213.420000,342.202000
405.411000,-189.500000,320.486000
390.000000,-216.100000,387.681000
416.268000,-229.500000,365.965000
408.447000,-192.380000,394.000000
776.400000,-71.000000,323.473000
773.815000,-65.900000,321.268000
721.400000,-76.580000,319.072000
738.450000,-125.900000,325.876000
747.855000,-99.440000,328.000000
769.250000,-21.540000,339.600000
709.050000,1.300000,327.888000
661.750000,-26.380000,316.176000
750.222500,-38.700000,352.416000
704.965000,-0.500000,360.000000
507.800000,3.416000,318.042000
503.360000,6.200000,312.430000
447.800000,-3.640000,306.795000
468.020000,-41.800000,324.183000
467.240000,-19.336000,326.000000
240.671255,-581.977988,322.733000
240.032737,-565.183495,322.488000
223.223395,-569.727363,322.244000
231.672614,-586.521856,322.000000
237.270778,-562.956108,323.000000
296.500000,-326.744000,312.811000
295.591000,-326.000000,312.567000
287.500000,-331.568000,312.323000
290.776000,-350.000000,312.078000
288.994000,-338.120000,313.000000
283.000000,-315.153000,312.890000
268.264000,-310.500000,312.646000
259.000000,-317.214000,312.401000
280.048000,-319.500000,312.157000
261.112000,-319.419000,313.000000
182.530384,-554.367456,329.752000
180.406625,-549.846913,327.792000
155.736488,-524.248904,325.840000
136.249956,-551.292141,323.880000
148.090622,-528.538604,330.000000
139.551145,-302.197592,313.094000
132.349263,-277.671593,314.606000
109.799628,-282.451635,314.118000
128.159655,-308.837325,313.628000
129.439518,-308.844396,315.000000
92.200406,-640.770157,333.962000
139.310688,-588.399000,399.734000
110.409820,-588.619617,378.419000
81.152570,-632.064258,357.191000
116.468311,-611.478965,410.000000
30.015330,-497.319358,322.050000
98.038410,-548.099697,329.600000
35.347378,-424.742540,327.160000
-17.743506,-418.202866,324.710000
-6.011359,-423.504370,330.000000
118.123322,-463.781889,326.226000
176.780845,-403.577465,320.858000
130.490354,-391.026603,337.468000
97.696514,-446.124167,332.100000
144.297978,-422.877077,342.000000
81.660493,-352.043088,326.308000
123.612027,-367.439681,317.978000
83.830682,-304.846256,343.682000
50.460943,-312.770020,335.386000
63.987477,-311.864474,348.000000
25.288198,-317.966636,326.553000
60.210787,-264.127526,318.468000
8.065905,-244.679261,343.416000
-2.308766,-297.774495,335.331000
29.627005,-271.721853,345.000000
364.000000,-171.173000,311.823000
281.692000,-131.500000,307.675000
250.000000,-214.338000,303.510000
362.290000,-228.500000,316.362000
302.212000,-217.151000,320.000000
342.796000,-154.392000,320.000000
280.929376,-72.413542,311.372000
310.466130,-37.012568,307.942000
280.807402,-31.311669,304.526000
266.719973,-64.120428,315.110000
288.445690,-40.330810,317.000000
209.000000,-36.290000,310.676000
180.538000,0.000000,310.432000
171.000000,-83.695000,310.188000
171.456000,-95.000000,310.943000
182.438000,-81.320000,311.000000
170.000000,-186.835000,323.305000
125.290000,0.000000,320.621000
0.000000,-84.710000,317.926000
89.420000,-215.000000,315.242000
37.740000,-73.745000,326.000000
154.020000,-72.455000,326.000000
102.680000,-130.290000,326.000000
68.510000,-17.845000,326.000000
