1522.700000,-1081.287000,305.770000
1507.417000,-1072.200000,305.280000
1505.700000,-1073.409000,304.792000
1508.454000,-1111.200000,304.302000
1507.281000,-1099.734000,306.000000
1493.900000,-1068.274000,307.654000
1477.796000,-1052.600000,307.164000
1469.900000,-1079.868000,306.676000
1492.316000,-1086.600000,306.186000
1473.524000,-1084.390000,308.000000
1570.100000,-977.200000,306.376000
1555.956000,-963.400000,304.668000
1538.100000,-974.880000,302.960000
1560.660000,-983.400000,301.245000
1544.788000,-966.660000,308.000000
1526.200000,-980.440000,315.200000
1522.990000,-952.900000,310.320000
1511.200000,-963.250000,305.440000
1518.355000,-982.900000,320.540000
1515.205000,-964.660000,321.000000
1508.400000,-960.388000,306.868000
1467.030000,-956.300000,304.672000
1466.400000,-959.576000,302.476000
1476.816000,-984.300000,309.271000
1480.050000,-973.660000,310.000000
1497.125606,-731.682289,316.038000
1473.196908,-731.450528,309.450000
1506.315642,-762.683028,302.835000
1511.078606,-765.858799,323.247000
1509.167619,-755.698969,327.000000
1427.300000,-603.371000,317.648000
1414.628000,-569.000000,313.256000
1403.300000,-606.620000,308.846000
1422.284000,-626.000000,322.454000
1413.884000,-573.389000,326.000000
1390.800000,-633.648000,311.824000
1372.800000,-622.000000,309.872000
1330.800000,-628.034000,315.912000
1364.580000,-636.000000,313.960000
1360.800000,-626.284000,316.000000
1366.100000,-577.360000,312.620000
1364.893000,-574.600000,309.936000
1349.100000,-583.938000,318.241000
1354.778000,-620.600000,315.557000
1358.586000,-599.164000,319.000000
1347.700000,-592.449000,308.724000
1326.625000,-580.600000,308.234000
1322.700000,-620.534000,309.746000
1325.350000,-621.600000,309.258000
1338.100000,-611.883000,310.000000
1448.900000,-1093.659000,307.520000
1426.182000,-1079.700000,306.295000
1411.900000,-1099.842000,310.075000
1444.349000,-1106.700000,308.855000
1436.838000,-1106.457000,311.000000
1344.200000,-1099.264000,308.000000
1336.480000,-1073.900000,308.000000
1324.200000,-1091.478000,308.000000
1337.180000,-1107.900000,308.000000
1338.840000,-1081.380000,308.000000
1442.100000,-1061.680000,306.008000
1436.762000,-1042.200000,318.088000
1408.100000,-1047.980000,314.184000
1422.380000,-1062.200000,310.264000
1434.960000,-1051.160000,319.000000
1434.000000,-1010.466000,305.580000
1351.319000,-1006.000000,320.700000
1345.000000,-1007.320000,315.820000
1362.088000,-1028.000000,310.920000
1420.472000,-1020.894000,323.000000
1344.900000,-1034.729000,307.207000
1301.500000,-1009.300000,320.059000
1282.900000,-1058.388000,315.911000
1342.606000,-1068.300000,311.746000
1339.072000,-1062.695000,323.000000
1446.100000,-964.740000,302.182000
1434.772000,-942.300000,312.766000
1422.100000,-962.802000,309.336000
1439.740000,-976.300000,305.920000
1445.236000,-946.856000,316.000000
1399.000000,-984.104000,305.865000
1388.065000,-954.800000,305.133000
1354.000000,-967.175000,304.398000
1376.770000,-987.800000,303.666000
1354.990000,-966.746000,306.000000
1337.700000,-955.161000,307.588000
1337.460000,-951.300000,306.612000
1321.700000,-956.118000,305.632000
1326.148000,-984.300000,304.656000
1322.996000,-970.803000,308.000000
1430.300000,-921.610000,336.399000
1393.358000,-915.400000,326.395000
1383.300000,-931.924000,316.350000
1385.603000,-933.400000,306.346000
1389.833000,-930.142000,343.000000
1308.000000,-877.828000,345.488000
1297.956000,-836.500000,333.728000
1290.000000,-886.108000,322.016000
1304.778000,-908.500000,310.304000
1293.546000,-839.956000,356.000000
1302.100000,-774.052000,327.967000
1297.165000,-753.200000,320.862000
1287.100000,-765.186000,313.786000
1295.980000,-779.200000,335.710000
1290.925000,-760.376000,336.000000
1356.800000,-780.265000,326.285000
1349.528000,-779.800000,319.180000
1284.800000,-783.280000,312.104000
1311.008000,-794.800000,333.999000
1307.336000,-787.360000,336.000000
1451.000000,-765.485000,321.852000
1359.440000,-761.600000,313.032000
1346.000000,-761.660000,304.248000
1360.280000,-776.600000,331.428000
1384.955000,-772.595000,336.000000
1446.700000,-741.256000,319.728000
1437.684000,-723.200000,310.944000
1432.700000,-751.875000,302.160000
1445.398000,-760.200000,329.340000
1438.706000,-758.757000,336.000000
1445.200000,-716.640000,323.520000
1410.340000,-705.900000,311.808000
1361.200000,-714.105000,300.096000
1418.236000,-720.900000,336.336000
1402.108000,-708.750000,348.000000
1359.800000,-736.465000,330.144000
1356.808000,-701.500000,319.896000
1343.800000,-713.303000,351.648000
1351.000000,-738.500000,341.358000
1352.520000,-716.966000,354.000000
1342.600000,-701.522000,327.708000
1307.117000,-699.100000,317.460000
1305.600000,-700.360000,349.170000
1313.814000,-713.100000,338.922000
1327.911000,-708.158000,354.000000
1302.800000,-716.064000,325.272000
1290.390000,-703.200000,315.024000
1285.800000,-730.784000,346.734000
1302.681000,-735.200000,336.486000
1297.037000,-731.200000,354.000000
1268.400000,-1077.550000,311.386000
1255.850000,-1042.900000,307.238000
1243.400000,-1077.715000,320.073000
1262.525000,-1097.900000,315.925000
1261.400000,-1048.620000,324.000000
1228.600000,-1100.098000,308.000000
1225.870000,-1073.500000,311.780000
1218.600000,-1086.055000,310.555000
1223.960000,-1104.500000,309.335000
1226.380000,-1083.792000,312.000000
1220.900000,-1095.370000,309.426000
1219.505000,-1094.500000,311.691000
1189.900000,-1096.260000,310.959000
1199.448000,-1104.500000,310.227000
1215.816000,-1100.110000,312.000000
1216.600000,-1061.425000,307.084000
1210.072000,-1056.700000,307.839000
1208.600000,-1070.920000,307.595000
1209.232000,-1071.700000,307.351000
1215.752000,-1068.535000,308.000000
1195.000000,-1070.584000,309.078000
1189.120000,-1051.000000,311.343000
1185.000000,-1076.884000,310.611000
1193.510000,-1087.000000,309.876000
1194.520000,-1051.648000,312.000000
1187.000000,-1097.772000,320.648000
1181.615000,-1077.700000,317.953000
1172.000000,-1090.466000,315.269000
1181.330000,-1103.700000,312.574000
1172.150000,-1084.096000,321.000000
1148.400000,-1077.625000,311.000000
1141.850000,-1077.600000,311.000000
1098.400000,-1084.150000,311.000000
1118.100000,-1102.600000,311.000000
1101.800000,-1089.475000,311.000000
1231.100000,-1003.038000,310.702000
1211.256000,-998.000000,310.214000
1209.100000,-998.748000,309.726000
1212.730000,-1020.000000,309.236000
1211.872000,-1013.466000,311.000000
1206.100000,-1023.478000,312.965000
1196.664000,-1004.700000,311.745000
1192.100000,-1037.705000,310.520000
1205.218000,-1045.700000,309.300000
1194.676000,-1042.912000,314.000000
1143.300000,-1032.142000,322.290000
1126.390000,-999.900000,318.874000
1105.300000,-1027.019000,315.444000
1132.204000,-1046.900000,312.028000
1114.496000,-1007.420000,326.000000
1268.000000,-934.350000,312.739000
1261.707000,-925.200000,311.031000
1239.000000,-928.680000,309.316000
1252.920000,-935.200000,314.608000
1247.729000,-929.090000,315.000000
1238.900000,-952.019000,312.476000
1226.056000,-947.300000,311.500000
1225.900000,-951.260000,310.520000
1229.163000,-980.300000,313.544000
1230.567000,-967.661000,314.000000
1224.200000,-959.816000,312.244000
1215.080000,-949.400000,311.264000
1212.200000,-974.348000,310.288000
1212.476000,-977.400000,313.312000
1217.204000,-973.088000,314.000000
1179.800000,-972.500000,312.012000
1167.587000,-965.300000,311.032000
1156.800000,-973.256000,310.056000
1175.062000,-977.300000,313.080000
1167.725000,-966.188000,314.000000
1190.200000,-959.670000,317.565000
1170.202000,-934.800000,313.400000
1124.200000,-947.820000,326.252000
1161.556000,-964.800000,322.087000
1159.378000,-943.890000,327.000000
1268.300000,-854.754000,310.935000
1267.264000,-853.500000,309.710000
1254.300000,-858.032000,313.490000
1259.018000,-875.500000,312.265000
1262.574000,-865.182000,314.000000
1257.000000,-836.106000,311.656000
1246.848000,-830.100000,311.168000
1245.000000,-850.617000,312.680000
1246.308000,-851.100000,312.190000
1252.788000,-846.060000,313.000000
1157.500000,-858.020000,316.000000
1149.479000,-842.600000,316.000000
1144.500000,-865.070000,316.000000
1155.940000,-872.600000,316.000000
1153.691000,-872.240000,316.000000
1145.100000,-868.845000,316.000000
1131.485000,-857.700000,316.000000
1110.100000,-865.500000,316.000000
1132.920000,-872.700000,316.000000
1136.875000,-860.940000,316.000000
1259.300000,-798.839000,310.846000
1256.100000,-790.100000,310.090000
1239.300000,-792.728000,310.335000
1247.780000,-799.100000,310.579000
1255.760000,-794.105000,310.000000
1213.100000,-761.300000,313.000000
1200.984000,-749.100000,313.000000
1200.100000,-752.943000,313.000000
1202.635000,-810.100000,313.000000
1211.553000,-790.153000,313.000000
1200.200000,-774.608000,313.646000
1191.061000,-748.500000,326.498000
1187.200000,-799.435000,322.333000
1199.771000,-809.500000,318.185000
1199.420000,-803.522000,330.000000
1142.500000,-798.082000,324.860000
1124.925000,-781.000000,323.152000
1105.500000,-796.782000,321.437000
1132.806000,-807.000000,319.729000
1142.426000,-784.380000,325.000000
1270.600000,-751.305000,315.688000
1258.250000,-739.800000,314.708000
1220.600000,-744.714000,313.732000
1246.100000,-752.800000,312.756000
1223.400000,-744.467000,316.000000
1238.100000,-693.872000,331.688000
1237.308000,-688.900000,327.523000
1194.100000,-695.500000,323.375000
1206.464000,-732.900000,319.227000
1199.116000,-714.728000,334.000000
1172.300000,-707.544000,318.612000
1151.760000,-696.600000,318.122000
1146.300000,-726.072000,317.634000
1147.678000,-728.600000,317.144000
1150.772000,-722.712000,319.000000
1138.700000,-694.050000,321.244000
1122.992000,-685.500000,320.509000
1110.700000,-695.895000,319.777000
1133.772000,-700.500000,319.042000
1117.140000,-686.160000,322.000000
1202.900000,-659.078000,333.847000
1175.594000,-641.500000,328.235000
1120.900000,-651.708000,322.623000
1169.772000,-663.500000,339.988000
1144.516000,-647.506000,341.000000
1148.800000,-600.988000,320.417000
1144.640000,-599.800000,318.709000
1108.800000,-610.184000,317.001000
1123.480000,-643.800000,322.286000
1122.640000,-621.844000,323.000000
1251.400000,-599.788000,316.303000
1165.552000,-587.500000,313.619000
1153.400000,-587.836000,310.924000
1167.022000,-635.500000,319.240000
1192.992000,-622.540000,321.000000
1253.000000,-574.164000,322.480000
1198.005000,-564.000000,314.672000
1168.000000,-580.359000,306.832000
1245.350000,-585.000000,331.024000
1207.270000,-584.118000,338.000000
994.600000,-1086.442000,346.619000
971.974000,-1062.200000,330.271000
940.600000,-1080.900000,380.856000
977.428000,-1096.200000,364.508000
968.734000,-1068.558000,383.000000
1076.100000,-1049.014000,319.182000
1069.640000,-998.200000,314.790000
1042.100000,-1015.588000,328.380000
1057.502000,-1052.200000,323.988000
1061.786000,-1020.610000,330.000000
1024.800000,-1004.480000,321.069000
930.524000,-995.300000,318.864000
926.800000,-1000.322000,325.668000
948.850000,-1049.300000,323.472000
989.226000,-1030.076000,327.000000
995.200000,-948.416000,339.093000
949.021000,-931.700000,321.698000
932.200000,-968.030000,375.374000
994.948000,-973.700000,358.050000
975.985000,-968.324000,390.000000
1073.100000,-913.942000,318.150000
1041.790000,-885.100000,328.720000
1011.100000,-914.356000,325.304000
1058.716000,-931.100000,321.874000
1057.786000,-889.746000,329.000000
1021.800000,-863.075000,321.002000
1012.692000,-824.600000,325.532000
988.800000,-842.960000,324.068000
1006.587000,-869.600000,322.598000
1015.563000,-839.405000,326.000000
1078.200000,-755.936000,323.076000
1076.760000,-751.400000,358.608000
1048.200000,-761.066000,347.140000
1057.530000,-805.400000,335.625000
1074.270000,-781.532000,365.000000
1028.200000,-773.076000,321.100000
992.164000,-758.100000,337.732000
984.200000,-803.748000,332.364000
987.808000,-806.100000,326.974000
1024.988000,-795.828000,342.000000
986.200000,-775.660000,344.832000
953.104000,-743.200000,339.708000
930.200000,-786.520000,334.563000
978.024000,-803.200000,329.439000
985.360000,-744.100000,345.000000
1023.800000,-727.078000,343.680000
990.496000,-679.400000,338.800000
931.800000,-710.028000,333.900000
989.300000,-741.400000,329.020000
935.756000,-694.466000,345.000000
1083.800000,-664.480000,325.132000
1077.770000,-604.600000,323.424000
1038.800000,-620.500000,321.709000
1056.665000,-664.600000,320.001000
1043.345000,-632.920000,326.000000
987.100000,-619.734000,325.636000
970.810000,-606.400000,325.148000
969.100000,-608.583000,324.658000
972.124000,-665.400000,324.170000
971.980000,-647.700000,326.000000
965.000000,-643.035000,338.920000
954.168000,-626.200000,334.772000
949.000000,-656.096000,330.607000
964.040000,-663.200000,326.459000
952.488000,-660.536000,343.000000
1066.900000,-578.882000,334.636000
1005.972000,-542.000000,330.226000
930.900000,-573.320000,325.834000
1027.732000,-596.000000,339.442000
968.436000,-550.478000,340.000000
813.700000,-1096.792000,326.084000
806.220000,-1059.400000,323.389000
779.700000,-1073.832000,320.705000
796.122000,-1100.400000,329.021000
791.056000,-1075.185000,330.000000
892.700000,-1003.120000,333.376000
820.357000,-988.700000,329.456000
819.700000,-1001.369000,325.552000
838.315000,-1091.700000,337.632000
848.316000,-1051.942000,340.000000
809.800000,-1017.940000,330.864000
787.673000,-995.800000,327.679000
780.800000,-1049.500000,324.507000
781.554000,-1055.800000,334.322000
793.850000,-1046.320000,337.000000
773.400000,-1087.125000,329.504000
745.580000,-1072.200000,325.600000
721.400000,-1088.850000,337.696000
762.896000,-1097.200000,333.776000
747.816000,-1073.975000,338.000000
772.800000,-1046.400000,369.388000
765.150000,-1000.200000,343.036000
747.800000,-1024.728000,424.684000
762.025000,-1056.200000,398.224000
761.950000,-1016.944000,433.000000
840.300000,-923.762000,350.534000
835.932000,-920.900000,331.502000
784.300000,-931.977000,390.392000
803.396000,-973.900000,371.360000
819.244000,-948.884000,401.000000
844.200000,-842.812000,336.195000
791.562000,-824.200000,331.071000
782.200000,-888.946000,346.926000
789.144000,-890.200000,341.802000
824.484000,-874.096000,351.000000
769.300000,-849.739000,344.931000
758.122000,-824.700000,392.559000
751.300000,-861.548000,377.124000
767.212000,-873.700000,361.752000
764.638000,-872.965000,393.000000
745.038565,-861.726195,341.277000
753.264128,-829.648658,388.905000
734.616050,-846.335848,373.470000
735.140252,-869.749664,358.098000
752.021806,-839.427726,393.000000
869.700000,-763.996000,327.178000
861.500000,-742.700000,340.768000
819.700000,-749.190000,336.376000
841.050000,-764.700000,331.984000
862.550000,-752.424000,343.000000
907.900000,-747.860000,326.134000
875.175000,-736.100000,339.724000
872.900000,-740.120000,335.332000
879.830000,-796.100000,330.940000
904.925000,-776.300000,343.000000
833.056446,-789.891049,333.980000
812.633995,-760.156931,481.960000
785.502253,-783.848769,434.136000
821.273300,-809.689533,386.116000
823.252362,-806.164886,529.000000
909.000000,-652.049000,349.728000
878.886000,-630.500000,343.848000
846.000000,-650.630000,337.992000
892.683000,-663.500000,332.112000
847.953000,-634.691000,351.000000
840.600000,-662.086000,395.824000
827.600000,-641.800000,378.012000
788.600000,-650.563000,360.200000
815.276000,-664.800000,342.315000
793.228000,-649.988000,404.000000
897.700000,-596.560000,503.450000
895.978000,-592.600000,450.990000
827.098000,-592.600000,443.035000
815.700000,-598.108000,398.530000
838.988000,-628.600000,345.855000
891.714000,-628.600000,537.205000
906.700000,-555.577000,336.580000
809.954000,-541.000000,332.920000
784.700000,-580.732000,329.245000
791.532000,-584.000000,325.585000
809.710000,-575.959000,340.000000
550.271782,-1143.118878,346.420000
544.369639,-1116.568288,339.100000
518.874983,-1127.076339,331.750000
537.261652,-1151.579083,354.430000
538.593228,-1114.304063,355.000000
527.309130,-1173.844833,430.304000
521.666241,-1143.154470,391.508000
505.500009,-1132.250209,352.235000
478.572973,-1129.860200,352.553000
502.506156,-1164.004932,472.757000
508.002675,-1167.712381,421.877000
498.955350,-1136.954789,485.000000
509.821685,-1090.706731,362.478000
509.131856,-1088.787045,347.594000
493.815499,-1080.506613,332.649000
481.447347,-1099.091964,378.765000
492.484188,-1090.386123,387.000000
597.130229,-1062.978117,383.860000
578.146256,-1015.011582,357.264000
573.407922,-1010.129527,330.559000
531.480433,-1054.314050,412.963000
554.853859,-1056.715949,434.000000
620.895750,-1032.595531,341.424000
606.903313,-1004.615878,333.584000
588.042799,-998.721627,357.776000
612.675716,-1033.990423,349.968000
600.831268,-1018.362667,358.000000
632.839757,-1004.269986,330.664000
648.905655,-973.340665,327.969000
617.562720,-974.178021,336.285000
616.156217,-1004.404185,333.601000
642.007436,-977.907619,337.000000
648.365865,-966.251719,341.274000
672.786648,-942.750990,331.719000
656.076117,-940.706687,361.203000
641.496021,-961.314851,351.648000
659.419257,-949.811918,366.000000
447.887513,-1086.238401,328.308000
423.581000,-1045.077001,328.063000
419.368263,-1046.281616,328.819000
396.892353,-1078.857927,328.574000
422.272621,-1086.174030,329.000000
456.692376,-1044.888381,344.185000
454.472825,-1022.062306,328.325000
428.567164,-1034.207979,377.465000
425.284500,-1036.866229,361.540000
440.454072,-1048.937936,393.000000
519.249835,-1027.456286,338.224000
526.929967,-1006.202539,386.608000
504.390002,-1009.894072,370.992000
506.876792,-1030.698417,355.312000
528.848554,-1013.349966,390.000000
495.762746,-1008.490406,334.517000
514.898890,-984.737126,371.561000
493.283625,-980.902488,359.556000
485.122344,-1003.581704,347.600000
507.812002,-994.116218,377.000000
557.032255,-997.790810,330.550000
556.872827,-994.376176,356.254000
521.067231,-957.429695,347.924000
515.864781,-983.460851,339.628000
544.512140,-1001.119867,362.000000
604.052974,-957.179269,328.085000
601.091755,-923.571111,331.865000
552.079273,-955.516918,330.640000
551.738734,-959.555165,329.420000
580.748097,-974.344944,333.000000
570.795205,-937.326117,383.663000
589.897298,-908.863849,369.755000
551.137042,-931.370070,355.790000
547.316394,-953.210771,341.882000
585.235534,-904.173280,386.000000
636.796784,-924.725342,344.218000
658.577743,-885.894540,339.808000
619.766189,-880.612266,335.416000
616.470264,-919.702983,331.024000
632.732016,-874.571368,346.000000
674.517602,-871.644268,440.119000
710.124165,-836.640630,407.534000
680.662929,-821.631295,375.082000
661.068730,-855.512999,342.630000
675.903866,-831.565048,461.000000
735.377561,-806.933427,383.165000
724.264739,-784.351472,366.260000
721.941353,-783.071345,349.424000
706.212414,-801.784100,332.519000
712.456119,-797.457640,398.000000
763.900000,-684.069000,369.623000
749.620000,-675.500000,357.618000
742.900000,-690.928000,345.662000
762.703000,-694.500000,382.657000
748.171000,-693.075000,383.000000
737.401870,-712.138060,356.720000
734.642219,-688.200092,346.960000
710.514732,-676.006654,337.200000
724.605788,-705.997431,367.400000
725.599949,-681.683278,370.000000
766.000000,-649.024000,356.960000
749.721000,-578.200000,348.176000
693.000000,-605.890000,339.392000
728.478000,-656.200000,366.572000
719.791000,-607.996000,371.000000
765.700000,-543.080000,345.040000
706.000000,-537.600000,340.160000
705.700000,-542.640000,335.260000
721.180000,-577.600000,350.380000
731.200000,-562.040000,354.000000
708.600000,-551.730000,432.210000
676.428000,-536.400000,379.750000
666.600000,-574.116000,327.075000
667.818000,-578.400000,489.615000
425.126798,-1020.314760,346.440000
422.385395,-988.613148,336.680000
392.541520,-983.650578,366.880000
409.524657,-1020.401932,357.120000
423.236116,-992.905294,369.000000
466.027919,-979.833177,358.996000
475.385746,-949.591662,338.988000
439.631620,-927.863183,400.898000
446.248396,-964.458533,380.890000
464.760335,-951.521528,410.000000
509.801166,-939.951703,329.600000
508.441452,-935.841402,328.375000
474.581531,-904.134023,332.155000
467.034112,-932.378067,330.935000
487.988772,-935.611443,333.000000
558.784567,-902.769590,334.502000
539.623132,-852.507066,329.357000
488.152070,-882.761085,345.233000
491.748320,-888.727540,340.109000
525.958917,-907.424895,350.000000
605.566776,-867.359263,332.060000
617.473307,-833.629405,343.385000
575.169861,-853.371413,339.725000
580.492031,-883.302276,336.065000
579.197952,-879.988086,344.000000
566.437612,-855.812778,328.022000
576.139549,-832.708204,333.307000
552.430706,-828.552560,331.599000
553.825789,-852.823478,329.884000
575.529201,-841.965286,334.000000
573.626651,-827.615736,330.080000
596.258663,-806.495139,356.505000
582.032889,-804.080624,347.965000
568.092983,-822.561923,339.390000
585.807643,-815.911697,362.000000
634.312134,-787.568620,326.928000
626.855770,-769.467056,351.120000
624.497806,-769.780915,343.312000
606.068048,-789.877813,335.472000
622.974993,-795.411026,358.000000
675.408196,-801.913710,340.594000
659.003494,-762.209217,337.178000
629.464512,-764.486116,333.762000
661.396159,-811.245368,330.332000
628.466505,-765.742079,341.000000
706.338696,-768.692533,359.303000
721.512233,-725.458677,351.739000
676.597941,-728.438143,344.144000
681.963330,-771.960792,336.580000
701.413228,-712.460750,362.000000
418.389168,-931.862435,344.390000
431.060321,-901.417427,339.998000
392.065983,-873.399437,335.588000
396.401377,-911.054715,331.196000
397.646828,-878.613206,347.000000
465.722260,-891.266097,343.143000
467.537232,-888.406661,338.507000
436.260438,-857.219629,333.852000
424.739094,-883.225833,329.216000
431.477641,-871.573318,347.000000
513.130903,-854.830396,339.824000
512.267177,-821.729227,335.920000
464.759105,-851.538039,332.000000
462.627122,-855.769807,328.096000
475.271377,-853.174042,344.000000
471.713139,-836.257641,349.111000
481.981587,-810.401309,341.516000
452.098117,-821.259343,333.952000
454.590683,-844.904036,357.388000
478.672733,-808.911666,359.000000
537.515882,-830.772867,345.067000
550.315241,-812.556344,337.962000
532.944622,-811.312928,330.886000
528.663962,-828.722665,352.810000
541.267482,-812.795603,356.000000
541.566034,-795.068147,330.390000
539.680581,-791.738727,328.920000
515.016663,-772.817579,327.456000
505.346802,-797.010513,331.986000
517.955042,-788.506804,333.000000
576.131521,-797.075596,332.591000
548.633166,-751.248009,329.406000
543.851176,-746.010130,326.234000
526.338286,-771.386597,336.049000
545.105876,-781.357919,339.000000
585.283965,-747.952360,328.688000
589.923229,-732.413988,327.224000
569.793132,-742.481955,331.760000
573.193929,-756.247464,330.290000
570.819945,-751.180200,332.000000
615.466364,-744.023535,328.900000
623.367558,-720.125344,326.460000
598.801954,-716.341802,334.020000
602.328802,-741.815116,331.570000
619.412629,-723.822099,335.000000
568.098335,-741.327611,334.956000
610.563213,-703.137856,326.904000
587.433912,-706.368576,351.819000
559.919456,-737.527984,343.767000
589.682709,-716.996935,357.000000
687.108163,-701.478094,330.480000
657.548540,-649.434425,325.600000
651.657231,-651.693359,340.700000
618.559103,-696.627424,335.820000
653.604735,-705.296412,345.000000
332.356056,-1022.898855,327.592000
283.195803,-934.160762,336.664000
230.646422,-931.549152,333.724000
226.389964,-935.517101,330.796000
295.474510,-1011.247645,337.000000
358.045221,-983.276134,331.530000
384.215619,-945.645411,357.990000
341.043132,-964.875165,349.415000
333.522163,-995.864324,340.875000
384.236573,-956.276378,361.000000
332.481189,-968.391773,332.200000
348.341381,-915.127464,348.810000
280.881784,-867.345835,343.442000
294.430369,-934.359758,338.074000
346.032986,-939.992446,352.000000
391.133576,-859.262951,332.544000
391.140229,-854.254643,432.204000
342.349443,-806.120875,399.996000
330.776582,-844.861393,367.788000
373.130614,-867.912075,459.000000
406.002601,-838.051734,348.648000
381.947683,-793.759219,343.258000
353.065717,-803.713604,337.890000
355.423770,-808.675386,332.522000
394.725030,-846.720898,349.000000
458.751532,-792.203522,339.964000
447.789870,-755.756568,336.534000
417.529955,-749.665282,333.118000
443.775295,-793.702406,329.688000
434.589410,-739.798586,341.000000
488.122999,-768.037060,326.000000
491.850193,-737.479609,326.000000
457.549709,-718.162767,326.000000
469.349460,-755.774975,326.000000
467.492065,-718.321132,326.000000
563.130044,-699.352364,337.944000
583.085611,-678.328713,334.040000
562.342664,-665.247463,330.136000
552.783193,-686.989800,326.216000
560.847575,-672.294903,341.000000
558.296833,-705.932838,328.755000
540.297416,-673.567489,327.535000
537.113108,-671.616698,326.315000
519.950218,-694.522248,325.090000
528.130425,-690.523037,330.000000
533.742941,-672.632861,336.088000
542.696319,-653.078564,332.184000
512.668315,-671.684123,328.264000
514.820838,-686.982888,340.360000
511.594845,-677.669558,341.000000
583.510742,-646.607860,339.510000
590.504017,-624.010143,333.166000
567.353597,-622.381614,326.796000
571.085457,-646.125518,346.452000
583.399272,-622.178476,349.000000
279.945240,-842.459077,347.195000
289.530007,-827.746794,338.655000
271.376894,-813.056234,330.080000
270.044661,-831.300878,356.540000
277.737375,-822.798965,362.000000
272.067525,-850.543794,327.266000
216.927083,-773.258287,323.850000
213.073417,-776.080854,320.420000
203.287554,-815.547403,331.004000
226.376960,-821.216277,334.000000
327.140554,-798.000765,326.000000
309.736421,-757.749650,326.000000
279.291344,-765.861278,326.000000
277.953756,-769.258527,326.000000
298.693414,-786.752311,326.000000
288.010200,-711.982579,325.612000
298.073625,-693.221998,324.632000
277.197066,-704.258549,327.656000
276.036218,-719.498754,326.680000
297.488100,-695.803896,328.000000
344.809313,-713.881139,327.415000
354.174244,-701.067974,325.700000
343.306512,-701.694785,330.992000
339.409314,-713.078438,329.277000
349.698247,-704.423483,332.000000
344.096303,-690.378502,325.435000
344.371453,-689.328845,324.210000
337.013783,-687.374045,327.990000
327.672308,-699.228483,326.765000
336.009090,-694.855300,329.000000
370.767081,-686.796003,324.912000
359.673372,-663.699300,327.936000
339.599116,-675.092220,326.960000
341.588329,-677.928032,325.980000
357.736814,-688.227636,328.000000
402.953343,-676.995558,326.680000
397.690401,-655.972745,329.704000
381.090215,-678.013269,328.728000
394.610295,-692.337956,327.748000
393.343391,-691.017557,330.000000
425.189364,-657.942279,328.128000
432.456130,-628.668956,342.492000
406.465978,-634.491466,337.837000
411.274887,-660.267758,333.201000
433.931582,-639.546057,345.000000
403.557493,-605.639731,325.646000
395.229648,-611.079317,362.690000
366.046917,-647.267429,350.685000
383.237328,-630.038380,338.729000
399.576974,-607.928596,372.000000
574.208672,-582.034135,345.904000
571.169182,-562.450085,340.048000
567.478364,-564.184203,334.168000
531.503598,-599.187569,328.312000
554.392736,-598.238729,346.000000
562.900000,-542.078000,344.512000
534.380000,-533.300000,338.656000
522.900000,-551.045000,332.776000
561.940000,-554.300000,326.920000
524.500000,-552.032000,346.000000
502.236334,-655.448742,350.520000
511.166107,-630.861465,343.415000
485.712227,-634.068118,336.339000
488.398328,-658.178217,329.263000
500.684763,-624.958776,354.000000
476.047096,-615.558756,321.000000
494.348380,-589.240085,321.000000
466.699265,-575.908408,321.000000
461.642622,-604.228047,321.000000
471.328498,-579.616428,321.000000
470.500000,-563.928000,321.000000
470.220000,-563.200000,321.000000
460.500000,-564.313000,321.000000
463.410000,-570.200000,321.000000
462.640000,-567.246000,321.000000
452.876632,-577.619605,321.000000
447.781751,-569.040861,321.000000
439.511744,-583.754040,321.000000
439.609257,-585.138762,321.000000
442.885734,-582.716210,321.000000
430.023497,-587.324483,323.592000
429.971544,-569.360709,322.612000
418.239181,-587.475461,321.636000
423.741769,-599.042976,324.656000
428.585900,-569.967680,325.000000
479.100000,-554.390000,321.000000
464.736000,-546.500000,321.000000
437.100000,-551.240000,321.000000
462.510000,-556.500000,321.000000
453.396000,-549.130000,321.000000
416.992215,-550.432013,321.000000
416.180311,-549.355532,321.000000
404.428223,-555.391097,321.000000
397.279907,-584.974107,321.000000
405.107972,-566.209781,321.000000
399.451852,-549.831334,321.000000
393.230457,-540.680766,321.000000
391.993780,-540.742514,321.000000
384.796894,-566.331963,321.000000
390.613774,-560.332704,321.000000
1342.140045,-495.701735,327.240000
1355.392456,-472.580948,313.576000
1318.818756,-484.618501,355.856000
1319.285148,-506.449577,342.192000
1317.781418,-498.687372,360.000000
1269.500000,-515.690000,318.996000
1241.680000,-494.600000,312.164000
1204.500000,-511.400000,333.304000
1249.415000,-524.600000,326.472000
1244.865000,-499.910000,337.000000
1269.000000,-452.548000,313.279000
1263.600000,-416.200000,308.155000
1242.000000,-429.109000,324.010000
1254.501000,-455.200000,318.886000
1260.333000,-432.034000,328.000000
1188.300000,-501.520000,313.374000
1137.808000,-496.400000,323.944000
1136.300000,-499.696000,320.528000
1148.468000,-528.400000,317.112000
1174.624000,-516.688000,324.000000
1131.300000,-502.160000,313.549000
1112.725000,-486.600000,315.814000
1106.300000,-521.560000,315.082000
1106.450000,-526.600000,314.350000
1126.175000,-521.120000,316.000000
1190.100000,-460.806000,313.000000
1151.036000,-449.700000,319.040000
1114.100000,-461.328000,317.088000
1173.152000,-467.700000,315.128000
1178.928000,-451.338000,320.000000
1203.900000,-437.856000,310.278000
1177.016000,-407.400000,335.948000
1109.900000,-422.412000,327.652000
1161.506000,-443.400000,319.322000
1195.534000,-418.884000,342.000000
963.800000,-497.902000,324.024000
961.862000,-496.200000,326.292000
929.800000,-500.547000,325.560000
940.714000,-519.200000,324.825000
962.746000,-508.804000,327.000000
1005.000000,-442.690000,346.700000
946.970000,-433.600000,340.356000
935.000000,-462.400000,334.012000
941.440000,-463.600000,327.642000
936.890000,-456.880000,348.000000
912.300000,-510.830000,414.200000
882.300000,-494.900000,389.800000
862.300000,-516.860000,365.300000
905.500000,-524.900000,340.900000
866.550000,-495.050000,425.000000
911.700000,-474.700000,342.850000
902.028000,-444.300000,336.750000
885.700000,-464.460000,330.625000
902.210000,-484.300000,324.525000
889.418000,-453.620000,347.000000
914.100000,-431.840000,401.704000
906.900000,-402.200000,376.328000
864.100000,-410.450000,350.848000
884.450000,-432.200000,325.472000
874.200000,-416.060000,425.000000
864.200000,-477.204000,387.722000
807.470000,-473.100000,368.446000
802.200000,-473.993000,349.091000
813.236000,-492.100000,408.815000
818.320000,-486.210000,410.000000
863.600000,-441.655000,383.140000
821.006000,-433.200000,363.785000
801.600000,-448.742000,344.509000
860.500000,-452.200000,404.233000
821.316000,-450.661000,410.000000
772.000000,-482.106000,385.374000
772.000000,-454.412000,404.253000
719.788000,-400.000000,364.059000
658.000000,-471.980000,342.831000
658.000000,-475.640000,355.359000
740.194000,-522.000000,408.603000
700.864000,-417.934000,420.000000
692.770000,-438.430000,420.000000
634.400000,-509.848000,360.904000
620.830000,-398.000000,344.734000
575.400000,-442.764000,328.630000
604.487000,-522.000000,378.526000
601.006000,-444.624000,391.000000
574.200000,-415.290000,339.412000
574.143000,-399.300000,329.122000
517.200000,-415.659000,360.874000
532.248000,-522.300000,350.584000
545.244000,-473.592000,361.000000
480.900000,-483.701000,330.956000
457.710000,-469.700000,324.124000
450.900000,-504.956000,345.292000
451.980000,-508.700000,338.432000
467.400000,-502.187000,347.000000
405.300000,-500.354000,319.952000
391.156000,-475.700000,318.000000
379.300000,-504.092000,324.048000
400.282000,-517.700000,322.088000
395.108000,-478.262000,325.000000
499.500000,-448.276000,316.378000
484.964000,-398.500000,316.866000
453.500000,-425.767000,315.354000
480.134000,-459.500000,315.844000
484.136000,-416.190000,315.000000
1271.200000,-294.012000,328.505000
1268.155000,-290.800000,307.765000
1236.200000,-306.787000,371.940000
1248.450000,-363.800000,351.200000
1261.540000,-328.614000,392.000000
1217.300000,-322.179000,329.965000
1174.350000,-315.900000,395.737000
1167.300000,-338.670000,374.422000
1173.400000,-338.900000,353.194000
1206.400000,-333.081000,400.000000
1167.900000,-328.605000,324.919000
1142.700000,-276.000000,390.691000
1127.900000,-356.010000,369.376000
1163.620000,-381.000000,348.148000
1161.540000,-378.375000,400.000000
1100.100000,-332.850000,325.482000
1059.900000,-300.000000,444.930000
1059.200000,-300.000000,453.146000
1000.100000,-323.985000,406.220000
1066.600000,-345.000000,367.668000
1047.600000,-345.000000,364.350000
1090.000000,-309.180000,471.000000
997.200000,-383.230000,321.289000
986.820000,-349.700000,403.584000
937.200000,-360.375000,376.988000
963.360000,-384.700000,350.392000
994.620000,-364.820000,428.000000
998.100000,-265.545000,423.967000
941.400000,-259.000000,397.262000
938.100000,-261.660000,370.666000
950.580000,-294.000000,344.070000
939.000000,-282.135000,428.000000
879.400000,-368.445000,389.255000
862.932000,-358.900000,371.860000
856.400000,-378.404000,354.536000
878.917000,-381.900000,337.141000
858.079000,-379.347000,396.000000
830.200000,-370.708000,388.984000
814.584000,-350.100000,371.344000
798.200000,-369.908000,353.776000
822.232000,-382.100000,336.136000
802.392000,-353.876000,400.000000
889.700000,-343.016000,387.616000
873.383000,-296.800000,367.608000
826.700000,-317.523000,347.600000
859.586000,-349.800000,327.510000
838.607000,-315.138000,405.000000
918.300000,-264.932000,331.030000
915.324000,-261.700000,328.346000
822.300000,-266.884000,325.662000
850.524000,-293.700000,333.967000
846.012000,-280.100000,334.000000
775.600000,-327.115000,402.248000
741.114000,-315.600000,375.652000
732.600000,-348.290000,348.947000
735.395000,-350.600000,431.351000
745.715000,-343.705000,438.000000
769.600000,-289.984000,380.646000
745.492000,-263.200000,358.930000
727.600000,-297.040000,337.125000
762.754000,-311.200000,404.409000
742.846000,-264.688000,415.000000
706.400000,-303.418000,331.896000
689.495000,-253.900000,327.992000
657.400000,-283.951000,324.072000
687.241000,-316.900000,336.168000
678.078000,-270.280000,339.000000
646.650000,-249.080000,347.390000
630.890100,-247.100000,333.970000
511.950000,-279.968000,320.495000
563.136000,-379.100000,362.075000
576.606000,-311.516000,375.000000
521.244300,-257.396000,375.000000
502.100000,-280.119000,329.240000
389.324000,-247.800000,317.970000
375.100000,-250.460000,352.746000
394.404000,-380.800000,341.522000
443.426000,-343.161000,355.000000
442.410000,-312.571000,355.000000
1095.100000,-197.392000,334.280000
1000.060000,-156.800000,324.480000
951.100000,-224.912000,354.720000
1084.012000,-242.800000,344.960000
1036.924000,-238.070000,359.000000
1093.804000,-233.856000,359.000000
921.400000,-212.600000,406.324000
921.400000,-192.725000,493.672000
889.000000,-160.100000,344.829000
914.125000,-160.100000,548.641000
846.400000,-202.325000,534.585000
846.400000,-207.350000,352.610000
898.525000,-235.100000,473.090000
858.625000,-235.100000,407.579000
994.700000,-87.089600,321.394000
985.159000,-70.200000,319.189000
947.700000,-76.297000,325.993000
969.602000,-88.400000,323.788000
981.164000,-77.516400,328.000000
1000.453087,-48.115098,325.589000
960.898336,-37.182038,346.001000
959.502580,-38.744051,339.413000
966.190801,-55.740884,332.798000
989.350123,-54.093165,347.000000
855.139103,-112.504038,326.129000
836.831343,-92.002450,342.005000
820.404065,-100.540601,336.881000
819.439412,-102.592728,331.736000
845.232930,-116.431839,344.000000
887.585402,-88.031136,321.546000
868.760354,-58.529559,326.082000
835.400063,-56.433262,324.618000
871.244881,-88.971935,323.148000
888.517146,-73.417282,327.000000
917.283723,-29.017263,320.528000
912.841054,-3.350278,332.624000
879.557601,-3.680561,328.704000
897.273918,-26.493491,324.800000
919.676974,-14.803170,336.000000
881.346220,21.102651,327.675000
881.104873,24.273871,324.503000
859.890693,23.398708,321.318000
855.304546,-10.108397,318.146000
855.122940,9.733495,328.000000
783.200000,-205.453000,396.609000
749.920000,-191.400000,377.821000
743.200000,-236.708000,358.956000
747.000000,-238.400000,340.168000
745.640000,-227.731000,403.000000
712.800000,-213.900000,325.154000
685.620000,-187.500000,323.690000
667.800000,-224.250000,322.220000
706.815000,-237.500000,320.756000
673.155000,-187.600000,326.000000
638.700000,-210.920000,339.229000
610.950000,-195.800000,332.124000
564.700000,-205.940000,325.048000
611.912000,-215.800000,317.972000
577.798000,-200.400000,345.000000
423.000000,-228.900000,371.127000
418.149000,-189.500000,349.322000
390.000000,-200.620000,327.606000
403.530000,-229.500000,305.890000
397.755000,-207.860000,394.000000
776.400000,-78.680000,325.165000
725.910000,-65.900000,322.960000
721.400000,-68.900000,320.764000
731.355000,-125.900000,327.559000
737.515000,-107.120000,328.000000
769.250000,-16.380000,342.096000
695.075000,1.300000,330.336000
661.750000,-31.540000,318.624000
764.197500,-38.700000,354.864000
699.482500,-35.340000,360.000000
507.800000,-25.960000,316.064000
480.140000,6.200000,310.452000
447.800000,-22.264000,304.840000
491.240000,-41.800000,322.205000
472.340000,-0.712000,326.000000
235.399773,-587.249469,322.510000
245.289369,-570.440127,322.266000
228.494876,-564.455882,322.022000
226.415982,-581.265224,322.777000
235.295829,-571.524121,323.000000
296.500000,-329.048000,312.452000
296.464000,-326.000000,312.208000
287.500000,-329.264000,312.963000
289.903000,-350.000000,312.719000
292.225000,-340.424000,313.000000
283.000000,-313.704000,312.394000
264.376000,-310.500000,312.150000
259.000000,-318.663000,312.905000
259.936000,-319.500000,312.661000
272.992000,-317.970000,313.000000
161.859033,-564.900035,324.688000
172.987966,-535.286975,322.736000
140.767579,-531.875945,328.776000
143.668615,-565.852079,326.824000
174.267195,-542.907842,330.000000
133.841258,-307.907479,313.556000
140.318356,-285.640687,313.068000
115.509515,-276.741748,314.578000
120.190562,-300.868231,314.090000
135.732769,-291.166726,315.000000
139.853746,-593.116816,342.140000
140.413775,-589.502087,407.825000
113.668168,-585.361269,386.597000
80.049483,-630.961171,365.369000
111.614730,-613.142081,410.000000
48.095168,-525.159866,321.620000
105.197302,-543.450658,329.170000
17.267541,-396.902032,326.730000
11.999107,-398.887787,324.290000
10.575391,-452.519586,330.000000
148.691453,-438.331554,322.288000
162.929556,-386.940827,338.898000
99.922223,-416.476937,333.530000
111.578515,-462.797693,328.140000
112.765731,-460.372692,342.000000
65.031642,-332.225595,315.564000
116.503134,-373.404750,341.234000
100.402390,-324.595648,332.938000
57.569836,-306.804951,324.608000
96.813347,-366.716301,348.000000
23.749533,-319.505301,344.571000
61.704197,-265.620936,336.519000
9.604569,-243.140597,328.467000
-3.756921,-296.326341,320.382000
48.588780,-293.760957,345.000000
364.000000,-149.348000,318.793000
255.928000,-131.500000,314.645000
250.000000,-139.260000,310.497000
274.054000,-228.500000,306.332000
255.472000,-195.229000,320.000000
309.508000,-142.267000,320.000000
299.485572,-56.282888,315.194000
300.590867,-25.652378,311.778000
262.251207,-47.442323,308.362000
276.595236,-75.480618,304.932000
263.072097,-51.096772,317.000000
209.000000,-60.800000,310.813000
190.342000,0.000000,310.569000
171.000000,-59.185000,310.324000
199.652000,-95.000000,310.080000
177.232000,-10.830000,311.000000
170.000000,-186.835000,323.305000
125.290000,0.000000,320.621000
0.000000,-84.710000,317.926000
89.420000,-215.000000,315.242000
37.740000,-73.745000,326.000000
154.020000,-72.455000,326.000000
102.680000,-130.290000,326.000000
68.510000,-17.845000,326.000000
