1522.700000,-1076.334000,304.528000
1522.700000,-1107.222000,304.860000
1522.258000,-1072.200000,304.040000
1511.905000,-1072.200000,305.298000
1505.700000,-1078.362000,305.550000
1505.700000,-1078.752000,305.736000
1510.613000,-1111.200000,305.062000
1517.617000,-1111.200000,304.174000
1517.821000,-1094.781000,306.000000
1517.498000,-1102.113000,306.000000
1493.900000,-1083.982000,307.834000
1493.900000,-1080.038000,307.496000
1488.908000,-1052.600000,307.344000
1476.476000,-1052.600000,307.934000
1469.900000,-1064.160000,306.856000
1469.900000,-1061.372000,306.372000
1481.228000,-1086.600000,306.368000
1488.884000,-1086.600000,306.810000
1471.364000,-1066.098000,308.000000
1478.924000,-1075.584000,308.000000
1570.100000,-978.220000,304.983000
1570.100000,-977.740000,301.462000
1557.588000,-963.400000,303.275000
1543.988000,-963.400000,302.995000
1538.100000,-973.840000,301.567000
1538.100000,-970.380000,304.528000
1559.028000,-983.400000,306.852000
1566.292000,-983.400000,306.061000
1551.156000,-967.680000,308.000000
1539.956000,-975.120000,308.000000
1526.200000,-969.640000,305.440000
1526.200000,-971.680000,308.660000
1517.605000,-952.900000,320.560000
1512.610000,-952.900000,313.040000
1511.200000,-974.050000,315.660000
1511.200000,-966.070000,317.420000
1523.740000,-982.900000,310.780000
1525.780000,-982.900000,301.800000
1522.540000,-953.860000,321.000000
1522.315000,-967.750000,321.000000
1508.400000,-966.828000,308.875000
1508.400000,-971.308000,307.309000
1476.648000,-956.300000,306.670000
1466.526000,-956.300000,309.280000
1466.400000,-981.136000,304.474000
1466.400000,-971.112000,302.251000
1467.198000,-984.300000,302.269000
1469.004000,-984.300000,304.222000
1470.726000,-980.100000,310.000000
1484.166000,-967.640000,310.000000
1489.761700,-726.031766,314.229000
1499.998338,-733.886614,300.513000
1471.103377,-734.178870,307.641000
1480.946441,-721.351140,306.426000
1473.218528,-737.286719,301.026000
1495.472089,-754.362477,312.339000
1513.172136,-763.130457,321.438000
1512.616946,-763.853995,318.225000
1502.578667,-749.038507,327.000000
1484.357523,-743.295379,327.000000
1427.300000,-569.627000,311.240000
1427.300000,-589.235000,314.048000
1424.396000,-569.000000,324.830000
1423.052000,-569.000000,317.990000
1403.300000,-583.364000,320.438000
1403.300000,-609.470000,321.932000
1412.516000,-626.000000,316.046000
1409.132000,-626.000000,325.874000
1422.452000,-596.645000,326.000000
1422.212000,-581.768000,326.000000
1390.800000,-633.592000,314.656000
1390.800000,-625.710000,313.232000
1372.620000,-622.000000,312.704000
1374.720000,-622.000000,314.984000
1330.800000,-628.090000,310.752000
1330.800000,-633.214000,308.736000
1364.760000,-636.000000,308.792000
1350.780000,-636.000000,310.488000
1339.500000,-626.228000,316.000000
1359.000000,-623.876000,316.000000
1366.100000,-604.316000,313.335000
1366.100000,-582.604000,318.692000
1357.838000,-574.600000,310.651000
1360.014000,-574.600000,310.101000
1349.100000,-602.982000,318.956000
1349.100000,-615.586000,312.499000
1361.833000,-620.600000,316.272000
1356.308000,-620.600000,314.908000
1357.464000,-580.120000,319.000000
1351.701000,-576.578000,319.000000
1347.700000,-599.583000,308.276000
1347.700000,-584.044000,308.578000
1331.000000,-580.600000,309.786000
1336.475000,-580.600000,309.016000
1322.700000,-613.400000,309.298000
1322.700000,-620.821000,309.454000
1345.975000,-621.600000,308.810000
1335.550000,-621.600000,309.892000
1343.700000,-619.017000,310.000000
1343.575000,-619.673000,310.000000
1448.900000,-1087.287000,309.950000
1448.900000,-1106.538000,309.035000
1417.413000,-1079.700000,308.730000
1428.957000,-1079.700000,310.130000
1411.900000,-1106.214000,307.510000
1411.900000,-1081.644000,306.225000
1416.118000,-1106.700000,306.285000
1434.285000,-1106.700000,307.320000
1418.819000,-1100.085000,311.000000
1431.029000,-1103.001000,311.000000
1344.200000,-1077.232000,308.000000
1344.200000,-1104.602000,308.000000
1343.540000,-1073.900000,308.000000
1331.620000,-1073.900000,308.000000
1324.200000,-1079.510000,308.000000
1324.200000,-1079.408000,308.000000
1330.120000,-1107.900000,308.000000
1338.100000,-1107.900000,308.000000
1334.900000,-1093.348000,308.000000
1328.200000,-1100.148000,308.000000
1442.100000,-1060.520000,304.536000
1442.100000,-1058.460000,306.872000
1434.756000,-1042.200000,316.616000
1417.620000,-1042.200000,310.376000
1408.100000,-1049.140000,312.712000
1408.100000,-1047.260000,313.880000
1424.386000,-1062.200000,308.792000
1434.790000,-1062.200000,317.384000
1438.088000,-1050.000000,319.000000
1438.088000,-1055.840000,319.000000
1434.000000,-1022.148000,317.960000
1434.000000,-1021.884000,314.200000
1398.578000,-1006.000000,313.080000
1361.910000,-1006.000000,318.580000
1345.000000,-1017.660000,308.180000
1345.000000,-1013.546000,322.960000
1403.829000,-1028.000000,303.300000
1422.964000,-1028.000000,307.340000
1365.381000,-1010.554000,323.000000
1395.196000,-1019.002000,323.000000
1344.900000,-1041.809000,312.817000
1344.900000,-1046.588000,320.909000
1308.940000,-1009.300000,308.652000
1289.038000,-1009.300000,307.632000
1282.900000,-1051.308000,321.504000
1282.900000,-1034.847000,311.355000
1335.228000,-1068.300000,317.356000
1342.792000,-1068.300000,315.078000
1318.674000,-1010.775000,323.000000
1298.214000,-1038.859000,323.000000
1446.100000,-954.846000,302.742000
1446.100000,-960.728000,304.730000
1427.788000,-942.300000,313.326000
1422.316000,-942.300000,307.796000
1422.100000,-972.696000,309.910000
1422.100000,-960.116000,310.862000
1422.724000,-976.300000,306.480000
1423.468000,-976.300000,313.928000
1444.276000,-970.928000,316.000000
1444.396000,-956.274000,316.000000
1399.000000,-960.938000,305.118000
1399.000000,-969.683000,304.539000
1356.475000,-954.800000,304.386000
1395.355000,-954.800000,305.196000
1354.000000,-957.341000,303.651000
1354.000000,-975.062000,305.853000
1363.360000,-987.800000,305.919000
1360.615000,-987.800000,303.510000
1366.240000,-976.580000,306.000000
1381.495000,-965.360000,306.000000
1337.700000,-951.432000,305.436000
1337.700000,-963.213000,307.320000
1335.652000,-951.300000,304.456000
1334.948000,-951.300000,304.196000
1321.700000,-959.847000,307.480000
1321.700000,-974.565000,305.072000
1327.956000,-984.300000,306.500000
1325.492000,-984.300000,305.948000
1331.604000,-967.074000,308.000000
1326.404000,-958.890000,308.000000
1430.300000,-930.178000,302.451000
1430.300000,-920.260000,308.068000
1415.730000,-915.400000,333.447000
1417.986000,-915.400000,317.047000
1383.300000,-923.356000,323.402000
1383.300000,-929.710000,326.026000
1410.231000,-933.400000,313.398000
1398.716000,-933.400000,335.005000
1428.702000,-920.710000,343.000000
1429.172000,-917.902000,343.000000
1308.000000,-882.508000,339.872000
1308.000000,-849.460000,330.368000
1299.126000,-836.500000,328.112000
1301.646000,-836.500000,340.880000
1290.000000,-881.428000,316.400000
1290.000000,-900.220000,351.392000
1303.608000,-908.500000,352.688000
1297.524000,-908.500000,313.904000
1295.652000,-844.636000,356.000000
1301.862000,-840.028000,356.000000
1302.100000,-765.056000,316.164000
1302.100000,-755.540000,329.707000
1291.975000,-753.200000,309.088000
1295.455000,-753.200000,307.058000
1287.100000,-774.182000,331.012000
1287.100000,-778.576000,313.409000
1301.170000,-779.200000,323.907000
1294.735000,-779.200000,319.760000
1297.015000,-777.380000,336.000000
1292.215000,-778.134000,336.000000
1356.800000,-783.910000,335.101000
1356.800000,-794.785000,309.929000
1295.024000,-779.800000,328.025000
1318.424000,-779.800000,316.280000
1284.800000,-794.635000,320.920000
1284.800000,-780.790000,322.631000
1293.512000,-794.800000,313.844000
1327.928000,-794.800000,328.982000
1285.376000,-791.020000,336.000000
1286.456000,-792.820000,336.000000
1451.000000,-762.965000,322.392000
1451.000000,-775.235000,315.084000
1446.800000,-761.600000,313.572000
1385.480000,-761.600000,322.968000
1346.000000,-764.180000,304.788000
1346.000000,-763.955000,330.852000
1377.815000,-776.600000,332.004000
1418.345000,-776.600000,302.700000
1383.380000,-770.075000,336.000000
1420.130000,-773.270000,336.000000
1446.700000,-756.833000,309.864000
1446.700000,-753.503000,326.496000
1443.578000,-723.200000,301.080000
1436.704000,-723.200000,334.380000
1432.700000,-736.298000,328.296000
1432.700000,-732.339000,306.264000
1439.504000,-760.200000,319.476000
1443.620000,-760.200000,314.148000
1442.542000,-737.371000,336.000000
1438.132000,-748.619000,336.000000
1445.200000,-716.790000,344.496000
1445.200000,-716.820000,302.592000
1411.180000,-705.900000,332.784000
1377.580000,-705.900000,313.104000
1361.200000,-713.955000,321.024000
1361.200000,-710.955000,323.616000
1417.312000,-720.900000,309.312000
1434.280000,-720.900000,334.128000
1365.484000,-708.900000,348.000000
1367.080000,-714.855000,348.000000
1359.800000,-721.628000,336.360000
1359.800000,-725.106000,327.624000
1350.392000,-701.500000,326.070000
1345.480000,-701.500000,336.780000
1343.800000,-728.103000,315.822000
1343.800000,-717.336000,345.978000
1357.416000,-738.500000,347.532000
1359.176000,-738.500000,313.176000
1350.168000,-702.166000,354.000000
1355.848000,-720.259000,354.000000
1342.600000,-704.168000,321.744000
1342.600000,-706.758000,340.938000
1314.110000,-699.100000,353.496000
1306.155000,-699.100000,350.136000
1305.600000,-711.728000,343.206000
1305.600000,-706.352000,317.334000
1306.821000,-713.100000,332.958000
1307.487000,-713.100000,326.532000
1333.165000,-710.790000,354.000000
1321.695000,-704.924000,354.000000
1302.800000,-708.928000,349.170000
1302.800000,-717.824000,312.294000
1286.616000,-703.200000,338.880000
1301.508000,-703.200000,321.492000
1285.800000,-705.888000,328.632000
1285.800000,-722.688000,330.690000
1289.472000,-735.200000,318.384000
1288.197000,-735.200000,339.888000
1287.381000,-724.096000,354.000000
1287.789000,-713.632000,354.000000
1268.400000,-1097.735000,316.129000
1268.400000,-1063.085000,312.508000
1265.025000,-1042.900000,311.981000
1264.250000,-1042.900000,316.231000
1243.400000,-1057.530000,307.833000
1243.400000,-1081.345000,319.954000
1253.350000,-1097.900000,320.668000
1249.200000,-1097.900000,323.677000
1254.400000,-1068.750000,324.000000
1263.400000,-1055.825000,324.000000
1228.600000,-1098.734000,307.950000
1228.600000,-1082.056000,310.210000
1225.430000,-1073.500000,311.730000
1226.030000,-1073.500000,311.305000
1218.600000,-1087.419000,310.505000
1218.600000,-1097.959000,307.400000
1224.400000,-1104.500000,309.285000
1221.820000,-1104.500000,308.495000
1226.480000,-1082.428000,312.000000
1223.420000,-1077.995000,312.000000
1220.900000,-1100.820000,311.529000
1220.900000,-1096.360000,311.880000
1205.400000,-1094.500000,310.794000
1210.143000,-1094.500000,309.537000
1189.900000,-1100.810000,310.062000
1189.900000,-1103.300000,310.194000
1213.553000,-1104.500000,309.327000
1202.703000,-1104.500000,310.851000
1194.085000,-1095.560000,312.000000
1194.984000,-1095.050000,312.000000
1216.600000,-1063.435000,307.495000
1216.600000,-1058.125000,307.277000
1211.144000,-1056.700000,307.251000
1213.104000,-1056.700000,307.496000
1208.600000,-1068.910000,307.006000
1208.600000,-1071.250000,307.715000
1216.160000,-1071.700000,307.762000
1212.624000,-1071.700000,307.934000
1212.456000,-1070.545000,308.000000
1215.376000,-1071.160000,308.000000
1195.000000,-1060.612000,309.444000
1195.000000,-1051.180000,310.785000
1186.350000,-1051.000000,311.709000
1189.720000,-1051.000000,311.442000
1185.000000,-1086.856000,310.977000
1185.000000,-1053.196000,309.099000
1186.280000,-1087.000000,310.245000
1190.930000,-1087.000000,309.756000
1193.300000,-1077.676000,312.000000
1190.290000,-1082.464000,312.000000
1187.000000,-1079.884000,318.800000
1187.000000,-1101.490000,320.043000
1186.295000,-1077.700000,316.116000
1177.730000,-1077.700000,311.452000
1172.000000,-1082.354000,313.432000
1172.000000,-1081.626000,313.861000
1176.650000,-1103.700000,310.737000
1182.260000,-1103.700000,316.270000
1174.655000,-1092.208000,321.000000
1175.165000,-1098.058000,321.000000
1148.400000,-1100.150000,311.000000
1148.400000,-1098.200000,311.000000
1136.900000,-1077.600000,311.000000
1112.950000,-1077.600000,311.000000
1098.400000,-1086.625000,311.000000
1098.400000,-1083.625000,311.000000
1123.050000,-1102.600000,311.000000
1137.100000,-1102.600000,311.000000
1124.600000,-1087.000000,311.000000
1143.100000,-1094.925000,311.000000
1231.100000,-1013.818000,309.212000
1231.100000,-1014.148000,310.096000
1222.036000,-998.000000,310.722000
1213.522000,-998.000000,310.534000
1209.100000,-1009.968000,310.234000
1209.100000,-1005.304000,310.972000
1223.950000,-1020.000000,309.746000
1228.130000,-1020.000000,309.410000
1228.284000,-1002.246000,311.000000
1221.772000,-1011.266000,311.000000
1206.100000,-1026.717000,312.790000
1206.100000,-1031.063000,313.330000
1197.770000,-1004.700000,311.570000
1193.654000,-1004.700000,309.425000
1192.100000,-1034.466000,310.350000
1192.100000,-1022.002000,310.520000
1204.112000,-1045.700000,309.125000
1205.470000,-1045.700000,311.615000
1195.166000,-1005.151000,314.000000
1195.726000,-1025.692000,314.000000
1143.300000,-1016.538000,317.754000
1143.300000,-1025.891000,314.562000
1113.774000,-999.900000,314.338000
1106.060000,-999.900000,317.628000
1105.300000,-1042.623000,324.908000
1105.300000,-1024.011000,320.694000
1106.820000,-1046.900000,321.492000
1107.010000,-1046.900000,323.760000
1126.846000,-1038.816000,326.000000
1141.058000,-1019.734000,326.000000
1268.000000,-926.920000,308.448000
1268.000000,-929.830000,311.507000
1240.160000,-925.200000,313.733000
1265.970000,-925.200000,313.040000
1239.000000,-926.110000,312.025000
1239.000000,-931.230000,314.573000
1245.467000,-935.200000,310.310000
1242.944000,-935.200000,309.106000
1265.506000,-931.660000,315.000000
1257.067000,-928.510000,315.000000
1238.900000,-979.970000,312.864000
1238.900000,-959.576000,313.276000
1237.054000,-947.300000,311.888000
1236.807000,-947.300000,310.152000
1225.900000,-956.342000,310.908000
1225.900000,-970.169000,311.028000
1231.165000,-980.300000,313.932000
1228.838000,-980.300000,311.900000
1229.293000,-962.579000,314.000000
1229.878000,-955.253000,314.000000
1224.200000,-971.996000,311.476000
1224.200000,-957.296000,310.544000
1220.312000,-949.400000,310.496000
1221.188000,-949.400000,311.420000
1212.200000,-962.168000,313.520000
1212.200000,-971.352000,312.296000
1219.256000,-977.400000,312.544000
1216.004000,-977.400000,313.172000
1219.508000,-957.268000,314.000000
1224.056000,-953.628000,314.000000
1179.800000,-972.800000,310.084000
1179.800000,-967.592000,311.816000
1168.139000,-965.300000,313.108000
1171.957000,-965.300000,312.692000
1156.800000,-972.956000,312.132000
1156.800000,-975.788000,313.568000
1174.510000,-977.300000,311.152000
1166.161000,-977.300000,310.444000
1178.788000,-966.476000,314.000000
1172.210000,-966.020000,314.000000
1190.200000,-948.060000,321.458000
1190.200000,-937.830000,323.124000
1144.726000,-934.800000,317.310000
1161.688000,-934.800000,326.830000
1124.200000,-959.430000,313.145000
1124.200000,-963.750000,313.553000
1187.032000,-964.800000,325.997000
1157.002000,-964.800000,317.276000
1144.264000,-962.280000,327.000000
1147.498000,-963.900000,327.000000
1268.300000,-859.220000,310.635000
1268.300000,-853.742000,309.445000
1256.092000,-853.500000,309.410000
1260.992000,-853.500000,310.540000
1254.300000,-853.566000,313.190000
1254.300000,-854.710000,311.635000
1256.190000,-875.500000,311.965000
1262.532000,-875.500000,312.730000
1263.414000,-869.648000,314.000000
1254.790000,-872.838000,314.000000
1257.000000,-831.717000,312.958000
1257.000000,-849.420000,311.814000
1256.352000,-830.100000,312.470000
1249.644000,-830.100000,312.252000
1245.000000,-834.006000,311.980000
1245.000000,-833.145000,312.690000
1248.804000,-851.100000,311.492000
1253.136000,-851.100000,311.128000
1256.976000,-841.671000,313.000000
1253.604000,-846.669000,313.000000
1157.500000,-869.450000,316.000000
1157.500000,-867.500000,316.000000
1154.419000,-842.600000,316.000000
1148.361000,-842.600000,316.000000
1144.500000,-853.640000,316.000000
1144.500000,-849.680000,316.000000
1151.000000,-872.600000,316.000000
1154.497000,-872.600000,316.000000
1148.998000,-853.670000,316.000000
1149.700000,-863.570000,316.000000
1145.100000,-868.380000,316.000000
1145.100000,-868.785000,316.000000
1130.435000,-857.700000,316.000000
1117.345000,-857.700000,316.000000
1110.100000,-865.965000,316.000000
1110.100000,-862.590000,316.000000
1133.970000,-872.700000,316.000000
1140.165000,-872.700000,316.000000
1134.355000,-860.490000,316.000000
1112.970000,-866.820000,316.000000
1259.300000,-794.870000,310.063000
1259.300000,-795.941000,310.640000
1247.260000,-790.100000,310.307000
1241.620000,-790.100000,310.421000
1239.300000,-796.697000,310.552000
1239.300000,-793.853000,310.202000
1256.600000,-799.100000,310.796000
1258.280000,-799.100000,310.983000
1240.120000,-790.136000,310.000000
1254.580000,-794.762000,310.000000
1213.100000,-770.267000,313.000000
1213.100000,-783.199000,313.000000
1202.908000,-749.100000,313.000000
1200.438000,-749.100000,313.000000
1200.100000,-804.976000,313.000000
1200.100000,-780.027000,313.000000
1200.711000,-810.100000,313.000000
1200.620000,-810.100000,313.000000
1205.144000,-799.181000,313.000000
1205.911000,-775.147000,313.000000
1200.200000,-758.565000,317.114000
1200.200000,-777.048000,329.915000
1187.629000,-748.500000,329.966000
1199.355000,-748.500000,316.638000
1187.200000,-754.478000,325.818000
1187.200000,-784.917000,320.361000
1190.190000,-809.500000,321.653000
1188.890000,-809.500000,324.084000
1196.755000,-787.479000,330.000000
1188.877000,-769.057000,330.000000
1142.500000,-806.532000,324.265000
1142.500000,-790.828000,320.191000
1136.987000,-781.000000,322.557000
1136.765000,-781.000000,321.724000
1105.500000,-788.306000,320.842000
1105.500000,-798.888000,323.257000
1120.744000,-807.000000,319.134000
1113.677000,-807.000000,324.790000
1108.571000,-792.856000,325.000000
1135.507000,-787.422000,325.000000
1270.600000,-750.200000,314.192000
1270.600000,-743.531000,314.520000
1254.000000,-739.800000,313.212000
1258.350000,-739.800000,315.396000
1220.600000,-745.819000,312.236000
1220.600000,-749.914000,312.272000
1250.350000,-752.800000,315.256000
1236.150000,-752.800000,313.148000
1242.100000,-743.362000,316.000000
1245.300000,-741.828000,316.000000
1238.100000,-716.048000,320.400000
1238.100000,-697.568000,333.116000
1215.484000,-688.900000,333.252000
1223.316000,-688.900000,319.839000
1194.100000,-717.324000,329.087000
1194.100000,-727.136000,323.562000
1228.288000,-732.900000,324.939000
1211.744000,-732.900000,327.285000
1228.288000,-692.904000,334.000000
1201.844000,-691.804000,334.000000
1172.300000,-710.520000,318.706000
1172.300000,-700.024000,317.532000
1154.178000,-696.600000,318.216000
1161.224000,-696.600000,317.970000
1146.300000,-723.096000,317.728000
1146.300000,-727.288000,318.408000
1171.260000,-728.600000,317.240000
1159.092000,-728.600000,318.846000
1149.550000,-725.688000,319.000000
1168.634000,-727.832000,319.000000
1138.700000,-689.295000,320.515000
1138.700000,-685.740000,320.749000
1114.088000,-685.500000,319.783000
1124.224000,-685.500000,321.406000
1110.700000,-685.665000,319.051000
1110.700000,-686.235000,319.063000
1114.676000,-700.500000,321.316000
1126.996000,-700.500000,319.720000
1123.916000,-696.390000,322.000000
1125.848000,-698.775000,322.000000
1202.900000,-643.040000,321.634000
1202.900000,-661.872000,338.723000
1197.898000,-641.500000,339.022000
1153.126000,-641.500000,320.760000
1120.900000,-645.746000,333.387000
1120.900000,-644.580000,325.797000
1147.550000,-663.500000,327.775000
1176.086000,-663.500000,330.834000
1188.140000,-653.468000,341.000000
1139.186000,-658.990000,341.000000
1148.800000,-638.872000,321.677000
1148.800000,-636.540000,317.533000
1139.040000,-599.800000,319.962000
1120.920000,-599.800000,319.066000
1108.800000,-616.300000,318.254000
1108.800000,-609.920000,320.592000
1129.080000,-643.800000,316.539000
1139.320000,-643.800000,322.125000
1115.480000,-615.684000,323.000000
1145.040000,-630.776000,323.000000
1251.400000,-621.340000,315.093000
1251.400000,-623.260000,315.896000
1209.652000,-587.500000,312.409000
1174.176000,-587.500000,318.305000
1153.400000,-614.284000,320.714000
1153.400000,-602.908000,320.714000
1220.922000,-635.500000,318.030000
1236.994000,-635.500000,312.123000
1203.772000,-596.092000,321.000000
1211.024000,-616.972000,321.000000
1253.000000,-574.983000,309.712000
1253.000000,-577.755000,333.328000
1201.235000,-564.000000,333.872000
1178.370000,-564.000000,308.336000
1168.000000,-579.540000,326.064000
1168.000000,-572.631000,315.344000
1242.120000,-585.000000,318.256000
1248.240000,-585.000000,322.352000
1241.270000,-584.937000,338.000000
1190.950000,-575.004000,338.000000
994.600000,-1073.760000,367.456000
994.600000,-1081.376000,327.524000
951.886000,-1062.200000,351.108000
942.274000,-1062.200000,342.130000
940.600000,-1093.582000,334.760000
940.600000,-1079.234000,356.803000
943.516000,-1096.200000,318.345000
942.436000,-1096.200000,371.476000
951.886000,-1089.876000,383.000000
992.062000,-1076.922000,383.000000
1076.100000,-1006.732000,319.578000
1076.100000,-1023.796000,320.802000
1042.984000,-998.200000,315.186000
1074.094000,-998.200000,324.744000
1042.100000,-1003.870000,328.776000
1042.100000,-1030.168000,328.686000
1050.158000,-1052.200000,324.384000
1046.350000,-1052.200000,314.628000
1061.038000,-1032.328000,330.000000
1063.690000,-1016.722000,330.000000
1024.800000,-1047.950000,318.666000
1024.800000,-1015.982000,325.263000
1009.512000,-995.300000,325.461000
1010.198000,-995.300000,318.234000
926.800000,-1010.852000,323.265000
926.800000,-1032.128000,320.205000
967.862000,-1049.300000,321.060000
947.870000,-1049.300000,322.176000
1015.392000,-1019.546000,327.000000
957.866000,-1008.908000,327.000000
983.444000,-1034.180000,327.000000
995.200000,-965.006000,370.546000
995.200000,-944.006000,327.804000
973.843000,-931.700000,353.222000
980.080000,-931.700000,343.353000
932.200000,-951.440000,335.898000
932.200000,-964.166000,358.902000
970.126000,-973.700000,389.503000
951.415000,-973.700000,374.451000
948.013000,-942.914000,390.000000
995.200000,-938.504000,390.000000
1073.100000,-913.160000,320.306000
1073.100000,-894.438000,321.188000
1040.798000,-885.100000,316.890000
1052.640000,-885.100000,324.254000
1011.100000,-915.138000,327.460000
1011.100000,-924.798000,327.320000
1059.708000,-931.100000,324.044000
1035.652000,-931.100000,316.386000
1048.238000,-888.964000,329.000000
1053.384000,-888.412000,329.000000
1021.800000,-843.860000,320.192000
1021.800000,-829.640000,324.560000
998.568000,-824.600000,324.722000
1007.907000,-824.600000,325.874000
988.800000,-862.175000,323.258000
988.800000,-867.485000,321.188000
1020.711000,-869.600000,321.788000
1004.838000,-869.600000,322.502000
1020.018000,-865.190000,326.000000
1000.812000,-868.745000,326.000000
1078.200000,-764.630000,350.148000
1078.200000,-752.588000,321.619000
1051.620000,-751.400000,338.680000
1062.870000,-751.400000,331.912000
1048.200000,-752.372000,327.165000
1048.200000,-753.776000,342.205000
1052.670000,-805.400000,362.697000
1065.510000,-805.400000,352.498000
1056.990000,-790.226000,365.000000
1049.610000,-799.514000,365.000000
1028.200000,-761.124000,327.414000
1028.200000,-802.788000,328.690000
1025.164000,-758.100000,322.024000
1001.756000,-758.100000,333.508000
984.200000,-767.700000,338.656000
984.200000,-764.532000,338.326000
998.808000,-806.100000,333.288000
1013.548000,-806.100000,321.144000
1012.404000,-783.876000,342.000000
1016.276000,-796.500000,342.000000
986.200000,-796.060000,344.769000
986.200000,-793.660000,338.973000
972.144000,-743.200000,339.645000
947.448000,-743.200000,343.572000
930.200000,-766.180000,334.521000
930.200000,-756.700000,327.171000
958.984000,-803.200000,329.376000
972.592000,-803.200000,331.770000
985.528000,-764.440000,345.000000
953.216000,-785.800000,345.000000
1023.800000,-722.676000,337.840000
1023.800000,-725.962000,325.600000
983.964000,-679.400000,332.960000
951.856000,-679.400000,329.980000
931.800000,-714.430000,328.060000
931.800000,-698.930000,334.360000
995.924000,-741.400000,343.180000
1009.816000,-741.400000,338.740000
962.712000,-690.064000,345.000000
940.448000,-717.840000,345.000000
986.172000,-687.708000,345.000000
1083.800000,-635.560000,321.065000
1083.800000,-644.200000,321.436000
1056.080000,-604.600000,319.350000
1044.515000,-604.600000,322.969000
1038.800000,-649.420000,324.642000
1038.800000,-628.900000,324.502000
1078.355000,-664.600000,322.927000
1081.010000,-664.600000,319.035000
1069.535000,-663.940000,326.000000
1073.720000,-636.340000,326.000000
987.100000,-626.047000,325.894000
987.100000,-640.030000,325.332000
972.736000,-606.400000,325.406000
969.766000,-606.400000,325.770000
969.100000,-661.270000,324.916000
969.100000,-635.664000,324.208000
970.198000,-665.400000,324.428000
969.604000,-665.400000,324.646000
969.640000,-654.013000,326.000000
977.362000,-632.301000,326.000000
965.000000,-631.787000,336.200000
965.000000,-643.923000,342.711000
949.304000,-626.200000,332.035000
964.152000,-626.200000,329.434000
949.000000,-630.344000,327.887000
949.000000,-647.882000,333.157000
952.904000,-663.200000,340.739000
950.904000,-663.200000,336.880000
955.048000,-649.325000,343.000000
951.256000,-639.076000,343.000000
1066.900000,-594.272000,326.536000
1066.900000,-563.006000,327.418000
1044.732000,-542.000000,322.144000
1047.316000,-542.000000,331.360000
930.900000,-557.930000,335.752000
930.900000,-578.558000,335.302000
988.836000,-596.000000,331.342000
959.324000,-596.000000,339.244000
1029.500000,-565.868000,340.000000
1042.828000,-555.932000,340.000000
973.468000,-569.702000,340.000000
813.700000,-1091.626000,328.955000
813.700000,-1071.659000,325.809000
801.936000,-1059.400000,326.271000
805.744000,-1059.400000,328.218000
779.700000,-1078.957000,323.576000
779.700000,-1090.847000,319.616000
800.406000,-1100.400000,320.892000
789.900000,-1100.400000,322.025000
782.182000,-1070.060000,330.000000
796.904000,-1066.288000,330.000000
892.700000,-1050.809000,332.928000
892.700000,-1010.124000,338.976000
854.156000,-988.700000,329.008000
868.975000,-988.700000,326.480000
819.700000,-1056.680000,325.104000
819.700000,-1076.971000,329.984000
877.443000,-1091.700000,337.184000
848.170000,-1091.700000,333.488000
850.360000,-996.631000,340.000000
833.424000,-996.631000,340.000000
832.402000,-1009.506000,340.000000
809.800000,-1021.060000,326.730000
809.800000,-1002.880000,327.302000
789.181000,-995.800000,336.558000
797.765000,-995.800000,330.149000
780.800000,-1046.320000,333.373000
780.800000,-1052.680000,332.996000
809.046000,-1055.800000,330.201000
794.720000,-1055.800000,335.843000
803.043000,-1049.500000,337.000000
806.030000,-1055.020000,337.000000
773.400000,-1078.150000,335.808000
773.400000,-1072.875000,331.152000
726.964000,-1072.200000,331.904000
747.140000,-1072.200000,334.640000
721.400000,-1072.825000,327.984000
721.400000,-1073.150000,322.144000
729.512000,-1097.200000,324.080000
751.092000,-1097.200000,325.648000
727.380000,-1090.000000,338.000000
750.156000,-1094.600000,338.000000
772.800000,-1003.336000,380.728000
772.800000,-1052.672000,421.012000
772.800000,-1053.512000,413.236000
770.900000,-1000.200000,354.268000
757.900000,-1000.200000,336.664000
747.800000,-1011.792000,327.916000
747.800000,-1007.424000,360.316000
747.800000,-1022.936000,344.008000
756.275000,-1056.200000,409.456000
764.325000,-1056.200000,383.968000
759.350000,-1029.880000,433.000000
753.675000,-1045.336000,433.000000
840.300000,-967.169000,336.104000
840.300000,-965.791000,339.146000
825.852000,-920.900000,395.072000
801.884000,-920.900000,356.228000
784.300000,-941.570000,375.962000
784.300000,-932.507000,373.310000
813.476000,-973.900000,356.930000
826.412000,-973.900000,390.392000
829.604000,-939.291000,401.000000
835.652000,-958.848000,401.000000
844.200000,-869.806000,347.241000
844.200000,-874.096000,341.004000
816.858000,-824.200000,342.096000
796.026000,-824.200000,345.603000
782.200000,-861.952000,336.972000
782.200000,-844.594000,350.202000
825.848000,-890.200000,331.848000
834.404000,-890.200000,333.801000
791.934000,-835.090000,351.000000
819.400000,-865.450000,351.000000
769.300000,-849.641000,359.799000
769.300000,-857.334000,383.046000
758.086000,-824.700000,344.427000
753.694000,-824.700000,333.843000
751.300000,-861.695000,392.055000
751.300000,-844.300000,347.640000
767.248000,-873.700000,376.620000
768.076000,-873.700000,361.437000
760.372000,-872.818000,393.000000
756.376000,-850.915000,393.000000
752.804512,-845.297207,337.938000
748.122379,-855.202335,340.080000
747.289950,-826.824678,385.566000
745.091221,-825.785343,353.877000
726.850103,-862.764836,370.131000
735.255377,-844.983341,367.674000
726.663574,-865.742756,354.759000
725.998169,-865.428221,381.471000
741.750669,-863.140769,393.000000
750.064919,-849.745045,393.000000
869.700000,-745.868000,339.022000
869.700000,-753.370000,333.586000
820.300000,-742.700000,334.612000
867.300000,-742.700000,337.528000
819.700000,-745.318000,330.220000
819.700000,-755.482000,341.470000
832.250000,-764.700000,325.810000
825.350000,-764.700000,327.412000
829.650000,-756.274000,343.000000
852.050000,-750.488000,343.000000
907.900000,-793.760000,332.758000
907.900000,-759.800000,339.310000
901.950000,-736.100000,328.366000
903.070000,-736.100000,325.252000
872.900000,-754.220000,341.956000
872.900000,-776.360000,329.194000
888.055000,-796.100000,337.564000
880.040000,-796.100000,333.136000
892.010000,-762.200000,343.000000
884.415000,-751.940000,343.000000
826.540017,-802.462515,349.464000
835.283812,-785.594023,355.148000
834.160925,-787.760292,490.584000
826.776894,-767.487914,497.444000
831.730904,-770.055829,398.072000
828.335010,-768.295564,427.864000
792.018682,-771.277303,449.620000
786.919668,-781.114297,440.996000
782.667422,-789.317712,364.948000
807.130401,-802.358551,401.796000
794.265956,-795.690256,483.920000
809.327744,-803.497545,498.032000
831.987741,-781.587726,529.000000
798.183036,-760.460678,529.000000
909.000000,-650.168000,344.664000
909.000000,-637.562000,337.320000
875.295000,-630.500000,338.808000
888.903000,-630.500000,342.576000
846.000000,-652.511000,332.952000
846.000000,-658.616000,347.832000
896.274000,-663.500000,327.072000
870.192000,-663.500000,329.088000
861.183000,-632.810000,351.000000
889.722000,-633.239000,351.000000
840.600000,-651.322000,359.397000
840.600000,-644.629000,385.604000
803.264000,-641.800000,341.585000
819.332000,-641.800000,401.591000
788.600000,-661.327000,396.700000
788.600000,-663.466000,344.578000
839.612000,-664.800000,378.888000
813.300000,-664.800000,360.565000
819.228000,-662.224000,404.000000
808.152000,-664.616000,404.000000
897.700000,-600.916000,334.030000
897.700000,-593.788000,339.190000
897.700000,-607.000000,435.295000
823.900000,-592.600000,496.355000
856.700000,-592.600000,386.275000
874.822000,-592.600000,366.280000
869.820000,-592.600000,370.365000
818.980000,-592.600000,430.780000
815.700000,-593.752000,443.895000
815.700000,-593.752000,433.360000
815.700000,-627.088000,512.265000
829.066000,-628.600000,391.220000
862.030000,-628.600000,480.230000
867.934000,-628.600000,443.465000
824.474000,-628.600000,378.750000
818.078000,-628.600000,453.785000
906.700000,-543.107000,335.410000
906.700000,-581.549000,330.745000
896.574000,-541.000000,331.750000
834.720000,-541.000000,334.030000
784.700000,-550.202000,328.075000
784.700000,-546.289000,337.315000
826.912000,-584.000000,339.415000
864.732000,-584.000000,325.600000
819.226000,-563.489000,340.000000
875.102000,-575.916000,340.000000
809.100000,-542.247000,340.000000
544.754226,-1151.298992,335.410000
545.012573,-1150.915976,346.030000
553.045517,-1122.420242,328.060000
540.974730,-1114.278393,352.600000
524.392539,-1118.896225,350.740000
527.787958,-1113.862309,329.170000
528.585774,-1145.727129,343.420000
534.911331,-1149.993771,335.740000
543.753676,-1129.686581,355.000000
530.687550,-1136.039146,355.000000
529.062759,-1171.244971,326.000000
527.841482,-1173.055589,329.021000
515.630848,-1139.083546,446.045000
498.225204,-1127.343291,363.842000
526.569998,-1146.462096,469.259000
495.746381,-1125.671304,360.026000
476.819344,-1132.460062,407.249000
481.125130,-1126.076472,398.504000
508.541550,-1168.075857,368.294000
515.277480,-1172.619299,433.325000
502.721706,-1164.150323,367.181000
501.697844,-1163.459719,366.227000
536.113029,-1158.235260,485.000000
481.717228,-1137.519980,485.000000
499.442123,-1099.111935,365.772000
495.742909,-1102.107500,346.496000
503.207434,-1081.470993,350.888000
500.590720,-1078.239620,359.855000
482.434974,-1089.722381,335.943000
490.442686,-1083.237863,373.214000
487.371769,-1106.408016,382.059000
487.756913,-1106.883629,386.573000
481.481599,-1098.021951,387.000000
496.191993,-1096.833564,387.000000
594.001440,-1065.511760,358.245000
581.581093,-1075.569559,396.286000
603.292997,-1057.987606,364.349000
580.472224,-1017.883914,331.540000
575.573594,-1011.834609,420.157000
589.564645,-1029.112119,329.360000
529.130808,-1045.984427,413.944000
550.937524,-1028.325696,335.028000
562.788999,-1018.728560,403.371000
529.154465,-1051.441718,387.348000
527.075190,-1048.874028,358.899000
558.651970,-1087.868104,368.382000
560.006926,-1069.476833,434.000000
569.113037,-1047.474968,434.000000
624.638485,-1029.564724,356.624000
620.786950,-1032.683636,357.072000
596.698883,-992.014456,348.816000
624.886772,-1026.823601,332.080000
595.169227,-992.950759,341.008000
590.294968,-996.897856,339.088000
593.302088,-1010.065985,333.168000
588.865379,-1004.587106,346.096000
590.505727,-997.936741,358.000000
597.159620,-1000.592059,358.000000
624.306694,-1011.179924,332.710000
643.680943,-995.490967,329.179000
653.993710,-979.623890,330.026000
654.907483,-980.752306,331.588000
626.095783,-967.268083,327.331000
613.645905,-977.349796,333.997000
611.088929,-998.146606,335.647000
606.042409,-991.914672,336.406000
629.576633,-980.075754,337.000000
644.835569,-987.549563,337.000000
653.010090,-962.490900,337.257000
665.935581,-952.024043,350.673000
671.210200,-940.804239,327.702000
672.503454,-942.401274,359.214000
651.431892,-944.467505,357.186000
644.017920,-950.471222,328.755000
643.072469,-963.261601,347.631000
639.910134,-959.356443,337.296000
665.063758,-947.229135,366.000000
665.041175,-943.425746,366.000000
434.113378,-1097.392476,328.915000
446.190226,-1087.612837,328.924000
436.624924,-1061.184905,328.671000
443.686528,-1069.905260,328.143000
400.502268,-1061.558997,328.426000
394.888165,-1066.105208,328.362000
414.685128,-1100.830175,328.182000
401.548694,-1084.608030,328.581000
422.357263,-1047.770347,329.000000
425.796724,-1053.686194,329.000000
456.393951,-1045.130040,364.920000
463.307442,-1039.531606,343.730000
454.652811,-1022.284570,348.995000
459.905119,-1028.770630,357.965000
428.865588,-1033.966320,333.135000
426.876094,-1035.577381,372.200000
441.450482,-1056.829554,382.275000
432.958432,-1046.342747,386.435000
434.952427,-1042.754153,393.000000
439.765812,-1054.647463,393.000000
528.886445,-1019.652713,340.080000
533.343377,-1016.043561,361.840000
521.154694,-999.070671,388.464000
527.132609,-1006.452780,375.856000
518.869008,-998.169204,372.848000
519.158107,-997.935097,389.872000
498.177696,-1019.955928,357.168000
503.822700,-1026.926927,339.888000
513.949791,-1024.556478,390.000000
506.097017,-1025.203603,390.000000
517.794834,-990.649173,370.777000
493.151536,-1010.604922,370.973000
517.634546,-988.115380,358.821000
510.469733,-979.267573,332.704000
498.451646,-976.717508,346.816000
501.280457,-974.426782,343.435000
482.372213,-1000.185576,334.860000
486.671101,-1005.494260,354.166000
491.947423,-985.092048,377.000000
485.815550,-994.260097,377.000000
541.916766,-1010.031091,345.884000
541.936194,-1010.015358,334.630000
549.362517,-985.101716,337.554000
535.667247,-968.189466,342.076000
516.773500,-960.906690,329.258000
520.581515,-957.823020,349.522000
523.375091,-992.735311,354.928000
530.341668,-1001.338317,356.968000
533.513386,-978.758225,362.000000
542.068533,-1004.974757,362.000000
586.607602,-971.306254,328.890000
582.341070,-974.761223,330.565000
608.965812,-933.294761,332.670000
602.332775,-925.103643,331.660000
569.524646,-941.389933,331.445000
583.177546,-930.334033,332.755000
565.261571,-976.254478,330.225000
567.679420,-979.240273,328.850000
607.242331,-945.802864,333.000000
580.249249,-959.480214,333.000000
572.833659,-935.675409,376.367000
564.158378,-942.700513,376.310000
589.437265,-908.295755,362.402000
587.094305,-905.402441,331.793000
549.098589,-933.020778,348.494000
567.160238,-918.394742,344.276000
547.776427,-953.778864,334.586000
548.001094,-954.056306,356.759000
541.237485,-942.602186,386.000000
562.815448,-928.344308,386.000000
655.849295,-909.296924,336.694000
644.308677,-918.642331,330.664000
645.720727,-870.017448,332.302000
642.152481,-865.611030,334.606000
600.713678,-896.040685,345.910000
620.521575,-880.000567,338.548000
601.007862,-900.608507,341.500000
598.997183,-898.125525,342.490000
621.627841,-907.709395,346.000000
649.126542,-913.351201,346.000000
708.129164,-844.426161,346.088000
693.868536,-855.974190,389.978000
703.000001,-848.579676,353.935000
713.097703,-840.312644,446.636000
712.348812,-839.387841,419.105000
685.908664,-817.383383,414.051000
669.005740,-831.071101,448.232000
687.346384,-816.219140,401.682000
658.095191,-851.840984,381.599000
654.504918,-847.407367,344.226000
686.208637,-855.016237,461.000000
691.447903,-842.576905,461.000000
721.311219,-818.324126,383.441000
731.822118,-809.812568,383.027000
736.566694,-799.543122,366.536000
737.552210,-800.760132,329.138000
716.579046,-787.413656,349.700000
709.895591,-792.825811,344.249000
710.902110,-807.575392,332.864000
706.552247,-802.203759,359.360000
717.750460,-793.031398,398.000000
723.169774,-793.923785,398.000000
763.900000,-690.035000,355.609000
763.900000,-681.485000,338.949000
756.193000,-675.500000,343.653000
759.343000,-675.500000,349.680000
742.900000,-684.981000,380.697000
742.900000,-689.750000,360.411000
756.130000,-694.500000,368.692000
748.843000,-694.500000,371.142000
754.156000,-680.022000,383.000000
743.383000,-678.996000,383.000000
738.848915,-710.966265,333.760000
744.120296,-706.697585,346.760000
731.866916,-684.772878,364.000000
738.720215,-693.235997,355.480000
709.067686,-677.178449,354.200000
706.719928,-679.079626,364.240000
727.381091,-709.424645,344.440000
714.920547,-694.037155,333.000000
743.330660,-700.620135,370.000000
737.728704,-694.849566,370.000000
766.000000,-609.400000,361.892000
766.000000,-588.730000,361.496000
712.564000,-578.200000,353.072000
736.946000,-578.200000,369.380000
693.000000,-645.592000,344.288000
693.000000,-650.818000,341.264000
765.635000,-656.200000,335.468000
726.872000,-656.200000,349.148000
709.863000,-646.294000,371.000000
721.324000,-578.512000,371.000000
752.130000,-650.272000,371.000000
765.700000,-546.280000,341.980000
765.700000,-539.360000,335.080000
710.860000,-537.600000,337.100000
736.420000,-537.600000,339.460000
705.700000,-539.440000,352.200000
705.700000,-538.440000,343.840000
716.380000,-577.600000,347.320000
738.940000,-577.600000,348.220000
740.380000,-565.240000,354.000000
709.900000,-574.120000,354.000000
708.600000,-537.870000,337.180000
708.600000,-576.468000,405.765000
708.600000,-550.218000,457.580000
704.526000,-536.400000,499.505000
684.282000,-536.400000,452.850000
693.900000,-536.400000,388.780000
666.600000,-545.976000,447.045000
666.600000,-541.104000,499.935000
666.600000,-537.618000,534.765000
681.720000,-578.400000,394.585000
693.648000,-578.400000,332.020000
696.294000,-578.400000,465.750000
419.111688,-1025.185699,357.160000
418.855230,-1025.393375,356.560000
430.372100,-998.475908,347.400000
418.345787,-983.624648,365.320000
398.556630,-978.779639,337.640000
403.429335,-974.833800,334.080000
401.537952,-1010.539172,367.840000
407.489435,-1017.888642,342.840000
408.956771,-987.570753,369.000000
404.486679,-1001.404860,369.000000
469.807957,-976.772163,357.274000
467.246484,-978.846403,328.574000
469.897443,-942.814172,337.266000
459.207807,-929.613571,346.532000
435.851582,-930.924198,399.176000
443.337052,-924.862584,364.490000
451.736699,-971.236023,379.168000
455.323825,-975.665755,382.448000
469.293670,-949.390758,410.000000
438.829955,-937.093758,410.000000
499.636097,-948.183214,328.050000
495.066478,-951.883618,329.620000
490.726083,-913.964743,331.825000
484.244083,-905.960140,330.715000
461.432222,-914.782124,330.605000
470.594773,-907.362436,331.810000
484.749481,-954.254726,329.380000
485.032675,-954.604442,332.905000
487.578169,-955.888717,333.000000
491.827458,-941.638929,333.000000
557.572219,-903.751330,342.902000
544.189766,-914.588227,342.482000
540.567113,-853.672785,337.778000
536.300321,-848.403735,347.081000
489.364417,-881.779346,332.633000
511.979365,-863.466122,330.680000
490.804340,-887.561821,348.509000
487.632565,-883.645005,335.279000
509.605120,-889.708503,350.000000
530.738856,-885.488073,350.000000
623.565476,-852.784203,333.725000
605.846548,-867.132708,343.400000
629.084268,-847.967748,330.050000
628.668917,-847.454832,331.685000
603.799918,-830.187249,341.390000
584.075954,-846.159401,334.970000
568.881070,-868.963933,337.730000
565.558258,-864.860603,338.255000
595.101016,-862.825129,344.000000
596.171560,-842.695429,344.000000
561.681479,-859.664219,333.769000
573.991471,-849.695784,328.939000
579.972110,-837.441023,332.061000
581.312562,-839.096344,330.472000
557.186839,-824.701119,330.353000
549.469780,-830.950271,332.005000
549.993228,-848.090659,328.638000
544.933492,-841.842405,333.538000
555.254027,-826.652308,334.000000
574.180389,-843.636575,334.000000
578.799334,-823.426980,348.700000
589.642075,-814.646702,347.825000
594.565162,-804.403839,340.160000
595.890511,-806.040508,355.490000
576.860205,-808.269381,331.585000
570.941462,-813.062285,328.155000
569.786484,-824.653223,358.045000
566.841265,-821.016180,335.820000
586.619766,-806.338096,362.000000
589.046542,-807.250126,362.000000
625.702911,-794.540231,334.736000
633.455720,-788.262131,355.216000
631.651191,-775.388908,326.896000
634.860725,-779.352352,330.224000
610.569796,-781.059595,351.088000
607.256823,-783.742388,337.232000
613.859034,-799.498880,343.280000
608.169978,-792.473480,344.240000
633.844506,-780.355417,358.000000
626.490008,-773.623523,358.000000
676.084312,-801.366201,339.950000
681.763695,-796.767128,330.220000
657.944977,-760.902057,336.534000
670.610679,-776.542897,333.286000
628.788395,-765.033625,333.118000
627.571385,-766.019141,336.352000
625.954093,-767.478062,329.688000
642.598359,-788.032018,339.418000
630.799112,-767.286246,341.000000
680.847011,-789.598446,341.000000
726.855350,-752.078474,348.918000
734.315951,-746.036998,347.988000
707.635719,-708.322608,341.354000
721.449301,-725.380962,354.777000
702.710045,-707.292978,333.759000
704.435309,-705.895887,361.566000
664.373825,-750.239563,357.195000
675.795990,-764.344762,337.355000
685.873707,-746.661967,362.000000
680.453968,-762.374269,362.000000
440.213758,-914.189230,333.158000
416.311856,-933.544608,344.588000
436.873983,-908.596701,346.748000
418.574604,-885.998851,330.530000
395.861563,-870.325836,342.356000
399.195520,-867.626051,334.472000
390.587716,-903.875441,337.946000
401.200575,-916.981230,338.396000
418.211767,-911.821981,347.000000
390.784867,-895.099649,347.000000
448.516248,-905.199250,344.777000
447.956703,-905.652361,331.477000
460.117545,-879.244110,340.141000
449.412805,-866.024857,335.638000
430.152070,-862.166088,335.486000
435.327862,-857.974814,339.799000
432.158781,-892.388384,330.850000
437.227957,-898.648295,343.960000
435.122219,-863.584334,347.000000
449.340041,-901.115809,347.000000
497.883299,-867.177662,336.576000
492.474363,-871.557732,336.016000
519.058174,-830.115409,332.656000
513.139415,-822.806351,339.520000
480.053338,-839.153014,328.752000
494.648139,-827.334377,343.024000
476.603698,-873.029441,340.848000
478.431244,-875.286273,330.528000
510.868349,-832.968185,344.000000
490.753355,-856.942801,344.000000
474.520190,-833.984536,333.828000
467.569397,-839.613178,353.389000
480.727981,-808.853235,357.264000
477.812969,-805.253495,329.147000
449.291066,-823.532448,349.700000
462.858480,-812.545773,335.936000
455.844289,-846.452111,342.105000
455.783874,-846.377505,342.725000
455.493523,-842.875877,359.000000
461.465100,-823.124073,359.000000
547.902438,-822.362000,351.389000
541.607555,-827.459495,330.944000
544.707996,-805.631973,344.313000
543.563892,-804.219122,337.295000
522.579049,-819.706804,337.208000
533.007571,-811.261954,343.646000
522.943439,-821.658408,330.132000
521.844646,-820.301512,349.997000
528.180661,-818.343857,356.000000
544.220387,-825.065726,356.000000
539.374483,-796.842831,329.964000
530.211932,-804.262518,329.724000
541.713286,-794.248908,328.494000
541.520714,-794.011101,331.038000
517.208215,-771.042895,327.030000
507.649319,-778.783536,332.352000
503.314097,-794.500331,331.560000
499.291481,-789.532814,327.666000
517.282670,-792.157518,333.000000
526.228455,-793.050832,333.000000
560.184486,-809.989251,327.898000
572.214705,-800.247371,336.023000
574.422716,-783.095450,337.726000
577.556731,-786.965637,338.870000
536.483833,-751.976087,334.541000
529.069860,-757.979804,328.717000
538.307960,-786.167913,331.369000
527.697618,-773.065232,331.564000
566.066540,-792.178315,339.000000
550.838671,-767.605336,339.000000
579.365221,-752.745264,330.794000
588.569738,-745.291594,326.534000
592.328491,-735.384240,329.324000
593.870326,-737.288247,327.848000
575.711876,-737.689051,327.860000
570.794096,-741.671390,329.162000
570.788666,-753.277212,326.396000
567.511166,-749.229836,330.476000
583.577618,-734.544118,332.000000
582.918191,-732.484005,332.000000
618.683748,-741.418149,329.510000
626.424122,-735.150118,329.070000
620.568341,-716.668599,327.070000
625.965393,-723.333403,331.260000
595.584570,-718.947189,334.630000
592.460443,-721.477057,333.450000
605.128019,-745.271861,332.180000
595.763732,-733.707929,325.640000
621.401580,-719.699723,335.000000
623.779180,-725.639055,335.000000
594.171582,-720.213912,327.432000
605.501593,-711.039050,347.892000
605.380760,-696.738059,352.380000
608.769650,-700.922990,355.119000
561.360665,-727.482275,344.295000
559.369618,-729.094594,329.346000
555.662103,-732.270592,336.243000
559.843937,-737.434727,336.573000
570.502328,-736.929619,357.000000
606.047883,-699.015837,357.000000
685.243013,-702.988462,340.140000
692.097440,-697.437857,325.840000
659.045694,-651.283256,335.240000
676.397315,-672.710724,330.220000
653.522381,-650.182990,330.360000
655.853819,-648.295029,334.600000
617.061950,-694.778593,325.480000
630.536329,-711.418066,338.980000
633.236306,-683.957135,345.000000
616.382995,-686.694243,345.000000
345.365479,-1012.364032,329.908000
312.317347,-1039.125882,329.320000
336.634544,-1000.152111,326.980000
297.808623,-952.206091,331.948000
252.608567,-913.764557,336.052000
257.609501,-909.714881,334.576000
257.909476,-974.440456,333.112000
279.913663,-1001.613365,325.204000
292.086991,-980.464283,337.000000
296.848475,-1010.656168,337.000000
266.161401,-927.283157,337.000000
346.016556,-993.016755,328.170000
343.974994,-994.669980,349.695000
387.629682,-949.861428,354.630000
381.902866,-942.789400,357.360000
353.071797,-955.134544,346.055000
365.983300,-944.679015,330.025000
330.108100,-991.648307,337.515000
332.735513,-994.892891,337.690000
373.718276,-967.882149,361.000000
342.502874,-978.072628,361.000000
340.580604,-961.832996,345.730000
335.208971,-966.182858,351.890000
334.859450,-898.478666,340.340000
315.859009,-875.015075,334.708000
272.740403,-873.938596,334.972000
286.463246,-862.826056,339.526000
307.912300,-951.008556,351.582000
313.151392,-957.478296,344.344000
311.213811,-880.347816,352.000000
279.863177,-886.595797,352.000000
261.129665,-883.626446,352.000000
378.515835,-869.480597,375.444000
371.474115,-875.182869,368.316000
363.380917,-881.736612,439.332000
363.772343,-820.458120,343.236000
355.571040,-810.330353,397.224000
360.464635,-816.373440,396.960000
323.104200,-821.705365,442.896000
336.422928,-810.920072,426.132000
335.212135,-811.900553,354.588000
358.189779,-878.713871,410.688000
357.374179,-877.706690,455.040000
320.400348,-832.047810,444.348000
345.741463,-859.888551,459.000000
367.129685,-861.283341,459.000000
406.352317,-837.768540,327.440000
399.054916,-843.677858,340.860000
381.381294,-793.059788,344.050000
378.058483,-788.956457,345.678000
352.716001,-803.996798,338.682000
364.606335,-794.368196,328.496000
355.990158,-809.374818,333.314000
389.633626,-850.921041,333.314000
393.738728,-844.740189,349.000000
383.026247,-817.591598,349.000000
467.690264,-784.965079,336.408000
459.192173,-791.846697,340.272000
469.102434,-782.075394,332.992000
469.213824,-782.212948,329.338000
429.574163,-739.912075,329.576000
421.243936,-746.657760,332.404000
422.462730,-767.383580,340.146000
414.999620,-758.167406,335.470000
431.939068,-761.152251,341.000000
431.345898,-751.839063,341.000000
484.449430,-771.011857,326.000000
495.785658,-761.831960,326.000000
497.799788,-744.826747,326.000000
501.303844,-749.153896,326.000000
461.223278,-715.187970,326.000000
454.326884,-720.772559,326.000000
463.399865,-748.427837,326.000000
452.705195,-735.221019,326.000000
483.638312,-745.771364,326.000000
493.591454,-753.085673,326.000000
568.719278,-694.826291,340.648000
577.982080,-687.325422,334.328000
578.871681,-673.124944,336.728000
582.066112,-677.069737,337.832000
556.753430,-669.773535,332.824000
551.952999,-673.660847,325.336000
556.997123,-692.193570,328.904000
550.455337,-684.115137,328.840000
580.573862,-685.226638,341.000000
573.135290,-675.303463,341.000000
550.611637,-712.156187,328.150000
557.801014,-706.334344,329.505000
548.881347,-684.167760,326.930000
555.929735,-692.871795,325.600000
522.261071,-683.643640,325.705000
519.511529,-685.870175,326.695000
536.539104,-715.007816,329.485000
524.506498,-700.148785,327.790000
546.028372,-682.257481,330.000000
541.194114,-679.789859,330.000000
536.082150,-670.738607,329.528000
543.634455,-664.622871,328.504000
542.079585,-652.316961,325.608000
545.357086,-656.364337,331.992000
510.329106,-673.578377,337.704000
509.360005,-674.363140,335.496000
506.627087,-676.864447,333.800000
510.424406,-681.553746,339.000000
517.555163,-680.247002,341.000000
547.217350,-660.028125,341.000000
594.366456,-637.848403,347.310000
597.413278,-635.389928,336.936000
581.744561,-613.154429,340.966000
590.194432,-623.626469,342.630000
579.066935,-612.930142,334.622000
580.488785,-611.782854,348.324000
561.633985,-634.412180,328.252000
567.789279,-642.040519,328.018000
566.222656,-624.859232,349.000000
570.297870,-641.916776,349.000000
293.097545,-833.249734,347.580000
278.972087,-843.140486,356.890000
291.326448,-830.312378,339.040000
283.941078,-819.764977,329.555000
272.969326,-811.941201,330.465000
275.254760,-810.340923,337.220000
268.248219,-828.735294,356.925000
272.356747,-834.602880,344.885000
275.945339,-823.628933,362.000000
268.761035,-824.446544,362.000000
251.884843,-866.597824,323.374000
250.465975,-867.726443,322.394000
258.146890,-825.078686,333.944000
237.389140,-798.982617,325.460000
204.299597,-783.059866,330.528000
211.451853,-777.370704,328.526000
221.206638,-838.074778,327.112000
230.314027,-849.524336,331.592000
251.562435,-834.928980,334.000000
251.479748,-861.214769,334.000000
319.998055,-803.722985,326.000000
316.451779,-806.564088,326.000000
319.571488,-770.025820,326.000000
310.630518,-758.865665,326.000000
286.433843,-760.139057,326.000000
294.899952,-753.356424,326.000000
302.472647,-799.863106,326.000000
304.604724,-802.524374,326.000000
301.634534,-753.880817,326.000000
307.171597,-788.275930,326.000000
291.143629,-709.111320,326.184000
285.277850,-714.486316,327.228000
296.975791,-692.023922,325.208000
295.509085,-690.423293,324.104000
274.063637,-707.129807,324.228000
284.867699,-697.229708,324.980000
277.134052,-720.696829,327.252000
276.870572,-720.409291,325.856000
274.273109,-714.555076,328.000000
282.588186,-704.907982,328.000000
352.303737,-707.013764,326.393000
347.751050,-711.185534,325.868000
350.553081,-697.116168,331.678000
350.039632,-696.555837,327.401000
335.798080,-708.574996,329.970000
343.138413,-701.848820,328.934000
336.267819,-709.650098,328.255000
342.199501,-716.123393,330.467000
344.184771,-711.455911,332.000000
349.586133,-709.503990,332.000000
343.353865,-691.058821,328.255000
337.498409,-696.424359,326.210000
344.626826,-689.607535,327.035000
344.702493,-689.690111,327.305000
337.770229,-686.680889,325.810000
332.377046,-691.622831,328.400000
327.421664,-698.954953,324.590000
326.409630,-697.850512,324.495000
332.580685,-692.632524,329.000000
337.829628,-693.101635,329.000000
359.438050,-696.302189,326.016000
368.088990,-689.043188,327.040000
371.659432,-677.983730,325.036000
373.691284,-680.405197,327.916000
350.928147,-665.586034,324.060000
345.765774,-669.917779,324.792000
348.243109,-685.858891,327.084000
342.539011,-679.061012,325.668000
358.918193,-676.825718,328.000000
358.541507,-672.977545,328.000000
400.016457,-684.528282,326.624000
405.076547,-671.549823,326.308000
402.013448,-657.658231,329.648000
405.740213,-659.111236,327.184000
384.039815,-670.447936,328.672000
381.484343,-677.002384,328.060000
390.287248,-690.652470,327.692000
382.870986,-687.760991,328.936000
403.368458,-666.075407,330.000000
388.984019,-660.354450,330.000000
429.235348,-652.474445,341.371000
436.151947,-643.127197,333.505000
428.283309,-625.581231,336.735000
435.113680,-630.635440,337.666000
402.419993,-639.959301,332.080000
399.956237,-643.288876,341.827000
415.447708,-663.355483,327.444000
404.024902,-654.903051,326.988000
421.752519,-622.072319,345.000000
432.795464,-634.450885,345.000000
402.201594,-604.501997,345.638000
401.709793,-604.089327,357.937000
373.991946,-636.389426,333.633000
387.814450,-619.916406,368.668000
367.402815,-648.405163,370.677000
367.439585,-648.436016,330.399000
368.478924,-647.626761,358.672000
383.525296,-629.695192,341.130000
385.868794,-626.178909,372.000000
380.243027,-629.061023,372.000000
574.250039,-581.999425,324.736000
579.296740,-577.764740,322.720000
571.157612,-562.436296,342.880000
576.676586,-569.013554,327.976000
567.436998,-564.218914,337.000000
529.173078,-596.326155,333.232000
531.515168,-599.201358,331.144000
535.287046,-603.696507,338.488000
553.057251,-596.563151,346.000000
532.866758,-595.435539,346.000000
562.900000,-533.426000,340.408000
562.900000,-553.796000,330.352000
557.900000,-533.300000,334.528000
540.660000,-533.300000,335.608000
522.900000,-538.697000,328.672000
522.900000,-535.169000,340.864000
538.420000,-554.300000,322.816000
547.780000,-554.300000,322.120000
531.340000,-543.380000,346.000000
553.940000,-551.045000,346.000000
497.490689,-659.430811,337.151000
495.828372,-660.825661,344.314000
514.237989,-634.522391,330.075000
508.354554,-627.510786,350.665000
490.457872,-630.086048,351.999000
497.402065,-624.259179,327.987000
485.326446,-654.517290,344.894000
487.773539,-657.433622,334.338000
503.922540,-638.455117,354.000000
489.951487,-646.688868,354.000000
482.500904,-610.516488,321.000000
478.225946,-613.856452,321.000000
489.017983,-582.417488,321.000000
483.391453,-575.215858,321.000000
460.245457,-580.950676,321.000000
469.953749,-573.365726,321.000000
466.973019,-611.050644,321.000000
468.111993,-612.508464,321.000000
494.866912,-596.441459,321.000000
462.271407,-585.988298,321.000000
470.500000,-566.413000,321.000000
470.500000,-568.135000,321.000000
463.770000,-563.200000,321.000000
462.220000,-563.200000,321.000000
460.500000,-568.828000,321.000000
460.500000,-565.720000,321.000000
469.860000,-570.200000,321.000000
469.430000,-570.200000,321.000000
463.030000,-569.731000,321.000000
468.730000,-567.218000,321.000000
453.262377,-576.688335,321.000000
450.927243,-582.325848,321.000000
447.264379,-568.826558,321.000000
446.682334,-568.585467,321.000000
439.125999,-584.685311,321.000000
442.818129,-575.771721,321.000000
440.126629,-585.353065,321.000000
448.127426,-588.667104,321.000000
446.301804,-583.040141,321.000000
447.265646,-578.256884,321.000000
434.884065,-574.184659,321.120000
430.408595,-586.283426,324.744000
435.470386,-571.394793,324.144000
435.779890,-571.509282,321.620000
423.786682,-572.478617,323.164000
419.914880,-582.945457,322.496000
418.242926,-597.008892,322.188000
415.901018,-596.142594,323.372000
429.414168,-587.322992,325.000000
423.394829,-579.498693,325.000000
479.100000,-555.620000,321.000000
479.100000,-550.840000,321.000000
469.860000,-546.500000,321.000000
474.942000,-546.500000,321.000000
437.100000,-550.020000,321.000000
437.100000,-552.820000,321.000000
457.386000,-556.500000,321.000000
443.988000,-556.500000,321.000000
449.490000,-550.350000,321.000000
473.640000,-549.530000,321.000000
406.939391,-577.036042,321.000000
412.382903,-562.630203,321.000000
413.486232,-548.337525,321.000000
415.478728,-549.090426,321.000000
400.342054,-566.204830,321.000000
397.683923,-573.239369,321.000000
399.983340,-585.995649,321.000000
396.138665,-584.542867,321.000000
411.027612,-556.088859,321.000000
410.053677,-556.148444,321.000000
396.819376,-557.520169,321.000000
399.390632,-550.010144,321.000000
396.068713,-541.652518,321.000000
398.954273,-542.640466,321.000000
385.880487,-558.597983,321.000000
385.040893,-561.050236,321.000000
391.419492,-568.599385,321.000000
386.660683,-566.970080,321.000000
401.333788,-544.025929,321.000000
393.298775,-544.185872,321.000000
1346.800018,-493.118670,339.840000
1355.238349,-488.441227,315.592000
1354.272545,-470.560576,326.176000
1358.314403,-477.852281,327.856000
1314.158782,-487.201567,312.512000
1313.990855,-487.294650,340.120000
1310.224056,-490.102934,354.792000
1314.357543,-497.559942,352.384000
1320.150667,-491.971728,360.000000
1359.892935,-483.868281,360.000000
1269.500000,-500.060000,317.204000
1269.500000,-496.760000,323.672000
1207.750000,-494.600000,310.372000
1239.600000,-494.600000,329.804000
1204.500000,-497.030000,331.512000
1204.500000,-524.390000,335.936000
1218.345000,-524.600000,324.680000
1238.690000,-524.600000,314.068000
1249.025000,-514.280000,337.000000
1243.500000,-522.830000,337.000000
1269.000000,-455.161000,326.866000
1269.000000,-454.498000,324.682000
1265.436000,-416.200000,321.721000
1254.123000,-416.200000,308.281000
1242.000000,-426.496000,316.597000
1242.000000,-419.476000,312.880000
1252.665000,-455.200000,311.452000
1258.632000,-455.200000,317.479000
1242.864000,-434.647000,328.000000
1249.614000,-449.389000,328.000000
1188.300000,-522.544000,318.372000
1188.300000,-524.944000,312.240000
1171.920000,-496.400000,314.956000
1154.968000,-496.400000,315.306000
1136.300000,-510.672000,311.526000
1136.300000,-501.968000,318.372000
1166.356000,-528.400000,322.110000
1173.064000,-528.400000,321.438000
1156.008000,-505.712000,324.000000
1186.428000,-520.752000,324.000000
1131.300000,-511.960000,313.753000
1131.300000,-518.640000,314.431000
1118.875000,-486.600000,313.018000
1113.000000,-486.600000,315.088000
1106.300000,-511.760000,315.286000
1106.300000,-497.160000,315.745000
1125.300000,-526.600000,314.554000
1126.225000,-526.600000,313.402000
1124.475000,-490.920000,316.000000
1122.475000,-513.400000,316.000000
1190.100000,-457.836000,319.224000
1190.100000,-462.498000,318.360000
1138.420000,-449.700000,317.272000
1127.628000,-449.700000,312.112000
1114.100000,-464.298000,315.320000
1114.100000,-456.090000,313.864000
1185.768000,-467.700000,313.360000
1181.512000,-467.700000,315.616000
1119.724000,-466.368000,320.000000
1139.104000,-460.140000,320.000000
1203.900000,-417.084000,326.904000
1203.900000,-429.720000,311.842000
1122.872000,-407.400000,318.608000
1118.172000,-407.400000,319.288000
1109.900000,-443.184000,310.278000
1109.900000,-423.420000,326.734000
1121.650000,-443.400000,335.982000
1201.832000,-443.400000,334.146000
1149.568000,-434.148000,342.000000
1111.028000,-425.004000,342.000000
963.800000,-498.201000,324.627000
963.800000,-508.390000,325.290000
962.270000,-496.200000,326.892000
963.698000,-496.200000,325.947000
929.800000,-500.248000,326.160000
929.800000,-508.528000,326.604000
940.272000,-519.200000,325.425000
932.112000,-519.200000,324.261000
955.946000,-509.103000,327.000000
953.396000,-505.377000,327.000000
1005.000000,-460.720000,344.386000
1005.000000,-446.800000,341.448000
989.110000,-433.600000,338.042000
998.490000,-433.600000,347.142000
935.000000,-444.370000,331.698000
935.000000,-452.380000,326.836000
969.300000,-463.600000,325.328000
946.130000,-463.600000,332.530000
943.120000,-444.940000,348.000000
961.320000,-442.870000,348.000000
912.300000,-516.560000,376.400000
912.300000,-505.370000,331.600000
891.800000,-494.900000,352.000000
903.100000,-494.900000,353.500000
863.600000,-494.900000,385.300000
862.300000,-511.130000,327.500000
862.300000,-516.380000,375.300000
895.950000,-524.900000,403.100000
874.750000,-524.900000,397.200000
878.900000,-524.900000,421.200000
885.500000,-500.780000,425.000000
865.250000,-501.440000,425.000000
911.700000,-465.860000,326.175000
911.700000,-454.660000,331.575000
896.308000,-444.300000,345.050000
904.576000,-444.300000,337.050000
885.700000,-473.260000,338.950000
885.700000,-476.580000,342.525000
907.930000,-484.300000,332.825000
894.514000,-484.300000,323.000000
906.786000,-444.820000,347.000000
904.966000,-449.420000,347.000000
914.100000,-412.910000,406.176000
914.100000,-407.240000,393.904000
875.350000,-402.200000,380.800000
895.900000,-402.200000,416.680000
899.850000,-402.200000,398.168000
864.100000,-429.380000,355.320000
864.100000,-429.110000,335.456000
866.000000,-432.200000,329.944000
885.600000,-432.200000,358.232000
896.250000,-432.200000,331.504000
872.000000,-427.130000,425.000000
885.250000,-403.310000,425.000000
864.200000,-476.425000,368.288000
864.200000,-474.582000,332.422000
804.866000,-473.100000,348.933000
835.990000,-473.100000,349.723000
802.200000,-474.791000,408.657000
802.200000,-491.872000,367.024000
815.840000,-492.100000,389.381000
834.440000,-492.100000,384.325000
833.572000,-485.412000,410.000000
808.772000,-491.093000,410.000000
863.600000,-452.048000,340.796000
863.600000,-451.972000,357.544000
854.982000,-433.200000,400.520000
829.810000,-433.200000,374.845000
801.600000,-438.349000,381.244000
801.600000,-434.682000,392.146000
826.586000,-452.200000,361.889000
839.482000,-452.200000,409.447000
854.486000,-442.054000,410.000000
850.456000,-449.483000,410.000000
772.000000,-498.820000,400.599000
772.000000,-509.434000,389.898000
772.000000,-452.216000,400.077000
772.000000,-490.036000,402.252000
735.292000,-400.000000,379.371000
699.496000,-400.000000,408.951000
743.386000,-400.000000,372.237000
658.000000,-455.266000,358.056000
658.000000,-420.496000,341.004000
658.000000,-513.338000,344.310000
658.000000,-403.538000,405.558000
724.690000,-522.000000,336.828000
737.914000,-522.000000,360.057000
727.312000,-522.000000,403.383000
680.914000,-434.526000,420.000000
711.580000,-493.452000,420.000000
716.254000,-486.986000,420.000000
672.478000,-424.888000,420.000000
634.400000,-475.748000,353.380000
634.400000,-498.068000,389.086000
634.400000,-493.852000,347.506000
604.664000,-398.000000,337.210000
591.566000,-398.000000,337.540000
575.400000,-476.864000,387.106000
575.400000,-430.116000,351.994000
575.400000,-470.540000,371.200000
620.653000,-522.000000,370.936000
622.069000,-522.000000,366.448000
607.732000,-410.524000,391.000000
584.427000,-481.824000,391.000000
630.978000,-405.192000,391.000000
574.200000,-454.035000,322.444000
574.200000,-487.368000,331.138000
574.200000,-413.814000,357.220000
535.041000,-399.300000,354.196000
527.688000,-399.300000,340.336000
517.200000,-499.914000,343.906000
517.200000,-442.227000,349.534000
517.200000,-428.820000,330.298000
571.350000,-522.300000,333.658000
567.474000,-522.300000,358.732000
568.215000,-512.337000,361.000000
564.795000,-471.255000,361.000000
538.404000,-448.746000,361.000000
480.900000,-479.918000,339.580000
480.900000,-494.114000,335.996000
454.830000,-469.700000,332.720000
453.690000,-469.700000,342.128000
450.900000,-469.739000,325.888000
450.900000,-486.821000,320.260000
454.860000,-508.700000,319.056000
480.060000,-508.700000,326.392000
458.190000,-498.404000,347.000000
466.410000,-489.005000,347.000000
405.300000,-479.060000,320.096000
405.300000,-498.212000,324.392000
403.948000,-475.700000,318.144000
379.378000,-475.700000,318.144000
379.300000,-483.386000,324.192000
379.300000,-497.960000,319.896000
387.490000,-517.700000,322.232000
380.938000,-517.700000,321.648000
394.640000,-498.968000,325.000000
384.500000,-492.710000,325.000000
499.500000,-453.217000,316.920000
499.500000,-425.645000,316.516000
488.736000,-398.500000,315.408000
495.452000,-398.500000,316.078000
453.500000,-420.826000,315.898000
453.500000,-436.320000,315.640000
476.362000,-459.500000,316.386000
460.538000,-459.500000,315.202000
496.648000,-421.131000,315.000000
494.072000,-417.654000,315.000000
1271.200000,-342.995000,365.905000
1271.200000,-316.715000,354.600000
1271.200000,-327.081000,323.065000
1256.605000,-290.800000,345.080000
1264.970000,-290.800000,373.215000
1236.200000,-330.804000,324.340000
1236.200000,-342.703000,391.830000
1236.200000,-353.653000,353.495000
1260.000000,-363.800000,388.515000
1244.705000,-363.800000,325.445000
1246.175000,-304.597000,392.000000
1255.940000,-307.152000,392.000000
1217.300000,-328.136000,343.015000
1217.300000,-321.972000,389.299000
1187.350000,-315.900000,321.787000
1203.900000,-315.900000,321.352000
1167.300000,-332.713000,387.472000
1167.300000,-334.323000,340.405000
1210.400000,-338.900000,366.244000
1184.000000,-338.900000,359.458000
1198.900000,-316.038000,400.000000
1179.650000,-318.959000,400.000000
1167.900000,-312.750000,399.826000
1167.900000,-294.270000,329.965000
1167.900000,-295.530000,341.536000
1136.620000,-276.000000,378.598000
1153.540000,-276.000000,349.018000
1127.900000,-371.865000,357.283000
1127.900000,-369.555000,368.071000
1127.900000,-293.955000,372.682000
1129.700000,-381.000000,336.055000
1144.860000,-381.000000,387.124000
1167.100000,-362.520000,400.000000
1165.060000,-280.515000,400.000000
1100.100000,-307.515000,415.858000
1100.100000,-303.780000,394.054000
1100.100000,-323.895000,454.726000
1003.700000,-300.000000,377.148000
1055.200000,-300.000000,428.656000
1085.300000,-300.000000,404.166000
1092.600000,-300.000000,364.350000
1097.800000,-300.000000,367.826000
1000.100000,-304.320000,338.596000
1000.100000,-344.190000,463.258000
1000.100000,-337.215000,353.448000
1022.800000,-345.000000,457.886000
1051.600000,-345.000000,339.702000
1050.600000,-345.000000,460.730000
1084.400000,-345.000000,370.512000
1009.300000,-345.000000,384.732000
1032.800000,-328.845000,471.000000
1061.300000,-342.885000,471.000000
997.200000,-384.175000,352.027000
997.200000,-384.455000,409.470000
988.380000,-349.700000,325.431000
964.800000,-349.700000,324.341000
949.020000,-349.700000,334.914000
937.200000,-359.430000,407.726000
937.200000,-352.220000,348.212000
961.800000,-384.700000,381.130000
973.500000,-384.700000,372.083000
946.860000,-384.700000,374.045000
977.640000,-365.765000,428.000000
954.840000,-379.870000,428.000000
998.100000,-287.105000,423.204000
998.100000,-290.605000,335.132000
978.360000,-259.000000,396.499000
960.300000,-259.000000,359.003000
970.620000,-259.000000,397.044000
938.100000,-275.135000,369.903000
938.100000,-264.705000,382.874000
973.620000,-294.000000,343.307000
979.800000,-294.000000,406.745000
987.060000,-294.000000,327.066000
939.420000,-268.660000,428.000000
996.660000,-286.020000,428.000000
879.400000,-373.160000,368.168000
879.400000,-377.576000,358.086000
867.647000,-358.900000,350.844000
862.840000,-358.900000,373.635000
856.400000,-373.689000,333.520000
856.400000,-364.719000,389.113000
874.225000,-381.900000,387.125000
874.478000,-381.900000,333.662000
864.887000,-361.062000,396.000000
871.557000,-374.563000,396.000000
830.200000,-364.116000,346.792000
830.200000,-373.204000,384.376000
807.992000,-350.100000,329.224000
804.248000,-350.100000,328.144000
798.200000,-376.500000,383.584000
798.200000,-361.076000,343.912000
828.824000,-382.100000,366.016000
826.232000,-382.100000,359.680000
821.144000,-379.252000,400.000000
809.112000,-369.012000,400.000000
889.700000,-310.315000,397.948000
889.700000,-330.296000,331.282000
834.512000,-296.800000,377.858000
832.937000,-296.800000,349.240000
862.988000,-296.800000,357.768000
826.700000,-297.224000,357.850000
826.700000,-319.802000,367.198000
835.457000,-349.800000,337.760000
887.621000,-349.800000,385.156000
875.966000,-349.800000,387.206000
830.732000,-335.437000,405.000000
828.149000,-323.353000,405.000000
918.300000,-264.036000,329.226000
918.300000,-279.012000,327.598000
912.636000,-261.700000,326.542000
823.068000,-261.700000,330.007000
822.300000,-267.780000,323.847000
822.300000,-278.468000,332.416000
853.212000,-293.700000,332.163000
827.772000,-293.700000,323.825000
861.756000,-279.204000,334.000000
890.076000,-274.820000,334.000000
775.600000,-346.750000,352.871000
775.600000,-331.385000,409.224000
765.237000,-315.600000,435.166000
772.074000,-315.600000,433.095000
732.600000,-328.655000,408.570000
732.600000,-337.125000,347.966000
754.272000,-350.600000,381.974000
738.921000,-350.600000,371.837000
765.237000,-328.340000,438.000000
749.284000,-326.800000,438.000000
769.600000,-297.184000,403.519000
769.600000,-280.480000,330.806000
751.792000,-263.200000,381.803000
762.376000,-263.200000,350.297000
727.600000,-289.840000,360.087000
727.600000,-297.040000,369.788000
756.454000,-311.200000,338.282000
737.596000,-311.200000,389.279000
732.052000,-271.936000,415.000000
730.540000,-274.192000,415.000000
706.400000,-286.975000,331.384000
706.400000,-270.910000,328.936000
676.706000,-253.900000,327.480000
693.513000,-253.900000,332.440000
657.400000,-300.394000,323.560000
657.400000,-303.985000,335.944000
699.981000,-316.900000,335.656000
673.472000,-316.900000,323.448000
679.646000,-316.837000,339.000000
694.297000,-262.657000,339.000000
646.650000,-292.376000,329.735000
646.650000,-270.860000,357.895000
646.650000,-376.328000,352.615000
540.371700,-247.100000,371.260000
599.100900,-247.100000,369.940000
552.360000,-247.100000,334.960000
511.950000,-368.540000,357.840000
511.950000,-364.052000,326.985000
511.950000,-297.128000,372.305000
518.954400,-379.100000,344.365000
568.389300,-379.100000,339.030000
519.762600,-379.100000,354.705000
619.844700,-354.944000,375.000000
570.544500,-253.568000,375.000000
604.893000,-281.816000,375.000000
570.948600,-359.432000,375.000000
519.089100,-294.884000,375.000000
502.100000,-269.080000,347.134000
502.100000,-259.637000,309.322000
502.100000,-290.892000,316.452000
378.783000,-247.800000,335.910000
445.839000,-247.800000,319.396000
457.015000,-247.800000,347.686000
375.100000,-261.499000,324.640000
375.100000,-377.608000,329.470000
375.100000,-252.322000,332.966000
404.818000,-380.800000,313.416000
439.743000,-380.800000,339.544000
465.651000,-380.800000,318.200000
393.896000,-332.122000,355.000000
389.959000,-375.214000,355.000000
390.467000,-328.664000,355.000000
472.890000,-295.547000,355.000000
439.743000,-289.163000,355.000000
1095.100000,-240.908000,338.280000
1095.100000,-242.714000,331.960000
1072.924000,-156.800000,328.480000
1018.204000,-156.800000,340.720000
1093.516000,-156.800000,335.440000
951.100000,-181.310000,358.720000
951.100000,-162.562000,349.480000
1011.148000,-242.800000,348.960000
1037.356000,-242.800000,358.240000
1004.092000,-242.800000,349.800000
1022.524000,-195.672000,359.000000
1066.300000,-231.448000,359.000000
1030.444000,-238.758000,359.000000
965.788000,-231.362000,359.000000
921.400000,-219.725000,358.885000
921.400000,-228.200000,486.142000
921.400000,-161.075000,400.551000
921.400000,-228.200000,447.488000
921.400000,-186.125000,416.615000
896.200000,-160.100000,548.390000
874.600000,-160.100000,541.111000
871.450000,-160.100000,571.231000
885.775000,-160.100000,326.757000
869.800000,-160.100000,430.169000
846.400000,-195.200000,487.146000
846.400000,-171.875000,345.080000
846.400000,-185.975000,490.660000
846.400000,-224.525000,457.026000
846.400000,-214.250000,443.472000
891.325000,-235.100000,425.651000
898.150000,-235.100000,400.049000
848.200000,-235.100000,410.089000
864.550000,-235.100000,336.546000
903.175000,-235.100000,457.026000
994.700000,-81.356600,326.083000
994.700000,-85.087600,327.640000
970.307000,-70.200000,323.887000
961.095000,-70.200000,320.611000
947.700000,-82.030000,321.682000
947.700000,-74.695400,322.582000
984.454000,-88.400000,319.486000
984.360000,-88.400000,324.553000
956.630000,-71.783400,328.000000
955.455000,-82.703400,328.000000
999.502948,-52.703148,331.880000
998.473052,-57.676327,327.479000
972.167232,-39.515715,325.265000
967.889987,-38.629940,333.392000
956.981589,-50.917455,345.677000
958.698082,-42.628824,339.305000
996.049263,-61.924274,339.089000
992.224418,-61.132187,345.218000
978.861904,-56.688511,347.000000
992.634830,-54.179659,347.000000
856.523080,-110.397135,324.932000
852.593394,-116.379509,335.495000
832.754944,-89.324756,340.808000
832.397887,-89.090213,340.094000
829.122109,-87.268649,335.684000
824.949974,-93.620116,323.693000
823.545566,-105.289968,330.539000
847.765926,-121.199771,328.292000
848.312927,-115.439013,344.000000
839.902275,-105.159084,344.000000
894.700098,-76.645242,325.470000
888.455265,-86.639065,326.478000
892.142736,-73.140493,324.006000
844.550277,-43.401424,321.792000
841.268389,-47.041977,322.536000
837.087856,-53.732229,323.106000
847.862499,-74.361001,321.072000
833.481300,-65.374630,324.414000
848.881503,-61.679515,327.000000
849.392065,-58.445095,327.000000
916.916020,-30.061410,326.368000
920.745506,-19.186996,323.680000
914.542628,-3.949497,322.448000
921.680937,-6.463292,327.184000
879.925304,-2.636414,334.544000
877.871551,-8.468359,330.688000
895.572344,-25.894272,330.624000
880.258181,-20.501304,334.192000
904.202618,-10.527425,336.000000
917.521169,-14.301618,336.000000
872.766498,-3.260790,315.650000
877.328731,9.694373,322.124000
873.776033,26.854763,325.478000
879.005259,25.013262,324.971000
854.851808,9.090020,322.293000
852.986059,3.791938,327.818000
862.633386,-12.689289,319.121000
853.482240,-9.466662,317.665000
878.483925,17.589953,328.000000
870.714314,17.717985,328.000000
783.200000,-215.746000,380.131000
783.200000,-204.372000,392.682000
758.680000,-191.400000,361.266000
772.920000,-191.400000,332.468000
743.200000,-226.415000,342.478000
743.200000,-228.530000,349.331000
778.240000,-238.400000,400.690000
756.120000,-238.400000,366.194000
754.200000,-238.024000,403.000000
753.560000,-198.215000,403.000000
712.800000,-204.300000,322.130000
712.800000,-196.750000,321.098000
676.980000,-187.500000,320.666000
697.185000,-187.500000,322.412000
667.800000,-233.850000,325.202000
667.800000,-231.500000,323.726000
670.455000,-237.500000,323.732000
686.385000,-237.500000,325.040000
695.790000,-228.000000,326.000000
710.145000,-190.200000,326.000000
638.700000,-198.860000,316.232000
638.700000,-197.700000,330.529000
566.328000,-195.800000,338.156000
606.288000,-195.800000,336.880000
564.700000,-198.000000,331.051000
564.700000,-215.220000,343.231000
582.534000,-215.800000,323.975000
601.922000,-215.800000,320.582000
636.480000,-208.340000,345.000000
610.802000,-215.080000,345.000000
423.000000,-228.340000,363.829000
423.000000,-189.660000,377.802000
417.687000,-189.500000,342.024000
405.576000,-189.500000,308.293000
390.000000,-201.180000,320.308000
390.000000,-191.940000,327.784000
403.992000,-229.500000,387.503000
409.602000,-229.500000,347.275000
400.461000,-207.300000,394.000000
400.098000,-224.420000,394.000000
776.400000,-113.180000,321.817000
776.400000,-120.740000,320.224000
757.535000,-65.900000,319.621000
742.355000,-65.900000,322.195000
721.400000,-94.400000,326.416000
721.400000,-74.960000,324.166000
754.730000,-125.900000,324.220000
759.020000,-125.900000,326.137000
757.920000,-81.620000,328.000000
775.740000,-112.880000,328.000000
769.250000,-22.940000,358.368000
769.250000,-31.660000,333.792000
712.705000,1.300000,346.608000
693.032500,1.300000,344.304000
712.382500,1.300000,351.120000
661.750000,-24.980000,334.896000
661.750000,-8.380000,354.816000
746.567500,-38.700000,323.184000
745.062500,-38.700000,317.328000
756.995000,-38.700000,320.352000
663.040000,-1.900000,360.000000
733.775000,-26.420000,360.000000
507.800000,-14.104000,317.214000
507.800000,-28.984000,320.733000
465.320000,6.200000,311.602000
459.860000,6.200000,325.770000
447.800000,-34.120000,305.990000
447.800000,-9.736000,307.807000
506.060000,-41.800000,323.355000
499.700000,-41.800000,312.844000
469.340000,-36.856000,326.000000
468.980000,-22.696000,326.000000
245.170575,-577.478667,322.271000
239.201180,-583.448063,322.089000
235.518567,-560.669325,322.027000
235.533417,-560.684174,322.308000
233.573317,-559.377441,322.782000
227.618770,-565.331987,322.527000
221.337541,-576.186783,322.538000
233.231784,-588.081026,322.746000
233.766357,-580.151531,323.000000
226.816911,-567.173293,323.000000
296.500000,-327.416000,312.924000
296.500000,-339.272000,312.407000
295.843000,-326.000000,312.679000
287.680000,-326.000000,312.626000
287.500000,-330.920000,312.435000
287.500000,-338.312000,312.845000
290.524000,-350.000000,312.191000
287.914000,-350.000000,312.064000
287.986000,-338.768000,313.000000
293.953000,-336.104000,313.000000
283.000000,-318.384000,312.576000
283.000000,-314.658000,312.724000
276.880000,-310.500000,312.332000
281.296000,-310.500000,312.943000
259.000000,-313.983000,312.088000
259.000000,-315.927000,312.162000
271.456000,-319.500000,312.843000
262.264000,-319.500000,312.381000
268.624000,-313.650000,313.000000
268.600000,-313.479000,313.000000
157.938604,-566.897593,323.832000
169.414768,-561.050196,322.336000
174.917880,-539.074644,329.880000
179.822339,-548.700187,324.088000
144.688007,-529.878387,327.920000
140.232975,-532.148339,325.840000
141.738701,-562.064410,325.968000
133.346233,-545.593264,327.592000
172.276909,-548.605411,330.000000
157.829874,-526.771470,330.000000
139.179914,-302.568823,314.764000
143.245778,-298.502959,313.720000
132.868986,-278.191317,314.274000
142.001270,-287.323601,314.158000
110.170859,-282.080404,313.786000
109.605173,-282.646089,314.596000
127.639932,-308.317601,313.296000
113.632146,-294.309816,313.034000
108.427840,-288.575180,315.000000
139.745600,-290.371231,315.000000
125.191180,-607.779383,369.458000
132.216993,-600.753570,381.899000
113.226933,-619.743629,333.614000
128.313764,-577.402075,348.230000
136.137193,-585.225505,400.952000
77.419046,-621.610391,326.915000
80.422836,-618.606602,333.005000
84.546682,-614.482755,364.847000
75.178932,-626.090620,392.687000
80.965894,-631.877582,352.058000
91.606436,-622.458919,410.000000
129.501703,-584.699417,410.000000
59.711229,-543.047032,321.870000
63.926735,-549.538343,329.950000
109.736187,-540.503072,329.420000
89.329655,-553.755229,322.140000
99.329394,-523.266204,326.980000
19.890522,-400.941069,324.330000
7.460222,-401.835374,324.540000
-1.765154,-407.826403,326.520000
23.020312,-469.663398,330.000000
14.755517,-403.455435,330.000000
70.401083,-526.465895,330.000000
117.176521,-464.570173,338.458000
181.694214,-410.854201,326.886000
177.210818,-404.093901,333.090000
166.307919,-390.998543,331.704000
131.437155,-390.238318,327.722000
147.938535,-376.499642,336.500000
97.266541,-445.607730,322.332000
102.088386,-451.399198,341.318000
126.275088,-403.155449,342.000000
117.151023,-452.849153,342.000000
61.945876,-328.548122,330.728000
54.002885,-319.082034,335.420000
115.154896,-374.536056,322.432000
121.601926,-369.126356,342.866000
103.545300,-328.341223,314.102000
122.745623,-351.223276,316.312000
58.918074,-305.673644,339.806000
57.300188,-307.031212,323.758000
104.603423,-353.796862,348.000000
73.892517,-317.595294,348.000000
40.867174,-302.387660,316.785000
29.808024,-313.446810,343.284000
45.548221,-249.464960,341.700000
37.854899,-241.771638,317.511000
-7.513072,-260.258238,333.648000
13.066564,-239.678602,324.738000
12.353800,-312.437061,325.563000
11.131920,-311.215181,331.965000
58.601412,-269.538307,345.000000
-1.183052,-269.857919,345.000000
364.000000,-171.852000,316.549000
364.000000,-203.183000,307.522000
282.490000,-131.500000,312.401000
273.484000,-131.500000,311.228000
250.000000,-213.659000,308.236000
250.000000,-163.219000,314.951000
361.492000,-228.500000,304.088000
347.926000,-228.500000,318.674000
270.520000,-217.830000,320.000000
347.926000,-190.476000,320.000000
285.682000,-186.984000,320.000000
296.398000,-185.820000,320.000000
306.309958,-50.350540,309.300000
290.399170,-64.181576,311.162000
296.959056,-21.474456,305.870000
297.244704,-21.803057,314.228000
293.766067,-20.046873,316.454000
278.890440,-32.978059,303.294000
259.823612,-56.187072,313.038000
275.921923,-74.706060,306.360000
278.506733,-55.069383,317.000000
286.094774,-49.008903,317.000000
209.000000,-4.845000,310.102000
209.000000,-53.010000,310.901000
205.960000,0.000000,310.858000
171.950000,0.000000,310.120000
171.000000,-20.140000,310.614000
171.000000,-48.165000,310.339000
184.034000,-95.000000,310.369000
172.520000,-95.000000,310.558000
204.250000,-49.875000,311.000000
179.474000,-40.565000,311.000000
170.000000,-186.835000,323.305000
170.000000,-100.620000,317.398000
125.290000,0.000000,320.621000
158.950000,0.000000,319.807000
0.000000,-84.710000,317.926000
0.000000,-128.570000,322.216000
89.420000,-215.000000,315.242000
22.270000,-215.000000,324.625000
37.740000,-73.745000,326.000000
154.020000,-72.455000,326.000000
102.680000,-130.290000,326.000000
68.510000,-17.845000,326.000000
124.610000,-178.020000,326.000000
163.540000,-138.675000,326.000000
155.210000,-143.190000,326.000000
59.160000,-12.040000,326.000000
91.970000,-78.690000,326.000000
