1522.700000,-1075.164000,305.224000
1521.765000,-1072.200000,304.736000
1505.700000,-1079.493000,304.248000
1511.106000,-1111.200000,305.758000
1511.905000,-1093.650000,306.000000
1493.900000,-1064.942000,306.298000
1475.444000,-1052.600000,307.808000
1469.900000,-1083.200000,307.320000
1470.668000,-1086.600000,306.830000
1489.796000,-1081.058000,308.000000
1570.100000,-976.400000,305.795000
1554.676000,-963.400000,304.080000
1538.100000,-975.680000,302.372000
1561.940000,-983.400000,307.657000
1547.476000,-965.860000,308.000000
1526.200000,-980.980000,305.420000
1523.275000,-952.900000,320.520000
1511.200000,-962.710000,315.640000
1518.070000,-982.900000,310.740000
1522.555000,-965.200000,321.000000
1508.400000,-962.544000,307.813000
1470.222000,-956.300000,305.608000
1466.400000,-957.420000,303.412000
1473.624000,-984.300000,301.207000
1475.682000,-975.816000,310.000000
1502.587844,-735.873612,307.911000
1474.758381,-729.415577,301.296000
1500.853405,-758.491705,321.708000
1521.083600,-752.820037,315.093000
1518.082469,-755.306983,327.000000
1427.300000,-614.372000,322.922000
1419.260000,-569.000000,318.512000
1403.300000,-595.619000,314.120000
1417.652000,-626.000000,309.710000
1406.876000,-584.390000,326.000000
1390.800000,-623.162000,310.920000
1387.860000,-622.000000,308.960000
1330.800000,-624.520000,315.008000
1349.520000,-636.000000,313.056000
1367.580000,-629.798000,316.000000
1366.100000,-591.620000,317.911000
1353.146000,-574.600000,315.216000
1349.100000,-615.678000,312.532000
1349.525000,-620.600000,309.848000
1350.409000,-613.424000,319.000000
1347.700000,-607.496000,308.874000
1335.825000,-580.600000,308.384000
1322.700000,-605.487000,309.896000
1341.150000,-621.600000,309.408000
1336.225000,-585.930000,310.000000
1448.900000,-1105.161000,310.865000
1441.944000,-1079.700000,309.640000
1411.900000,-1088.340000,308.420000
1428.624000,-1106.700000,307.200000
1412.085000,-1090.959000,311.000000
1344.200000,-1081.720000,308.000000
1326.160000,-1073.900000,308.000000
1324.200000,-1075.022000,308.000000
1327.500000,-1107.900000,308.000000
1333.580000,-1097.836000,308.000000
1442.100000,-1052.520000,303.720000
1421.190000,-1042.200000,315.800000
1408.100000,-1057.140000,311.896000
1437.952000,-1062.200000,307.992000
1439.822000,-1062.000000,319.000000
1434.000000,-1023.666000,314.620000
1404.808000,-1006.000000,309.720000
1345.000000,-1016.120000,304.840000
1397.599000,-1028.000000,319.960000
1380.333000,-1012.094000,323.000000
1344.900000,-1014.610000,307.989000
1342.296000,-1009.300000,320.841000
1282.900000,-1019.507000,316.676000
1301.810000,-1068.300000,312.528000
1336.282000,-1042.576000,323.000000
1446.100000,-955.118000,311.142000
1427.980000,-942.300000,307.726000
1422.100000,-972.458000,304.296000
1422.532000,-976.300000,314.880000
1429.900000,-971.200000,316.000000
1399.000000,-976.679000,303.567000
1377.940000,-954.800000,305.835000
1354.000000,-974.600000,305.100000
1386.895000,-987.800000,304.368000
1389.505000,-959.321000,306.000000
1337.700000,-982.650000,306.900000
1334.788000,-951.300000,305.924000
1321.700000,-961.629000,304.944000
1328.820000,-984.300000,307.968000
1325.748000,-965.292000,308.000000
1430.300000,-919.666000,312.701000
1388.235000,-915.400000,302.697000
1383.300000,-915.868000,333.652000
1390.726000,-933.400000,323.648000
1416.999000,-928.180000,343.000000
1308.000000,-874.156000,346.256000
1297.056000,-836.500000,334.544000
1290.000000,-889.780000,322.784000
1305.678000,-908.500000,311.072000
1293.258000,-908.284000,356.000000
1302.100000,-774.260000,316.657000
1297.270000,-753.200000,309.581000
1287.100000,-764.978000,331.476000
1295.875000,-779.200000,324.400000
1296.760000,-760.584000,336.000000
1356.800000,-781.255000,332.201000
1354.280000,-779.800000,325.125000
1284.800000,-782.290000,318.020000
1306.256000,-794.800000,310.944000
1292.576000,-788.365000,336.000000
1451.000000,-767.345000,314.580000
1372.460000,-761.600000,305.796000
1346.000000,-774.800000,332.976000
1347.155000,-776.600000,324.192000
1406.060000,-774.455000,336.000000
1446.700000,-747.990000,333.876000
1440.246000,-723.200000,325.092000
1432.700000,-745.141000,316.272000
1442.850000,-760.200000,307.488000
1433.204000,-728.528000,336.000000
1445.200000,-720.255000,322.896000
1430.500000,-705.900000,311.184000
1361.200000,-710.490000,347.424000
1397.992000,-720.900000,335.712000
1403.200000,-712.365000,348.000000
1359.800000,-710.491000,312.546000
1345.592000,-701.500000,344.298000
1343.800000,-702.240000,334.008000
1346.216000,-738.500000,323.760000
1359.224000,-728.029000,354.000000
1342.600000,-706.520000,335.058000
1320.363000,-699.100000,324.810000
1305.600000,-709.362000,314.520000
1337.568000,-713.100000,346.272000
1321.436000,-699.156000,354.000000
1302.800000,-729.344000,315.570000
1297.445000,-703.200000,347.322000
1285.800000,-717.472000,337.032000
1295.626000,-735.200000,326.784000
1300.964000,-712.512000,354.000000
1268.400000,-1048.620000,317.557000
1267.700000,-1042.900000,313.409000
1243.400000,-1051.700000,309.261000
1250.675000,-1097.900000,322.096000
1252.300000,-1074.635000,324.000000
1228.600000,-1085.590000,307.785000
1221.190000,-1073.500000,311.565000
1218.600000,-1100.563000,310.345000
1218.640000,-1104.500000,309.120000
1226.800000,-1100.284000,312.000000
1220.900000,-1101.270000,311.079000
1206.795000,-1094.500000,310.347000
1189.900000,-1100.360000,309.615000
1212.158000,-1104.500000,311.880000
1198.704000,-1096.010000,312.000000
1216.600000,-1071.160000,307.229000
1215.256000,-1056.700000,307.985000
1208.600000,-1061.185000,307.741000
1212.048000,-1071.700000,307.496000
1214.584000,-1063.270000,308.000000
1195.000000,-1060.000000,311.295000
1186.190000,-1051.000000,310.563000
1185.000000,-1051.468000,309.831000
1186.440000,-1087.000000,309.096000
1187.120000,-1077.064000,312.000000
1187.000000,-1091.662000,313.311000
1178.090000,-1077.700000,310.627000
1172.000000,-1096.576000,318.943000
1184.870000,-1103.700000,316.248000
1182.140000,-1077.986000,321.000000
1148.400000,-1098.200000,311.000000
1133.000000,-1077.600000,311.000000
1098.400000,-1088.575000,311.000000
1126.950000,-1102.600000,311.000000
1105.400000,-1085.050000,311.000000
1231.100000,-1000.420000,309.748000
1230.638000,-998.000000,309.258000
1209.100000,-1001.366000,310.770000
1215.348000,-1020.000000,310.280000
1222.388000,-1010.848000,311.000000
1206.100000,-1020.977000,313.550000
1195.824000,-1004.700000,312.325000
1192.100000,-1040.206000,311.105000
1206.058000,-1045.700000,309.880000
1193.052000,-1040.411000,314.000000
1143.300000,-1032.048000,318.244000
1126.276000,-999.900000,314.814000
1105.300000,-1027.113000,325.398000
1132.318000,-1046.900000,321.968000
1125.516000,-1007.326000,326.000000
1268.000000,-934.910000,314.874000
1263.331000,-925.200000,313.159000
1239.000000,-928.130000,311.451000
1251.296000,-935.200000,309.736000
1267.884000,-929.640000,315.000000
1238.900000,-955.781000,312.072000
1227.538000,-947.300000,311.092000
1225.900000,-947.498000,310.116000
1227.681000,-980.300000,313.136000
1231.880000,-971.423000,314.000000
1224.200000,-964.632000,310.216000
1217.144000,-949.400000,313.236000
1212.200000,-969.532000,312.260000
1222.412000,-977.400000,311.280000
1223.288000,-949.904000,314.000000
1179.800000,-975.272000,312.360000
1172.877000,-965.300000,311.380000
1156.800000,-970.484000,310.404000
1169.772000,-977.300000,313.428000
1165.724000,-968.948000,314.000000
1190.200000,-938.310000,312.142000
1189.276000,-934.800000,324.977000
1124.200000,-939.180000,320.829000
1142.482000,-964.800000,316.681000
1180.432000,-952.530000,327.000000
1268.300000,-862.388000,312.310000
1258.108000,-853.500000,311.085000
1254.300000,-872.398000,309.865000
1268.174000,-875.500000,313.645000
1258.724000,-872.816000,314.000000
1257.000000,-844.611000,311.396000
1251.708000,-830.100000,312.906000
1245.000000,-842.112000,312.418000
1253.448000,-851.100000,311.930000
1254.360000,-833.565000,313.000000
1157.500000,-871.910000,316.000000
1155.498000,-842.600000,316.000000
1144.500000,-851.180000,316.000000
1149.921000,-872.600000,316.000000
1147.672000,-856.130000,316.000000
1145.100000,-861.660000,316.000000
1114.755000,-857.700000,316.000000
1110.100000,-872.685000,316.000000
1114.685000,-872.700000,316.000000
1134.880000,-868.770000,316.000000
1259.300000,-795.059000,310.194000
1247.680000,-790.100000,310.439000
1239.300000,-796.508000,310.683000
1256.180000,-799.100000,310.927000
1242.740000,-790.325000,310.000000
1213.100000,-800.157000,313.000000
1209.278000,-749.100000,313.000000
1200.100000,-775.086000,313.000000
1207.341000,-810.100000,313.000000
1208.368000,-768.071000,313.000000
1200.200000,-756.064000,327.926000
1200.109000,-748.500000,323.778000
1187.200000,-756.979000,319.613000
1190.710000,-809.500000,315.465000
1188.500000,-784.978000,330.000000
1142.500000,-791.686000,320.898000
1115.823000,-781.000000,319.190000
1105.500000,-803.152000,324.475000
1141.908000,-807.000000,322.767000
1126.368000,-804.010000,325.000000
1270.600000,-748.874000,315.800000
1248.900000,-739.800000,314.824000
1220.600000,-747.158000,313.844000
1255.450000,-752.800000,312.868000
1222.000000,-742.023000,316.000000
1238.100000,-732.196000,325.262000
1231.632000,-688.900000,321.114000
1194.100000,-701.176000,333.949000
1212.140000,-732.900000,329.801000
1215.748000,-709.052000,334.000000
1172.300000,-705.272000,317.044000
1149.914000,-696.600000,318.556000
1146.300000,-728.344000,318.066000
1149.524000,-728.600000,317.578000
1171.156000,-720.440000,319.000000
1138.700000,-693.870000,320.674000
1122.628000,-685.500000,319.942000
1110.700000,-696.075000,319.207000
1134.136000,-700.500000,321.475000
1122.460000,-685.965000,322.000000
1202.900000,-660.068000,320.162000
1179.366000,-641.500000,337.550000
1120.900000,-650.718000,331.915000
1166.000000,-663.500000,326.303000
1193.306000,-648.496000,341.000000
1148.800000,-605.564000,320.410000
1148.760000,-599.800000,318.702000
1108.800000,-605.608000,316.987000
1119.360000,-643.800000,322.279000
1122.680000,-626.420000,323.000000
1251.400000,-607.564000,311.826000
1181.428000,-587.500000,320.142000
1153.400000,-628.060000,317.447000
1249.146000,-635.500000,314.763000
1232.878000,-630.316000,321.000000
1253.000000,-578.784000,328.464000
1216.705000,-564.000000,320.656000
1168.000000,-575.739000,312.816000
1226.650000,-585.000000,337.008000
1191.375000,-567.738000,338.000000
994.600000,-1095.894000,331.946000
987.040000,-1062.200000,382.598000
940.600000,-1071.448000,366.183000
962.416000,-1096.200000,349.835000
980.506000,-1078.010000,383.000000
1076.100000,-1013.212000,325.932000
1047.064000,-998.200000,321.540000
1042.100000,-1051.390000,317.130000
1046.078000,-1052.200000,312.738000
1049.002000,-1038.808000,330.000000
1024.800000,-1025.756000,320.790000
969.234000,-995.300000,318.594000
926.800000,-1033.046000,325.389000
1008.140000,-1049.300000,323.193000
992.166000,-997.352000,327.000000
995.200000,-967.442000,379.066000
977.560000,-931.700000,361.742000
932.200000,-949.004000,344.418000
966.409000,-973.700000,327.023000
940.453000,-945.350000,390.000000
1073.100000,-891.448000,320.348000
1011.472000,-885.100000,316.932000
1011.100000,-890.850000,327.516000
1027.034000,-931.100000,324.086000
1047.990000,-913.252000,329.000000
1021.800000,-843.725000,325.508000
998.469000,-824.600000,324.044000
988.800000,-862.355000,322.580000
1020.810000,-869.600000,321.110000
990.747000,-865.010000,326.000000
1078.200000,-789.794000,339.338000
1065.600000,-751.400000,327.870000
1048.200000,-781.208000,363.402000
1068.690000,-805.400000,351.887000
1063.890000,-761.390000,365.000000
1028.200000,-806.004000,341.780000
1022.304000,-758.100000,336.412000
984.200000,-770.820000,331.044000
1001.668000,-806.100000,325.654000
1027.628000,-780.756000,342.000000
986.200000,-760.300000,335.046000
938.768000,-743.200000,329.922000
930.200000,-801.880000,324.798000
936.360000,-803.200000,340.653000
955.456000,-788.680000,345.000000
1023.800000,-714.802000,326.240000
972.280000,-679.400000,341.360000
931.800000,-722.304000,336.480000
1007.516000,-741.400000,331.580000
1015.980000,-682.190000,345.000000
1083.800000,-656.080000,323.193000
1071.470000,-604.600000,321.478000
1038.800000,-628.900000,319.770000
1062.965000,-664.600000,325.055000
1055.855000,-624.520000,326.000000
987.100000,-614.955000,324.270000
969.334000,-606.400000,325.780000
969.100000,-613.362000,325.292000
973.600000,-665.400000,324.802000
984.274000,-642.921000,326.000000
965.000000,-642.147000,337.407000
953.800000,-626.200000,333.242000
949.000000,-656.984000,329.094000
964.408000,-663.200000,341.929000
953.912000,-659.685000,343.000000
1066.900000,-580.772000,325.726000
1010.732000,-542.000000,339.316000
930.900000,-571.430000,334.924000
1022.972000,-596.000000,330.514000
1035.756000,-552.368000,340.000000
813.700000,-1059.605000,327.173000
809.382000,-1059.400000,324.478000
779.700000,-1069.978000,321.794000
792.960000,-1100.400000,319.099000
787.690000,-1079.039000,330.000000
892.700000,-1018.673000,328.464000
831.380000,-988.700000,324.544000
819.700000,-1088.816000,336.640000
827.219000,-1091.700000,332.720000
870.727000,-1067.495000,340.000000
809.800000,-1030.480000,334.595000
793.763000,-995.800000,331.410000
780.800000,-1036.900000,328.238000
804.464000,-1055.800000,325.066000
785.527000,-998.920000,337.000000
773.400000,-1093.825000,327.616000
759.516000,-1072.200000,323.696000
721.400000,-1082.150000,335.792000
748.960000,-1097.200000,331.888000
754.004000,-1080.675000,338.000000
772.800000,-1008.712000,420.796000
748.300000,-1000.200000,394.336000
747.800000,-1006.472000,367.984000
753.875000,-1056.200000,341.632000
750.075000,-1035.200000,433.000000
840.300000,-944.114000,355.994000
801.492000,-920.900000,336.884000
784.300000,-964.625000,395.852000
837.836000,-973.900000,376.820000
815.380000,-969.236000,401.000000
844.200000,-872.050000,350.139000
818.966000,-824.200000,344.994000
782.200000,-859.708000,339.870000
823.740000,-890.200000,334.746000
783.378000,-837.334000,351.000000
769.300000,-825.288000,361.185000
767.140000,-824.700000,345.750000
751.300000,-836.999000,330.378000
758.194000,-873.700000,378.006000
759.994000,-848.514000,393.000000
753.331017,-844.183377,331.953000
746.884921,-826.633221,379.518000
726.323598,-863.878666,364.146000
727.054137,-865.927375,348.774000
743.651379,-862.676523,393.000000
869.700000,-755.570000,335.206000
842.400000,-742.700000,330.814000
819.700000,-757.616000,326.404000
860.200000,-764.700000,340.012000
840.250000,-743.998000,343.000000
907.900000,-788.420000,326.854000
898.800000,-736.100000,340.462000
872.900000,-759.560000,336.052000
891.205000,-796.100000,331.660000
903.525000,-756.860000,343.000000
837.971379,-780.409181,458.244000
802.006845,-754.648340,410.420000
798.995310,-757.818022,362.400000
791.948758,-794.489134,510.576000
802.837923,-783.553518,529.000000
909.000000,-645.185000,331.200000
865.782000,-630.500000,349.344000
846.000000,-657.494000,343.464000
905.787000,-663.500000,337.608000
896.589000,-660.827000,351.000000
840.600000,-658.636000,382.903000
819.800000,-641.800000,365.091000
788.600000,-654.013000,347.206000
823.076000,-664.800000,402.394000
802.484000,-646.538000,404.000000
897.700000,-593.284000,378.105000
888.434000,-592.600000,325.645000
855.798000,-592.600000,361.765000
815.700000,-601.420000,487.970000
846.532000,-628.600000,435.510000
862.932000,-628.600000,455.720000
906.700000,-554.115000,336.745000
805.928000,-541.000000,333.085000
784.700000,-582.194000,329.410000
795.558000,-584.000000,325.750000
808.490000,-574.497000,340.000000
549.810448,-1143.802834,334.570000
545.066030,-1117.038010,327.250000
519.336317,-1126.392383,349.900000
536.565261,-1151.109361,342.580000
549.593339,-1122.718861,355.000000
526.009566,-1175.771516,461.945000
526.138899,-1146.171316,423.149000
487.555490,-1120.146478,463.853000
479.872537,-1127.933517,384.194000
498.033498,-1160.988087,345.398000
472.059751,-1143.468573,374.495000
486.947842,-1131.625099,485.000000
506.753513,-1093.191288,349.851000
499.401304,-1076.770814,334.967000
496.883671,-1078.022056,381.022000
479.850132,-1097.119567,366.138000
491.749536,-1095.752337,387.000000
587.696454,-1070.617437,426.043000
585.159402,-1023.672097,399.447000
535.435793,-1040.878750,372.742000
559.709228,-1089.173709,346.146000
531.746211,-1047.469441,434.000000
618.088699,-1034.868636,340.816000
614.504874,-1014.003024,333.008000
590.849850,-996.448522,357.168000
605.074155,-1024.603277,349.360000
609.436665,-1012.482753,358.000000
656.795281,-984.871185,336.989000
655.468208,-981.444743,334.305000
628.578764,-965.257404,331.610000
609.593664,-996.300107,328.926000
639.761871,-997.730381,337.000000
665.879627,-952.069354,347.865000
666.877329,-935.453590,338.349000
638.562355,-954.889051,328.794000
637.974974,-956.966719,358.278000
647.350996,-956.303366,366.000000
433.786977,-1097.656790,328.071000
436.902454,-1061.527627,328.827000
400.828669,-1061.294683,328.583000
414.407598,-1100.487453,328.338000
448.057036,-1080.174310,329.000000
444.506727,-1054.756125,367.455000
462.490367,-1031.963146,351.595000
440.752813,-1024.340236,335.735000
433.612926,-1047.150978,384.810000
447.279380,-1031.433753,393.000000
530.139205,-1018.638249,335.152000
520.402027,-998.141204,383.536000
517.616249,-999.183668,367.920000
498.930363,-1020.885395,352.240000
516.317077,-1024.918339,390.000000
506.452389,-999.834104,361.271000
509.195988,-977.694629,349.315000
482.593982,-989.558790,337.359000
490.810771,-1010.606327,374.354000
483.398530,-997.726730,377.000000
544.112203,-1008.253261,335.310000
545.488421,-980.317606,361.014000
514.558634,-962.700253,352.718000
527.249187,-997.519421,344.388000
546.263075,-989.974085,362.000000
617.184410,-946.545643,331.755000
616.583106,-942.701336,330.535000
586.353741,-927.762000,329.315000
557.644277,-966.847903,328.090000
578.152816,-944.290439,333.000000
581.129692,-928.957414,345.359000
587.554338,-905.970534,331.451000
540.802555,-939.738773,374.543000
538.960907,-942.892604,360.578000
555.342775,-943.058025,386.000000
643.511325,-919.288014,342.832000
654.046636,-880.299089,338.422000
613.051648,-886.049594,334.030000
621.001371,-925.298434,329.620000
641.669118,-871.792868,346.000000
678.481046,-868.434734,375.880000
707.877491,-833.866219,343.295000
676.699485,-824.840829,443.843000
663.315403,-858.287410,411.258000
690.505971,-841.493166,461.000000
736.232422,-806.241174,390.824000
723.517107,-783.428223,373.919000
721.086493,-783.763597,357.083000
706.960047,-802.707350,340.178000
711.424907,-794.436281,398.000000
763.900000,-684.354000,355.168000
749.914000,-675.500000,343.163000
742.900000,-690.643000,380.207000
762.409000,-694.500000,368.202000
754.366000,-693.360000,383.000000
736.338734,-712.998970,368.720000
736.709536,-690.753016,358.920000
711.577868,-675.145744,349.160000
722.538471,-703.444506,339.360000
716.069307,-672.087690,370.000000
766.000000,-581.242000,353.144000
759.284000,-578.200000,344.324000
693.000000,-595.672000,335.540000
718.988000,-656.200000,362.720000
727.602000,-618.214000,371.000000
765.700000,-550.640000,334.800000
717.340000,-537.600000,349.900000
705.700000,-575.080000,345.020000
709.840000,-577.600000,340.140000
761.980000,-569.600000,354.000000
708.600000,-562.104000,449.840000
686.802000,-536.400000,397.165000
666.600000,-563.742000,344.705000
699.444000,-578.400000,507.245000
418.015912,-1026.073041,333.480000
431.821425,-1000.265675,363.680000
399.652406,-977.892297,353.920000
400.088627,-1008.749405,344.160000
426.147158,-1011.039625,369.000000
481.844394,-967.025249,381.136000
452.535752,-921.374269,361.046000
448.683817,-920.532859,341.038000
433.227127,-948.378606,403.030000
446.022898,-946.891576,410.000000
499.962498,-947.918900,328.920000
490.254092,-913.381884,332.695000
461.082506,-915.065318,331.475000
485.221471,-954.837586,330.255000
482.452797,-948.844352,333.000000
536.402763,-920.894018,344.120000
557.747559,-874.888869,338.975000
510.533873,-864.636658,333.851000
511.383116,-912.974494,349.727000
532.912146,-866.434128,350.000000
627.109262,-849.914502,332.840000
627.630538,-846.172541,329.165000
600.256133,-833.056950,340.505000
570.334800,-870.759141,336.845000
599.758699,-861.330977,344.000000
575.833307,-848.204294,332.544000
568.512186,-823.289195,330.829000
543.035011,-836.161044,329.121000
542.573541,-838.928108,327.413000
549.437602,-838.156446,334.000000
582.231211,-820.647901,338.480000
593.436161,-803.009639,329.940000
573.428329,-811.048460,356.365000
570.915485,-826.047423,347.825000
592.448724,-806.519166,362.000000
618.243087,-800.581078,353.648000
635.817292,-780.533614,345.840000
618.029620,-775.018749,338.000000
609.692933,-794.354174,330.192000
618.946115,-777.210398,358.000000
680.569222,-797.734393,332.600000
650.644861,-751.887164,329.184000
646.840719,-750.415142,339.754000
633.254210,-776.492955,336.338000
654.483328,-787.363607,341.000000
714.312214,-762.235705,360.016000
716.131544,-718.814079,352.452000
668.624423,-734.894970,344.857000
687.344019,-778.605390,337.293000
662.065736,-742.908286,362.000000
421.287145,-929.515699,337.496000
426.690320,-896.020925,333.104000
389.168005,-875.746172,346.694000
400.810396,-916.499400,342.302000
415.502020,-894.789529,347.000000
466.981236,-890.246598,328.152000
465.979664,-886.483224,342.516000
435.001461,-858.239128,337.861000
426.268343,-885.114298,333.225000
455.080638,-898.146387,347.000000
512.991016,-854.943673,336.704000
512.350248,-821.831810,332.800000
464.945620,-851.387002,328.880000
462.544051,-855.667223,340.976000
479.113771,-858.300367,344.000000
469.641268,-837.935409,330.480000
482.933120,-811.576354,353.916000
454.169988,-819.581575,346.321000
453.639151,-843.728991,338.757000
485.663075,-821.780336,359.000000
534.997929,-832.811865,344.864000
551.674573,-814.234979,337.788000
535.483558,-809.256939,330.683000
527.304630,-827.044030,352.607000
538.796513,-814.935524,356.000000
537.392760,-798.447598,327.912000
522.113732,-770.045474,332.448000
519.166623,-769.457008,330.978000
501.516758,-792.280802,329.514000
522.620603,-802.753636,333.000000
570.606013,-801.550064,334.944000
557.582102,-762.299024,331.772000
526.062305,-760.415274,328.587000
555.148574,-806.964339,338.415000
532.708190,-777.345954,339.000000
578.864739,-753.150547,327.344000
592.522322,-735.623601,331.880000
576.212358,-737.283769,330.410000
570.594836,-753.037851,328.946000
588.134355,-741.194545,332.000000
630.527453,-731.827306,332.600000
630.476361,-728.903985,330.160000
607.055244,-709.658420,327.710000
595.219999,-733.036475,325.270000
603.708186,-721.304073,335.000000
596.020412,-718.716759,333.768000
605.012607,-696.283429,325.716000
559.511835,-728.979428,350.664000
556.030256,-732.725222,342.579000
570.538716,-733.194285,357.000000
665.192647,-719.224929,341.640000
675.591156,-671.715200,336.760000
626.943990,-671.705747,331.880000
638.943420,-721.799958,326.980000
656.897169,-658.831529,345.000000
313.891068,-1037.851508,329.416000
328.053761,-989.555726,326.488000
249.111410,-916.596499,335.560000
266.490260,-985.036841,332.620000
299.067436,-981.933845,337.000000
380.888650,-964.777891,357.640000
377.702152,-937.601950,349.100000
373.377067,-938.691661,340.560000
324.302619,-984.479135,331.985000
340.150079,-967.946681,361.000000
347.421043,-956.293718,339.680000
323.543011,-884.504028,334.312000
265.941930,-879.443890,350.944000
319.228739,-964.983194,345.554000
295.186552,-932.461940,352.000000
368.733898,-877.401853,455.832000
377.637530,-837.580199,423.624000
332.886137,-813.784109,391.416000
344.279281,-861.535837,359.076000
340.228071,-807.931374,459.000000
411.574738,-833.539507,338.264000
410.682452,-829.243704,332.896000
370.784645,-789.365099,327.528000
364.448224,-819.819660,344.138000
380.345852,-817.523178,349.000000
462.549444,-789.128033,327.686000
441.069357,-747.457427,338.256000
413.732043,-752.740771,334.840000
413.365904,-756.149935,331.410000
449.967307,-793.926611,341.000000
490.895079,-765.792274,326.000000
487.360621,-731.935450,326.000000
454.777629,-720.407553,326.000000
473.839032,-761.319134,326.000000
480.593810,-728.832420,326.000000
564.572427,-698.184345,326.936000
581.981153,-676.964822,339.016000
560.900281,-666.415482,335.112000
553.887651,-688.353692,331.192000
574.019743,-685.565881,341.000000
558.454594,-705.805086,328.285000
540.146380,-673.380974,327.060000
536.955347,-671.744450,325.840000
520.101255,-694.708763,329.615000
530.679603,-693.348439,330.000000
532.005243,-674.040022,328.088000
543.145654,-653.633446,340.168000
514.406014,-670.276963,336.264000
514.371504,-686.428006,332.344000
514.271199,-684.527621,341.000000
581.028147,-648.611062,341.954000
592.507220,-626.492739,335.584000
569.836193,-620.378412,329.240000
569.082255,-643.642922,348.870000
579.223060,-622.082756,349.000000
292.212861,-833.869196,336.275000
292.324471,-831.737703,327.700000
273.854010,-811.321739,354.160000
267.250196,-827.309970,345.585000
280.449979,-831.945148,362.000000
265.523355,-855.749262,331.214000
230.351612,-790.135232,327.784000
190.661085,-793.908428,324.368000
189.922165,-798.744805,320.952000
203.126667,-805.478705,334.000000
320.023028,-803.702978,326.000000
319.502712,-769.939973,326.000000
286.408869,-760.159065,326.000000
302.541423,-799.948953,326.000000
320.813817,-777.769295,326.000000
279.437139,-719.838342,327.492000
301.086082,-696.509517,326.512000
285.770127,-696.402786,325.536000
273.023761,-716.211234,324.560000
284.762115,-699.177865,328.000000
353.200266,-706.192247,327.863000
350.127459,-696.651683,326.148000
348.923828,-696.547464,331.440000
336.693441,-710.114583,329.732000
343.648553,-709.098947,332.000000
337.666508,-696.270324,328.725000
341.812993,-686.536775,327.500000
329.449317,-694.305600,326.280000
330.230768,-702.020552,325.060000
326.453518,-697.364059,329.000000
361.640428,-694.454174,325.924000
369.329327,-675.206819,324.944000
348.708150,-667.448832,327.968000
350.573214,-688.635802,326.992000
361.549310,-675.488655,328.000000
408.356705,-663.136651,326.068000
408.423484,-660.157400,329.088000
388.413360,-659.230374,328.112000
383.877212,-688.153302,327.136000
401.603648,-678.310073,330.000000
433.462159,-646.762238,336.507000
423.923993,-622.355507,331.871000
398.193182,-645.671508,327.216000
396.495174,-649.331346,341.580000
409.343898,-651.322638,345.000000
402.851966,-605.047723,327.361000
384.142848,-624.292052,364.405000
366.752443,-647.859436,352.400000
394.324128,-616.825646,340.444000
397.645282,-608.793209,372.000000
543.183873,-608.067034,337.000000
579.858385,-572.805474,331.144000
557.136764,-572.861836,325.264000
534.384572,-602.620981,343.408000
557.456694,-580.887941,346.000000
562.900000,-538.067000,325.864000
526.700000,-533.300000,344.008000
522.900000,-534.056000,338.128000
529.620000,-554.300000,332.272000
555.580000,-548.021000,346.000000
505.802271,-652.456566,345.213000
508.857856,-628.110599,338.137000
482.146290,-637.060294,331.032000
490.706578,-660.929082,352.956000
480.615158,-648.249192,354.000000
478.115624,-613.942644,321.000000
492.639919,-587.053355,321.000000
464.630737,-577.524519,321.000000
463.351082,-606.414777,321.000000
486.814136,-595.173435,321.000000
470.500000,-563.809000,321.000000
470.060000,-563.200000,321.000000
460.500000,-564.432000,321.000000
463.580000,-570.200000,321.000000
462.580000,-567.127000,321.000000
452.587324,-578.318058,321.000000
448.160542,-569.197761,321.000000
439.801053,-583.055587,321.000000
439.230466,-584.981862,321.000000
446.291944,-584.945397,321.000000
428.993098,-590.110013,324.364000
431.003221,-569.742338,323.388000
419.269580,-584.689931,322.408000
422.710091,-598.661346,321.432000
425.554046,-572.012849,325.000000
479.100000,-555.970000,321.000000
471.372000,-546.500000,321.000000
437.100000,-549.660000,321.000000
455.874000,-556.500000,321.000000
462.300000,-550.710000,321.000000
413.938192,-558.514250,321.000000
408.846430,-546.584290,321.000000
407.482246,-547.308860,321.000000
395.259348,-584.210601,321.000000
398.480553,-572.941744,321.000000
397.046766,-556.856017,321.000000
395.822730,-541.568299,321.000000
385.644351,-559.287679,321.000000
391.665474,-568.683603,321.000000
388.444493,-567.409583,321.000000
1328.202105,-503.427661,359.160000
1358.782729,-478.697164,345.496000
1332.756696,-476.892575,331.776000
1315.894874,-500.333361,318.112000
1350.203055,-491.040252,360.000000
1269.500000,-497.420000,323.588000
1267.030000,-494.600000,316.756000
1204.500000,-499.670000,309.924000
1224.065000,-524.600000,331.064000
1234.140000,-511.640000,337.000000
1269.000000,-431.059000,308.197000
1248.723000,-416.200000,324.073000
1242.000000,-450.598000,318.949000
1242.378000,-455.200000,313.804000
1266.840000,-449.506000,328.000000
1188.300000,-517.744000,318.302000
1164.172000,-496.400000,314.886000
1136.300000,-515.472000,311.470000
1174.104000,-528.400000,322.040000
1156.268000,-500.912000,324.000000
1131.300000,-524.760000,313.387000
1126.850000,-486.600000,315.655000
1106.300000,-498.960000,314.923000
1117.325000,-526.600000,314.188000
1127.500000,-503.720000,316.000000
1190.100000,-454.038000,317.320000
1122.384000,-449.700000,315.368000
1114.100000,-450.096000,313.416000
1125.804000,-467.700000,319.456000
1137.812000,-462.570000,320.000000
1203.900000,-426.372000,314.834000
1147.124000,-407.400000,340.538000
1109.900000,-433.896000,332.242000
1191.398000,-443.400000,323.912000
1182.844000,-407.436000,342.000000
963.800000,-514.922000,326.211000
953.022000,-496.200000,325.479000
929.800000,-506.527000,324.747000
949.554000,-519.200000,324.012000
937.960000,-502.824000,327.000000
1005.000000,-436.630000,329.098000
1002.830000,-433.600000,322.754000
935.000000,-438.460000,342.410000
955.580000,-463.600000,336.040000
984.280000,-450.850000,348.000000
912.300000,-506.510000,406.000000
875.100000,-494.900000,381.500000
862.300000,-521.180000,357.100000
862.650000,-524.900000,332.600000
870.700000,-520.730000,425.000000
911.700000,-471.260000,330.650000
899.818000,-444.300000,324.525000
885.700000,-467.860000,343.425000
904.420000,-484.300000,337.300000
902.132000,-450.220000,347.000000
914.100000,-431.030000,412.728000
905.550000,-402.200000,387.248000
864.100000,-411.260000,361.872000
885.800000,-432.200000,336.392000
868.900000,-415.250000,425.000000
864.200000,-477.812000,364.022000
809.392000,-473.100000,344.667000
802.200000,-473.404000,404.391000
811.314000,-492.100000,385.036000
836.920000,-486.799000,410.000000
863.600000,-443.346000,406.366000
826.586000,-433.200000,387.011000
801.600000,-447.051000,367.735000
854.920000,-452.200000,348.380000
803.088000,-433.352000,410.000000
772.000000,-500.162000,375.630000
772.000000,-434.404000,406.428000
736.546000,-400.000000,354.315000
658.000000,-453.924000,333.087000
658.000000,-495.648000,357.534000
723.436000,-522.000000,398.772000
713.632000,-435.990000,420.000000
689.920000,-418.422000,420.000000
634.400000,-411.392000,326.716000
632.984000,-398.000000,376.546000
575.400000,-417.220000,360.442000
592.333000,-522.000000,344.338000
631.568000,-470.168000,391.000000
574.200000,-447.762000,342.604000
532.191000,-399.300000,332.314000
517.200000,-506.187000,322.066000
517.200000,-522.300000,353.818000
540.912000,-506.064000,361.000000
480.900000,-496.259000,321.744000
467.400000,-469.700000,342.884000
450.900000,-492.398000,336.052000
472.320000,-508.700000,329.220000
477.300000,-475.745000,347.000000
405.300000,-516.356000,322.072000
401.036000,-475.700000,320.112000
379.300000,-488.090000,318.160000
390.402000,-517.700000,324.208000
388.244000,-494.264000,325.000000
499.500000,-413.994000,316.660000
459.158000,-398.500000,315.150000
453.500000,-399.049000,315.638000
459.940000,-459.500000,316.126000
490.668000,-442.908000,315.000000
1271.200000,-330.293000,367.010000
1250.550000,-290.800000,346.185000
1236.200000,-343.506000,325.445000
1266.055000,-363.800000,389.705000
1245.720000,-291.895000,392.000000
1217.300000,-334.944000,334.054000
1202.100000,-315.900000,399.739000
1167.300000,-325.905000,378.511000
1195.650000,-338.900000,357.283000
1204.100000,-322.846000,400.000000
1167.900000,-288.075000,380.686000
1167.220000,-276.000000,359.458000
1127.900000,-291.645000,338.143000
1139.100000,-381.000000,316.915000
1135.900000,-337.740000,400.000000
1100.100000,-318.045000,362.612000
1027.100000,-300.000000,324.060000
1037.600000,-300.000000,337.016000
1000.100000,-338.790000,443.350000
1099.400000,-345.000000,404.798000
1069.100000,-345.000000,406.220000
1066.500000,-339.375000,471.000000
997.200000,-373.780000,411.650000
970.560000,-349.700000,385.054000
937.200000,-369.825000,358.349000
979.620000,-384.700000,331.753000
944.880000,-355.370000,428.000000
998.100000,-293.125000,361.074000
988.680000,-259.000000,334.478000
938.100000,-269.080000,416.773000
963.300000,-294.000000,390.177000
973.620000,-274.680000,428.000000
879.400000,-364.903000,390.462000
859.390000,-358.900000,373.138000
856.400000,-358.946000,355.743000
859.459000,-381.900000,338.419000
857.688000,-375.805000,396.000000
830.200000,-367.636000,360.976000
811.512000,-350.100000,343.408000
798.200000,-372.980000,397.768000
825.304000,-382.100000,380.200000
814.840000,-350.804000,400.000000
889.700000,-341.055000,404.508000
870.989000,-296.800000,384.500000
826.700000,-319.484000,364.410000
861.980000,-349.800000,344.402000
888.629000,-313.177000,405.000000
918.300000,-265.572000,328.830000
917.340000,-261.700000,326.146000
822.300000,-266.244000,323.451000
848.508000,-293.700000,331.767000
865.212000,-280.740000,334.000000
775.600000,-329.880000,336.194000
744.511000,-315.600000,418.598000
732.600000,-345.525000,391.893000
775.041000,-350.600000,365.297000
771.773000,-346.470000,438.000000
769.600000,-296.560000,379.578000
751.246000,-263.200000,357.862000
727.600000,-290.464000,336.057000
757.000000,-311.200000,403.341000
743.350000,-271.312000,415.000000
706.400000,-315.703000,325.208000
699.050000,-253.900000,337.304000
657.400000,-271.666000,333.384000
677.637000,-316.900000,329.480000
698.511000,-282.565000,339.000000
646.650000,-282.476000,357.070000
530.403900,-247.100000,343.650000
511.950000,-378.440000,330.175000
528.922200,-379.100000,371.755000
552.764100,-345.044000,375.000000
629.139000,-368.144000,375.000000
502.100000,-321.615000,318.660000
428.821000,-247.800000,353.436000
375.100000,-341.964000,342.166000
481.780000,-380.800000,330.942000
472.509000,-251.657000,355.000000
456.126000,-305.123000,355.000000
1095.100000,-229.212000,348.840000
1053.340000,-156.800000,339.080000
951.100000,-193.092000,329.280000
1030.732000,-242.800000,319.520000
984.364000,-183.890000,359.000000
1009.564000,-238.070000,359.000000
921.400000,-169.700000,395.782000
921.400000,-204.350000,563.701000
921.175000,-160.100000,334.538000
850.675000,-160.100000,367.670000
846.400000,-170.225000,524.294000
846.400000,-195.800000,422.639000
866.350000,-235.100000,462.799000
847.075000,-235.100000,477.608000
994.700000,-77.753000,326.362000
961.001000,-70.200000,324.166000
947.700000,-85.633600,321.970000
993.760000,-88.400000,319.765000
955.173000,-86.379800,328.000000
998.563211,-57.240965,329.558000
983.312746,-41.823840,322.970000
957.924794,-46.362894,343.382000
984.903749,-59.616149,336.767000
984.885655,-45.205568,347.000000
849.047585,-121.777488,341.690000
854.773453,-103.788213,336.566000
826.495583,-91.267151,331.442000
831.252044,-110.352178,326.297000
827.195168,-95.843431,344.000000
891.986647,-80.987672,323.556000
851.223568,-47.571359,322.092000
830.998818,-63.476725,326.628000
837.050734,-67.605061,325.158000
862.605505,-76.322096,327.000000
919.794861,-21.886500,335.392000
901.179049,0.756562,331.488000
877.046463,-10.811324,327.584000
908.935923,-30.600331,323.664000
883.632943,5.905012,336.000000
870.764563,-8.945593,321.474000
876.707569,25.822406,318.302000
856.853744,14.774823,315.130000
859.701850,-11.656932,324.945000
867.608151,15.030122,328.000000
783.200000,-197.745000,328.695000
743.360000,-191.400000,386.830000
743.200000,-197.416000,368.042000
753.600000,-238.400000,349.177000
780.920000,-220.023000,403.000000
712.800000,-208.600000,323.426000
680.850000,-187.500000,321.956000
667.800000,-229.550000,320.492000
711.585000,-237.500000,325.022000
686.115000,-232.300000,326.000000
638.700000,-209.960000,319.103000
607.398000,-195.800000,340.998000
564.700000,-206.900000,333.922000
615.464000,-215.800000,326.817000
629.154000,-199.440000,345.000000
423.000000,-229.300000,362.227000
418.512000,-189.500000,340.422000
390.000000,-200.220000,318.706000
403.167000,-229.500000,385.901000
401.055000,-208.260000,394.000000
776.400000,-82.820000,320.611000
729.650000,-65.900000,327.406000
721.400000,-124.760000,325.210000
727.615000,-125.900000,323.005000
765.345000,-111.260000,328.000000
769.250000,-21.460000,346.320000
708.727500,1.300000,334.560000
661.750000,-26.500000,322.848000
750.545000,-38.700000,359.088000
690.022500,-0.380000,360.000000
507.800000,-34.840000,308.773000
491.240000,6.200000,303.138000
447.800000,-13.384000,320.526000
480.140000,-41.800000,314.914000
491.420000,-9.592000,326.000000
246.640650,-576.008592,322.787000
234.048492,-559.199250,322.542000
232.103242,-560.847516,322.298000
222.807616,-577.656858,322.054000
227.589072,-571.034096,323.000000
296.500000,-336.296000,312.323000
290.173000,-326.000000,312.078000
287.500000,-346.016000,312.834000
296.194000,-350.000000,312.590000
293.395000,-347.648000,313.000000
283.000000,-316.935000,312.859000
273.016000,-310.500000,312.614000
259.000000,-315.432000,312.370000
275.296000,-319.500000,312.126000
261.856000,-312.201000,313.000000
182.601665,-554.331136,325.160000
180.371213,-549.777414,323.200000
155.665208,-524.285224,329.248000
136.285367,-551.361640,327.296000
158.324934,-548.448357,330.000000
143.104357,-298.644380,314.862000
127.350018,-272.672348,314.372000
106.246416,-286.004847,313.884000
108.410163,-289.087832,313.396000
111.139595,-283.438049,315.000000
112.666905,-620.303658,363.629000
132.505493,-581.593804,342.314000
89.943321,-609.086116,408.086000
87.957765,-638.869454,386.858000
131.147848,-585.225505,410.000000
-7.362157,-439.763075,320.030000
83.314709,-557.661380,327.590000
72.724866,-482.298824,325.140000
-3.056707,-408.665147,322.700000
42.834963,-515.040175,330.000000
172.293837,-418.680742,331.858000
152.180220,-374.029911,326.490000
143.948447,-379.821699,321.100000
91.584748,-438.783389,337.732000
123.008225,-424.675456,342.000000
81.717637,-352.111190,316.550000
123.636540,-367.419112,342.254000
83.773539,-304.778155,333.924000
50.436430,-312.790589,325.628000
57.009269,-317.835936,348.000000
34.952933,-308.301901,332.163000
51.159820,-255.076559,324.111000
-1.598831,-254.343997,316.026000
6.742201,-306.825462,340.974000
31.598418,-254.363796,345.000000
364.000000,-132.373000,305.499000
349.978000,-131.500000,318.351000
250.000000,-156.138000,314.186000
294.004000,-228.500000,310.038000
344.734000,-178.351000,320.000000
318.628000,-208.615000,320.000000
303.932924,-52.416863,312.562000
298.224069,-22.929687,309.146000
257.765515,-51.341676,305.716000
258.558599,-54.731841,316.300000
271.414038,-51.633527,317.000000
209.000000,-55.290000,310.219000
188.138000,0.000000,310.975000
171.000000,-64.695000,310.730000
201.856000,-95.000000,310.486000
199.842000,-5.320000,311.000000
170.000000,-186.835000,323.305000
125.290000,0.000000,320.621000
0.000000,-84.710000,317.926000
89.420000,-215.000000,315.242000
37.740000,-73.745000,326.000000
154.020000,-72.455000,326.000000
102.680000,-130.290000,326.000000
68.510000,-17.845000,326.000000
