1522.700000,-1093.221000,304.642000
1512.619000,-1072.200000,304.154000
1505.700000,-1100.436000,305.666000
1520.252000,-1111.200000,305.176000
1516.852000,-1072.707000,306.000000
1493.900000,-1073.068000,307.240000
1481.204000,-1052.600000,306.750000
1469.900000,-1075.074000,306.262000
1488.908000,-1086.600000,307.774000
1478.492000,-1055.184000,308.000000
1570.100000,-976.720000,307.426000
1555.188000,-963.400000,305.718000
1538.100000,-975.360000,304.003000
1561.428000,-983.400000,302.295000
1539.988000,-966.180000,308.000000
1526.200000,-974.770000,305.340000
1520.155000,-952.900000,320.440000
1511.200000,-968.920000,315.560000
1521.190000,-982.900000,310.660000
1522.615000,-958.990000,321.000000
1508.400000,-978.476000,305.635000
1494.162000,-956.300000,303.430000
1466.400000,-969.488000,301.234000
1491.684000,-984.300000,308.038000
1485.846000,-963.748000,310.000000
1516.587357,-746.615816,321.951000
1478.760378,-724.200072,315.363000
1486.853892,-747.749501,308.748000
1517.081602,-758.035542,302.160000
1485.635294,-742.886806,327.000000
1427.300000,-621.383000,310.016000
1422.212000,-569.000000,323.606000
1403.300000,-588.608000,319.214000
1414.700000,-626.000000,314.804000
1424.084000,-591.401000,326.000000
1390.800000,-635.762000,311.280000
1381.860000,-622.000000,309.328000
1330.800000,-625.934000,315.368000
1355.520000,-636.000000,313.416000
1364.880000,-628.384000,316.000000
1366.100000,-576.716000,315.788000
1364.638000,-574.600000,313.104000
1349.100000,-584.582000,310.420000
1355.033000,-620.600000,318.725000
1353.673000,-598.520000,319.000000
1347.700000,-585.069000,308.014000
1347.150000,-580.600000,309.524000
1322.700000,-586.914000,309.036000
1329.825000,-621.600000,308.548000
1346.975000,-604.503000,310.000000
1448.900000,-1084.371000,307.525000
1413.417000,-1079.700000,306.305000
1411.900000,-1082.130000,310.080000
1420.114000,-1106.700000,308.860000
1436.764000,-1097.169000,311.000000
1344.200000,-1081.924000,308.000000
1326.300000,-1073.900000,308.000000
1324.200000,-1074.818000,308.000000
1327.360000,-1107.900000,308.000000
1331.680000,-1098.040000,308.000000
1442.100000,-1048.200000,317.432000
1413.812000,-1042.200000,313.528000
1408.100000,-1061.460000,309.608000
1411.330000,-1062.200000,305.704000
1410.684000,-1057.660000,319.000000
1434.000000,-1013.986000,307.000000
1365.559000,-1006.000000,322.120000
1345.000000,-1025.800000,317.240000
1347.848000,-1028.000000,312.340000
1414.153000,-1024.414000,323.000000
1344.900000,-1034.434000,314.483000
1301.190000,-1009.300000,310.318000
1282.900000,-1058.683000,306.170000
1342.916000,-1068.300000,319.005000
1312.598000,-1062.400000,323.000000
1446.100000,-958.960000,313.158000
1430.692000,-942.300000,309.742000
1422.100000,-968.582000,306.312000
1443.820000,-976.300000,302.896000
1426.444000,-975.076000,316.000000
1399.000000,-973.049000,303.285000
1372.990000,-954.800000,305.553000
1354.000000,-978.230000,304.821000
1391.845000,-987.800000,304.086000
1393.690000,-955.691000,306.000000
1337.700000,-971.661000,305.576000
1329.460000,-951.300000,304.596000
1321.700000,-972.618000,307.620000
1334.148000,-984.300000,306.644000
1331.044000,-954.270000,308.000000
1430.300000,-927.640000,330.372000
1409.103000,-915.400000,320.368000
1383.300000,-925.894000,310.323000
1416.905000,-933.400000,341.319000
1396.695000,-918.172000,343.000000
1308.000000,-889.996000,355.568000
1301.016000,-836.500000,343.808000
1290.000000,-873.940000,332.096000
1301.718000,-908.500000,320.336000
1307.766000,-852.124000,356.000000
1302.100000,-774.182000,315.381000
1297.225000,-753.200000,308.305000
1287.100000,-765.056000,330.200000
1295.920000,-779.200000,323.124000
1297.435000,-760.506000,336.000000
1356.800000,-792.850000,324.023000
1338.008000,-779.800000,316.947000
1284.800000,-785.695000,309.871000
1322.528000,-794.800000,331.766000
1312.880000,-784.960000,336.000000
1451.000000,-775.610000,331.896000
1430.210000,-761.600000,323.076000
1346.000000,-766.535000,314.292000
1394.405000,-776.600000,305.508000
1355.660000,-767.720000,336.000000
1446.700000,-760.089000,306.624000
1444.824000,-723.200000,333.840000
1432.700000,-733.042000,325.020000
1438.272000,-760.200000,316.236000
1443.802000,-740.627000,336.000000
1445.200000,-706.815000,323.136000
1439.236000,-705.900000,311.424000
1361.200000,-708.945000,347.712000
1389.256000,-720.900000,335.952000
1402.780000,-713.910000,348.000000
1359.800000,-706.088000,344.802000
1359.672000,-701.500000,334.512000
1343.800000,-706.643000,324.264000
1348.136000,-738.500000,314.016000
1346.952000,-723.626000,354.000000
1342.600000,-701.718000,315.318000
1307.672000,-699.100000,347.070000
1305.600000,-700.164000,336.780000
1313.259000,-713.100000,326.532000
1338.826000,-708.354000,354.000000
1302.800000,-711.232000,327.876000
1287.823000,-703.200000,317.586000
1285.800000,-703.584000,349.338000
1288.248000,-735.200000,339.048000
1296.000000,-726.400000,354.000000
1268.400000,-1060.170000,318.492000
1247.975000,-1042.900000,314.344000
1243.400000,-1095.095000,310.179000
1245.400000,-1097.900000,323.031000
1250.950000,-1086.240000,324.000000
1228.600000,-1085.218000,311.870000
1221.060000,-1073.500000,310.650000
1218.600000,-1100.966000,309.430000
1218.770000,-1104.500000,308.205000
1218.630000,-1099.881000,312.000000
1220.900000,-1098.910000,309.819000
1199.479000,-1094.500000,309.084000
1189.900000,-1102.720000,311.352000
1219.474000,-1104.500000,310.620000
1211.755000,-1103.650000,312.000000
1216.600000,-1064.260000,307.571000
1211.584000,-1056.700000,307.327000
1208.600000,-1068.085000,307.082000
1215.720000,-1071.700000,307.838000
1211.848000,-1071.370000,308.000000
1195.000000,-1071.448000,311.610000
1189.360000,-1051.000000,310.875000
1185.000000,-1076.020000,310.143000
1193.270000,-1087.000000,309.408000
1186.080000,-1052.512000,312.000000
1187.000000,-1094.106000,311.848000
1179.500000,-1077.700000,320.153000
1172.000000,-1094.132000,317.469000
1183.445000,-1103.700000,314.785000
1184.150000,-1080.430000,321.000000
1148.400000,-1094.975000,311.000000
1126.550000,-1077.600000,311.000000
1098.400000,-1091.800000,311.000000
1133.400000,-1102.600000,311.000000
1123.950000,-1081.800000,311.000000
1231.100000,-1014.676000,310.530000
1222.872000,-998.000000,310.040000
1209.100000,-1009.110000,309.552000
1223.114000,-1020.000000,309.062000
1213.786000,-1003.104000,311.000000
1206.100000,-1038.361000,309.315000
1201.760000,-1004.700000,313.095000
1192.100000,-1022.822000,311.870000
1200.122000,-1045.700000,310.650000
1204.910000,-1016.795000,314.000000
1143.300000,-1041.495000,317.054000
1133.914000,-999.900000,313.638000
1105.300000,-1017.666000,324.222000
1124.680000,-1046.900000,320.792000
1128.708000,-1016.773000,326.000000
1268.000000,-934.680000,312.620000
1262.693000,-925.200000,310.905000
1239.000000,-928.350000,309.197000
1251.934000,-935.200000,314.489000
1248.222000,-929.420000,315.000000
1238.900000,-947.696000,313.832000
1237.340000,-947.300000,312.856000
1225.900000,-955.583000,311.876000
1230.879000,-980.300000,310.900000
1226.147000,-963.305000,314.000000
1224.200000,-951.500000,311.028000
1223.516000,-949.400000,310.048000
1212.200000,-954.664000,313.072000
1216.040000,-977.400000,312.092000
1220.852000,-964.772000,314.000000
1179.800000,-966.956000,312.220000
1156.961000,-965.300000,311.244000
1156.800000,-966.800000,310.264000
1162.688000,-977.300000,313.288000
1166.529000,-972.644000,314.000000
1190.200000,-940.860000,324.501000
1128.820000,-934.800000,320.353000
1124.200000,-936.630000,316.205000
1136.938000,-964.800000,312.040000
1132.384000,-955.080000,327.000000
1268.300000,-859.330000,309.760000
1256.176000,-853.500000,313.535000
1254.300000,-875.456000,312.315000
1256.106000,-875.500000,311.090000
1265.864000,-869.758000,314.000000
1257.000000,-837.009000,311.900000
1247.364000,-830.100000,311.412000
1245.000000,-849.714000,312.922000
1245.792000,-851.100000,312.434000
1251.336000,-846.963000,313.000000
1157.500000,-854.360000,316.000000
1147.893000,-842.600000,316.000000
1144.500000,-868.730000,316.000000
1144.539000,-872.600000,316.000000
1147.477000,-868.580000,316.000000
1145.100000,-864.525000,316.000000
1121.440000,-857.700000,316.000000
1110.100000,-869.820000,316.000000
1142.965000,-872.700000,316.000000
1142.685000,-871.635000,316.000000
1259.300000,-794.771000,310.655000
1247.040000,-790.100000,310.899000
1239.300000,-796.796000,310.144000
1256.820000,-799.100000,310.388000
1251.940000,-799.037000,310.000000
1213.100000,-784.602000,313.000000
1205.963000,-749.100000,313.000000
1200.100000,-790.641000,313.000000
1210.656000,-810.100000,313.000000
1204.442000,-752.516000,313.000000
1200.200000,-787.906000,329.014000
1193.882000,-748.500000,324.866000
1187.200000,-786.137000,320.701000
1196.937000,-809.500000,316.553000
1187.668000,-755.820000,330.000000
1142.500000,-799.434000,319.680000
1126.886000,-781.000000,324.972000
1105.500000,-795.404000,323.264000
1130.845000,-807.000000,321.549000
1132.769000,-785.758000,325.000000
1270.600000,-749.849000,314.156000
1252.650000,-739.800000,313.176000
1220.600000,-746.183000,312.200000
1251.700000,-752.800000,315.224000
1242.550000,-742.998000,316.000000
1238.100000,-725.684000,331.229000
1225.076000,-688.900000,327.081000
1194.100000,-707.688000,322.916000
1218.696000,-732.900000,318.768000
1200.260000,-702.540000,334.000000
1172.300000,-725.368000,317.270000
1166.268000,-696.600000,318.782000
1146.300000,-708.248000,318.294000
1159.170000,-728.600000,317.804000
1168.192000,-708.536000,319.000000
1138.700000,-699.945000,320.302000
1133.968000,-685.500000,319.567000
1110.700000,-690.000000,321.835000
1122.796000,-700.500000,321.103000
1125.932000,-692.055000,322.000000
1202.900000,-642.072000,334.836000
1194.290000,-641.500000,329.224000
1120.900000,-646.714000,323.589000
1151.076000,-663.500000,340.977000
1140.990000,-652.500000,341.000000
1148.800000,-603.760000,316.217000
1147.120000,-599.800000,321.502000
1108.800000,-607.456000,319.794000
1121.000000,-643.800000,318.079000
1146.680000,-624.572000,323.000000
1251.400000,-594.844000,313.619000
1155.458000,-587.500000,310.935000
1153.400000,-592.780000,319.240000
1177.116000,-635.500000,316.556000
1217.002000,-617.596000,321.000000
1253.000000,-568.536000,326.064000
1175.225000,-564.000000,318.256000
1168.000000,-564.987000,310.448000
1183.130000,-585.000000,334.608000
1197.750000,-578.490000,338.000000
994.600000,-1071.720000,378.042000
948.592000,-1062.200000,361.627000
940.600000,-1095.622000,345.279000
946.810000,-1096.200000,328.931000
943.408000,-1087.836000,383.000000
1076.100000,-1016.722000,316.032000
1049.308000,-998.200000,329.640000
1042.100000,-1047.880000,325.230000
1043.834000,-1052.200000,320.838000
1067.702000,-1042.318000,330.000000
1024.800000,-1017.278000,322.707000
953.750000,-995.300000,320.502000
926.800000,-1041.524000,318.306000
1023.624000,-1049.300000,325.101000
971.390000,-1042.820000,327.000000
995.200000,-951.440000,377.291000
953.494000,-931.700000,359.896000
932.200000,-965.006000,342.572000
990.475000,-973.700000,325.248000
942.091000,-971.348000,390.000000
1073.100000,-909.618000,316.666000
1036.024000,-885.100000,327.250000
1011.100000,-918.680000,323.820000
1064.482000,-931.100000,320.404000
1064.296000,-885.422000,329.000000
1021.800000,-851.465000,322.508000
1004.145000,-824.600000,321.038000
988.800000,-854.570000,325.574000
1015.134000,-869.600000,324.104000
1007.280000,-827.795000,326.000000
1078.200000,-787.040000,351.652000
1064.070000,-751.400000,340.184000
1048.200000,-783.962000,328.669000
1070.220000,-805.400000,364.201000
1056.060000,-758.636000,365.000000
1028.200000,-792.852000,320.308000
1010.248000,-758.100000,336.940000
984.200000,-783.972000,331.572000
1013.724000,-806.100000,326.182000
1026.572000,-767.556000,342.000000
986.200000,-790.420000,330.573000
966.936000,-743.200000,325.428000
930.200000,-771.760000,341.304000
964.248000,-803.200000,336.180000
967.440000,-758.860000,345.000000
1023.800000,-732.100000,337.220000
997.948000,-679.400000,332.340000
931.800000,-705.006000,327.440000
981.848000,-741.400000,342.560000
965.472000,-699.488000,345.000000
1083.800000,-659.440000,325.370000
1073.990000,-604.600000,323.655000
1038.800000,-625.540000,321.947000
1060.445000,-664.600000,320.232000
1041.860000,-627.880000,326.000000
987.100000,-664.043000,324.416000
984.328000,-606.400000,325.928000
969.100000,-623.274000,325.438000
976.606000,-665.400000,324.950000
982.960000,-633.009000,326.000000
965.000000,-627.717000,334.602000
963.544000,-626.200000,330.454000
949.000000,-634.414000,326.306000
954.664000,-663.200000,339.141000
956.536000,-645.255000,343.000000
1066.900000,-547.616000,336.490000
1063.228000,-542.000000,332.080000
930.900000,-550.586000,327.688000
970.476000,-596.000000,323.296000
954.428000,-573.212000,340.000000
813.700000,-1066.288000,320.133000
780.924000,-1059.400000,328.449000
779.700000,-1063.336000,325.754000
787.418000,-1100.400000,323.070000
809.450000,-1085.681000,330.000000
892.700000,-1012.493000,330.416000
826.927000,-988.700000,326.512000
819.700000,-991.996000,338.608000
831.672000,-1091.700000,334.688000
861.748000,-1061.315000,340.000000
809.800000,-1013.440000,333.100000
785.527000,-995.800000,329.915000
780.800000,-1053.940000,326.743000
783.700000,-1055.800000,336.571000
788.862000,-1041.880000,337.000000
773.400000,-1081.150000,337.968000
733.152000,-1072.200000,334.064000
721.400000,-1094.825000,330.144000
723.324000,-1097.200000,326.240000
772.308000,-1093.000000,338.000000
772.800000,-1023.776000,357.076000
755.050000,-1000.200000,330.616000
747.800000,-1047.352000,412.264000
772.125000,-1056.200000,385.804000
764.825000,-1050.320000,433.000000
840.300000,-946.605000,369.410000
804.068000,-920.900000,350.378000
784.300000,-962.187000,331.268000
835.260000,-973.900000,390.236000
805.748000,-971.674000,401.000000
844.200000,-860.368000,348.753000
807.992000,-824.200000,343.629000
782.200000,-871.390000,338.505000
834.714000,-890.200000,333.360000
787.408000,-825.652000,351.000000
769.300000,-854.639000,342.096000
759.940000,-824.700000,389.661000
751.300000,-856.648000,374.289000
765.394000,-873.700000,358.917000
765.448000,-828.865000,393.000000
746.242005,-859.180299,360.870000
752.323882,-829.204206,345.498000
733.412610,-848.881745,330.063000
736.080498,-870.194116,377.691000
748.712066,-834.748459,393.000000
869.700000,-758.936000,339.184000
850.050000,-742.700000,334.792000
819.700000,-754.250000,330.400000
852.500000,-764.700000,325.990000
829.150000,-747.364000,343.000000
907.900000,-784.220000,326.566000
896.350000,-736.100000,340.156000
872.900000,-763.760000,335.764000
893.655000,-796.100000,331.372000
904.085000,-752.600000,343.000000
824.956929,-805.516600,408.460000
830.212740,-769.268887,360.636000
793.601769,-768.223218,508.616000
803.694555,-800.577577,460.792000
818.339242,-778.387696,529.000000
909.000000,-661.124000,343.416000
896.211000,-630.500000,337.536000
846.000000,-641.555000,331.680000
875.358000,-663.500000,349.800000
864.522000,-643.766000,351.000000
840.600000,-664.616000,402.686000
833.320000,-641.800000,384.874000
788.600000,-648.033000,366.989000
809.556000,-664.800000,349.177000
840.392000,-652.518000,404.000000
897.700000,-594.580000,385.200000
891.468000,-592.600000,332.740000
860.718000,-592.600000,351.230000
815.700000,-600.088000,495.280000
843.498000,-628.600000,442.605000
858.094000,-628.600000,445.400000
906.700000,-546.117000,333.685000
905.114000,-541.000000,330.010000
784.700000,-547.192000,326.350000
818.372000,-584.000000,337.690000
833.378000,-566.456000,340.000000
557.376328,-1132.585956,351.310000
533.198357,-1109.033164,343.990000
530.223803,-1110.251022,336.640000
519.445635,-1139.562027,329.320000
522.514749,-1127.939185,355.000000
535.936358,-1161.054441,353.984000
492.028148,-1123.163324,474.029000
516.277497,-1139.519716,355.574000
485.603146,-1119.437540,435.233000
478.256807,-1147.648540,396.278000
497.225187,-1160.442874,425.216000
517.845037,-1164.860615,485.000000
503.620060,-1095.728708,354.914000
501.021175,-1078.771188,339.969000
478.257037,-1093.105607,386.085000
478.230261,-1095.119194,371.201000
487.687206,-1097.142689,387.000000
591.488927,-1067.546353,409.148000
582.375289,-1020.234003,382.552000
531.643321,-1043.949834,355.847000
527.251400,-1049.091629,329.251000
541.001184,-1051.143985,434.000000
621.385352,-1032.199059,328.272000
605.542722,-1002.935689,352.432000
587.553197,-999.118099,344.624000
614.036307,-1035.670613,336.784000
613.477452,-1032.978324,358.000000
640.218758,-998.294589,330.059000
644.544465,-967.955043,327.375000
610.183720,-980.153418,335.680000
620.538175,-1009.815452,332.996000
615.522114,-1001.690479,337.000000
658.885313,-957.733238,353.013000
669.237281,-938.367887,343.497000
645.556669,-949.225168,333.981000
645.045388,-965.697954,363.426000
667.087883,-937.772966,366.000000
432.905693,-1098.370440,328.966000
437.735045,-1062.555791,328.721000
401.709953,-1060.581033,328.477000
413.575007,-1099.459289,328.233000
419.607743,-1046.844303,329.000000
449.380986,-1050.809027,345.160000
459.283351,-1028.002810,329.300000
435.878553,-1028.287333,378.375000
436.819942,-1051.111314,362.515000
457.765918,-1034.417243,393.000000
516.142029,-1029.972938,362.032000
528.797161,-1008.508331,346.352000
507.521900,-1007.357911,330.736000
505.009598,-1028.392625,379.056000
520.346665,-1009.254741,390.000000
496.741950,-1007.697462,370.189000
514.377813,-984.093649,358.233000
492.304421,-981.695432,346.228000
485.628946,-1004.207307,334.272000
498.268339,-980.328616,377.000000
541.508764,-1010.361485,333.406000
550.042183,-985.941034,359.110000
517.162073,-960.592030,350.814000
522.695425,-991.895993,342.484000
545.562701,-994.432398,362.000000
573.997631,-981.517606,330.290000
614.657386,-940.323269,329.065000
582.134616,-931.178581,332.845000
559.569997,-969.225970,331.625000
588.662628,-948.642210,333.000000
595.967740,-916.941800,372.092000
594.914869,-915.060034,358.184000
573.370411,-913.365843,344.219000
542.298822,-947.014586,330.311000
565.173950,-924.859437,386.000000
666.005038,-901.072965,328.972000
667.186846,-896.525896,342.580000
632.523817,-870.281342,338.188000
607.861161,-909.071626,333.778000
643.932615,-914.488239,346.000000
707.973735,-844.552025,374.949000
691.159595,-813.221336,342.364000
686.064093,-817.257518,442.912000
658.007086,-851.732184,410.460000
681.295546,-849.266878,461.000000
735.882706,-806.524369,373.919000
723.822957,-783.805916,357.083000
721.416780,-783.496136,340.178000
706.654197,-802.329657,392.342000
715.240582,-799.823580,398.000000
763.900000,-680.440000,380.550000
745.588000,-675.500000,368.545000
742.900000,-675.557000,356.589000
745.735000,-694.500000,344.584000
743.488000,-689.446000,383.000000
742.673251,-707.869380,339.920000
724.560506,-675.750213,330.160000
705.243351,-680.275334,360.360000
706.368083,-683.475741,350.600000
728.028031,-704.094716,370.000000
766.000000,-608.386000,354.656000
711.615000,-578.200000,345.872000
693.000000,-646.528000,337.088000
693.584000,-656.200000,364.268000
724.463000,-645.358000,371.000000
765.700000,-555.600000,350.900000
724.840000,-537.600000,346.000000
705.700000,-570.120000,341.120000
762.340000,-577.600000,336.240000
713.680000,-574.560000,354.000000
708.600000,-557.988000,356.745000
682.644000,-536.400000,519.285000
666.600000,-567.858000,466.610000
703.602000,-578.400000,414.150000
425.523142,-1019.993806,346.640000
421.861171,-987.965786,336.880000
392.145176,-983.971532,367.120000
410.048881,-1021.049294,357.320000
423.478277,-992.393940,369.000000
470.554017,-976.168015,388.680000
468.857177,-941.529550,368.590000
435.105522,-931.528345,348.582000
452.776965,-972.520645,328.574000
456.301036,-931.820737,410.000000
494.576876,-952.280090,328.190000
497.522743,-922.357920,331.970000
466.491442,-910.685248,330.745000
477.952820,-945.861550,329.525000
504.920813,-939.979119,333.000000
536.029733,-921.196092,336.077000
558.049633,-875.261899,330.932000
510.906903,-864.334584,346.808000
511.081043,-912.601464,341.663000
547.000899,-884.595016,350.000000
590.505687,-879.555492,338.525000
623.571422,-841.159950,334.865000
590.230950,-841.175183,331.190000
574.393916,-875.771732,342.530000
602.628509,-844.376594,344.000000
562.753941,-858.795756,333.531000
579.122527,-836.391876,331.823000
556.114378,-825.569581,330.115000
550.861690,-849.163120,328.400000
556.968395,-826.576534,334.000000
573.825600,-827.454630,335.120000
596.201395,-806.424418,361.545000
581.833940,-804.241730,353.005000
568.150251,-822.632644,344.465000
584.828505,-814.295773,362.000000
638.188538,-784.429570,342.960000
637.264729,-782.321050,335.152000
620.621402,-772.919965,327.312000
608.245496,-792.566738,351.504000
620.545607,-784.484974,358.000000
683.025780,-795.745112,338.606000
683.203380,-792.093587,335.176000
644.384160,-752.404424,331.760000
637.196273,-781.360997,328.330000
641.281136,-766.037379,341.000000
729.746332,-749.737402,334.937000
705.684825,-705.913456,358.342000
699.819062,-709.634050,350.778000
666.324718,-752.648715,343.214000
702.955864,-761.845537,362.000000
435.520573,-917.989696,336.650000
405.035405,-869.279333,332.258000
400.580394,-866.504603,345.848000
383.447447,-895.057943,341.456000
405.884453,-906.247520,347.000000
461.805444,-894.437871,341.756000
443.947157,-859.275344,337.101000
416.839560,-872.946346,332.465000
419.981432,-877.350610,346.810000
429.651457,-877.279138,347.000000
513.037645,-854.905914,328.352000
512.308712,-821.780518,340.448000
464.898992,-851.424762,336.528000
462.585586,-855.718515,332.624000
490.021841,-871.675370,344.000000
477.160155,-831.846735,337.920000
479.534790,-807.379766,330.356000
446.651101,-825.670250,353.792000
457.037481,-847.925579,346.197000
456.139801,-838.276077,359.000000
544.398286,-825.199606,344.951000
546.599733,-807.968074,337.846000
526.083200,-816.869198,330.770000
532.379469,-833.310935,352.694000
527.191274,-824.286938,356.000000
529.745644,-804.640110,332.502000
529.153309,-778.738629,331.038000
503.522674,-782.125227,329.568000
515.874074,-810.010610,328.104000
521.895928,-769.871850,333.000000
568.134689,-803.551303,328.808000
561.546820,-767.195044,338.623000
528.510315,-758.432914,335.451000
551.183855,-802.068319,332.266000
571.434671,-782.504103,339.000000
581.432429,-751.071272,329.084000
591.482685,-734.339756,327.620000
573.644668,-739.363043,326.150000
571.634473,-754.321696,330.686000
588.155815,-735.970938,332.000000
615.186592,-744.250091,333.120000
623.609217,-720.423768,330.680000
599.081727,-716.115247,328.240000
602.087143,-741.516692,325.790000
610.634514,-713.554075,335.000000
575.351438,-735.454164,327.663000
609.118923,-701.354306,352.578000
580.180809,-712.242023,344.526000
561.363746,-739.311534,336.474000
599.031449,-713.711384,357.000000
655.307351,-727.229884,333.180000
683.729527,-681.765252,328.300000
636.829286,-663.700792,343.400000
630.766660,-711.702501,338.520000
663.288615,-686.936588,345.000000
314.275755,-1037.539994,333.484000
327.119220,-988.401664,330.556000
248.726723,-916.908013,327.628000
267.424800,-986.190903,336.688000
270.686247,-946.027927,337.000000
338.622789,-999.004109,326.210000
389.737905,-952.464867,352.635000
360.465564,-949.147190,344.095000
327.999877,-989.044868,335.555000
367.205558,-974.957508,361.000000
366.641417,-940.729366,336.688000
361.404185,-931.258683,331.320000
288.687438,-861.024941,347.930000
281.367566,-918.228539,342.562000
323.907147,-928.629384,352.000000
390.432591,-859.830598,406.596000
392.091761,-855.429688,374.256000
343.050429,-805.553228,342.048000
329.825050,-843.686348,441.708000
347.010119,-837.089242,459.000000
409.359872,-835.333070,346.822000
376.548114,-787.091307,341.454000
373.022825,-787.552656,336.064000
360.823339,-815.343299,330.696000
363.457093,-801.243663,349.000000
465.214277,-786.970094,329.786000
436.316730,-741.588420,340.370000
432.050150,-737.907060,336.954000
418.118532,-762.018942,333.524000
447.046508,-784.828087,341.000000
498.805647,-759.386421,326.000000
474.585417,-716.159387,326.000000
446.867060,-726.813405,326.000000
450.150154,-732.065806,326.000000
469.142696,-744.598337,326.000000
577.531336,-687.690427,337.736000
572.227946,-664.920614,333.832000
547.941372,-676.909399,329.912000
546.649208,-679.414959,326.008000
552.932526,-679.156037,341.000000
553.879535,-709.509895,325.470000
545.231288,-679.660313,329.250000
518.993172,-686.289932,328.030000
540.189162,-719.515262,326.805000
540.251668,-714.523490,330.000000
532.707006,-673.471745,331.288000
542.969444,-653.415845,327.368000
513.704251,-670.845239,339.464000
514.547713,-686.645606,335.560000
513.210865,-681.783336,341.000000
586.534995,-644.167596,340.966000
588.063753,-620.985890,334.622000
564.329344,-624.821879,328.252000
573.525721,-649.149770,347.908000
585.403713,-618.474344,349.000000
284.353916,-839.372088,361.650000
284.556525,-820.643927,353.075000
266.968218,-816.143222,344.535000
275.034776,-838.427501,335.960000
291.910043,-833.656402,362.000000
256.575796,-862.866471,324.032000
248.625529,-813.108695,320.616000
199.608644,-786.791218,331.186000
230.727999,-850.044770,327.770000
253.473860,-827.703281,334.000000
317.875284,-805.423645,326.000000
322.460109,-773.631408,326.000000
288.556614,-758.438397,326.000000
299.584026,-796.257517,326.000000
310.068986,-768.759045,326.000000
282.871377,-716.691443,327.540000
299.882856,-695.196426,326.560000
282.335889,-699.549685,325.584000
274.226987,-717.524325,324.608000
288.090961,-695.915950,328.000000
344.234974,-714.407424,326.281000
354.444480,-701.362885,331.573000
343.880851,-701.168501,329.858000
339.132322,-712.776154,328.150000
350.211608,-706.136784,332.000000
331.839068,-701.610189,326.410000
343.785041,-688.688888,325.185000
335.276757,-688.965735,328.965000
328.258720,-699.868440,327.740000
336.823935,-692.257226,329.000000
358.239957,-697.307508,327.120000
372.927010,-679.494370,326.144000
352.108622,-664.595498,325.164000
346.975532,-684.348251,324.188000
352.575227,-671.699618,328.000000
408.738119,-662.158375,326.312000
407.845835,-659.932184,329.336000
388.031946,-660.208649,328.356000
384.454861,-688.378518,327.380000
400.829765,-676.881365,330.000000
439.203388,-639.003411,333.163000
441.337944,-635.241153,328.508000
415.055219,-622.883773,342.872000
402.393072,-653.695561,338.217000
419.188013,-646.599787,345.000000
401.755756,-604.127894,356.075000
366.972705,-644.754631,344.119000
365.550520,-646.850902,332.114000
375.498165,-639.261555,369.158000
377.755785,-634.942185,372.000000
572.140352,-583.769662,345.352000
571.759261,-563.153314,339.496000
569.546684,-562.448677,333.640000
530.913519,-598.484341,327.760000
541.008783,-586.488809,346.000000
562.900000,-539.684000,328.528000
529.780000,-533.300000,322.648000
522.900000,-553.460000,340.792000
526.540000,-554.300000,334.936000
551.140000,-549.617000,346.000000
509.743570,-649.149424,341.530000
506.306632,-625.070169,334.454000
478.204991,-640.367436,327.349000
475.902537,-643.286313,349.273000
486.743220,-647.548133,354.000000
488.320364,-605.969828,321.000000
484.211514,-576.265488,321.000000
454.425997,-585.497336,321.000000
471.779488,-617.202644,321.000000
454.950753,-590.205302,321.000000
470.500000,-566.658000,321.000000
464.120000,-563.200000,321.000000
460.500000,-568.583000,321.000000
469.510000,-570.200000,321.000000
468.610000,-569.976000,321.000000
451.326764,-581.361318,321.000000
449.860480,-569.901898,321.000000
441.061612,-580.012328,321.000000
446.769323,-588.104559,321.000000
450.441479,-570.746531,321.000000
429.399013,-589.012683,324.056000
430.590550,-569.589687,323.076000
418.863665,-585.787261,322.100000
423.122762,-598.813998,321.124000
426.775078,-571.185053,325.000000
479.100000,-553.340000,321.000000
460.284000,-546.500000,321.000000
437.100000,-552.290000,321.000000
466.962000,-556.500000,321.000000
475.572000,-548.080000,321.000000
406.684889,-577.709561,321.000000
413.654612,-548.401150,321.000000
400.596556,-565.531310,321.000000
399.805606,-585.928489,321.000000
410.539249,-556.674010,321.000000
394.510492,-564.263866,321.000000
398.566378,-542.507660,321.000000
388.189370,-551.854286,321.000000
388.921827,-567.744243,321.000000
392.667926,-548.621684,321.000000
1325.389328,-504.986809,357.592000
1359.464856,-479.927753,343.928000
1335.569473,-475.333427,330.208000
1315.212747,-499.102771,316.544000
1337.494344,-474.746662,360.000000
1269.500000,-522.740000,316.168000
1256.890000,-494.600000,309.308000
1204.500000,-504.350000,330.476000
1234.205000,-524.600000,323.616000
1251.430000,-506.960000,337.000000
1269.000000,-416.239000,318.634000
1265.490000,-416.200000,313.510000
1242.000000,-426.418000,308.365000
1252.638000,-455.200000,324.241000
1253.448000,-434.725000,328.000000
1188.300000,-498.448000,321.928000
1184.816000,-496.400000,318.512000
1136.300000,-502.768000,315.096000
1153.460000,-528.400000,311.666000
1142.800000,-513.616000,324.000000
1131.300000,-491.720000,313.453000
1131.200000,-486.600000,315.718000
1106.300000,-492.000000,314.986000
1112.975000,-526.600000,314.254000
1126.975000,-510.680000,316.000000
1190.100000,-453.138000,315.592000
1118.660000,-449.700000,313.640000
1114.100000,-450.996000,319.680000
1129.528000,-467.700000,317.728000
1154.228000,-461.670000,320.000000
1203.900000,-416.580000,333.398000
1121.462000,-407.400000,325.102000
1109.900000,-407.688000,316.806000
1123.060000,-443.400000,308.476000
1131.520000,-433.644000,342.000000
963.800000,-503.514000,324.138000
936.158000,-496.200000,326.403000
929.800000,-517.935000,325.671000
932.418000,-519.200000,324.939000
961.488000,-514.416000,327.000000
1005.000000,-445.060000,330.944000
952.500000,-433.600000,324.600000
935.000000,-460.060000,344.230000
935.910000,-463.600000,337.886000
979.310000,-459.250000,348.000000
912.300000,-508.250000,389.300000
877.950000,-494.900000,364.800000
862.300000,-519.440000,340.400000
909.800000,-524.900000,415.900000
879.050000,-522.470000,425.000000
911.700000,-464.620000,345.525000
895.502000,-444.300000,339.425000
885.700000,-474.500000,333.300000
908.736000,-484.300000,327.200000
886.662000,-483.580000,347.000000
914.100000,-419.360000,345.856000
886.100000,-402.200000,424.480000
864.100000,-422.930000,399.104000
905.250000,-432.200000,373.624000
901.000000,-403.580000,425.000000
864.200000,-485.165000,373.502000
833.448000,-473.100000,354.147000
802.200000,-485.032000,334.871000
849.258000,-492.100000,394.595000
829.480000,-475.171000,410.000000
863.600000,-446.481000,397.044000
836.754000,-433.200000,377.768000
801.600000,-443.935000,358.413000
844.752000,-452.200000,339.137000
810.342000,-436.468000,410.000000
772.000000,-492.964000,344.745000
772.000000,-466.734000,405.558000
729.820000,-400.000000,410.430000
658.000000,-461.122000,389.202000
658.000000,-463.196000,356.664000
730.162000,-522.000000,367.887000
754.102000,-428.792000,420.000000
691.060000,-450.752000,420.000000
634.400000,-500.300000,353.578000
616.346000,-398.000000,337.474000
575.400000,-452.312000,387.304000
608.971000,-522.000000,371.200000
607.555000,-435.076000,391.000000
574.200000,-508.647000,349.702000
560.349000,-399.300000,339.454000
517.200000,-445.302000,329.164000
546.042000,-522.300000,360.916000
531.222000,-443.949000,361.000000
480.900000,-506.828000,319.840000
475.530000,-469.700000,340.980000
450.900000,-481.829000,334.148000
464.160000,-508.700000,327.288000
479.340000,-486.314000,347.000000
405.300000,-476.372000,319.624000
402.284000,-475.700000,317.672000
379.300000,-486.074000,323.712000
389.154000,-517.700000,321.760000
396.200000,-496.238000,325.000000
499.500000,-403.319000,315.748000
497.062000,-398.500000,316.236000
453.500000,-409.724000,316.724000
468.036000,-459.500000,315.214000
469.646000,-432.233000,315.000000
1271.200000,-301.166000,385.625000
1236.585000,-290.800000,364.800000
1236.200000,-299.633000,344.060000
1245.020000,-363.800000,323.320000
1238.055000,-335.768000,392.000000
1217.300000,-320.638000,332.401000
1171.000000,-315.900000,398.173000
1167.300000,-317.211000,376.858000
1176.750000,-338.900000,355.630000
1205.000000,-331.540000,400.000000
1167.900000,-304.245000,358.414000
1133.420000,-276.000000,337.099000
1127.900000,-380.370000,315.871000
1132.900000,-381.000000,381.556000
1146.140000,-354.015000,400.000000
1100.100000,-314.985000,442.560000
1020.200000,-300.000000,404.008000
1006.200000,-300.000000,351.868000
1000.100000,-341.850000,365.298000
1006.300000,-345.000000,326.746000
1000.500000,-345.000000,421.072000
1015.900000,-336.270000,471.000000
997.200000,-363.560000,331.862000
953.100000,-349.700000,414.266000
937.200000,-380.045000,387.670000
997.140000,-384.700000,360.965000
988.740000,-380.150000,428.000000
998.100000,-275.065000,364.453000
957.780000,-259.000000,337.748000
938.100000,-287.140000,420.152000
994.200000,-294.000000,393.556000
971.760000,-291.655000,428.000000
879.400000,-370.929000,375.765000
865.393000,-358.900000,358.441000
856.400000,-375.920000,341.046000
876.456000,-381.900000,394.722000
862.449000,-381.831000,396.000000
830.200000,-368.852000,328.936000
812.760000,-350.100000,383.368000
798.200000,-371.764000,365.800000
824.056000,-382.100000,348.160000
829.048000,-352.020000,400.000000
889.700000,-331.250000,348.584000
859.334000,-296.800000,328.494000
826.700000,-329.289000,390.486000
873.635000,-349.800000,370.478000
868.658000,-303.372000,405.000000
918.300000,-284.516000,329.710000
878.172000,-261.700000,327.026000
822.300000,-279.300000,324.331000
887.772000,-293.700000,332.647000
857.532000,-267.684000,334.000000
775.600000,-342.760000,428.081000
760.335000,-315.600000,401.376000
732.600000,-332.645000,374.780000
759.174000,-350.600000,348.075000
735.567000,-324.350000,438.000000
769.600000,-303.520000,344.423000
757.336000,-263.200000,411.707000
727.600000,-283.504000,389.902000
750.910000,-311.200000,368.186000
759.982000,-278.272000,415.000000
706.400000,-310.789000,331.080000
695.228000,-253.900000,327.176000
657.400000,-276.580000,323.272000
681.459000,-316.900000,335.352000
680.528000,-277.651000,339.000000
646.650000,-374.744000,364.220000
624.424500,-247.100000,350.745000
511.950000,-286.172000,337.325000
569.601600,-379.100000,323.905000
535.387800,-305.312000,375.000000
585.900300,-270.992000,375.000000
502.100000,-251.790000,313.692000
489.273000,-247.800000,348.468000
375.100000,-278.789000,337.198000
421.328000,-380.800000,325.974000
486.225000,-314.832000,355.000000
399.865000,-361.249000,355.000000
1095.100000,-164.884000,335.000000
1089.628000,-156.800000,325.240000
951.100000,-171.420000,355.480000
994.444000,-242.800000,345.680000
1034.188000,-205.562000,359.000000
1072.060000,-201.950000,359.000000
921.400000,-171.875000,500.449000
921.400000,-184.700000,485.389000
848.275000,-160.100000,438.954000
906.025000,-160.100000,540.358000
846.400000,-168.050000,377.710000
846.400000,-215.450000,344.327000
864.250000,-235.100000,567.466000
866.650000,-235.100000,399.296000
994.700000,-74.204000,327.973000
951.883000,-70.200000,325.777000
947.700000,-70.982600,323.572000
955.878000,-88.400000,321.376000
993.760000,-82.830800,328.000000
1000.012694,-50.241676,327.992000
966.121511,-38.263706,321.377000
956.475311,-53.362183,341.789000
960.967626,-54.659216,335.174000
985.290522,-55.470241,347.000000
855.522980,-111.919641,335.474000
835.700663,-91.259732,330.350000
820.020189,-101.124998,325.205000
820.570092,-103.335447,341.081000
832.405702,-107.169368,344.000000
890.220956,-83.813369,326.352000
858.258975,-51.967569,324.888000
832.751526,-60.671806,323.424000
881.746261,-95.533926,321.954000
836.746182,-64.063530,327.000000
920.584076,-19.645403,323.056000
897.526891,2.042690,335.136000
876.257248,-13.052421,331.232000
912.588081,-31.886459,327.328000
907.493195,-28.603752,336.000000
874.999949,3.081439,321.357000
870.547382,27.991751,318.185000
852.618357,2.747791,315.000000
865.862037,-13.826276,324.828000
872.021806,26.994376,328.000000
783.200000,-219.647000,386.676000
761.960000,-191.400000,367.811000
743.200000,-222.514000,349.023000
774.960000,-238.400000,330.158000
750.800000,-194.925000,403.000000
712.800000,-220.700000,320.516000
691.785000,-187.500000,325.052000
667.800000,-217.450000,323.582000
700.650000,-237.500000,322.118000
707.940000,-194.400000,326.000000
638.700000,-210.360000,327.136000
608.804000,-195.800000,320.060000
564.700000,-206.500000,341.955000
614.058000,-215.800000,334.879000
608.582000,-199.820000,345.000000
423.000000,-221.140000,365.787000
411.747000,-189.500000,343.982000
390.000000,-208.380000,322.266000
409.932000,-229.500000,389.461000
399.735000,-200.100000,394.000000
776.400000,-117.140000,327.829000
761.165000,-65.900000,325.633000
721.400000,-90.440000,323.428000
751.100000,-125.900000,321.232000
776.235000,-85.580000,328.000000
769.250000,-35.420000,325.392000
746.245000,1.300000,313.680000
661.750000,-12.500000,349.968000
713.027500,-38.700000,338.208000
736.785000,-14.380000,360.000000
507.800000,-40.888000,316.294000
498.800000,6.200000,310.659000
447.800000,-7.336000,305.047000
472.580000,-41.800000,322.435000
471.800000,-15.640000,326.000000
248.081026,-574.568216,322.876000
247.457358,-572.608116,322.632000
230.662865,-562.287892,322.387000
224.247992,-579.097235,322.143000
227.693017,-568.257288,323.000000
296.500000,-328.592000,312.175000
296.293000,-326.000000,312.930000
287.500000,-329.720000,312.686000
290.083000,-350.000000,312.441000
294.727000,-339.968000,313.000000
283.000000,-312.039000,312.473000
259.960000,-310.500000,312.229000
259.000000,-311.328000,312.984000
264.352000,-319.500000,312.740000
271.120000,-316.305000,313.000000
174.297484,-558.562328,328.168000
166.790996,-523.124736,326.216000
163.969388,-520.054032,324.264000
132.159955,-543.265063,322.304000
143.345730,-539.579080,330.000000
142.945258,-298.803479,313.140000
127.597505,-272.919836,314.650000
106.405515,-285.845748,314.162000
108.162675,-288.840345,313.674000
132.289159,-304.905811,315.000000
123.511094,-609.459468,355.016000
128.873792,-577.962104,333.788000
79.099132,-619.930306,399.473000
74.618903,-625.530591,378.245000
92.760435,-626.973089,410.000000
33.575091,-502.800909,326.660000
99.440667,-547.189061,324.220000
31.787618,-419.260989,321.780000
-19.182664,-419.137466,329.330000
14.596897,-417.914498,330.000000
149.300110,-437.824799,341.230000
162.622432,-386.571943,335.840000
99.245937,-417.039998,330.472000
111.854926,-463.129688,325.104000
86.998648,-428.048777,342.000000
75.031810,-344.143332,322.942000
120.792983,-369.805139,314.646000
90.459365,-312.746013,340.316000
53.279987,-310.404561,332.020000
112.100298,-374.081850,348.000000
40.097842,-303.156992,330.546000
46.317553,-250.234292,322.461000
-6.743740,-259.488906,314.409000
11.584468,-311.667729,339.324000
38.960814,-251.436374,345.000000
364.000000,-197.363000,317.620000
312.358000,-131.500000,313.472000
250.000000,-188.148000,309.307000
331.624000,-228.500000,305.159000
263.452000,-146.341000,320.000000
360.580000,-162.637000,320.000000
286.833620,-67.281061,305.212000
307.344405,-33.421434,315.796000
274.903158,-36.444150,312.380000
269.841699,-67.711562,308.950000
303.307042,-45.502303,317.000000
209.000000,-76.570000,310.457000
196.612000,0.000000,310.212000
171.000000,-43.510000,310.968000
193.382000,-95.000000,310.724000
190.798000,-26.505000,311.000000
170.000000,-186.835000,323.305000
125.290000,0.000000,320.621000
0.000000,-84.710000,317.926000
89.420000,-215.000000,315.242000
37.740000,-73.745000,326.000000
154.020000,-72.455000,326.000000
102.680000,-130.290000,326.000000
68.510000,-17.845000,326.000000
