1522.700000,-1073.292000,305.552000
1520.932000,-1072.200000,305.062000
1505.700000,-1081.365000,304.574000
1511.939000,-1111.200000,304.086000
1509.134000,-1091.778000,306.000000
1493.900000,-1058.040000,307.172000
1470.596000,-1052.600000,306.682000
1469.900000,-1056.102000,306.194000
1475.540000,-1086.600000,307.704000
1479.308000,-1074.156000,308.000000
1570.100000,-969.240000,303.765000
1543.252000,-963.400000,302.057000
1538.100000,-982.820000,307.342000
1541.396000,-983.400000,305.634000
1556.724000,-978.720000,308.000000
1526.200000,-965.620000,305.100000
1515.595000,-952.900000,320.200000
1511.200000,-978.070000,315.320000
1525.750000,-982.900000,310.440000
1522.795000,-979.840000,321.000000
1508.400000,-971.868000,301.126000
1484.250000,-956.300000,307.930000
1466.400000,-976.096000,305.734000
1501.596000,-984.300000,303.529000
1506.846000,-957.140000,310.000000
1509.789905,-741.399948,322.248000
1476.828778,-726.717382,315.660000
1493.651343,-752.965369,309.045000
1519.013202,-755.518231,302.457000
1478.710611,-737.836749,327.000000
1427.300000,-615.740000,319.412000
1419.836000,-569.000000,315.002000
1403.300000,-594.251000,310.610000
1417.076000,-626.000000,324.218000
1411.556000,-585.758000,326.000000
1390.800000,-635.328000,311.544000
1380.060000,-622.000000,309.592000
1330.800000,-626.354000,315.640000
1357.320000,-636.000000,313.680000
1362.840000,-627.964000,316.000000
1366.100000,-578.464000,310.783000
1365.301000,-574.600000,308.099000
1349.100000,-582.834000,316.404000
1354.370000,-620.600000,313.720000
1361.425000,-600.268000,319.000000
1347.700000,-589.456000,308.126000
1324.825000,-580.600000,309.636000
1322.700000,-582.527000,309.148000
1327.150000,-621.600000,308.658000
1345.575000,-608.890000,310.000000
1448.900000,-1089.096000,310.360000
1419.929000,-1079.700000,309.140000
1411.900000,-1104.405000,307.920000
1413.602000,-1106.700000,306.695000
1415.785000,-1101.894000,311.000000
1344.200000,-1090.220000,308.000000
1331.180000,-1073.900000,308.000000
1324.200000,-1100.522000,308.000000
1342.480000,-1107.900000,308.000000
1330.120000,-1106.336000,308.000000
1442.100000,-1054.440000,310.872000
1424.454000,-1042.200000,306.952000
1408.100000,-1055.220000,303.048000
1434.688000,-1062.200000,315.128000
1424.624000,-1043.920000,319.000000
1434.000000,-1022.390000,309.020000
1399.557000,-1006.000000,304.140000
1345.000000,-1017.418000,319.240000
1402.850000,-1028.000000,314.360000
1405.164000,-1010.796000,323.000000
1344.900000,-1061.043000,307.887000
1329.090000,-1009.300000,320.722000
1282.900000,-1032.133000,316.574000
1315.016000,-1068.300000,312.426000
1336.654000,-1029.950000,323.000000
1446.100000,-942.606000,314.894000
1443.148000,-942.300000,311.464000
1422.100000,-950.936000,308.048000
1431.364000,-976.300000,304.618000
1423.468000,-958.688000,316.000000
1399.000000,-959.453000,305.190000
1354.405000,-954.800000,304.458000
1354.000000,-958.826000,303.723000
1365.430000,-987.800000,305.991000
1365.115000,-975.062000,306.000000
1337.700000,-960.309000,306.160000
1323.956000,-951.300000,305.180000
1321.700000,-983.970000,304.204000
1323.652000,-984.300000,307.228000
1328.708000,-975.951000,308.000000
1430.300000,-922.690000,316.309000
1396.131000,-915.400000,306.305000
1383.300000,-930.844000,337.301000
1429.830000,-933.400000,327.256000
1412.816000,-931.222000,343.000000
1308.000000,-875.164000,315.632000
1297.290000,-836.500000,351.920000
1290.000000,-888.772000,340.160000
1305.444000,-908.500000,328.448000
1304.724000,-837.292000,356.000000
1302.100000,-770.594000,335.101000
1295.155000,-753.200000,327.996000
1287.100000,-768.644000,320.920000
1297.990000,-779.200000,313.844000
1287.235000,-756.918000,336.000000
1356.800000,-791.815000,329.562000
1332.968000,-779.800000,322.486000
1284.800000,-786.730000,315.410000
1327.568000,-794.800000,308.305000
1299.128000,-783.925000,336.000000
1451.000000,-775.595000,321.168000
1430.105000,-761.600000,312.384000
1346.000000,-766.550000,303.564000
1394.510000,-776.600000,330.780000
1386.950000,-767.705000,336.000000
1446.700000,-725.605000,314.328000
1445.762000,-723.200000,305.508000
1432.700000,-730.526000,332.724000
1437.320000,-760.200000,323.904000
1440.820000,-743.143000,336.000000
1445.200000,-708.855000,309.936000
1366.660000,-705.900000,346.224000
1361.200000,-706.890000,334.512000
1377.832000,-720.900000,322.752000
1425.880000,-715.965000,348.000000
1359.800000,-713.673000,312.714000
1346.952000,-701.500000,344.466000
1343.800000,-736.058000,334.176000
1344.856000,-738.500000,323.928000
1359.176000,-731.211000,354.000000
1342.600000,-705.554000,346.734000
1317.773000,-699.100000,336.444000
1305.600000,-710.328000,326.196000
1340.158000,-713.100000,315.906000
1311.187000,-712.190000,354.000000
1302.800000,-722.176000,338.712000
1293.654000,-703.200000,328.464000
1285.800000,-724.640000,318.174000
1299.434000,-735.200000,349.926000
1291.597000,-705.344000,354.000000
1268.400000,-1082.775000,314.582000
1258.250000,-1042.900000,310.417000
1243.400000,-1072.490000,323.269000
1260.150000,-1097.900000,319.121000
1256.700000,-1053.845000,324.000000
1228.600000,-1100.067000,308.280000
1225.860000,-1073.500000,307.055000
1218.600000,-1086.086000,310.835000
1223.970000,-1104.500000,309.610000
1225.820000,-1083.761000,312.000000
1220.900000,-1104.390000,309.195000
1216.498000,-1094.500000,311.463000
1189.900000,-1097.240000,310.728000
1202.455000,-1104.500000,309.996000
1218.172000,-1099.130000,312.000000
1216.600000,-1058.515000,307.875000
1216.520000,-1056.700000,307.630000
1208.600000,-1058.830000,307.386000
1210.784000,-1071.700000,307.142000
1209.424000,-1065.625000,308.000000
1195.000000,-1060.108000,311.052000
1186.220000,-1051.000000,310.320000
1185.000000,-1051.360000,309.588000
1186.410000,-1087.000000,311.853000
1187.930000,-1077.172000,312.000000
1187.000000,-1087.710000,315.434000
1175.810000,-1077.700000,312.750000
1172.000000,-1100.528000,310.055000
1172.135000,-1103.700000,318.371000
1179.245000,-1100.034000,321.000000
1148.400000,-1090.525000,311.000000
1117.700000,-1077.600000,311.000000
1098.400000,-1096.250000,311.000000
1142.250000,-1102.600000,311.000000
1132.100000,-1102.375000,311.000000
1231.100000,-1012.278000,309.226000
1220.496000,-998.000000,310.738000
1209.100000,-1011.508000,310.250000
1225.490000,-1020.000000,309.760000
1228.108000,-1000.706000,311.000000
1206.100000,-1036.721000,313.615000
1201.200000,-1004.700000,312.395000
1192.100000,-1024.462000,311.170000
1200.682000,-1045.700000,309.950000
1192.870000,-1015.155000,314.000000
1143.300000,-1042.811000,322.262000
1135.016000,-999.900000,318.832000
1105.300000,-1016.350000,315.416000
1123.578000,-1046.900000,325.986000
1114.610000,-1018.089000,326.000000
1268.000000,-925.660000,311.794000
1265.506000,-925.200000,310.086000
1239.000000,-927.380000,308.378000
1249.121000,-935.200000,313.663000
1251.615000,-930.390000,315.000000
1238.900000,-953.174000,311.408000
1226.498000,-947.300000,310.432000
1225.900000,-950.138000,313.452000
1228.721000,-980.300000,312.476000
1234.038000,-968.783000,314.000000
1224.200000,-958.080000,310.648000
1214.336000,-949.400000,313.668000
1212.200000,-976.084000,312.692000
1213.220000,-977.400000,311.712000
1221.992000,-971.324000,314.000000
1179.800000,-970.604000,313.884000
1163.930000,-965.300000,312.908000
1156.800000,-975.152000,311.928000
1178.719000,-977.300000,310.952000
1156.938000,-976.280000,314.000000
1190.200000,-952.020000,323.277000
1153.372000,-934.800000,319.112000
1124.200000,-955.470000,314.964000
1178.386000,-964.800000,310.816000
1137.202000,-936.240000,327.000000
1268.300000,-869.032000,311.955000
1262.336000,-853.500000,310.730000
1254.300000,-865.754000,309.510000
1263.946000,-875.500000,313.285000
1259.718000,-857.460000,314.000000
1257.000000,-847.698000,311.800000
1253.472000,-830.100000,311.312000
1245.000000,-839.025000,312.822000
1251.684000,-851.100000,312.334000
1251.924000,-836.652000,313.000000
1157.500000,-871.700000,316.000000
1155.394000,-842.600000,316.000000
1144.500000,-851.390000,316.000000
1150.025000,-872.600000,316.000000
1154.484000,-855.920000,316.000000
1145.100000,-859.230000,316.000000
1144.050000,-857.700000,316.000000
1110.100000,-860.115000,316.000000
1120.355000,-872.700000,316.000000
1143.630000,-866.340000,316.000000
1259.300000,-792.206000,310.171000
1241.340000,-790.100000,310.415000
1239.300000,-790.361000,310.660000
1242.520000,-799.100000,310.904000
1242.260000,-796.472000,310.000000
1213.100000,-771.426000,313.000000
1203.142000,-749.100000,313.000000
1200.100000,-803.817000,313.000000
1200.477000,-810.100000,313.000000
1204.507000,-800.340000,313.000000
1200.200000,-778.878000,320.616000
1191.958000,-748.500000,316.468000
1187.200000,-795.165000,329.320000
1198.861000,-809.500000,325.155000
1194.077000,-807.792000,330.000000
1142.500000,-797.380000,319.806000
1123.926000,-781.000000,318.098000
1105.500000,-797.458000,323.383000
1133.805000,-807.000000,321.675000
1132.140000,-783.704000,325.000000
1270.600000,-749.706000,312.272000
1252.100000,-739.800000,315.292000
1220.600000,-746.313000,314.316000
1252.250000,-752.800000,313.336000
1266.100000,-742.868000,316.000000
1238.100000,-728.236000,331.909000
1227.672000,-688.900000,327.761000
1194.100000,-705.136000,323.613000
1216.144000,-732.900000,319.448000
1198.500000,-705.092000,334.000000
1172.300000,-697.432000,318.374000
1169.570000,-696.600000,317.886000
1146.300000,-704.184000,317.396000
1155.894000,-728.600000,318.908000
1153.866000,-712.600000,319.000000
1138.700000,-687.870000,320.491000
1111.456000,-685.500000,319.756000
1110.700000,-687.075000,319.024000
1117.308000,-700.500000,321.289000
1124.168000,-694.980000,322.000000
1202.900000,-647.880000,325.038000
1133.938000,-641.500000,319.426000
1120.900000,-662.906000,336.791000
1129.428000,-663.500000,331.179000
1175.922000,-658.308000,341.000000
1148.800000,-618.368000,316.812000
1120.440000,-599.800000,322.097000
1108.800000,-636.804000,320.389000
1147.680000,-643.800000,318.681000
1143.280000,-639.224000,323.000000
1251.400000,-614.092000,320.186000
1194.854000,-587.500000,317.491000
1153.400000,-621.532000,314.807000
1235.720000,-635.500000,312.112000
1158.496000,-588.844000,321.000000
1253.000000,-578.406000,329.520000
1215.175000,-564.000000,321.712000
1168.000000,-576.117000,313.872000
1228.180000,-585.000000,306.064000
1188.570000,-567.360000,338.000000
994.600000,-1090.012000,352.515000
977.698000,-1062.200000,336.100000
940.600000,-1077.330000,319.752000
971.704000,-1096.200000,370.404000
963.982000,-1072.128000,383.000000
1076.100000,-1049.500000,318.372000
1069.946000,-998.200000,313.980000
1042.100000,-1015.102000,327.588000
1057.196000,-1052.200000,323.178000
1063.282000,-1021.096000,330.000000
1024.800000,-999.728000,319.476000
1019.998000,-995.300000,326.280000
926.800000,-1005.074000,324.075000
957.376000,-1049.300000,321.879000
1006.572000,-1025.324000,327.000000
995.200000,-940.688000,388.154000
937.429000,-931.700000,370.759000
932.200000,-933.758000,353.435000
943.540000,-973.700000,336.111000
932.452000,-960.596000,390.000000
1073.100000,-901.016000,325.962000
1024.430000,-885.100000,322.546000
1011.100000,-927.282000,319.130000
1014.076000,-931.100000,315.700000
1023.128000,-922.820000,329.000000
1021.800000,-846.155000,323.558000
1000.251000,-824.600000,322.094000
988.800000,-859.925000,320.624000
1019.028000,-869.600000,325.160000
1001.505000,-867.440000,326.000000
1078.200000,-784.394000,336.941000
1062.570000,-751.400000,325.426000
1048.200000,-786.608000,360.958000
1071.720000,-805.400000,349.443000
1065.450000,-755.936000,365.000000
1028.200000,-793.764000,324.664000
1011.084000,-758.100000,341.296000
984.200000,-783.060000,335.906000
1012.888000,-806.100000,330.538000
1017.860000,-768.468000,342.000000
986.200000,-795.700000,324.462000
971.808000,-743.200000,340.338000
930.200000,-766.480000,335.193000
959.320000,-803.200000,330.069000
983.736000,-764.140000,345.000000
1023.800000,-679.834000,341.640000
1012.300000,-679.400000,336.740000
931.800000,-695.272000,331.860000
967.496000,-741.400000,326.960000
945.232000,-709.222000,345.000000
1083.800000,-612.940000,323.487000
1039.115000,-604.600000,321.779000
1038.800000,-612.040000,320.064000
1050.320000,-664.600000,325.356000
1053.920000,-641.380000,326.000000
987.100000,-622.389000,324.902000
971.602000,-606.400000,324.412000
969.100000,-664.928000,325.924000
971.332000,-665.400000,325.436000
978.586000,-650.355000,326.000000
965.000000,-641.111000,330.437000
953.336000,-626.200000,326.272000
949.000000,-658.020000,339.124000
964.872000,-663.200000,334.959000
960.472000,-658.649000,343.000000
1066.900000,-570.890000,323.260000
985.708000,-542.000000,336.868000
930.900000,-581.312000,332.458000
1047.860000,-596.000000,328.066000
1054.252000,-542.486000,340.000000
813.700000,-1086.747000,328.680000
797.890000,-1059.400000,325.985000
779.700000,-1083.836000,323.301000
804.452000,-1100.400000,320.617000
783.032000,-1065.181000,330.000000
892.700000,-1070.997000,335.024000
868.391000,-988.700000,331.120000
819.700000,-1036.492000,327.216000
863.208000,-1091.700000,339.296000
840.724000,-1016.819000,340.000000
809.800000,-1051.660000,330.487000
803.971000,-995.800000,327.315000
780.800000,-1015.720000,324.130000
794.256000,-1055.800000,333.958000
794.691000,-1020.100000,337.000000
773.400000,-1073.775000,326.944000
769.812000,-1072.200000,323.024000
721.400000,-1077.200000,335.120000
738.664000,-1097.200000,331.216000
756.188000,-1085.625000,338.000000
772.800000,-1011.120000,337.744000
749.400000,-1000.200000,419.392000
747.800000,-1004.008000,393.040000
752.800000,-1056.200000,366.580000
769.275000,-1037.664000,433.000000
840.300000,-938.231000,395.384000
795.276000,-920.900000,376.352000
784.300000,-970.508000,357.242000
788.108000,-973.900000,338.210000
787.100000,-963.353000,401.000000
844.200000,-854.494000,345.498000
802.536000,-824.200000,340.353000
782.200000,-877.264000,335.229000
840.170000,-890.200000,330.084000
797.080000,-885.778000,351.000000
769.300000,-853.659000,364.461000
759.580000,-824.700000,349.089000
751.300000,-857.628000,333.654000
765.754000,-873.700000,381.282000
759.040000,-827.885000,393.000000
745.339425,-861.089721,352.491000
753.032683,-829.539255,337.119000
734.315190,-846.972322,384.684000
735.371697,-869.859067,369.312000
749.747839,-837.574136,393.000000
869.700000,-761.510000,328.006000
855.900000,-742.700000,341.596000
819.700000,-751.676000,337.204000
846.650000,-764.700000,332.794000
860.250000,-749.938000,343.000000
907.900000,-795.320000,342.568000
902.860000,-736.100000,338.176000
872.900000,-752.660000,333.766000
887.145000,-796.100000,329.374000
872.935000,-763.760000,343.000000
838.689291,-779.024189,487.056000
840.400422,-774.549680,439.036000
798.277399,-759.203014,391.212000
793.506874,-795.296785,343.388000
797.682936,-779.124304,529.000000
909.000000,-638.783000,341.280000
853.560000,-630.500000,335.424000
846.000000,-630.896000,329.568000
855.009000,-663.500000,347.688000
870.066000,-654.425000,351.000000
840.600000,-650.609000,360.565000
801.704000,-641.800000,342.753000
788.600000,-662.040000,397.868000
789.172000,-664.800000,380.056000
818.344000,-661.511000,404.000000
897.700000,-611.140000,371.225000
847.188000,-592.600000,533.550000
890.648000,-592.600000,446.045000
815.700000,-619.528000,481.090000
887.778000,-628.600000,428.630000
828.164000,-628.600000,325.215000
906.700000,-568.821000,325.360000
847.652000,-541.000000,336.700000
784.700000,-567.488000,333.040000
875.834000,-584.000000,329.365000
900.966000,-546.203000,340.000000
546.341215,-1148.946183,350.020000
550.521098,-1120.717499,342.700000
522.787096,-1121.276392,335.350000
531.110193,-1147.429871,328.030000
531.228173,-1117.774971,355.000000
525.492872,-1176.537547,428.396000
527.917184,-1147.370785,389.441000
508.409930,-1134.212976,326.954000
480.373574,-1127.190699,350.645000
496.255213,-1159.788618,470.849000
505.092753,-1165.749614,396.596000
497.855286,-1140.096808,485.000000
509.386483,-1091.059151,353.633000
509.347083,-1089.052829,338.749000
494.250701,-1080.154194,384.865000
481.232119,-1098.826180,369.920000
493.701945,-1092.735284,387.000000
600.780484,-1060.022199,353.667000
575.432626,-1011.660529,327.071000
569.757667,-1013.085444,409.366000
534.194063,-1057.665103,382.770000
568.313538,-1065.776730,434.000000
622.777998,-1031.071317,328.336000
601.756731,-998.260379,352.496000
586.160551,-1000.245841,344.688000
588.244240,-1003.820062,336.848000
614.810941,-1031.777530,358.000000
642.282081,-996.623743,335.702000
643.298410,-966.416294,333.018000
608.120397,-981.824264,330.323000
621.763462,-1011.328555,327.639000
606.910904,-986.837683,337.000000
658.605541,-957.959793,353.988000
669.322239,-938.472802,344.472000
645.836441,-948.998612,334.917000
644.960430,-965.593039,364.401000
666.581555,-937.719749,366.000000
430.359763,-1100.432093,328.502000
440.140308,-1065.526043,328.257000
404.255883,-1058.519380,328.013000
411.169744,-1096.489037,328.768000
431.370041,-1066.575147,329.000000
445.725292,-1053.769350,348.215000
461.672251,-1030.952856,332.355000
439.534248,-1025.327010,381.430000
434.431042,-1048.161268,365.570000
453.341194,-1036.427894,393.000000
510.962351,-1034.167359,333.744000
531.909150,-1012.351318,382.064000
512.701578,-1003.163490,366.448000
501.897609,-1024.549638,350.832000
521.564658,-1021.349627,390.000000
516.217228,-991.926693,373.570000
518.474059,-989.152092,361.614000
500.029252,-975.439987,349.658000
481.532700,-999.148864,337.653000
489.530303,-985.332856,377.000000
554.098529,-1000.166494,353.160000
528.021004,-958.747142,344.864000
524.020386,-955.038277,336.534000
510.733303,-977.124003,328.238000
518.960090,-975.603973,362.000000
601.445650,-959.290639,330.750000
602.268584,-925.024374,329.525000
554.686598,-953.405548,328.305000
550.561905,-958.101902,332.085000
566.736228,-962.372875,333.000000
572.738847,-935.752186,349.463000
589.458662,-908.322178,335.555000
549.193400,-932.944001,378.647000
547.765728,-953.765653,364.682000
546.181642,-948.901570,386.000000
642.588076,-920.035647,331.042000
654.697983,-881.103435,344.650000
613.974897,-885.301962,340.240000
620.378344,-924.529059,335.848000
659.253121,-895.480861,346.000000
683.610209,-864.281219,458.207000
704.970031,-830.275804,425.622000
671.570321,-828.994344,393.170000
666.222864,-861.877824,360.718000
704.027122,-847.702893,461.000000
722.379795,-817.458810,383.372000
735.649145,-798.410043,366.536000
715.510470,-788.278971,349.700000
711.819659,-808.708471,332.795000
718.819036,-792.166082,398.000000
763.900000,-675.956000,363.302000
761.653000,-675.500000,351.346000
742.900000,-680.041000,339.341000
750.670000,-694.500000,376.385000
750.880000,-684.962000,383.000000
745.139135,-705.872546,346.320000
719.831163,-669.909961,336.520000
717.543240,-670.315081,366.760000
711.097426,-689.315993,356.960000
725.962809,-696.502431,370.000000
766.000000,-600.664000,342.812000
704.461000,-578.200000,370.028000
693.000000,-654.250000,361.208000
700.738000,-656.200000,352.424000
748.480000,-637.636000,371.000000
765.700000,-554.400000,334.540000
723.040000,-537.600000,349.660000
705.700000,-571.320000,344.760000
764.140000,-577.600000,339.880000
762.760000,-573.360000,354.000000
708.600000,-559.584000,505.955000
684.282000,-536.400000,453.280000
666.600000,-566.262000,400.820000
701.964000,-578.400000,348.145000
423.028504,-1022.013925,354.840000
425.191534,-992.078442,345.080000
394.639814,-981.951413,335.280000
406.718517,-1016.936638,365.520000
414.662115,-986.607627,369.000000
466.177131,-979.712348,365.392000
475.170519,-949.325878,345.302000
439.482408,-927.984013,407.294000
446.463623,-964.724317,387.286000
462.111589,-947.945508,410.000000
488.888168,-956.886715,329.325000
505.231918,-931.877958,328.105000
472.180150,-906.078623,331.885000
470.243646,-936.341512,330.660000
492.089318,-935.765137,333.000000
568.017061,-895.293264,330.575000
569.868270,-889.856700,346.451000
525.501704,-852.515947,341.306000
499.262406,-898.006663,336.182000
542.261255,-908.583759,350.000000
619.322259,-856.220292,342.275000
611.903822,-826.751664,338.600000
607.996506,-826.788919,334.940000
567.181905,-866.865639,331.280000
580.143049,-852.934263,344.000000
575.553535,-848.430850,331.858000
568.738741,-823.568967,330.150000
543.314784,-835.934488,328.442000
542.346985,-838.648335,333.727000
550.989152,-840.644496,334.000000
585.762562,-817.788269,344.640000
592.266255,-801.564925,336.100000
569.896978,-813.908091,327.525000
572.085392,-827.492137,353.985000
569.696388,-821.999538,362.000000
624.936646,-795.160741,336.048000
632.079129,-775.917367,328.208000
611.336062,-780.439085,352.400000
613.431096,-798.970421,344.592000
632.562197,-780.338667,358.000000
668.218818,-807.735553,328.722000
670.647180,-776.587971,339.306000
636.653890,-758.664274,335.890000
649.752473,-796.866613,332.460000
674.744318,-791.555028,341.000000
695.940483,-777.112839,359.923000
728.497690,-734.084997,352.359000
686.996154,-720.017836,344.764000
674.977874,-763.334472,337.200000
690.417161,-720.142768,362.000000
440.803611,-913.711576,342.374000
435.976572,-907.488491,337.964000
395.297356,-870.782723,333.572000
391.485127,-904.983651,329.162000
398.798828,-886.695373,347.000000
465.022828,-891.832485,338.488000
440.039078,-854.449268,333.852000
436.959869,-856.653241,329.197000
423.889512,-882.176686,343.561000
437.688148,-880.672769,347.000000
516.255029,-852.300528,333.792000
510.875750,-820.010957,329.888000
461.681607,-854.030148,341.968000
464.018549,-857.488076,338.064000
486.178250,-860.350406,344.000000
477.160155,-831.846735,333.332000
479.519686,-807.361114,356.737000
446.651101,-825.670250,349.173000
457.052584,-847.944231,341.578000
458.390250,-841.055151,359.000000
542.971446,-826.355038,355.449000
547.370022,-808.919301,348.373000
527.510040,-815.713766,341.268000
531.609181,-832.359708,334.192000
553.963162,-817.361475,356.000000
526.551574,-807.226617,331.746000
532.063287,-782.332152,330.276000
506.716744,-779.538721,328.812000
512.964096,-806.417087,327.348000
521.419263,-775.814073,333.000000
563.355241,-807.421624,333.800000
569.287461,-776.753939,330.628000
533.313077,-754.543714,327.456000
543.443214,-792.509424,337.271000
552.094608,-768.441232,339.000000
575.470165,-755.899418,328.460000
593.905568,-737.331767,326.996000
579.606932,-734.534897,331.526000
569.220400,-751.340564,330.062000
583.101031,-741.919729,332.000000
630.504139,-731.846186,327.200000
630.516638,-728.953723,334.750000
607.078559,-709.639540,332.310000
595.179722,-732.986738,329.870000
614.579666,-734.776903,335.000000
603.273515,-712.843312,324.957000
603.568317,-694.499879,349.905000
599.664636,-696.464331,341.853000
557.474546,-734.508772,333.768000
580.312247,-730.433308,357.000000
679.554305,-707.595088,341.780000
663.767484,-657.114182,336.900000
612.582332,-683.335588,332.000000
612.340159,-688.947667,327.120000
624.399737,-684.676477,345.000000
330.082904,-1024.739617,332.788000
288.803048,-941.085133,329.848000
232.919574,-929.708389,326.920000
305.740972,-1033.507435,335.992000
256.499393,-967.765254,337.000000
359.755720,-981.891000,342.030000
383.727895,-945.043123,333.490000
339.332634,-966.260300,359.950000
334.009886,-996.466612,351.375000
381.211435,-949.043221,361.000000
337.852822,-964.041910,335.896000
339.469852,-904.172038,330.528000
275.510151,-871.695698,347.138000
303.301899,-945.315184,341.770000
339.669052,-921.150366,352.000000
366.407901,-879.285409,337.296000
380.990549,-841.720833,436.956000
335.212135,-811.900553,404.748000
340.926262,-857.395203,372.408000
378.636724,-860.118034,459.000000
390.172138,-850.870991,346.514000
407.623955,-825.466774,341.146000
368.896180,-790.894347,335.756000
367.506721,-823.596589,330.388000
368.074608,-798.508145,349.000000
467.501418,-785.118004,336.758000
469.436603,-782.488058,333.342000
429.763010,-739.759150,329.912000
422.128561,-766.970916,340.496000
430.859104,-760.204737,341.000000
499.707137,-758.656410,326.000000
473.125394,-714.356408,326.000000
468.502804,-709.293126,326.000000
451.573677,-733.823710,326.000000
469.715680,-743.462655,326.000000
576.855219,-688.237936,330.056000
572.720704,-665.529119,326.152000
548.594952,-676.380141,338.232000
546.156450,-678.806453,334.328000
560.434938,-689.757107,341.000000
551.670887,-711.298423,325.630000
547.698224,-682.706725,329.405000
521.179284,-684.519654,328.185000
537.722226,-716.468850,326.965000
537.285199,-715.330107,330.000000
527.126320,-677.990895,339.960000
544.431985,-655.221932,336.056000
519.284936,-666.326089,332.152000
513.085173,-684.839519,328.232000
536.296780,-653.306784,341.000000
581.231268,-648.447164,342.370000
592.343321,-626.289617,336.026000
569.633071,-620.542310,329.656000
569.246153,-643.846043,323.312000
579.139165,-621.516973,349.000000
279.871516,-842.510699,346.425000
289.596542,-827.841816,337.850000
271.450618,-813.004612,329.310000
269.978126,-831.205857,355.770000
278.029593,-823.373206,362.000000
274.731523,-848.424754,325.096000
270.625196,-840.766067,321.680000
210.409419,-778.199894,332.264000
208.728332,-822.387398,328.834000
238.119391,-830.569827,334.000000
331.835623,-794.239305,326.000000
303.237024,-749.637076,326.000000
299.570048,-749.614972,326.000000
284.418765,-777.328178,326.000000
313.257939,-795.309946,326.000000
295.154418,-705.436110,327.936000
295.570563,-690.490385,326.956000
270.052848,-710.805018,325.980000
269.756607,-712.645761,325.004000
283.219760,-716.266414,328.000000
350.146464,-708.990541,330.551000
351.593490,-698.251575,328.843000
337.969361,-706.585383,327.135000
341.983313,-715.887464,325.420000
337.993728,-709.058724,332.000000
336.783987,-697.079006,327.015000
342.110929,-686.861915,325.795000
330.331838,-693.496919,324.570000
329.932833,-701.695413,328.350000
341.196629,-687.101569,329.000000
363.261378,-693.094036,325.652000
367.614370,-673.163013,324.672000
347.104819,-668.794187,327.696000
352.288171,-690.679608,326.716000
364.420218,-675.653941,328.000000
398.770505,-687.723983,326.888000
403.820929,-658.362938,329.912000
385.285767,-667.252235,328.932000
388.479767,-689.947763,327.956000
400.892674,-668.791616,330.000000
419.922803,-665.059628,326.608000
437.887791,-632.688173,340.972000
411.732538,-627.374118,336.317000
405.843226,-656.248540,331.681000
430.553281,-648.060644,345.000000
401.574203,-603.975554,364.258000
400.125119,-605.245123,352.253000
365.732072,-647.003243,340.297000
378.341857,-635.872575,328.292000
371.562883,-641.953892,372.000000
572.554016,-583.422557,337.624000
571.643559,-563.015426,331.768000
569.133020,-562.795782,325.888000
531.040791,-598.636017,344.032000
545.148044,-590.581697,346.000000
562.900000,-540.902000,333.064000
532.140000,-533.300000,327.184000
522.900000,-552.221000,345.328000
524.220000,-554.300000,339.472000
543.580000,-550.856000,346.000000
506.338502,-652.006615,332.830000
508.528106,-627.717618,325.754000
481.610059,-637.510245,347.678000
491.036328,-661.322063,340.573000
488.544732,-656.610283,354.000000
482.914610,-610.193266,321.000000
488.676291,-581.980142,321.000000
459.831751,-581.273898,321.000000
467.314711,-611.487990,321.000000
495.075602,-595.855829,321.000000
470.500000,-568.506000,321.000000
466.770000,-563.200000,321.000000
460.500000,-566.735000,321.000000
466.860000,-570.200000,321.000000
461.380000,-564.824000,321.000000
449.032960,-586.899051,321.000000
452.936999,-571.176234,321.000000
443.355417,-574.474594,321.000000
443.692804,-586.830223,321.000000
445.985796,-575.388786,321.000000
435.633446,-572.158819,323.036000
434.737895,-571.123836,322.060000
423.037301,-574.504457,321.080000
418.975418,-597.279849,324.104000
425.221812,-583.469148,325.000000
479.100000,-548.040000,321.000000
438.066000,-546.500000,321.000000
437.100000,-547.590000,321.000000
447.180000,-556.500000,321.000000
464.778000,-552.780000,321.000000
413.202965,-560.459973,321.000000
409.342215,-546.771631,321.000000
394.078480,-582.780898,321.000000
394.763563,-584.023259,321.000000
405.088561,-577.662245,321.000000
397.947580,-554.224954,321.000000
394.857723,-541.237904,321.000000
384.752282,-561.893198,321.000000
392.630481,-569.013999,321.000000
384.719665,-563.223347,321.000000
1338.991414,-497.447050,345.888000
1356.166212,-473.976841,332.168000
1321.967387,-482.873187,318.504000
1318.511392,-505.053684,304.784000
1353.234441,-471.063976,360.000000
1269.500000,-515.090000,324.596000
1240.315000,-494.600000,317.764000
1204.500000,-512.030000,310.904000
1250.780000,-524.600000,332.072000
1231.800000,-499.280000,337.000000
1269.000000,-447.985000,314.707000
1260.441000,-416.200000,309.583000
1242.000000,-433.711000,325.438000
1257.660000,-455.200000,320.314000
1258.497000,-427.432000,328.000000
1188.300000,-526.704000,312.478000
1178.680000,-496.400000,323.048000
1136.300000,-506.512000,319.632000
1159.596000,-528.400000,316.202000
1177.952000,-509.840000,324.000000
1131.300000,-489.760000,315.958000
1129.975000,-486.600000,315.226000
1106.300000,-493.960000,314.491000
1114.200000,-526.600000,313.759000
1131.075000,-508.680000,316.000000
1190.100000,-453.498000,318.368000
1120.104000,-449.700000,316.408000
1114.100000,-450.636000,314.456000
1128.084000,-467.700000,312.504000
1127.932000,-462.030000,320.000000
1203.900000,-419.748000,328.570000
1129.734000,-407.400000,320.274000
1109.900000,-440.520000,311.978000
1114.788000,-443.400000,337.648000
1144.868000,-436.812000,342.000000
963.800000,-507.125000,325.245000
941.462000,-496.200000,324.513000
929.800000,-514.324000,326.778000
961.080000,-519.200000,326.046000
948.908000,-518.027000,327.000000
1005.000000,-451.810000,327.850000
968.250000,-433.600000,347.480000
935.000000,-453.280000,341.136000
990.160000,-463.600000,334.792000
987.710000,-436.030000,348.000000
912.300000,-517.070000,328.400000
892.650000,-494.900000,404.000000
862.300000,-510.620000,379.600000
895.100000,-524.900000,355.100000
909.450000,-501.290000,425.000000
911.700000,-479.140000,343.100000
904.914000,-444.300000,337.000000
885.700000,-459.980000,330.875000
899.324000,-484.300000,324.775000
889.184000,-458.100000,347.000000
914.100000,-402.290000,389.016000
907.650000,-402.200000,363.536000
864.100000,-410.000000,338.160000
883.700000,-432.200000,416.784000
880.300000,-416.510000,425.000000
864.200000,-475.665000,367.577000
802.386000,-473.100000,348.301000
802.200000,-475.532000,408.025000
818.320000,-492.100000,388.670000
834.068000,-484.671000,410.000000
863.600000,-438.273000,352.567000
809.970000,-433.200000,333.291000
801.600000,-452.124000,392.936000
809.536000,-452.200000,373.660000
845.310000,-447.279000,410.000000
772.000000,-448.678000,340.221000
772.000000,-469.296000,389.028000
688.438000,-400.000000,405.906000
658.000000,-505.408000,384.678000
658.000000,-460.634000,340.134000
771.544000,-522.000000,363.363000
760.030000,-506.506000,420.000000
712.720000,-453.314000,420.000000
634.400000,-463.844000,383.872000
599.000000,-398.000000,367.768000
575.400000,-488.768000,351.598000
626.376000,-522.000000,335.494000
580.415000,-398.620000,391.000000
574.200000,-480.849000,348.484000
547.524000,-399.300000,338.236000
517.200000,-473.100000,327.946000
558.924000,-522.300000,359.698000
532.932000,-416.151000,361.000000
480.900000,-500.705000,333.336000
470.820000,-469.700000,326.476000
450.900000,-487.952000,319.644000
468.870000,-508.700000,340.784000
464.880000,-480.191000,347.000000
405.300000,-514.634000,319.568000
399.996000,-475.700000,317.616000
379.300000,-489.812000,323.656000
391.442000,-517.700000,321.704000
396.356000,-492.542000,325.000000
499.500000,-402.099000,316.738000
496.188000,-398.500000,315.228000
453.500000,-410.944000,315.716000
468.910000,-459.500000,316.204000
492.462000,-431.013000,315.000000
1271.200000,-304.743000,386.900000
1238.300000,-290.800000,366.160000
1236.200000,-296.056000,345.420000
1243.305000,-363.800000,324.595000
1237.495000,-339.345000,392.000000
1217.300000,-323.329000,378.250000
1176.900000,-315.900000,357.022000
1167.300000,-337.520000,335.707000
1170.850000,-338.900000,314.479000
1178.650000,-334.231000,400.000000
1167.900000,-323.775000,361.720000
1140.860000,-276.000000,340.405000
1127.900000,-360.840000,319.177000
1165.460000,-381.000000,384.949000
1144.620000,-373.545000,400.000000
1100.100000,-326.415000,371.302000
1045.700000,-300.000000,332.750000
1054.900000,-300.000000,343.494000
1000.100000,-330.420000,452.198000
1080.800000,-345.000000,413.488000
1051.900000,-345.000000,412.698000
1060.900000,-302.745000,471.000000
997.200000,-374.865000,338.511000
972.480000,-349.700000,420.915000
937.200000,-368.740000,394.210000
977.700000,-384.700000,367.614000
985.140000,-356.455000,428.000000
998.100000,-288.785000,426.801000
981.300000,-259.000000,400.096000
938.100000,-273.420000,373.500000
970.680000,-294.000000,346.904000
997.440000,-270.375000,428.000000
879.400000,-381.509000,381.658000
875.996000,-358.900000,364.334000
856.400000,-365.340000,347.010000
865.853000,-381.900000,329.615000
860.517000,-369.411000,396.000000
830.200000,-353.812000,371.776000
829.688000,-350.100000,354.208000
798.200000,-354.836000,336.568000
807.128000,-382.100000,391.000000
810.040000,-368.948000,400.000000
889.700000,-309.944000,357.276000
834.008000,-296.800000,337.186000
826.700000,-297.648000,399.178000
835.961000,-349.800000,379.088000
861.980000,-335.013000,405.000000
918.300000,-273.860000,325.497000
846.108000,-261.700000,333.813000
822.300000,-289.956000,331.118000
823.740000,-293.700000,328.434000
894.300000,-288.996000,334.000000
775.600000,-333.520000,333.033000
748.940000,-315.600000,415.437000
732.600000,-341.885000,388.732000
770.569000,-350.600000,362.136000
773.063000,-350.110000,438.000000
769.600000,-294.112000,401.383000
749.104000,-263.200000,379.578000
727.600000,-292.912000,357.862000
759.142000,-311.200000,336.057000
733.102000,-268.864000,415.000000
706.400000,-302.788000,333.496000
688.956000,-253.900000,329.592000
657.400000,-284.581000,325.672000
687.731000,-316.900000,337.768000
673.129000,-269.650000,339.000000
646.650000,-366.956000,345.630000
616.477200,-247.100000,332.155000
511.950000,-293.960000,373.735000
577.548900,-379.100000,360.315000
580.916400,-297.524000,375.000000
557.613300,-286.172000,375.000000
502.100000,-253.120000,321.650000
490.416000,-247.800000,310.426000
375.100000,-277.459000,345.202000
420.185000,-380.800000,333.932000
464.254000,-316.162000,355.000000
484.066000,-265.223000,355.000000
1095.100000,-171.592000,322.400000
956.860000,-156.800000,352.640000
951.100000,-164.626000,342.840000
983.212000,-242.800000,333.080000
1079.548000,-212.356000,359.000000
1005.388000,-239.876000,359.000000
921.400000,-182.900000,549.645000
921.400000,-229.925000,382.228000
859.300000,-160.100000,488.150000
876.325000,-160.100000,437.197000
846.400000,-232.025000,426.906000
846.400000,-170.150000,492.166000
853.225000,-235.100000,365.662000
896.425000,-235.100000,547.135000
994.700000,-78.135200,325.336000
961.988000,-70.200000,323.140000
947.700000,-85.251400,320.944000
992.773000,-88.400000,327.739000
960.531000,-86.762000,328.000000
999.027878,-54.997173,333.878000
977.801680,-40.682553,327.290000
957.460127,-48.606685,320.675000
990.414815,-60.757436,341.087000
978.807605,-41.624308,347.000000
851.956967,-117.348377,329.804000
846.174332,-98.139647,324.659000
823.586202,-95.696262,340.535000
839.851165,-116.000744,335.390000
846.975489,-102.496456,344.000000
884.755104,-92.560561,321.798000
880.089429,-65.608751,326.334000
838.230362,-51.903837,324.870000
859.967538,-81.925069,323.400000
883.514148,-76.589053,327.000000
916.189584,-32.124238,335.088000
917.904274,-5.133319,331.184000
880.651740,-0.573586,327.264000
892.252201,-24.725065,323.360000
880.857702,-4.625029,336.000000
881.005755,20.135848,324.789000
881.619872,24.092511,321.604000
860.231158,24.365511,318.432000
854.789546,-9.927037,315.247000
859.199587,7.211182,328.000000
783.200000,-202.116000,369.274000
747.080000,-191.400000,350.486000
743.200000,-193.045000,331.621000
749.840000,-238.400000,389.833000
759.800000,-224.394000,403.000000
712.800000,-205.500000,322.232000
678.105000,-187.500000,320.768000
667.800000,-232.650000,325.298000
669.330000,-237.500000,323.834000
695.070000,-229.200000,326.000000
638.700000,-205.640000,321.278000
591.414000,-195.800000,343.173000
564.700000,-211.220000,336.097000
631.448000,-215.800000,328.992000
623.604000,-215.120000,345.000000
423.000000,-214.460000,393.199000
406.269000,-189.500000,371.483000
390.000000,-215.060000,349.678000
415.410000,-229.500000,327.962000
422.538000,-193.420000,394.000000
776.400000,-111.260000,326.209000
755.775000,-65.900000,324.004000
721.400000,-96.320000,321.808000
756.490000,-125.900000,319.612000
731.135000,-79.700000,328.000000
769.250000,-34.220000,341.280000
743.127500,1.300000,329.568000
661.750000,-13.700000,317.856000
716.145000,-38.700000,354.096000
701.202500,-13.180000,360.000000
507.800000,5.240000,312.660000
501.140000,6.200000,307.048000
447.800000,-5.464000,324.413000
470.240000,-41.800000,318.801000
481.220000,-17.512000,326.000000
246.492158,-576.157085,322.230000
234.211834,-559.362592,322.985000
232.251734,-560.699024,322.741000
222.644274,-577.493517,322.497000
235.711608,-579.453617,323.000000
296.500000,-332.816000,312.039000
288.877000,-326.000000,312.795000
287.500000,-349.496000,312.551000
288.490000,-350.000000,312.306000
295.942000,-344.192000,313.000000
283.000000,-314.253000,312.849000
265.840000,-310.500000,312.605000
259.000000,-318.123000,312.360000
282.472000,-319.500000,312.116000
262.096000,-318.510000,313.000000
163.106442,-564.264449,327.272000
172.350563,-534.036002,325.312000
139.484529,-532.529691,323.360000
144.306017,-567.103052,329.400000
169.831326,-531.030087,330.000000
136.174710,-305.574027,313.936000
137.051523,-282.373853,313.448000
113.176062,-279.075200,314.960000
123.457395,-304.135065,314.470000
133.339212,-284.106265,315.000000
100.549923,-632.420640,347.186000
136.527516,-585.615828,325.958000
102.060303,-596.969134,391.643000
83.935742,-634.847430,370.415000
122.289214,-600.499011,410.000000
-15.137424,-427.790213,320.880000
80.288786,-559.626438,328.430000
80.500133,-494.271685,325.990000
0.006118,-406.676125,323.540000
38.196324,-501.030364,330.000000
177.163097,-414.626707,339.734000
180.681318,-408.262283,334.366000
139.079188,-383.875734,328.976000
93.796040,-441.439349,323.608000
116.851737,-407.378509,342.000000
94.632140,-367.502095,338.038000
129.201087,-362.749902,329.708000
128.002854,-357.488601,321.412000
69.385305,-296.890595,347.116000
85.416255,-320.227105,348.000000
53.272656,-289.982178,329.061000
33.872474,-237.789213,320.976000
-19.918553,-272.663719,312.924000
-21.225287,-278.857975,337.839000
6.088834,-288.381289,345.000000
364.000000,-177.381000,308.542000
288.874000,-131.500000,304.394000
250.000000,-208.130000,317.229000
355.108000,-228.500000,313.081000
324.214000,-223.359000,320.000000
289.786000,-212.301000,320.000000
292.086097,-62.715153,304.904000
304.528731,-30.182371,315.474000
269.650681,-41.010058,312.058000
272.657373,-70.950625,308.642000
309.028798,-41.476239,317.000000
209.000000,-70.015000,310.945000
193.990000,0.000000,310.701000
171.000000,-49.970000,310.457000
196.004000,-95.000000,310.212000
172.216000,-20.045000,311.000000
170.000000,-186.835000,323.305000
125.290000,0.000000,320.621000
0.000000,-84.710000,317.926000
89.420000,-215.000000,315.242000
37.740000,-73.745000,326.000000
154.020000,-72.455000,326.000000
102.680000,-130.290000,326.000000
68.510000,-17.845000,326.000000
