1522.700000,-1089.867000,304.544000
1522.700000,-1094.586000,305.034000
1511.174000,-1072.200000,304.056000
1506.397000,-1072.200000,305.472000
1505.700000,-1103.790000,305.568000
1505.700000,-1091.388000,305.910000
1521.697000,-1111.200000,305.078000
1506.108000,-1111.200000,304.348000
1517.685000,-1108.353000,306.000000
1516.019000,-1089.477000,306.000000
1493.900000,-1058.142000,307.178000
1493.900000,-1067.900000,307.394000
1470.644000,-1052.600000,306.688000
1491.908000,-1052.600000,307.832000
1469.900000,-1056.000000,306.200000
1469.900000,-1073.544000,306.270000
1475.468000,-1086.600000,307.710000
1473.476000,-1086.600000,306.708000
1479.236000,-1074.258000,308.000000
1480.148000,-1063.412000,308.000000
1570.100000,-980.860000,307.335000
1570.100000,-969.900000,307.139000
1561.812000,-963.400000,305.627000
1563.444000,-963.400000,301.672000
1538.100000,-971.200000,303.912000
1538.100000,-978.200000,303.205000
1554.804000,-983.400000,302.204000
1546.836000,-983.400000,304.738000
1540.436000,-970.340000,308.000000
1546.004000,-967.280000,308.000000
1526.200000,-970.390000,305.420000
1526.200000,-958.930000,302.140000
1517.965000,-952.900000,320.540000
1521.220000,-952.900000,306.520000
1511.200000,-973.330000,315.640000
1511.200000,-978.850000,310.900000
1523.380000,-982.900000,310.760000
1517.155000,-982.900000,315.280000
1522.540000,-954.580000,321.000000
1512.205000,-955.000000,321.000000
1508.400000,-964.476000,305.842000
1508.400000,-958.428000,303.133000
1473.162000,-956.300000,303.637000
1489.248000,-956.300000,305.104000
1466.400000,-983.488000,301.441000
1466.400000,-983.992000,307.075000
1470.684000,-984.300000,308.236000
1488.324000,-984.300000,309.046000
1484.880000,-977.748000,310.000000
1503.654000,-982.760000,310.000000
1482.033645,-720.101820,323.058000
1520.471615,-749.596312,311.259000
1480.460649,-721.984236,316.443000
1475.232606,-728.797554,317.172000
1480.946583,-743.216664,309.855000
1474.958352,-738.621732,323.085000
1515.381332,-760.251377,303.267000
1518.319214,-756.422654,301.998000
1491.079944,-748.022592,327.000000
1511.782246,-749.945775,327.000000
1427.300000,-609.584000,311.060000
1427.300000,-616.196000,318.764000
1417.220000,-569.000000,324.668000
1410.380000,-569.000000,322.688000
1403.300000,-600.407000,320.258000
1403.300000,-582.566000,308.630000
1419.692000,-626.000000,315.866000
1421.804000,-626.000000,312.572000
1422.668000,-579.602000,326.000000
1415.948000,-608.729000,326.000000
1390.800000,-627.908000,311.888000
1390.800000,-631.842000,314.224000
1348.200000,-622.000000,309.936000
1341.060000,-622.000000,315.976000
1330.800000,-633.774000,315.984000
1330.800000,-627.068000,309.728000
1389.180000,-636.000000,314.024000
1384.500000,-636.000000,311.472000
1360.260000,-634.544000,316.000000
1351.620000,-630.008000,316.000000
1366.100000,-580.672000,316.833000
1366.100000,-601.234000,318.538000
1366.100000,-574.600000,314.138000
1349.882000,-574.600000,309.947000
1349.100000,-580.626000,311.454000
1349.100000,-597.002000,312.356000
1353.571000,-620.600000,308.770000
1349.423000,-620.600000,314.765000
1352.075000,-602.430000,319.000000
1351.922000,-595.208000,319.000000
1347.700000,-615.081000,308.238000
1347.700000,-599.255000,308.276000
1340.450000,-580.600000,309.750000
1345.750000,-580.600000,308.714000
1322.700000,-597.902000,309.260000
1322.700000,-605.651000,309.152000
1336.525000,-621.600000,308.772000
1326.300000,-621.600000,309.590000
1344.175000,-593.515000,310.000000
1347.350000,-593.884000,310.000000
1448.900000,-1094.577000,308.175000
1448.900000,-1088.610000,307.590000
1427.440000,-1079.700000,306.955000
1441.426000,-1079.700000,308.685000
1411.900000,-1098.924000,310.735000
1411.900000,-1099.545000,309.780000
1443.091000,-1106.700000,309.510000
1421.816000,-1106.700000,310.875000
1431.954000,-1080.375000,311.000000
1441.722000,-1085.073000,311.000000
1344.200000,-1082.774000,308.000000
1344.200000,-1080.904000,308.000000
1326.780000,-1073.900000,308.000000
1337.660000,-1073.900000,308.000000
1324.200000,-1073.968000,308.000000
1324.200000,-1103.140000,308.000000
1326.880000,-1107.900000,308.000000
1332.040000,-1107.900000,308.000000
1328.720000,-1098.890000,308.000000
1336.720000,-1076.450000,308.000000
1442.100000,-1061.620000,304.088000
1442.100000,-1043.840000,313.848000
1436.626000,-1042.200000,316.184000
1426.766000,-1042.200000,317.352000
1408.100000,-1048.040000,312.264000
1408.100000,-1061.880000,304.856000
1422.516000,-1062.200000,308.360000
1425.678000,-1062.200000,308.360000
1439.040000,-1051.100000,319.000000
1423.264000,-1061.200000,319.000000
1434.000000,-1020.982000,310.680000
1434.000000,-1027.054000,320.160000
1393.861000,-1006.000000,305.800000
1382.736000,-1006.000000,304.540000
1345.000000,-1018.804000,320.900000
1345.000000,-1008.376000,308.920000
1408.546000,-1028.000000,316.020000
1402.049000,-1028.000000,313.300000
1397.777000,-1009.388000,323.000000
1368.674000,-1024.172000,323.000000
1344.900000,-1032.310000,317.900000
1344.900000,-1058.447000,306.646000
1298.958000,-1009.300000,313.752000
1301.500000,-1009.300000,310.369000
1282.900000,-1060.807000,309.604000
1282.900000,-1023.047000,314.092000
1283.148000,-1068.300000,322.439000
1330.330000,-1068.300000,317.815000
1300.074000,-1060.276000,323.000000
1288.232000,-1050.718000,323.000000
1446.100000,-945.700000,302.238000
1446.100000,-966.372000,305.052000
1445.356000,-942.300000,312.808000
1426.324000,-942.300000,308.118000
1422.100000,-947.842000,309.392000
1422.100000,-954.438000,311.184000
1429.156000,-976.300000,305.976000
1443.460000,-976.300000,314.250000
1445.164000,-961.816000,316.000000
1443.844000,-961.918000,316.000000
1399.000000,-981.530000,303.999000
1399.000000,-974.072000,304.194000
1384.510000,-954.800000,303.267000
1356.295000,-954.800000,304.851000
1354.000000,-969.749000,305.532000
1354.000000,-970.673000,305.508000
1380.325000,-987.800000,304.800000
1354.630000,-987.800000,303.165000
1382.980000,-964.172000,306.000000
1386.670000,-969.749000,306.000000
1337.700000,-968.460000,306.596000
1337.700000,-966.480000,306.316000
1327.908000,-951.300000,305.620000
1336.532000,-951.300000,307.192000
1321.700000,-975.819000,304.644000
1321.700000,-971.298000,304.064000
1335.700000,-984.300000,307.664000
1323.924000,-984.300000,304.940000
1326.948000,-984.102000,308.000000
1330.436000,-962.157000,308.000000
1430.300000,-919.540000,341.606000
1430.300000,-921.430000,333.119000
1387.906000,-915.400000,331.561000
1421.041000,-915.400000,342.098000
1383.300000,-915.994000,321.557000
1383.300000,-928.540000,310.077000
1391.055000,-933.400000,311.512000
1395.661000,-933.400000,319.056000
1383.864000,-928.054000,343.000000
1400.502000,-919.072000,343.000000
1308.000000,-904.108000,321.536000
1308.000000,-851.692000,353.072000
1304.544000,-836.500000,309.824000
1302.204000,-836.500000,315.584000
1290.000000,-859.828000,346.064000
1290.000000,-898.060000,326.096000
1298.190000,-908.500000,334.352000
1296.966000,-908.500000,336.608000
1302.528000,-866.236000,356.000000
1293.330000,-842.260000,356.000000
1302.100000,-770.074000,324.342000
1302.100000,-755.462000,310.451000
1294.870000,-753.200000,317.266000
1295.410000,-753.200000,316.802000
1287.100000,-769.164000,310.161000
1287.100000,-778.654000,323.153000
1298.275000,-779.200000,332.085000
1294.780000,-779.200000,329.504000
1292.785000,-756.398000,336.000000
1287.175000,-778.056000,336.000000
1356.800000,-785.185000,333.535000
1356.800000,-794.230000,315.671000
1301.216000,-779.800000,326.430000
1315.760000,-779.800000,322.022000
1284.800000,-793.360000,319.354000
1284.800000,-781.345000,328.373000
1287.392000,-794.800000,312.249000
1330.592000,-794.800000,334.724000
1289.336000,-792.295000,336.000000
1344.200000,-792.265000,336.000000
1451.000000,-762.635000,308.316000
1451.000000,-774.170000,317.244000
1444.385000,-761.600000,335.496000
1378.025000,-761.600000,325.128000
1346.000000,-764.510000,326.712000
1346.000000,-765.020000,333.012000
1380.230000,-776.600000,317.928000
1425.800000,-776.600000,304.896000
1424.435000,-769.745000,336.000000
1413.725000,-772.205000,336.000000
1446.700000,-752.023000,319.692000
1446.700000,-749.618000,323.724000
1441.758000,-723.200000,310.908000
1435.234000,-723.200000,331.608000
1432.700000,-741.108000,302.088000
1432.700000,-736.224000,303.492000
1441.324000,-760.200000,329.304000
1445.090000,-760.200000,311.376000
1438.720000,-732.561000,336.000000
1439.210000,-744.734000,336.000000
1445.200000,-713.220000,341.424000
1445.200000,-714.735000,340.272000
1391.188000,-705.900000,329.712000
1365.904000,-705.900000,302.784000
1361.200000,-717.525000,318.000000
1361.200000,-713.040000,313.296000
1437.304000,-720.900000,306.240000
1361.956000,-720.900000,323.808000
1370.776000,-720.330000,348.000000
1385.140000,-712.770000,348.000000
1359.800000,-708.826000,319.560000
1359.800000,-718.705000,312.798000
1344.872000,-701.500000,351.270000
1358.712000,-701.500000,321.996000
1343.800000,-703.905000,341.022000
1343.800000,-723.737000,331.194000
1346.936000,-738.500000,330.774000
1345.928000,-738.500000,340.392000
1356.568000,-726.364000,354.000000
1345.480000,-713.858000,354.000000
1342.600000,-711.812000,332.832000
1342.600000,-703.860000,320.358000
1334.349000,-699.100000,322.584000
1335.496000,-699.100000,329.556000
1305.600000,-704.070000,312.294000
1305.600000,-709.250000,338.754000
1323.619000,-713.100000,344.046000
1315.146000,-713.100000,347.952000
1323.434000,-704.448000,354.000000
1339.825000,-702.026000,354.000000
1302.800000,-722.976000,346.104000
1302.800000,-710.112000,327.960000
1294.062000,-703.200000,335.856000
1297.411000,-703.200000,337.116000
1285.800000,-723.840000,325.608000
1285.800000,-730.368000,346.314000
1299.009000,-735.200000,315.318000
1292.294000,-735.200000,313.512000
1288.605000,-706.144000,354.000000
1298.465000,-705.920000,354.000000
1268.400000,-1060.940000,309.193000
1268.400000,-1047.960000,316.520000
1248.300000,-1042.900000,322.028000
1257.375000,-1042.900000,320.243000
1243.400000,-1094.325000,317.880000
1243.400000,-1096.470000,323.966000
1245.075000,-1097.900000,313.715000
1256.075000,-1097.900000,310.672000
1264.625000,-1087.010000,324.000000
1257.525000,-1095.755000,324.000000
1228.600000,-1074.647000,309.225000
1228.600000,-1103.477000,310.700000
1227.660000,-1073.500000,308.005000
1222.950000,-1073.500000,311.795000
1218.600000,-1080.506000,311.780000
1218.600000,-1076.538000,307.890000
1222.170000,-1104.500000,310.560000
1224.910000,-1104.500000,308.985000
1223.930000,-1089.341000,312.000000
1222.440000,-1099.416000,312.000000
1220.900000,-1101.970000,311.283000
1220.900000,-1102.930000,311.760000
1208.996000,-1094.500000,310.551000
1199.510000,-1094.500000,309.417000
1189.900000,-1099.660000,309.816000
1189.900000,-1096.730000,310.074000
1209.957000,-1104.500000,309.084000
1213.305000,-1104.500000,310.731000
1196.596000,-1096.710000,312.000000
1196.224000,-1101.620000,312.000000
1216.600000,-1063.555000,307.078000
1216.600000,-1067.485000,307.100000
1211.208000,-1056.700000,307.833000
1210.088000,-1056.700000,307.319000
1208.600000,-1068.790000,307.589000
1208.600000,-1061.905000,307.538000
1216.104000,-1071.700000,307.344000
1215.640000,-1071.700000,307.757000
1215.800000,-1070.665000,308.000000
1208.792000,-1065.520000,308.000000
1195.000000,-1057.012000,310.182000
1195.000000,-1072.384000,309.840000
1185.350000,-1051.000000,309.447000
1185.620000,-1051.000000,310.497000
1185.000000,-1054.456000,311.715000
1185.000000,-1067.956000,311.154000
1187.280000,-1087.000000,310.983000
1185.040000,-1087.000000,311.811000
1190.840000,-1074.076000,312.000000
1193.440000,-1067.668000,312.000000
1187.000000,-1100.502000,317.810000
1187.000000,-1089.920000,315.060000
1183.175000,-1077.700000,315.126000
1186.055000,-1077.700000,317.469000
1172.000000,-1087.736000,312.431000
1172.000000,-1093.196000,319.878000
1179.770000,-1103.700000,320.747000
1173.920000,-1103.700000,311.287000
1176.005000,-1086.826000,321.000000
1181.960000,-1086.514000,321.000000
1148.400000,-1092.275000,311.000000
1148.400000,-1086.250000,311.000000
1121.150000,-1077.600000,311.000000
1139.050000,-1077.600000,311.000000
1098.400000,-1094.525000,311.000000
1098.400000,-1095.600000,311.000000
1138.800000,-1102.600000,311.000000
1111.050000,-1102.600000,311.000000
1145.950000,-1079.100000,311.000000
1122.600000,-1082.950000,311.000000
1231.100000,-1004.512000,309.686000
1231.100000,-1002.862000,310.640000
1212.730000,-998.000000,309.196000
1224.236000,-998.000000,309.078000
1209.100000,-1019.274000,310.708000
1209.100000,-1016.568000,309.516000
1211.256000,-1020.000000,310.220000
1217.394000,-1020.000000,309.954000
1223.070000,-1014.940000,311.000000
1215.788000,-999.980000,311.000000
1206.100000,-1004.946000,312.295000
1206.100000,-1008.677000,309.000000
1204.350000,-1004.700000,311.075000
1199.996000,-1004.700000,310.095000
1192.100000,-1015.237000,309.850000
1192.100000,-1044.429000,311.190000
1197.546000,-1045.700000,313.630000
1199.114000,-1045.700000,312.285000
1196.566000,-1024.380000,314.000000
1193.836000,-1044.306000,314.000000
1143.300000,-1033.552000,325.650000
1143.300000,-1045.584000,314.520000
1127.492000,-999.900000,322.234000
1122.020000,-999.900000,317.586000
1105.300000,-1025.609000,318.804000
1105.300000,-1004.271000,320.652000
1131.102000,-1046.900000,315.388000
1129.088000,-1046.900000,323.718000
1105.376000,-1008.830000,326.000000
1141.172000,-1039.427000,326.000000
1268.000000,-929.460000,310.044000
1268.000000,-933.680000,310.527000
1247.526000,-925.200000,308.329000
1248.135000,-925.200000,312.060000
1239.000000,-933.570000,313.621000
1239.000000,-927.370000,313.586000
1267.101000,-935.200000,311.906000
1260.750000,-935.200000,308.119000
1258.894000,-934.200000,315.000000
1261.156000,-932.370000,315.000000
1238.900000,-951.788000,312.432000
1238.900000,-971.192000,312.164000
1225.952000,-947.300000,311.452000
1228.383000,-947.300000,313.040000
1225.900000,-951.524000,310.476000
1225.900000,-958.586000,313.916000
1229.267000,-980.300000,313.500000
1237.275000,-980.300000,310.792000
1230.710000,-967.397000,314.000000
1233.492000,-966.869000,314.000000
1224.200000,-973.060000,313.696000
1224.200000,-966.172000,312.884000
1220.768000,-949.400000,312.720000
1213.004000,-949.400000,313.760000
1212.200000,-961.104000,311.740000
1212.200000,-962.448000,310.636000
1218.788000,-977.400000,310.764000
1224.188000,-977.400000,311.512000
1212.836000,-958.332000,314.000000
1217.036000,-962.504000,314.000000
1179.800000,-971.960000,310.960000
1179.800000,-971.000000,313.604000
1166.552000,-965.300000,313.984000
1178.466000,-965.300000,310.480000
1156.800000,-973.796000,313.008000
1156.800000,-972.392000,311.356000
1176.097000,-977.300000,312.028000
1159.629000,-977.300000,312.232000
1173.751000,-965.648000,314.000000
1161.929000,-969.428000,314.000000
1190.200000,-942.750000,319.469000
1190.200000,-945.330000,311.377000
1132.978000,-934.800000,315.304000
1178.188000,-934.800000,315.100000
1124.200000,-964.740000,311.156000
1124.200000,-956.250000,318.823000
1132.780000,-964.800000,324.008000
1140.568000,-964.800000,322.546000
1151.986000,-956.970000,327.000000
1127.038000,-941.400000,327.000000
1268.300000,-874.950000,313.365000
1268.300000,-858.472000,310.305000
1266.102000,-853.500000,312.145000
1264.016000,-853.500000,311.400000
1254.300000,-859.836000,310.920000
1254.300000,-871.958000,312.495000
1260.180000,-875.500000,309.700000
1259.508000,-875.500000,313.590000
1255.770000,-863.378000,314.000000
1266.382000,-855.590000,314.000000
1257.000000,-844.485000,311.378000
1257.000000,-832.242000,311.882000
1251.636000,-830.100000,312.890000
1251.828000,-830.100000,312.320000
1245.000000,-842.259000,312.402000
1245.000000,-850.344000,312.758000
1253.520000,-851.100000,311.912000
1250.952000,-851.100000,311.196000
1254.456000,-833.418000,313.000000
1253.196000,-850.491000,313.000000
1157.500000,-854.420000,316.000000
1157.500000,-871.940000,316.000000
1147.919000,-842.600000,316.000000
1150.285000,-842.600000,316.000000
1144.500000,-868.670000,316.000000
1144.500000,-845.240000,316.000000
1144.500000,-872.600000,316.000000
1152.573000,-872.600000,316.000000
1150.636000,-868.640000,316.000000
1151.039000,-867.980000,316.000000
1145.100000,-859.260000,316.000000
1145.100000,-870.495000,316.000000
1144.155000,-857.700000,316.000000
1121.300000,-857.700000,316.000000
1110.100000,-860.085000,316.000000
1110.100000,-860.880000,316.000000
1120.250000,-872.700000,316.000000
1136.175000,-872.700000,316.000000
1115.560000,-866.370000,316.000000
1121.405000,-868.530000,316.000000
1259.300000,-797.426000,310.862000
1259.300000,-796.661000,310.019000
1252.940000,-790.100000,310.106000
1243.220000,-790.100000,310.800000
1239.300000,-794.141000,310.351000
1239.300000,-793.133000,310.581000
1250.920000,-799.100000,310.595000
1256.680000,-799.100000,310.362000
1256.080000,-792.692000,310.000000
1242.160000,-795.482000,310.000000
1213.100000,-781.064000,313.000000
1213.100000,-785.944000,313.000000
1205.196000,-749.100000,313.000000
1201.036000,-749.100000,313.000000
1200.100000,-794.179000,313.000000
1200.100000,-777.221000,313.000000
1211.423000,-810.100000,313.000000
1213.022000,-810.100000,313.000000
1206.899000,-809.978000,313.000000
1212.619000,-777.953000,313.000000
1200.200000,-762.774000,326.107000
1200.200000,-777.780000,318.814000
1188.526000,-748.500000,321.942000
1199.511000,-748.500000,322.537000
1187.200000,-750.330000,317.794000
1187.200000,-784.185000,326.260000
1189.293000,-809.500000,313.646000
1188.734000,-809.500000,329.966000
1189.891000,-791.627000,330.000000
1197.379000,-769.789000,330.000000
1142.500000,-805.518000,318.609000
1142.500000,-790.256000,321.654000
1135.544000,-781.000000,323.901000
1135.951000,-781.000000,323.187000
1105.500000,-789.320000,322.186000
1105.500000,-799.460000,324.720000
1122.187000,-807.000000,320.478000
1114.491000,-807.000000,319.253000
1138.430000,-791.842000,325.000000
1127.774000,-786.850000,325.000000
1270.600000,-748.289000,313.612000
1270.600000,-742.803000,314.808000
1246.700000,-739.800000,312.636000
1255.550000,-739.800000,315.684000
1220.600000,-747.730000,315.660000
1220.600000,-750.642000,312.560000
1257.650000,-752.800000,314.680000
1238.950000,-752.800000,313.436000
1249.300000,-741.451000,316.000000
1241.700000,-741.100000,316.000000
1238.100000,-704.872000,329.240000
1238.100000,-693.608000,331.994000
1204.264000,-688.900000,325.075000
1219.356000,-688.900000,318.717000
1194.100000,-728.500000,320.927000
1194.100000,-731.096000,322.440000
1195.508000,-732.900000,333.779000
1215.704000,-732.900000,326.163000
1205.452000,-725.728000,334.000000
1204.748000,-731.844000,334.000000
1172.300000,-698.936000,317.072000
1172.300000,-728.056000,317.124000
1170.766000,-696.600000,318.584000
1158.000000,-696.600000,317.562000
1146.300000,-702.680000,318.094000
1146.300000,-699.256000,318.000000
1154.672000,-728.600000,317.606000
1162.316000,-728.600000,318.438000
1170.792000,-714.104000,319.000000
1147.912000,-723.864000,319.000000
1138.700000,-697.245000,320.056000
1138.700000,-698.370000,319.726000
1128.928000,-685.500000,319.324000
1119.828000,-685.500000,320.383000
1110.700000,-692.700000,321.592000
1110.700000,-688.605000,321.040000
1127.836000,-700.500000,320.857000
1131.420000,-700.500000,321.697000
1128.200000,-689.340000,322.000000
1135.396000,-696.405000,322.000000
1202.900000,-652.324000,333.387000
1202.900000,-657.648000,327.706000
1150.502000,-641.500000,327.752000
1137.382000,-641.500000,332.743000
1120.900000,-658.462000,322.140000
1120.900000,-648.804000,337.780000
1194.864000,-663.500000,339.505000
1191.748000,-663.500000,319.817000
1146.238000,-662.752000,341.000000
1178.464000,-654.766000,341.000000
1148.800000,-608.688000,322.895000
1148.800000,-626.640000,320.214000
1111.640000,-599.800000,321.187000
1111.880000,-599.800000,321.747000
1108.800000,-602.484000,319.472000
1108.800000,-619.864000,316.280000
1116.480000,-643.800000,317.764000
1148.360000,-643.800000,317.813000
1148.520000,-629.544000,323.000000
1129.680000,-620.832000,323.000000
1251.400000,-631.276000,313.311000
1251.400000,-610.780000,318.602000
1229.840000,-587.500000,310.627000
1246.696000,-587.500000,310.011000
1153.400000,-604.348000,318.932000
1153.400000,-615.340000,312.420000
1200.734000,-635.500000,316.248000
1164.474000,-635.500000,314.829000
1219.648000,-606.028000,321.000000
1186.916000,-604.492000,321.000000
1253.000000,-577.062000,325.744000
1253.000000,-571.581000,336.784000
1209.650000,-564.000000,317.936000
1238.380000,-564.000000,311.792000
1168.000000,-577.461000,310.128000
1168.000000,-578.805000,318.800000
1233.705000,-585.000000,334.288000
1188.145000,-585.000000,325.808000
1198.600000,-566.016000,338.000000
1181.770000,-568.830000,338.000000
994.600000,-1073.488000,378.578000
994.600000,-1070.224000,325.581000
951.400000,-1062.200000,362.163000
978.616000,-1062.200000,340.254000
940.600000,-1093.854000,345.815000
940.600000,-1090.386000,354.860000
944.002000,-1096.200000,329.467000
960.148000,-1096.200000,369.533000
942.976000,-1089.570000,383.000000
993.628000,-1065.770000,383.000000
1076.100000,-1000.414000,316.500000
1076.100000,-1004.248000,317.814000
1073.040000,-998.200000,312.108000
1061.786000,-998.200000,321.756000
1042.100000,-1010.188000,325.698000
1042.100000,-1049.662000,325.698000
1054.102000,-1052.200000,321.306000
1058.624000,-1052.200000,329.640000
1066.852000,-1026.010000,330.000000
1069.368000,-1051.174000,330.000000
1024.800000,-1035.854000,323.094000
1024.800000,-1048.652000,322.527000
987.560000,-995.300000,320.898000
971.390000,-995.300000,324.498000
926.800000,-1022.948000,318.702000
926.800000,-999.512000,326.469000
989.814000,-1049.300000,325.497000
986.678000,-1049.300000,319.440000
967.078000,-1007.450000,327.000000
987.658000,-1041.578000,327.000000
980.112000,-1047.140000,327.000000
995.200000,-951.062000,381.693000
995.200000,-967.946000,367.493000
952.927000,-931.700000,364.298000
953.053000,-931.700000,383.042000
932.200000,-965.384000,346.974000
932.200000,-940.184000,327.591000
991.042000,-973.700000,329.579000
978.505000,-973.700000,343.140000
938.185000,-970.970000,390.000000
959.983000,-962.444000,390.000000
1073.100000,-892.966000,317.786000
1073.100000,-919.094000,327.082000
1013.518000,-885.100000,328.370000
1023.872000,-885.100000,316.148000
1011.100000,-889.332000,324.940000
1011.100000,-900.142000,319.214000
1024.988000,-931.100000,321.524000
1064.358000,-931.100000,322.280000
1059.398000,-914.770000,329.000000
1027.282000,-913.068000,329.000000
1021.800000,-864.245000,323.090000
1021.800000,-852.275000,320.258000
1013.517000,-824.600000,321.626000
991.506000,-824.600000,321.572000
988.800000,-841.790000,320.156000
988.800000,-844.895000,322.886000
1005.762000,-869.600000,324.692000
1021.272000,-869.600000,324.200000
1004.046000,-840.530000,326.000000
991.473000,-846.380000,326.000000
1078.200000,-783.260000,357.104000
1078.200000,-777.860000,328.481000
1061.970000,-751.400000,345.589000
1076.940000,-751.400000,338.774000
1048.200000,-787.742000,334.121000
1048.200000,-782.450000,349.067000
1072.320000,-805.400000,322.606000
1051.440000,-805.400000,359.360000
1052.580000,-754.856000,365.000000
1075.230000,-770.786000,365.000000
1028.200000,-772.500000,323.256000
1028.200000,-775.668000,328.866000
991.636000,-758.100000,339.866000
1020.852000,-758.100000,333.684000
984.200000,-804.324000,334.498000
984.200000,-791.700000,338.502000
988.336000,-806.100000,329.130000
994.408000,-806.100000,321.320000
1020.720000,-795.252000,342.000000
1015.924000,-769.380000,342.000000
986.200000,-743.800000,333.744000
986.200000,-757.720000,336.243000
979.424000,-743.200000,328.620000
969.904000,-743.200000,340.842000
930.200000,-758.380000,344.475000
930.200000,-792.640000,324.441000
951.760000,-803.200000,339.351000
950.192000,-803.200000,329.040000
958.928000,-772.240000,345.000000
960.496000,-749.800000,345.000000
1023.800000,-724.040000,340.600000
1023.800000,-686.654000,340.260000
985.896000,-679.400000,335.720000
985.528000,-679.400000,344.640000
931.800000,-713.066000,330.840000
931.800000,-738.176000,329.020000
993.900000,-741.400000,325.940000
976.052000,-741.400000,333.400000
949.924000,-691.428000,345.000000
965.012000,-740.532000,345.000000
1011.012000,-710.152000,345.000000
1083.800000,-630.400000,319.679000
1083.800000,-664.180000,325.608000
1052.210000,-604.600000,324.964000
1059.500000,-604.600000,320.134000
1038.800000,-654.580000,323.256000
1038.800000,-608.980000,321.667000
1082.225000,-664.600000,321.548000
1066.025000,-664.600000,323.200000
1078.445000,-658.840000,326.000000
1046.945000,-656.320000,326.000000
987.100000,-614.601000,324.826000
987.100000,-657.612000,324.248000
969.244000,-606.400000,324.338000
975.148000,-606.400000,324.686000
969.100000,-613.716000,325.848000
969.100000,-618.023000,325.124000
973.690000,-665.400000,325.360000
982.240000,-665.400000,325.560000
979.270000,-642.567000,326.000000
969.118000,-649.883000,326.000000
965.000000,-657.613000,338.393000
965.000000,-653.728000,331.168000
960.488000,-626.200000,334.245000
952.376000,-626.200000,334.891000
949.000000,-641.518000,330.097000
949.000000,-638.077000,338.614000
957.720000,-663.200000,342.932000
962.664000,-663.200000,342.337000
952.968000,-638.151000,343.000000
962.120000,-648.881000,343.000000
1066.900000,-572.186000,322.828000
1066.900000,-575.480000,330.712000
989.108000,-542.000000,336.418000
942.732000,-542.000000,334.654000
930.900000,-580.016000,332.026000
930.900000,-566.084000,338.596000
1044.596000,-596.000000,327.616000
1064.044000,-596.000000,324.538000
1057.652000,-543.782000,340.000000
1017.940000,-568.406000,340.000000
1014.404000,-585.362000,340.000000
813.700000,-1070.429000,322.982000
813.700000,-1079.695000,326.304000
784.358000,-1059.400000,320.298000
812.442000,-1059.400000,328.713000
779.700000,-1100.154000,328.603000
779.700000,-1082.770000,320.122000
783.984000,-1100.400000,325.919000
783.202000,-1100.400000,322.531000
800.644000,-1089.863000,330.000000
795.340000,-1074.324000,330.000000
892.700000,-1089.537000,334.848000
892.700000,-1026.913000,337.504000
881.531000,-988.700000,330.944000
880.874000,-988.700000,325.008000
819.700000,-1017.952000,327.024000
819.700000,-1060.285000,328.512000
850.068000,-1091.700000,339.120000
836.271000,-1091.700000,332.016000
841.527000,-1035.359000,340.000000
840.140000,-1013.420000,340.000000
892.043000,-1087.168000,340.000000
809.800000,-1037.080000,336.935000
809.800000,-1010.620000,324.312000
796.953000,-995.800000,333.750000
801.506000,-995.800000,327.159000
780.800000,-1030.300000,330.578000
780.800000,-1044.940000,330.006000
801.274000,-1055.800000,327.393000
791.008000,-1055.800000,332.853000
809.307000,-1005.520000,337.000000
783.700000,-1002.760000,337.000000
773.400000,-1082.150000,326.976000
773.400000,-1075.250000,325.264000
735.284000,-1072.200000,323.056000
752.080000,-1072.200000,328.768000
721.400000,-1093.825000,335.152000
721.400000,-1095.775000,332.272000
773.192000,-1097.200000,331.248000
746.152000,-1097.200000,335.776000
756.084000,-1094.000000,338.000000
769.240000,-1096.975000,338.000000
772.800000,-1006.248000,392.716000
772.800000,-1056.088000,366.472000
772.800000,-1050.656000,403.516000
772.225000,-1000.200000,366.364000
759.425000,-1000.200000,390.124000
747.800000,-1008.880000,339.904000
747.800000,-1004.008000,413.776000
747.800000,-1025.736000,334.288000
754.975000,-1056.200000,421.552000
762.800000,-1056.200000,329.428000
756.550000,-1032.792000,433.000000
766.300000,-1048.752000,433.000000
840.300000,-964.254000,396.554000
840.300000,-967.222000,366.992000
822.716000,-920.900000,377.522000
803.396000,-920.900000,384.074000
784.300000,-944.485000,358.490000
784.300000,-931.076000,323.156000
816.612000,-973.900000,339.380000
824.900000,-973.900000,340.238000
786.204000,-936.376000,401.000000
815.660000,-960.226000,401.000000
844.200000,-859.048000,335.460000
844.200000,-873.634000,345.624000
806.752000,-824.200000,330.315000
795.592000,-824.200000,350.223000
782.200000,-872.710000,346.191000
782.200000,-845.056000,333.822000
835.954000,-890.200000,341.067000
834.838000,-890.200000,338.421000
826.716000,-824.332000,351.000000
805.760000,-864.988000,351.000000
769.300000,-836.362000,366.288000
769.300000,-855.325000,388.275000
753.208000,-824.700000,350.916000
752.956000,-824.700000,339.072000
751.300000,-825.974000,335.481000
751.300000,-846.309000,352.806000
754.126000,-873.700000,383.109000
768.814000,-873.700000,366.603000
758.536000,-859.539000,393.000000
754.900000,-848.906000,393.000000
741.127386,-870.000358,386.196000
749.532660,-852.218863,336.615000
756.272914,-831.070905,370.824000
758.471643,-832.110240,350.412000
738.527229,-838.061685,355.389000
733.845096,-847.966813,364.209000
732.131465,-868.327417,340.017000
727.083068,-865.941050,378.006000
737.782388,-842.819753,393.000000
737.819937,-840.306760,393.000000
869.700000,-757.154000,328.762000
869.700000,-750.972000,330.130000
846.000000,-742.700000,342.352000
861.850000,-742.700000,334.072000
819.700000,-756.032000,337.960000
819.700000,-757.858000,338.014000
856.550000,-764.700000,333.550000
830.800000,-764.700000,341.956000
858.150000,-745.582000,343.000000
861.650000,-748.090000,343.000000
907.900000,-758.120000,334.450000
907.900000,-751.220000,333.370000
881.125000,-736.100000,330.040000
898.065000,-736.100000,337.312000
872.900000,-789.860000,325.648000
872.900000,-784.940000,341.254000
873.880000,-796.100000,339.256000
885.045000,-796.100000,327.196000
888.755000,-786.560000,343.000000
895.965000,-743.360000,343.000000
839.462427,-777.532659,497.836000
838.542027,-779.308290,459.420000
832.817142,-790.352713,413.360000
838.682499,-773.659193,450.012000
824.699406,-766.411046,502.344000
831.251484,-769.807321,350.444000
797.504263,-760.694544,401.992000
783.661454,-787.400030,349.268000
783.992797,-786.760803,483.528000
795.224796,-796.187271,354.168000
801.337405,-799.355747,392.192000
806.451222,-802.006498,420.612000
796.218776,-776.473071,529.000000
801.730651,-799.379368,529.000000
909.000000,-656.471000,330.768000
909.000000,-630.599000,346.800000
887.265000,-630.500000,348.912000
875.610000,-630.500000,328.056000
846.000000,-646.241000,343.056000
846.000000,-632.579000,333.312000
884.304000,-663.500000,337.176000
883.485000,-663.500000,338.568000
897.660000,-639.080000,351.000000
864.837000,-659.276000,351.000000
840.600000,-653.208000,365.602000
840.600000,-662.017000,331.365000
807.580000,-641.800000,347.717000
806.592000,-641.800000,347.352000
788.600000,-659.441000,402.905000
788.600000,-646.101000,363.339000
835.296000,-664.800000,385.093000
826.040000,-664.800000,379.326000
814.808000,-664.110000,404.000000
794.788000,-659.004000,404.000000
897.700000,-600.016000,494.850000
897.700000,-619.744000,364.775000
897.700000,-616.648000,506.675000
821.850000,-592.600000,442.390000
833.904000,-592.600000,411.860000
896.798000,-592.600000,437.660000
836.364000,-592.600000,355.745000
873.838000,-592.600000,402.830000
815.700000,-594.652000,389.715000
815.700000,-603.796000,458.945000
815.700000,-617.440000,368.645000
831.116000,-628.600000,337.255000
884.908000,-628.600000,506.030000
845.958000,-628.600000,514.845000
857.930000,-628.600000,364.130000
845.220000,-628.600000,425.835000
906.700000,-580.388000,326.590000
906.700000,-568.090000,330.475000
880.348000,-541.000000,337.930000
796.534000,-541.000000,333.760000
784.700000,-555.921000,334.270000
784.700000,-559.748000,337.045000
843.138000,-584.000000,330.595000
902.796000,-584.000000,325.330000
890.962000,-557.770000,340.000000
877.298000,-562.457000,340.000000
861.072000,-542.247000,340.000000
549.183033,-1144.733014,337.690000
551.397437,-1141.450025,341.350000
546.052585,-1117.703450,330.340000
559.951400,-1127.078319,347.920000
519.963731,-1125.462203,353.020000
521.384641,-1123.355619,354.490000
535.578706,-1150.443921,345.670000
515.963677,-1137.213417,331.060000
545.977244,-1121.633150,355.000000
541.617413,-1129.599030,355.000000
534.511535,-1163.166829,443.501000
533.806952,-1164.211416,441.434000
496.878018,-1126.434603,404.705000
531.581531,-1149.842417,476.096000
497.686329,-1126.979816,478.481000
529.318258,-1148.315821,429.668000
471.354911,-1140.561417,365.750000
475.175317,-1134.897432,351.917000
473.406937,-1144.377261,326.954000
481.921153,-1150.120173,386.738000
477.717933,-1147.285065,376.562000
522.013410,-1177.162741,435.869000
486.097241,-1146.486125,485.000000
503.471719,-1139.325636,485.000000
509.364723,-1091.076772,329.355000
504.751585,-1094.812418,381.266000
509.369739,-1089.080806,375.471000
507.217463,-1086.422967,333.625000
494.272461,-1080.136573,360.526000
481.412250,-1090.550566,346.984000
481.209464,-1098.798203,345.642000
481.118842,-1098.686294,360.282000
498.166876,-1098.337999,387.000000
498.755170,-1081.578953,387.000000
573.332466,-1082.249166,365.548000
602.866343,-1058.333103,334.374000
606.706222,-1055.223631,423.536000
595.872953,-1036.902230,338.843000
595.027146,-1035.857745,358.245000
586.991983,-1025.935146,388.547000
549.799782,-1029.247021,421.247000
529.652273,-1045.562153,382.116000
559.328368,-1021.530924,353.558000
548.995678,-1075.943576,394.542000
542.898822,-1068.414586,405.987000
561.224632,-1091.045076,427.678000
584.382646,-1044.909843,434.000000
575.173769,-1011.437796,434.000000
621.069831,-1032.454563,348.016000
626.042011,-1028.428171,334.512000
606.400486,-1003.994939,340.176000
610.600570,-1009.181611,341.520000
587.868718,-998.862595,332.368000
595.930830,-992.334025,348.528000
613.178543,-1034.611363,356.560000
603.122004,-1022.192570,355.536000
594.912269,-1010.697372,358.000000
612.387169,-1030.897811,358.000000
651.549546,-989.119098,326.044000
626.754704,-1009.197565,330.906000
637.795003,-959.620153,334.360000
644.191416,-967.519065,333.315000
633.824500,-961.009492,331.665000
630.537172,-963.671517,335.724000
606.499295,-992.478880,328.981000
616.779244,-1005.173559,327.133000
634.412298,-1001.850065,337.000000
624.648821,-997.229768,337.000000
649.848660,-965.050975,339.480000
653.373794,-962.196378,351.414000
672.276898,-942.121502,329.964000
667.311560,-935.989820,359.955000
654.593322,-941.907430,359.448000
656.607684,-940.276232,329.496000
642.005771,-961.944339,349.893000
645.111467,-965.779554,338.037000
661.354820,-949.113093,366.000000
652.300032,-953.376594,366.000000
433.950177,-1097.524633,328.637000
432.611932,-1098.608323,328.806000
436.779107,-1061.375306,328.392000
425.647059,-1047.628371,328.025000
400.665468,-1061.426840,328.148000
408.433819,-1055.136153,328.244000
414.530945,-1100.639774,328.904000
419.557327,-1106.846839,328.463000
430.797501,-1058.526867,329.000000
415.857160,-1069.175138,329.000000
458.955425,-1043.055800,389.945000
453.807610,-1047.224418,392.090000
452.983853,-1020.223579,374.085000
466.155529,-1036.489244,341.325000
426.304115,-1036.040560,358.160000
436.351058,-1027.904706,355.560000
426.757109,-1038.684750,342.300000
426.724385,-1038.644339,369.795000
431.214403,-1032.900682,393.000000
442.961077,-1027.168912,393.000000
533.945666,-1015.555838,343.216000
524.983618,-1022.813160,336.624000
532.574971,-1013.173538,327.600000
532.169689,-1012.673056,350.640000
513.809788,-1002.266079,375.984000
503.450433,-1010.654920,364.656000
501.231788,-1023.727418,360.304000
498.785619,-1020.706651,378.672000
518.299767,-1019.583759,390.000000
527.531685,-1019.506767,390.000000
499.244360,-1005.671050,356.714000
511.810810,-995.494940,344.954000
513.031696,-982.431334,344.709000
515.014685,-984.880121,355.685000
489.802011,-983.721844,332.753000
482.593982,-989.558790,366.416000
486.975063,-1005.869622,369.748000
482.126149,-999.881712,328.147000
504.751201,-983.217653,377.000000
512.160715,-988.641398,377.000000
550.173941,-1003.344562,358.668000
555.924822,-998.687591,345.884000
534.885631,-967.224250,350.338000
545.182571,-979.939913,353.330000
508.516324,-967.593219,342.042000
506.592888,-969.150787,360.776000
537.851977,-1010.612776,333.746000
520.860327,-989.629835,334.222000
509.583620,-972.009801,362.000000
544.828116,-979.740550,362.000000
611.922354,-950.806771,329.090000
618.085122,-945.816260,331.535000
597.561268,-919.211322,332.870000
607.575014,-931.577269,332.630000
591.615797,-923.500872,331.645000
594.839398,-920.890451,328.720000
555.269222,-963.914954,330.425000
562.415784,-972.740224,329.815000
584.295305,-962.635007,333.000000
564.436400,-963.797741,333.000000
555.814939,-949.456897,359.438000
554.108327,-950.838884,379.559000
593.278007,-913.038677,345.530000
589.362376,-908.203275,335.042000
566.117308,-919.239290,331.622000
577.162884,-910.294760,347.525000
543.935684,-949.035943,374.657000
545.733024,-951.255472,360.008000
574.791410,-921.905727,386.000000
552.166284,-935.742836,386.000000
645.315858,-917.826732,343.318000
636.880716,-924.657376,329.206000
652.828901,-878.795311,338.908000
647.193337,-871.835969,333.148000
611.247115,-887.510876,334.516000
627.991502,-873.951539,337.090000
622.219106,-926.802211,330.124000
622.275745,-926.872154,341.032000
642.667061,-869.421337,346.000000
615.673036,-887.227374,346.000000
702.533714,-848.957268,350.211000
688.273085,-860.505297,360.851000
675.411319,-870.920550,413.785000
694.221238,-817.002151,450.759000
693.472347,-816.077348,389.978000
652.646817,-844.318295,418.174000
674.601191,-826.539994,419.105000
676.077768,-825.344285,328.399000
654.945442,-847.951369,385.722000
673.359357,-870.690660,448.232000
679.952400,-858.731341,461.000000
690.654167,-853.037635,461.000000
720.611788,-818.890514,362.327000
729.684967,-811.543199,358.463000
737.178394,-800.298507,345.491000
739.421292,-803.068256,373.574000
717.278478,-786.847267,397.655000
712.032742,-791.095180,388.685000
710.290410,-806.820006,380.750000
704.700157,-799.916619,334.796000
722.252911,-799.981850,398.000000
727.081650,-803.124343,398.000000
763.900000,-688.648000,373.200000
763.900000,-682.929000,363.743000
754.681000,-675.500000,361.195000
760.939000,-675.500000,374.474000
742.900000,-686.349000,349.239000
742.900000,-688.306000,336.205000
757.642000,-694.500000,337.234000
747.247000,-694.500000,346.936000
746.638000,-678.654000,383.000000
753.757000,-680.440000,383.000000
741.506755,-708.813990,334.640000
743.500134,-707.199783,361.480000
726.797740,-678.512967,364.880000
739.909630,-694.704803,330.240000
706.409847,-679.330724,355.080000
707.325325,-678.589385,339.000000
732.450267,-715.684555,345.320000
713.731132,-692.568349,347.760000
730.599698,-709.655573,370.000000
726.658676,-682.447255,370.000000
766.000000,-586.936000,350.552000
766.000000,-589.354000,369.812000
764.540000,-578.200000,341.768000
737.530000,-578.200000,341.696000
693.000000,-589.978000,368.948000
693.000000,-650.194000,349.580000
713.659000,-656.200000,360.164000
726.288000,-656.200000,357.464000
732.785000,-623.908000,371.000000
704.461000,-579.136000,371.000000
721.543000,-622.036000,371.000000
765.700000,-570.480000,348.980000
765.700000,-538.320000,336.940000
747.100000,-537.600000,344.080000
734.860000,-537.600000,341.320000
705.700000,-555.240000,339.200000
705.700000,-539.480000,345.700000
740.080000,-577.600000,334.300000
740.500000,-577.600000,350.080000
719.440000,-549.440000,354.000000
764.320000,-573.080000,354.000000
708.600000,-558.744000,339.975000
708.600000,-573.948000,396.305000
708.600000,-554.502000,436.725000
683.400000,-536.400000,502.300000
681.762000,-536.400000,443.390000
698.184000,-536.400000,367.925000
666.600000,-567.102000,449.840000
666.600000,-543.624000,490.475000
666.600000,-575.334000,513.910000
702.846000,-578.400000,397.380000
696.168000,-578.400000,537.560000
692.052000,-578.400000,444.895000
433.356774,-1013.650257,344.240000
421.023467,-1023.637571,349.320000
411.530877,-975.208935,334.480000
415.447138,-980.045114,358.040000
407.625924,-971.435470,364.680000
401.237784,-976.608483,366.800000
389.542476,-995.725993,354.920000
410.388085,-1021.468176,335.560000
409.847732,-1007.214811,369.000000
412.290510,-1006.560764,369.000000
462.819861,-982.431012,385.154000
470.429674,-976.268707,384.416000
480.013139,-955.306016,365.146000
454.616286,-923.943514,402.374000
442.839679,-925.265349,345.138000
440.153863,-927.440280,338.332000
441.621003,-958.744179,407.048000
459.915346,-981.335812,356.208000
450.073473,-939.944221,410.000000
453.491949,-948.691204,410.000000
495.579395,-951.468267,328.070000
498.843408,-948.825121,332.340000
496.201170,-920.725913,331.845000
510.612607,-938.522556,328.435000
465.488924,-911.497071,330.625000
466.817843,-910.420933,329.530000
479.305859,-947.532414,329.405000
458.632684,-922.003169,330.625000
506.709981,-940.138728,333.000000
478.486873,-917.442062,333.000000
554.494721,-906.243439,335.930000
553.329003,-907.187420,330.008000
543.059222,-856.750283,330.806000
566.658736,-885.893256,334.607000
492.441915,-879.287237,346.661000
502.840128,-870.866930,339.206000
488.312231,-884.484323,341.537000
495.033373,-892.784242,343.805000
519.101444,-907.727988,350.000000
524.547847,-859.155989,350.000000
625.477255,-851.236075,338.690000
616.571163,-858.448086,332.420000
628.291325,-846.988544,335.030000
624.326606,-842.092525,335.705000
601.888139,-831.735378,331.370000
573.397968,-854.806263,338.990000
569.674013,-869.943137,342.695000
569.900569,-870.222910,342.275000
590.744764,-853.536627,344.000000
620.716050,-851.076933,344.000000
565.178636,-856.832277,333.741000
580.146467,-844.711566,329.856000
577.159048,-833.967180,332.026000
576.328345,-832.941348,331.389000
553.689682,-827.533061,330.318000
543.314784,-835.934488,332.922000
552.806290,-851.564501,328.603000
549.917710,-847.997401,327.455000
558.845582,-823.936938,334.000000
577.838841,-835.617053,334.000000
585.190583,-818.251449,336.765000
597.052938,-808.645502,347.580000
592.462603,-801.807394,328.225000
593.460705,-803.039948,355.245000
570.468957,-813.444912,354.650000
588.399269,-798.925232,327.910000
571.889044,-827.249668,346.110000
569.279252,-824.026844,335.575000
570.940302,-824.756008,362.000000
571.646003,-821.457899,362.000000
633.929001,-787.878875,345.040000
618.400848,-800.453326,350.576000
627.069739,-769.731285,337.232000
630.682038,-774.192103,357.584000
624.880939,-769.470660,329.392000
622.311695,-771.551193,332.592000
605.866665,-789.629126,353.584000
612.336079,-797.618187,339.600000
615.467953,-786.923989,358.000000
613.247579,-788.052898,358.000000
664.184654,-811.002355,339.768000
667.452552,-808.356063,340.272000
677.180784,-784.656300,336.338000
657.251466,-760.045642,329.338000
640.688054,-755.397471,332.922000
641.859990,-754.448456,332.404000
643.218869,-788.798284,329.492000
655.957572,-804.529273,335.470000
641.947694,-759.303151,341.000000
640.328450,-768.823915,341.000000
707.271271,-767.937348,338.068000
706.338696,-768.692533,334.968000
720.851447,-724.642674,361.473000
708.894359,-709.876900,341.757000
675.665365,-729.193328,353.909000
685.830435,-720.961817,348.546000
682.624116,-772.776796,346.345000
688.382398,-779.887681,355.335000
723.931493,-738.361672,362.000000
712.321199,-763.590645,362.000000
432.237909,-920.647946,338.792000
427.442141,-924.531482,334.544000
410.029692,-875.446763,334.400000
440.658715,-913.270457,338.486000
378.217242,-884.613926,329.990000
388.065235,-876.639178,342.428000
378.414142,-888.842329,343.598000
379.077446,-889.661441,346.370000
397.958662,-903.171986,347.000000
423.622456,-912.945249,347.000000
467.074494,-890.171079,344.340000
458.844518,-896.835582,337.291000
465.894706,-886.378310,339.704000
464.507055,-884.664703,341.452000
434.908204,-858.314647,335.068000
424.416733,-866.810472,345.594000
426.353301,-885.219213,330.413000
422.162027,-880.043421,330.755000
431.017432,-868.240120,347.000000
451.613748,-881.613823,347.000000
493.406938,-870.802547,330.832000
515.881999,-852.602602,338.704000
521.072628,-832.603053,342.912000
523.481667,-835.577968,342.208000
484.529699,-835.528129,339.008000
471.287131,-846.251748,329.712000
474.610011,-870.567443,335.104000
468.068226,-862.489011,333.216000
513.800918,-845.837678,344.000000
510.692807,-833.704819,344.000000
474.887780,-833.686867,343.283000
485.447640,-825.135662,354.319000
480.546737,-808.629417,335.719000
484.821081,-813.907792,330.108000
448.923476,-823.830117,328.124000
444.946820,-827.050349,336.897000
456.025534,-846.675929,351.560000
448.760659,-837.704556,343.686000
451.269591,-836.908152,359.000000
478.875128,-808.068360,359.000000
550.399408,-820.339994,350.461000
553.567832,-817.774255,327.841000
543.359992,-803.967327,343.385000
548.446159,-810.248220,334.192000
541.065020,-804.737160,336.280000
542.051218,-803.938552,340.543000
524.291444,-823.323055,329.204000
528.301473,-828.275029,346.894000
531.028791,-816.755498,356.000000
525.082027,-819.880291,356.000000
521.329153,-811.455650,327.756000
520.979438,-811.738844,328.254000
536.856191,-788.250896,332.286000
528.596990,-778.051632,329.568000
511.915851,-775.328567,330.822000
516.905128,-771.288330,330.882000
508.171192,-800.498344,329.352000
512.193808,-805.465861,332.196000
530.449091,-797.595496,333.000000
522.214885,-807.019664,333.000000
567.994803,-803.664581,331.746000
563.751586,-807.100670,331.057000
561.811135,-767.521445,328.561000
553.504106,-757.263118,333.904000
528.673516,-758.300757,338.389000
537.509665,-751.145384,336.751000
550.919541,-801.741918,335.217000
551.788003,-802.814380,326.598000
562.737886,-772.098161,339.000000
556.799575,-792.270820,339.000000
588.983179,-744.956795,330.548000
581.432429,-751.071272,329.414000
588.434257,-730.575260,329.084000
587.958490,-729.987738,330.728000
566.093918,-745.477520,327.614000
577.953165,-735.874091,326.042000
565.872416,-747.206147,326.150000
573.423002,-756.530345,327.356000
571.787909,-744.811822,332.000000
580.362335,-743.921306,332.000000
631.506657,-731.034363,325.740000
619.546381,-740.719603,332.490000
629.630555,-727.859501,333.300000
631.886039,-730.644792,334.680000
606.076040,-710.451364,330.860000
599.314870,-715.926451,326.870000
596.065806,-734.080959,328.410000
589.822947,-726.371671,329.060000
618.502231,-737.571037,335.000000
610.014156,-722.703455,335.000000
577.911357,-733.381183,336.903000
593.128652,-721.058460,354.657000
608.609173,-700.724818,328.818000
611.233439,-703.965517,328.884000
577.620890,-714.315004,353.766000
571.742558,-719.075184,336.111000
561.873496,-739.941023,345.714000
557.389588,-734.403858,343.338000
598.948222,-708.374389,357.000000
591.739782,-706.645523,357.000000
674.285255,-711.861880,339.140000
681.559341,-705.971441,327.180000
668.067001,-662.423643,334.260000
685.111515,-683.471864,331.560000
617.804753,-679.106555,329.360000
619.809790,-677.482908,335.940000
646.429186,-731.044110,344.480000
621.822129,-700.656925,340.320000
624.244604,-695.163089,345.000000
649.854993,-654.330168,345.000000
340.924090,-1015.960598,325.276000
340.539403,-1016.272112,328.480000
262.465990,-908.561574,334.348000
314.205566,-972.454629,331.096000
257.049956,-910.167991,331.420000
229.352474,-932.596970,333.724000
247.119778,-961.116288,328.480000
263.516721,-981.364827,336.352000
320.439487,-1024.557926,337.000000
331.102566,-995.251342,337.000000
324.310111,-1013.606492,337.000000
344.968186,-993.865708,337.900000
390.379156,-957.092630,342.450000
387.944342,-950.250001,329.325000
384.404415,-945.878555,350.115000
354.120167,-954.285591,355.785000
374.756501,-937.574618,357.780000
329.793440,-991.259734,347.210000
330.233964,-991.803736,330.410000
368.296130,-963.329938,361.000000
337.057316,-989.173503,361.000000
344.315568,-958.808482,344.432000
329.963236,-970.430771,344.300000
328.642394,-890.801241,339.064000
324.520975,-885.711712,349.118000
269.047405,-876.929126,333.674000
291.708982,-858.578144,331.936000
314.129356,-958.685981,350.306000
304.419572,-946.695396,336.754000
319.028228,-882.446815,352.000000
298.717266,-920.604514,352.000000
294.873145,-896.722493,352.000000
384.760980,-864.423378,455.304000
368.574584,-877.530863,436.560000
382.530571,-866.229528,433.788000
354.846063,-809.435081,423.096000
359.694347,-815.422214,333.468000
378.543752,-838.699290,391.416000
316.859055,-826.762583,390.756000
339.322460,-808.572078,362.376000
347.925465,-801.605501,349.176000
321.759680,-833.726445,358.548000
353.250872,-872.614829,391.284000
347.677611,-865.732425,438.804000
324.573412,-820.978854,459.000000
340.759020,-834.646900,459.000000
390.125509,-850.908750,333.358000
397.749311,-844.735117,327.220000
407.661714,-825.513403,327.968000
380.210758,-791.614296,332.038000
368.919495,-790.875468,344.600000
365.935254,-793.292058,336.856000
367.468962,-823.549960,339.210000
387.481350,-848.263202,341.674000
390.669068,-826.457651,349.000000
367.348823,-800.948808,349.000000
455.352295,-794.956169,335.470000
458.709566,-792.237505,329.660000
453.804914,-763.184529,332.040000
432.937909,-737.415924,332.726000
420.929191,-746.912635,328.624000
421.726543,-746.266952,335.792000
437.760250,-786.274444,339.208000
414.145632,-757.112819,338.858000
443.108873,-757.269601,341.000000
459.007757,-786.985393,341.000000
496.168791,-761.521705,326.000000
496.033568,-761.631207,326.000000
478.855985,-721.433100,326.000000
500.902337,-748.658077,326.000000
449.503917,-724.678121,326.000000
454.078975,-720.973312,326.000000
482.343668,-771.821485,326.000000
453.106701,-735.716838,326.000000
451.029593,-727.622048,326.000000
490.006802,-748.152101,326.000000
582.850123,-683.383359,328.792000
578.996256,-686.504158,333.800000
585.192575,-680.930598,340.888000
581.301487,-676.125504,337.304000
565.159818,-662.966177,336.984000
550.938824,-674.482111,340.808000
550.676229,-684.387916,333.064000
551.219962,-685.059370,328.312000
567.749645,-686.578432,341.000000
574.710190,-675.174637,341.000000
544.639270,-716.992514,327.770000
559.581455,-704.892571,328.650000
555.552143,-692.405507,326.545000
553.941082,-690.416013,329.745000
528.233438,-678.807312,325.325000
517.731087,-687.311948,325.840000
529.868308,-706.770069,329.105000
526.495151,-702.604566,326.935000
541.994313,-689.487418,330.000000
547.279107,-683.663765,330.000000
530.802221,-675.014210,338.920000
547.410607,-661.565004,339.560000
543.462832,-654.025127,335.016000
544.361501,-655.134892,327.064000
515.609036,-669.302775,331.096000
539.001129,-650.360231,330.568000
514.054326,-686.036324,327.192000
511.419991,-682.783191,334.072000
540.554172,-651.048182,341.000000
511.445952,-676.529105,341.000000
593.260572,-638.740739,327.836000
578.161877,-650.923850,325.340000
582.655107,-614.282882,347.492000
587.535636,-620.331388,331.034000
580.172818,-612.037807,341.148000
577.171135,-614.459860,336.728000
560.723438,-633.283727,334.778000
570.466285,-645.358170,342.422000
578.756758,-642.655787,349.000000
563.526666,-626.736515,349.000000
279.208003,-842.975296,344.605000
281.640885,-841.271774,336.485000
290.361693,-828.934565,336.030000
280.930375,-815.465248,344.150000
272.114131,-812.540015,327.490000
272.585963,-812.209635,351.780000
269.212975,-830.113108,353.915000
275.350816,-838.878854,359.445000
278.231033,-825.073084,362.000000
281.143923,-836.450991,362.000000
256.691622,-862.774339,331.466000
256.662666,-862.797372,326.314000
248.329834,-812.736956,328.036000
224.674278,-782.997846,329.380000
199.492818,-786.883351,324.620000
205.226205,-782.322808,332.446000
231.023694,-850.416509,321.204000
243.028889,-865.509107,321.512000
222.186935,-788.132481,334.000000
241.205646,-835.519636,334.000000
326.815895,-798.260866,326.000000
322.670248,-801.582155,326.000000
310.149082,-758.264734,326.000000
302.067820,-748.177671,326.000000
279.616003,-765.601177,326.000000
288.706456,-758.318350,326.000000
277.506707,-768.700520,326.000000
278.779076,-770.288696,326.000000
309.544968,-800.962606,326.000000
308.506921,-777.198835,326.000000
300.694320,-700.359725,325.804000
292.371933,-707.985787,327.244000
302.412265,-697.956793,324.828000
301.806261,-697.295455,324.120000
289.580376,-692.911336,327.852000
277.773617,-703.730237,324.996000
271.697577,-714.763959,326.872000
270.564613,-713.527544,325.872000
284.674439,-706.681464,328.000000
289.622070,-698.392084,328.000000
345.159520,-713.560234,330.376000
352.191671,-707.116454,331.937000
354.005347,-700.883655,328.661000
354.660669,-701.598814,326.470000
342.956305,-702.015691,326.953000
338.697791,-705.917900,328.003000
339.571456,-713.255384,325.245000
337.585220,-711.087789,329.536000
347.190707,-700.983894,332.000000
348.169387,-699.042716,332.000000
337.708533,-696.231816,324.420000
342.415311,-691.918848,324.855000
341.803535,-686.526453,328.200000
343.042567,-687.878620,325.950000
329.407292,-694.344109,326.975000
327.474151,-696.115506,327.045000
330.240227,-702.030874,325.755000
328.064826,-699.656841,328.140000
330.567325,-701.769121,329.000000
344.028125,-689.994739,329.000000
371.859461,-685.879388,325.600000
374.854694,-683.366088,325.404000
358.517640,-662.321952,324.624000
366.514560,-671.852311,326.280000
356.125759,-661.224720,327.648000
356.601472,-660.825549,327.156000
342.744061,-679.305380,326.668000
349.715735,-687.613898,324.032000
355.622969,-683.489991,328.000000
355.312293,-691.170613,328.000000
397.626264,-690.658810,328.868000
397.689833,-690.495764,328.124000
405.497973,-659.016791,327.888000
397.951274,-656.074456,329.000000
386.430008,-664.317408,326.912000
388.883770,-658.023833,329.876000
386.802723,-689.293911,329.932000
390.678558,-690.805036,326.752000
390.543323,-668.137521,330.000000
391.771373,-683.267095,330.000000
427.427087,-654.918170,326.627000
423.787961,-659.836166,339.509000
430.148257,-626.961219,340.991000
424.553413,-622.821253,343.670000
404.228254,-637.515576,336.336000
412.320223,-626.579907,328.831000
413.582760,-661.975494,331.700000
414.561857,-662.699988,332.992000
438.056856,-637.871390,345.000000
413.064934,-645.708898,345.000000
402.137246,-604.448003,340.101000
402.891034,-605.080506,366.659000
372.984055,-637.590583,328.145000
370.320343,-640.765072,328.390000
367.467163,-648.459157,365.140000
366.260643,-647.446766,339.121000
369.486815,-646.425603,353.184000
401.055400,-608.803628,349.852000
389.836010,-621.320284,372.000000
374.980965,-637.731031,372.000000
579.875869,-577.278793,337.984000
559.482234,-594.391084,323.728000
581.165815,-574.363608,332.104000
570.660094,-561.843378,328.960000
561.811167,-568.939546,326.248000
549.028950,-579.665100,334.216000
533.077142,-601.062846,344.368000
529.733361,-597.077883,339.472000
552.307914,-584.244890,346.000000
553.944275,-576.786011,346.000000
562.900000,-549.323000,345.568000
562.900000,-542.162000,328.048000
548.180000,-533.300000,339.688000
558.460000,-533.300000,333.304000
522.900000,-543.800000,333.832000
522.900000,-546.824000,338.560000
548.180000,-554.300000,327.976000
529.940000,-554.300000,343.792000
562.740000,-538.277000,346.000000
557.820000,-539.411000,346.000000
506.901545,-651.534166,333.642000
511.593567,-647.597092,337.528000
508.146291,-627.262588,326.566000
515.504923,-636.032265,343.879000
481.047016,-637.982694,348.461000
481.636870,-637.487748,350.230000
491.418144,-661.777094,341.385000
480.640524,-648.932826,327.581000
488.621827,-655.558705,354.000000
509.787271,-638.256987,354.000000
495.132717,-600.647435,321.000000
495.408520,-600.431953,321.000000
478.562204,-569.034702,321.000000
491.979315,-586.207820,321.000000
475.194021,-569.271577,321.000000
452.798755,-586.768676,321.000000
454.649323,-595.277033,321.000000
459.501351,-601.487346,321.000000
467.576673,-592.267085,321.000000
487.905166,-583.380823,321.000000
470.500000,-569.444000,321.000000
470.500000,-563.543000,321.000000
468.110000,-563.200000,321.000000
465.660000,-563.200000,321.000000
460.500000,-565.797000,321.000000
460.500000,-563.319000,321.000000
465.520000,-570.200000,321.000000
465.990000,-570.200000,321.000000
460.970000,-565.762000,321.000000
463.820000,-569.626000,321.000000
451.016791,-582.109660,321.000000
448.798758,-587.464466,321.000000
450.276226,-570.074106,321.000000
449.546361,-569.771786,321.000000
441.371586,-579.263986,321.000000
444.953503,-570.616473,321.000000
446.353577,-587.932351,321.000000
445.263399,-587.480785,321.000000
452.154802,-572.332950,321.000000
441.866627,-582.040802,321.000000
432.615106,-580.318452,323.252000
427.535968,-594.049146,321.608000
427.412983,-568.414269,322.276000
428.300225,-568.742470,322.484000
415.647571,-594.481491,321.300000
422.787507,-575.179737,323.360000
415.993869,-596.176940,324.320000
423.370365,-598.905589,324.236000
421.636049,-591.418886,325.000000
428.610556,-590.256387,325.000000
479.100000,-546.720000,321.000000
479.100000,-553.260000,321.000000
474.480000,-546.500000,321.000000
443.106000,-546.500000,321.000000
437.100000,-548.910000,321.000000
437.100000,-550.400000,321.000000
452.766000,-556.500000,321.000000
475.866000,-556.500000,321.000000
441.216000,-551.460000,321.000000
470.364000,-551.950000,321.000000
406.896974,-577.148295,321.000000
409.456131,-570.375680,321.000000
413.504941,-548.344594,321.000000
408.070011,-546.290905,321.000000
400.384471,-566.092576,321.000000
400.624834,-565.456474,321.000000
399.955277,-585.985045,321.000000
394.192942,-583.807640,321.000000
412.294816,-556.695977,321.000000
407.678817,-564.102471,321.000000
397.746427,-554.812473,321.000000
397.868868,-554.454853,321.000000
395.075323,-541.312405,321.000000
400.600461,-543.204082,321.000000
384.953435,-561.305679,321.000000
386.553911,-556.631071,321.000000
392.412882,-568.939498,321.000000
385.014494,-566.406464,321.000000
388.539375,-565.187515,321.000000
393.640799,-549.268698,321.000000
1355.742130,-488.161976,350.368000
1349.360905,-491.699147,352.832000
1352.103992,-466.648402,336.704000
1359.739744,-480.423663,309.096000
1347.198416,-468.887399,323.040000
1319.868300,-484.036730,321.360000
1312.392610,-494.015108,309.320000
1312.932203,-494.988560,333.624000
1327.178750,-483.562036,360.000000
1347.245124,-474.912138,360.000000
1269.500000,-520.430000,313.060000
1269.500000,-499.940000,310.484000
1251.950000,-494.600000,334.200000
1246.490000,-494.600000,316.616000
1204.500000,-506.660000,327.368000
1204.500000,-521.210000,322.720000
1239.210000,-524.600000,320.536000
1231.800000,-524.600000,328.852000
1258.645000,-504.650000,337.000000
1209.180000,-496.010000,337.000000
1269.000000,-438.469000,316.681000
1269.000000,-418.306000,311.893000
1253.853000,-416.200000,311.557000
1256.067000,-416.200000,316.492000
1242.000000,-443.188000,327.412000
1242.000000,-416.668000,321.091000
1264.248000,-455.200000,322.288000
1256.688000,-455.200000,325.690000
1255.932000,-417.955000,328.000000
1266.084000,-452.197000,328.000000
1188.300000,-505.392000,320.878000
1188.300000,-526.160000,315.782000
1144.048000,-496.400000,317.462000
1156.944000,-496.400000,318.848000
1136.300000,-527.824000,314.046000
1136.300000,-500.752000,321.914000
1142.228000,-528.400000,310.616000
1171.088000,-528.400000,310.980000
1146.700000,-520.560000,324.000000
1173.272000,-521.936000,324.000000
1131.300000,-526.200000,313.282000
1131.300000,-518.800000,314.779000
1127.775000,-486.600000,315.547000
1113.100000,-486.600000,315.436000
1106.300000,-497.520000,314.815000
1106.300000,-497.000000,313.093000
1116.400000,-526.600000,314.080000
1126.125000,-526.600000,313.750000
1128.400000,-505.160000,316.000000
1119.575000,-513.560000,316.000000
1190.100000,-462.300000,315.280000
1190.100000,-461.958000,318.184000
1157.344000,-449.700000,313.328000
1125.348000,-449.700000,319.936000
1114.100000,-459.834000,319.368000
1114.100000,-456.630000,313.688000
1166.844000,-467.700000,317.416000
1183.792000,-467.700000,315.440000
1157.268000,-452.832000,320.000000
1140.776000,-459.600000,320.000000
1203.900000,-422.160000,332.684000
1203.900000,-427.416000,340.402000
1136.126000,-407.400000,324.388000
1112.156000,-407.400000,313.848000
1109.900000,-438.108000,316.058000
1109.900000,-425.724000,321.294000
1202.490000,-443.400000,341.762000
1113.848000,-443.400000,328.740000
1133.494000,-439.224000,342.000000
1125.974000,-422.700000,342.000000
963.800000,-498.960000,324.129000
963.800000,-506.136000,324.399000
963.392000,-496.200000,326.394000
960.366000,-496.200000,325.056000
929.800000,-499.489000,325.662000
929.800000,-510.759000,325.713000
939.150000,-519.200000,324.927000
935.444000,-519.200000,326.370000
961.590000,-509.862000,327.000000
963.494000,-503.123000,327.000000
1005.000000,-458.500000,331.334000
1005.000000,-442.840000,330.138000
983.860000,-433.600000,324.964000
989.250000,-433.600000,335.832000
935.000000,-446.590000,344.620000
935.000000,-456.340000,341.526000
974.550000,-463.600000,338.276000
955.370000,-463.600000,347.220000
978.330000,-442.720000,348.000000
991.770000,-438.910000,348.000000
912.300000,-511.100000,392.500000
912.300000,-500.390000,374.300000
882.700000,-494.900000,368.100000
894.850000,-494.900000,396.200000
887.500000,-494.900000,377.300000
862.300000,-516.620000,343.600000
862.300000,-521.360000,418.100000
905.050000,-524.900000,419.200000
883.050000,-524.900000,340.000000
905.000000,-524.900000,413.200000
877.400000,-495.290000,425.000000
893.850000,-496.460000,425.000000
911.700000,-454.260000,346.775000
911.700000,-446.660000,338.825000
888.768000,-444.300000,340.675000
899.376000,-444.300000,344.300000
885.700000,-444.860000,334.575000
885.700000,-444.580000,324.775000
889.470000,-484.300000,328.450000
899.714000,-484.300000,330.250000
911.336000,-473.220000,347.000000
897.426000,-481.420000,347.000000
914.100000,-430.970000,353.032000
914.100000,-430.250000,409.816000
905.500000,-402.200000,327.552000
884.200000,-402.200000,328.488000
896.950000,-402.200000,336.288000
864.100000,-411.320000,406.176000
864.100000,-406.130000,351.264000
885.850000,-432.200000,380.800000
897.300000,-432.200000,374.040000
899.150000,-432.200000,373.520000
897.600000,-415.190000,425.000000
877.650000,-426.320000,425.000000
864.200000,-485.811000,380.296000
864.200000,-488.490000,333.686000
835.494000,-473.100000,361.020000
819.436000,-473.100000,350.987000
802.200000,-484.386000,341.665000
802.200000,-477.945000,368.288000
847.212000,-492.100000,401.389000
851.056000,-492.100000,385.510000
824.148000,-475.817000,410.000000
807.842000,-486.001000,410.000000
863.600000,-440.401000,405.260000
863.600000,-446.234000,347.906000
816.914000,-433.200000,385.984000
811.086000,-433.200000,365.207000
801.600000,-449.996000,366.708000
801.600000,-440.420000,382.508000
802.592000,-452.200000,347.353000
858.144000,-452.200000,399.809000
803.894000,-449.407000,410.000000
858.020000,-443.745000,410.000000
772.000000,-410.858000,355.359000
772.000000,-468.564000,367.278000
772.000000,-469.052000,411.561000
772.000000,-429.524000,409.560000
767.098000,-400.000000,334.044000
661.306000,-400.000000,386.331000
759.118000,-400.000000,383.634000
658.000000,-421.350000,399.816000
658.000000,-461.488000,405.384000
658.000000,-496.624000,355.707000
658.000000,-464.050000,412.866000
692.884000,-522.000000,378.501000
662.218000,-522.000000,337.437000
711.694000,-522.000000,414.867000
740.194000,-468.564000,420.000000
741.220000,-452.460000,420.000000
701.320000,-503.822000,420.000000
662.902000,-486.376000,420.000000
634.400000,-496.952000,362.818000
634.400000,-452.188000,362.884000
634.400000,-477.732000,372.190000
614.753000,-398.000000,346.714000
628.736000,-398.000000,377.338000
575.400000,-455.660000,330.544000
575.400000,-475.872000,325.792000
575.400000,-486.660000,329.818000
610.564000,-522.000000,380.440000
584.899000,-522.000000,340.246000
599.295000,-431.728000,391.000000
607.850000,-435.944000,391.000000
608.912000,-512.948000,391.000000
574.200000,-461.784000,356.338000
574.200000,-437.799000,350.668000
574.200000,-487.737000,341.092000
538.689000,-399.300000,346.090000
561.660000,-399.300000,359.866000
517.200000,-492.165000,335.800000
517.200000,-491.919000,327.064000
517.200000,-477.774000,356.170000
567.702000,-522.300000,325.552000
533.445000,-522.300000,336.262000
522.216000,-520.086000,361.000000
538.290000,-421.686000,361.000000
560.349000,-399.792000,361.000000
480.900000,-478.202000,324.768000
480.900000,-477.032000,345.152000
453.480000,-469.700000,345.908000
470.580000,-469.700000,323.284000
450.900000,-471.455000,339.076000
450.900000,-503.903000,329.416000
456.210000,-508.700000,332.216000
463.200000,-508.700000,335.548000
474.060000,-496.688000,347.000000
456.600000,-471.923000,347.000000
405.300000,-514.676000,321.176000
405.300000,-478.388000,317.912000
399.996000,-475.700000,319.216000
393.106000,-475.700000,319.664000
379.300000,-489.770000,317.264000
379.300000,-475.742000,321.416000
391.442000,-517.700000,323.312000
393.184000,-517.700000,323.168000
391.156000,-492.584000,325.000000
379.560000,-514.886000,325.000000
499.500000,-437.418000,315.324000
499.500000,-455.840000,316.412000
476.776000,-398.500000,315.812000
472.222000,-398.500000,315.974000
453.500000,-436.686000,316.302000
453.500000,-406.186000,315.536000
488.322000,-459.500000,316.790000
483.814000,-459.500000,315.098000
459.894000,-405.271000,315.000000
491.680000,-447.849000,315.000000
1271.200000,-316.131000,320.090000
1271.200000,-350.295000,347.290000
1271.200000,-292.698000,372.705000
1243.760000,-290.800000,384.350000
1246.105000,-290.800000,365.905000
1236.200000,-357.668000,363.610000
1236.200000,-309.050000,384.520000
1236.200000,-315.036000,318.220000
1237.845000,-363.800000,342.785000
1263.605000,-363.800000,318.135000
1265.005000,-350.733000,392.000000
1258.950000,-340.732000,392.000000
1217.300000,-317.211000,353.977000
1217.300000,-331.793000,369.898000
1213.600000,-315.900000,332.662000
1175.200000,-315.900000,388.951000
1167.300000,-320.638000,398.434000
1167.300000,-324.525000,321.004000
1184.150000,-338.900000,377.206000
1212.650000,-338.900000,340.057000
1192.650000,-328.113000,400.000000
1190.800000,-328.780000,400.000000
1167.900000,-356.535000,381.469000
1167.900000,-335.535000,385.645000
1167.900000,-294.795000,347.539000
1153.300000,-276.000000,360.241000
1129.260000,-276.000000,317.698000
1127.900000,-328.080000,338.926000
1127.900000,-328.395000,336.664000
1127.900000,-294.795000,378.685000
1153.020000,-381.000000,317.698000
1129.180000,-381.000000,355.717000
1135.540000,-301.305000,400.000000
1139.500000,-321.780000,400.000000
1100.100000,-321.465000,329.274000
1100.100000,-319.890000,315.370000
1100.100000,-311.520000,346.022000
1034.600000,-300.000000,448.722000
1091.100000,-300.000000,349.972000
1057.800000,-300.000000,453.304000
1052.100000,-300.000000,459.150000
1000.500000,-300.000000,416.490000
1000.100000,-335.370000,410.170000
1000.100000,-328.035000,384.574000
1000.100000,-304.590000,402.586000
1091.900000,-345.000000,371.460000
1015.700000,-345.000000,419.176000
1078.200000,-345.000000,351.868000
1024.800000,-345.000000,465.154000
1006.600000,-345.000000,433.396000
1087.500000,-342.795000,471.000000
1011.100000,-313.995000,471.000000
997.200000,-356.245000,364.780000
997.200000,-360.830000,340.255000
940.500000,-349.700000,338.075000
984.300000,-349.700000,364.126000
976.440000,-349.700000,395.300000
937.200000,-352.360000,420.479000
937.200000,-375.880000,387.997000
949.680000,-384.700000,393.774000
954.000000,-384.700000,411.868000
979.440000,-384.700000,325.322000
970.680000,-372.800000,428.000000
992.940000,-356.245000,428.000000
998.100000,-290.360000,399.224000
998.100000,-265.790000,359.875000
984.000000,-259.000000,372.519000
977.760000,-259.000000,383.746000
981.900000,-259.000000,374.699000
938.100000,-271.845000,345.923000
938.100000,-289.520000,407.617000
967.980000,-294.000000,319.327000
962.400000,-294.000000,322.488000
975.780000,-294.000000,413.830000
952.620000,-271.950000,428.000000
983.040000,-261.170000,428.000000
879.400000,-372.838000,328.692000
879.400000,-360.487000,364.405000
867.325000,-358.900000,382.368000
868.728000,-358.900000,379.954000
856.400000,-374.011000,364.973000
856.400000,-381.808000,395.503000
874.524000,-381.900000,347.649000
868.567000,-381.900000,340.052000
877.675000,-360.740000,396.000000
869.487000,-380.474000,396.000000
830.200000,-360.212000,354.496000
830.200000,-380.340000,380.920000
804.088000,-350.100000,336.928000
811.384000,-350.100000,396.688000
798.200000,-380.404000,391.360000
798.200000,-353.972000,340.456000
800.728000,-382.100000,373.720000
819.096000,-382.100000,356.224000
817.688000,-375.380000,400.000000
810.648000,-376.148000,400.000000
889.700000,-298.178000,379.170000
889.700000,-340.260000,398.030000
883.022000,-296.800000,359.080000
844.844000,-296.800000,333.988000
887.180000,-296.800000,400.654000
826.700000,-309.361000,339.072000
826.700000,-309.785000,351.946000
849.947000,-349.800000,401.064000
875.714000,-349.800000,369.904000
851.774000,-349.800000,348.010000
845.159000,-323.300000,405.000000
839.867000,-333.317000,405.000000
918.300000,-285.252000,323.011000
918.300000,-283.972000,324.045000
880.284000,-261.700000,331.327000
837.948000,-261.700000,326.454000
822.300000,-278.564000,328.632000
822.300000,-273.508000,328.863000
885.564000,-293.700000,325.948000
908.892000,-293.700000,331.272000
916.092000,-268.388000,334.000000
825.084000,-279.780000,334.000000
775.600000,-331.175000,363.553000
775.600000,-335.620000,358.975000
746.102000,-315.600000,336.957000
734.277000,-315.600000,382.846000
732.600000,-344.230000,419.361000
732.600000,-332.890000,406.717000
773.407000,-350.600000,392.656000
733.761000,-350.600000,430.588000
760.980000,-347.765000,438.000000
769.107000,-331.035000,438.000000
769.600000,-270.640000,382.426000
769.600000,-284.656000,366.495000
728.608000,-263.200000,360.621000
766.030000,-263.200000,385.986000
727.600000,-268.384000,338.905000
727.600000,-292.864000,405.477000
737.638000,-311.200000,406.100000
733.942000,-311.200000,335.968000
742.048000,-293.392000,415.000000
755.698000,-278.368000,415.000000
706.400000,-308.395000,338.200000
706.400000,-274.249000,333.176000
693.317000,-253.900000,334.296000
696.110000,-253.900000,336.664000
657.400000,-278.974000,330.376000
657.400000,-300.709000,324.168000
683.370000,-316.900000,326.472000
670.875000,-316.900000,327.672000
658.772000,-275.257000,339.000000
681.361000,-265.996000,339.000000
646.650000,-323.000000,334.630000
646.650000,-273.368000,364.880000
646.650000,-250.004000,337.930000
571.622100,-247.100000,321.210000
601.660200,-247.100000,321.925000
558.152100,-247.100000,320.275000
511.950000,-337.916000,362.735000
511.950000,-361.544000,333.970000
511.950000,-291.320000,357.675000
622.404000,-379.100000,349.315000
565.830000,-379.100000,345.960000
513.835800,-379.100000,340.020000
607.721700,-253.568000,375.000000
553.572300,-256.076000,375.000000
640.857900,-287.624000,375.000000
577.818300,-319.436000,375.000000
622.673400,-264.524000,375.000000
502.100000,-285.705000,335.818000
502.100000,-257.642000,354.816000
502.100000,-260.967000,315.348000
394.531000,-247.800000,324.548000
443.934000,-247.800000,318.890000
428.440000,-247.800000,346.582000
375.100000,-377.874000,313.324000
375.100000,-379.603000,328.964000
375.100000,-282.247000,331.816000
389.070000,-380.800000,348.054000
441.648000,-380.800000,339.038000
494.226000,-380.800000,317.096000
425.265000,-348.614000,355.000000
391.356000,-373.219000,355.000000
393.515000,-298.739000,355.000000
500.322000,-256.445000,355.000000
436.822000,-268.415000,355.000000
1095.100000,-242.284000,354.960000
1095.100000,-238.500000,326.040000
1075.372000,-156.800000,345.160000
1011.148000,-156.800000,334.800000
1022.668000,-156.800000,344.160000
951.100000,-179.934000,335.400000
951.100000,-166.776000,343.560000
1008.700000,-242.800000,325.640000
1044.412000,-242.800000,352.320000
1075.084000,-242.800000,358.520000
962.476000,-197.048000,359.000000
1087.612000,-227.234000,359.000000
999.052000,-196.360000,359.000000
1020.652000,-206.938000,359.000000
921.400000,-212.900000,378.965000
921.400000,-222.050000,414.356000
921.400000,-179.000000,516.011000
921.400000,-207.725000,561.442000
921.400000,-185.600000,569.223000
889.375000,-160.100000,568.721000
868.375000,-160.100000,469.325000
889.375000,-160.100000,435.691000
865.300000,-160.100000,440.962000
869.275000,-160.100000,331.777000
846.400000,-202.025000,507.226000
846.400000,-178.100000,524.294000
846.400000,-168.050000,355.120000
846.400000,-170.000000,571.231000
846.400000,-214.775000,345.080000
898.150000,-235.100000,445.982000
904.375000,-235.100000,328.263000
905.200000,-235.100000,525.549000
885.025000,-235.100000,450.500000
903.700000,-235.100000,358.634000
994.700000,-77.734800,323.779000
994.700000,-82.958200,323.824000
961.001000,-70.200000,321.583000
955.596000,-70.200000,325.795000
947.700000,-85.651800,319.387000
947.700000,-76.824800,327.766000
993.807000,-88.400000,326.182000
989.859000,-88.400000,320.737000
968.662000,-86.361600,328.000000
975.336000,-80.574000,328.000000
1000.567520,-47.562522,342.896000
998.996669,-55.147876,339.332000
1000.668492,-45.418042,336.281000
961.679756,-37.343863,345.245000
959.388147,-39.296626,329.693000
958.174465,-45.157275,324.158000
967.548004,-56.021947,323.105000
957.266164,-53.892680,330.071000
963.143047,-48.089667,347.000000
975.103537,-47.912216,347.000000
850.603296,-119.409144,326.444000
854.462268,-113.534421,341.816000
850.161468,-100.758705,342.320000
856.648002,-105.019561,325.415000
824.939872,-93.635495,337.175000
823.081101,-96.465205,330.014000
835.864029,-113.381686,332.051000
823.515811,-105.270423,334.613000
850.382577,-107.684456,344.000000
832.814972,-96.430887,344.000000
888.507197,-86.555956,323.880000
891.298547,-82.088863,321.456000
865.139189,-56.266804,322.416000
884.952136,-68.647308,322.770000
834.478268,-57.908442,326.952000
834.257557,-58.261654,324.084000
874.866047,-91.234691,325.482000
844.810374,-72.453822,325.398000
869.315607,-59.367648,327.000000
843.751474,-48.593581,327.000000
922.566081,-14.017193,332.752000
923.005530,-12.769309,324.096000
888.396496,5.258010,328.832000
911.180983,-2.765674,327.600000
883.243593,6.786381,324.928000
875.602559,-14.911513,331.104000
880.216680,-20.486689,321.008000
890.758136,-24.198921,334.608000
884.325111,-14.118798,336.000000
918.702147,-7.503939,336.000000
869.198423,-13.392888,316.469000
881.237271,20.793274,320.668000
878.985452,25.020237,326.297000
873.340264,27.008221,323.515000
858.419883,19.222118,323.112000
849.077519,-7.306963,326.362000
857.443775,-10.861738,319.940000
859.167043,-11.468597,316.209000
873.687774,7.890329,328.000000
863.222707,-10.636486,328.000000
783.200000,-223.031000,359.033000
783.200000,-236.285000,373.509000
764.840000,-191.400000,340.245000
760.080000,-191.400000,390.372000
743.200000,-219.130000,398.380000
743.200000,-196.617000,330.158000
772.080000,-238.400000,379.592000
768.920000,-238.400000,347.021000
765.120000,-198.309000,403.000000
763.520000,-230.128000,403.000000
712.800000,-206.650000,324.470000
712.800000,-229.050000,324.782000
679.095000,-187.500000,323.006000
681.210000,-187.500000,320.096000
667.800000,-231.500000,321.542000
667.800000,-199.250000,321.410000
668.340000,-237.500000,320.072000
702.360000,-237.500000,322.724000
678.240000,-230.350000,326.000000
682.560000,-222.500000,326.000000
638.700000,-197.640000,317.798000
638.700000,-209.920000,344.333000
635.814000,-195.800000,339.693000
577.576000,-195.800000,321.684000
564.700000,-199.220000,332.617000
564.700000,-202.980000,328.035000
587.048000,-215.800000,325.541000
630.708000,-215.800000,334.386000
632.484000,-207.120000,345.000000
575.578000,-207.300000,345.000000
423.000000,-221.580000,338.642000
423.000000,-212.780000,318.973000
412.143000,-189.500000,316.926000
391.617000,-189.500000,338.464000
390.000000,-207.940000,384.121000
390.000000,-208.860000,357.955000
409.536000,-229.500000,362.405000
390.528000,-229.500000,377.446000
409.767000,-200.540000,394.000000
421.911000,-207.540000,394.000000
776.400000,-96.620000,325.246000
776.400000,-93.380000,322.033000
742.355000,-65.900000,323.050000
772.275000,-65.900000,324.004000
721.400000,-110.960000,320.854000
721.400000,-102.380000,325.975000
769.965000,-125.900000,327.649000
729.155000,-125.900000,327.946000
736.965000,-125.060000,328.000000
764.685000,-85.460000,328.000000
769.250000,-7.580000,312.528000
769.250000,-12.020000,336.816000
671.425000,1.300000,348.768000
747.750000,1.300000,347.328000
714.747500,1.300000,320.736000
661.750000,-0.340000,337.056000
661.750000,-27.980000,357.840000
680.347500,-38.700000,325.296000
690.237500,-38.700000,320.352000
754.737500,-38.700000,337.920000
765.702500,-26.540000,360.000000
727.002500,-6.780000,360.000000
507.800000,-38.536000,310.521000
507.800000,-3.832000,319.031000
495.800000,6.200000,304.909000
488.360000,6.200000,324.068000
447.800000,-9.688000,322.274000
447.800000,-34.936000,306.105000
475.580000,-41.800000,316.662000
471.140000,-41.800000,311.142000
486.860000,-13.288000,326.000000
473.420000,2.456000,326.000000
239.216029,-583.433214,322.643000
247.501906,-575.147336,322.877000
241.473114,-566.623871,322.399000
242.096782,-567.247539,322.096000
224.663771,-568.286986,322.154000
219.332893,-573.617864,322.315000
230.232237,-585.081480,322.910000
226.683268,-581.532511,322.534000
237.151984,-565.718067,323.000000
223.416435,-576.869848,323.000000
296.500000,-334.424000,312.960000
296.500000,-349.040000,312.057000
289.480000,-326.000000,312.715000
291.343000,-326.000000,312.276000
287.500000,-347.888000,312.471000
287.500000,-328.520000,312.495000
287.887000,-350.000000,312.226000
293.242000,-350.000000,312.714000
287.662000,-345.800000,313.000000
288.103000,-345.896000,313.000000
283.000000,-311.049000,312.276000
283.000000,-318.024000,312.237000
281.320000,-310.500000,312.031000
266.272000,-310.500000,312.456000
259.000000,-312.318000,312.787000
259.000000,-312.570000,312.675000
267.016000,-319.500000,312.543000
277.312000,-319.500000,312.894000
275.848000,-315.315000,313.000000
280.288000,-316.845000,313.000000
155.194304,-568.295884,326.736000
157.332720,-567.206307,325.344000
176.281213,-541.750336,324.784000
168.136623,-525.765679,327.088000
147.432307,-528.480096,322.824000
152.350663,-525.974068,328.840000
140.375368,-559.388718,328.872000
145.031948,-568.527771,322.592000
163.052119,-537.373133,330.000000
156.813844,-554.645865,330.000000
139.710244,-302.038493,314.816000
137.836411,-303.912326,314.196000
132.101775,-277.424106,314.328000
124.800898,-270.123228,314.634000
109.640529,-282.610734,313.840000
114.996862,-277.254400,313.072000
128.407142,-309.084812,313.350000
106.059033,-286.736702,313.508000
108.289955,-287.376634,315.000000
128.446033,-289.890398,315.000000
132.216993,-600.753570,342.575000
118.369014,-614.601549,390.686000
105.895650,-627.074913,339.095000
125.971826,-575.060138,408.260000
140.753186,-589.841498,409.739000
121.254010,-577.775428,387.032000
94.270815,-604.758623,341.792000
91.928877,-607.100560,370.241000
77.520869,-628.432558,365.804000
76.366871,-627.278559,360.845000
103.944036,-620.643069,410.000000
113.939697,-596.833370,410.000000
-10.921918,-434.281524,325.410000
41.725070,-515.350775,329.580000
81.912452,-558.572016,322.970000
80.547096,-559.458689,321.770000
76.284627,-487.780374,320.520000
42.185866,-435.272888,323.960000
-1.617548,-407.730546,328.080000
7.017404,-402.122943,326.150000
59.128212,-496.665929,330.000000
84.772731,-514.261627,330.000000
93.178425,-536.899754,330.000000
141.117049,-444.637832,338.854000
167.897978,-422.340636,323.036000
166.369344,-391.072320,333.486000
172.573247,-398.523763,327.854000
107.496627,-410.170660,328.118000
94.038534,-421.375564,332.672000
108.108015,-458.629311,322.728000
95.823058,-443.873979,337.490000
149.662793,-382.559117,342.000000
176.327352,-414.448106,342.000000
88.289176,-359.942845,319.916000
101.432254,-375.606156,324.812000
126.480097,-365.033084,345.586000
117.434644,-372.623120,332.258000
77.201999,-296.946500,337.290000
75.316253,-294.699155,339.704000
72.106295,-294.607413,328.960000
61.467470,-303.534447,347.150000
66.007637,-323.631241,348.000000
56.587024,-312.503758,348.000000
68.226550,-275.028284,328.170000
23.268701,-319.986133,328.434000
65.053054,-268.969793,320.118000
43.964302,-247.881041,335.661000
13.210814,-239.534352,312.033000
19.605887,-233.139279,342.888000
-7.151033,-292.932228,336.981000
4.977262,-305.060523,317.115000
22.264609,-274.649275,345.000000
12.642300,-296.761918,345.000000
364.000000,-203.280000,316.702000
364.000000,-213.077000,314.526000
319.312000,-131.500000,312.554000
285.112000,-131.500000,318.249000
250.000000,-182.328000,308.389000
250.000000,-153.325000,304.972000
324.670000,-228.500000,304.241000
336.298000,-228.500000,308.695000
269.494000,-152.161000,320.000000
300.844000,-200.370000,320.000000
254.446000,-167.972000,320.000000
353.968000,-182.813000,320.000000
298.067019,-57.516016,304.722000
287.830441,-66.414538,315.012000
301.366198,-26.544293,315.292000
298.632138,-23.399117,304.078000
263.669759,-46.209195,311.876000
281.497508,-30.711768,307.144000
275.819906,-74.588703,308.446000
274.534489,-73.110000,310.210000
276.935718,-69.910030,317.000000
277.876760,-44.820539,317.000000
209.000000,-15.105000,310.439000
209.000000,-56.240000,310.038000
172.064000,0.000000,310.194000
173.242000,0.000000,310.257000
171.000000,-9.880000,310.950000
171.000000,-44.935000,310.476000
179.930000,-95.000000,310.706000
171.228000,-95.000000,310.695000
191.482000,-60.135000,311.000000
174.268000,-43.795000,311.000000
170.000000,-186.835000,323.305000
170.000000,-100.620000,317.398000
125.290000,0.000000,320.621000
158.950000,0.000000,319.807000
0.000000,-84.710000,317.926000
0.000000,-128.570000,322.216000
89.420000,-215.000000,315.242000
22.270000,-215.000000,324.625000
37.740000,-73.745000,326.000000
154.020000,-72.455000,326.000000
102.680000,-130.290000,326.000000
68.510000,-17.845000,326.000000
124.610000,-178.020000,326.000000
163.540000,-138.675000,326.000000
155.210000,-143.190000,326.000000
59.160000,-12.040000,326.000000
91.970000,-78.690000,326.000000
