1522.700000,-1090.452000,304.196000
1511.412000,-1072.200000,305.708000
1505.700000,-1103.205000,305.218000
1521.459000,-1111.200000,304.730000
1520.643000,-1108.938000,306.000000
1493.900000,-1084.662000,307.946000
1489.388000,-1052.600000,307.456000
1469.900000,-1063.480000,306.968000
1480.748000,-1086.600000,306.480000
1470.020000,-1066.778000,308.000000
1570.100000,-971.760000,306.929000
1547.284000,-963.400000,305.221000
1538.100000,-980.300000,303.513000
1569.332000,-983.400000,301.798000
1542.260000,-981.240000,308.000000
1526.200000,-979.720000,315.440000
1522.630000,-952.900000,310.560000
1511.200000,-964.000000,305.660000
1518.715000,-982.900000,320.780000
1515.040000,-963.910000,321.000000
1508.400000,-966.632000,306.373000
1476.354000,-956.300000,304.168000
1466.400000,-981.332000,301.972000
1467.492000,-984.300000,308.767000
1482.402000,-979.904000,310.000000
1516.101825,-746.243254,312.717000
1478.621581,-724.380956,306.129000
1487.339424,-748.122063,326.514000
1517.220400,-757.854657,319.926000
1489.105493,-737.359034,327.000000
1427.300000,-587.183000,314.228000
1407.812000,-569.000000,309.818000
1403.300000,-622.808000,323.426000
1405.100000,-626.000000,319.034000
1418.468000,-614.201000,326.000000
1390.800000,-633.116000,309.760000
1370.580000,-622.000000,315.808000
1330.800000,-628.566000,313.856000
1366.800000,-636.000000,311.896000
1376.220000,-625.752000,316.000000
1366.100000,-587.020000,309.045000
1351.446000,-574.600000,317.361000
1349.100000,-620.278000,314.666000
1351.225000,-620.600000,311.982000
1364.111000,-608.824000,319.000000
1347.700000,-611.145000,309.938000
1338.025000,-580.600000,309.450000
1322.700000,-601.838000,308.962000
1338.950000,-621.600000,308.472000
1322.900000,-589.579000,310.000000
1448.900000,-1085.640000,310.220000
1415.193000,-1079.700000,309.000000
1411.900000,-1080.861000,307.775000
1418.338000,-1106.700000,306.555000
1416.821000,-1098.438000,311.000000
1344.200000,-1097.530000,308.000000
1335.480000,-1073.900000,308.000000
1324.200000,-1093.212000,308.000000
1338.180000,-1107.900000,308.000000
1329.380000,-1079.646000,308.000000
1442.100000,-1045.620000,312.488000
1409.426000,-1042.200000,308.584000
1408.100000,-1044.060000,304.664000
1415.716000,-1062.200000,316.760000
1421.156000,-1055.080000,319.000000
1434.000000,-1020.212000,312.360000
1390.746000,-1006.000000,307.460000
1345.000000,-1019.574000,322.580000
1411.661000,-1028.000000,317.700000
1390.390000,-1008.640000,323.000000
1344.900000,-1016.439000,311.814000
1344.218000,-1009.300000,307.666000
1282.900000,-1017.678000,320.518000
1299.888000,-1068.300000,316.353000
1322.270000,-1044.405000,323.000000
1446.100000,-962.564000,305.038000
1433.260000,-942.300000,315.622000
1422.100000,-964.978000,312.192000
1441.252000,-976.300000,308.776000
1440.364000,-944.680000,316.000000
1399.000000,-957.143000,303.276000
1396.300000,-954.800000,305.541000
1354.000000,-961.136000,304.809000
1368.535000,-987.800000,304.074000
1393.870000,-972.785000,306.000000
1337.700000,-969.351000,307.864000
1328.340000,-951.300000,306.888000
1321.700000,-974.928000,305.908000
1335.268000,-984.300000,304.932000
1321.876000,-951.993000,308.000000
1430.300000,-915.796000,336.481000
1425.130000,-915.400000,326.436000
1383.300000,-919.738000,316.432000
1400.831000,-933.400000,306.428000
1389.739000,-924.328000,343.000000
1308.000000,-872.284000,342.320000
1296.588000,-836.500000,330.608000
1290.000000,-891.652000,318.896000
1306.146000,-908.500000,355.136000
1294.716000,-906.412000,356.000000
1302.100000,-778.472000,324.110000
1299.715000,-753.200000,317.034000
1287.100000,-760.766000,309.929000
1293.430000,-779.200000,331.853000
1292.920000,-764.796000,336.000000
1356.800000,-786.520000,320.485000
1307.552000,-779.800000,313.380000
1284.800000,-792.025000,335.304000
1352.984000,-794.800000,328.199000
1321.736000,-793.615000,336.000000
1451.000000,-775.445000,312.204000
1429.055000,-761.600000,303.420000
1346.000000,-766.700000,330.600000
1395.560000,-776.600000,321.816000
1412.990000,-767.555000,336.000000
1446.700000,-737.926000,307.704000
1436.438000,-723.200000,334.884000
1432.700000,-755.205000,326.100000
1446.658000,-760.200000,317.316000
1443.396000,-755.464000,336.000000
1445.200000,-718.995000,304.224000
1423.528000,-705.900000,340.512000
1361.200000,-711.750000,328.800000
1404.964000,-720.900000,317.040000
1435.876000,-711.105000,348.000000
1359.800000,-714.413000,352.446000
1347.272000,-701.500000,342.198000
1343.800000,-735.355000,331.908000
1344.536000,-738.500000,321.660000
1344.040000,-731.914000,354.000000
1342.600000,-710.636000,347.154000
1331.204000,-699.100000,336.906000
1305.600000,-705.246000,326.658000
1326.727000,-713.100000,316.368000
1310.780000,-703.272000,354.000000
1302.800000,-712.768000,341.904000
1288.639000,-703.200000,331.656000
1285.800000,-734.048000,321.366000
1287.432000,-735.200000,353.118000
1290.305000,-727.936000,354.000000
1268.400000,-1085.470000,316.979000
1259.475000,-1042.900000,312.814000
1243.400000,-1069.795000,308.666000
1258.900000,-1097.900000,321.501000
1253.175000,-1056.540000,324.000000
1228.600000,-1081.219000,309.305000
1219.780000,-1073.500000,308.085000
1218.600000,-1073.934000,311.860000
1220.050000,-1104.500000,310.640000
1223.760000,-1095.913000,312.000000
1220.900000,-1101.750000,310.008000
1208.283000,-1094.500000,309.273000
1189.900000,-1099.880000,311.541000
1210.670000,-1104.500000,310.809000
1209.802000,-1096.480000,312.000000
1216.600000,-1059.700000,307.210000
1209.144000,-1056.700000,307.966000
1208.600000,-1057.645000,307.722000
1210.160000,-1071.700000,307.477000
1214.736000,-1066.810000,308.000000
1195.000000,-1075.300000,309.255000
1190.440000,-1051.000000,311.523000
1185.000000,-1072.168000,310.788000
1192.200000,-1087.000000,310.056000
1193.930000,-1056.364000,312.000000
1187.000000,-1081.600000,320.560000
1172.285000,-1077.700000,317.865000
1172.000000,-1080.638000,315.181000
1175.660000,-1103.700000,312.486000
1172.270000,-1093.924000,321.000000
1148.400000,-1093.250000,311.000000
1123.100000,-1077.600000,311.000000
1098.400000,-1093.550000,311.000000
1136.850000,-1102.600000,311.000000
1105.550000,-1080.075000,311.000000
1231.100000,-1000.222000,310.418000
1230.418000,-998.000000,309.928000
1209.100000,-1001.564000,309.440000
1215.568000,-1020.000000,310.952000
1215.018000,-1010.650000,311.000000
1206.100000,-1028.316000,311.915000
1198.316000,-1004.700000,310.695000
1192.100000,-1032.867000,309.475000
1203.566000,-1045.700000,313.250000
1197.616000,-1006.750000,314.000000
1143.300000,-1002.297000,318.412000
1140.260000,-999.900000,314.996000
1105.300000,-1009.864000,325.566000
1118.334000,-1046.900000,322.150000
1125.060000,-1024.575000,326.000000
1268.000000,-930.460000,310.331000
1250.455000,-925.200000,308.616000
1239.000000,-932.570000,313.908000
1264.172000,-935.200000,312.193000
1257.705000,-935.200000,315.000000
1238.900000,-947.366000,310.828000
1237.210000,-947.300000,313.852000
1225.900000,-955.913000,312.872000
1231.009000,-980.300000,311.896000
1235.910000,-963.008000,314.000000
1224.200000,-962.756000,310.328000
1216.340000,-949.400000,313.348000
1212.200000,-971.408000,312.372000
1223.216000,-977.400000,311.396000
1222.952000,-976.028000,314.000000
1179.800000,-976.724000,313.824000
1175.683000,-965.300000,312.848000
1156.800000,-969.032000,311.872000
1166.966000,-977.300000,310.892000
1157.283000,-970.412000,314.000000
1190.200000,-947.610000,324.127000
1143.736000,-934.800000,319.979000
1124.200000,-959.880000,315.814000
1188.022000,-964.800000,311.666000
1133.902000,-961.830000,327.000000
1268.300000,-873.366000,312.525000
1265.094000,-853.500000,311.305000
1254.300000,-861.420000,310.085000
1261.188000,-875.500000,313.860000
1258.108000,-861.772000,314.000000
1257.000000,-838.038000,312.160000
1247.952000,-830.100000,311.672000
1245.000000,-848.685000,311.182000
1245.204000,-851.100000,312.694000
1249.776000,-847.992000,313.000000
1157.500000,-868.190000,316.000000
1153.873000,-842.600000,316.000000
1144.500000,-854.900000,316.000000
1151.546000,-872.600000,316.000000
1151.299000,-852.410000,316.000000
1145.100000,-862.620000,316.000000
1116.995000,-857.700000,316.000000
1110.100000,-871.725000,316.000000
1112.410000,-872.700000,316.000000
1132.780000,-869.730000,316.000000
1259.300000,-797.327000,310.796000
1252.740000,-790.100000,310.041000
1239.300000,-794.240000,310.285000
1251.120000,-799.100000,310.529000
1254.780000,-792.593000,310.000000
1213.100000,-766.119000,313.000000
1202.011000,-749.100000,313.000000
1200.100000,-809.124000,313.000000
1201.608000,-810.100000,313.000000
1211.787000,-795.033000,313.000000
1200.200000,-794.494000,329.201000
1195.286000,-748.500000,325.053000
1187.200000,-779.549000,320.888000
1195.533000,-809.500000,316.740000
1187.525000,-762.408000,330.000000
1142.500000,-786.954000,323.796000
1109.126000,-781.000000,322.081000
1105.500000,-781.884000,320.373000
1111.605000,-807.000000,318.658000
1111.050000,-799.278000,325.000000
1270.600000,-748.952000,314.808000
1249.250000,-739.800000,313.832000
1220.600000,-747.067000,312.852000
1255.100000,-752.800000,315.876000
1234.350000,-742.114000,316.000000
1238.100000,-696.820000,326.809000
1196.212000,-688.900000,322.644000
1194.100000,-692.552000,318.496000
1203.560000,-732.900000,331.348000
1211.744000,-717.632000,334.000000
1172.300000,-717.560000,317.902000
1159.898000,-696.600000,317.414000
1146.300000,-716.056000,318.926000
1165.540000,-728.600000,318.436000
1159.976000,-700.728000,319.000000
1138.700000,-687.450000,319.978000
1138.672000,-685.500000,319.246000
1110.700000,-687.495000,321.511000
1118.120000,-700.500000,320.779000
1128.956000,-694.560000,322.000000
1202.900000,-654.810000,322.623000
1159.768000,-641.500000,339.988000
1120.900000,-655.976000,334.376000
1185.598000,-663.500000,328.741000
1184.614000,-643.238000,341.000000
1148.800000,-603.364000,316.525000
1146.760000,-599.800000,321.817000
1108.800000,-607.852000,320.102000
1121.360000,-643.800000,318.394000
1144.880000,-624.176000,323.000000
1251.400000,-614.188000,320.450000
1194.952000,-587.500000,317.755000
1153.400000,-621.436000,315.071000
1235.622000,-635.500000,312.387000
1156.144000,-588.940000,321.000000
1253.000000,-564.651000,332.368000
1244.415000,-564.000000,324.560000
1168.000000,-568.872000,316.752000
1198.940000,-585.000000,308.912000
1181.005000,-574.605000,338.000000
994.600000,-1079.404000,362.833000
960.850000,-1062.200000,346.485000
940.600000,-1087.938000,330.070000
988.552000,-1096.200000,380.722000
955.666000,-1095.520000,383.000000
1076.100000,-1051.174000,322.314000
1071.000000,-998.200000,317.922000
1042.100000,-1013.428000,313.530000
1056.142000,-1052.200000,327.120000
1055.836000,-1022.770000,330.000000
1024.800000,-1019.978000,322.032000
958.650000,-995.300000,319.836000
926.800000,-1038.824000,326.631000
1018.724000,-1049.300000,324.435000
978.740000,-1045.574000,327.000000
995.200000,-970.844000,341.933000
982.600000,-931.700000,324.538000
932.200000,-945.602000,378.214000
961.369000,-973.700000,360.819000
973.465000,-948.752000,390.000000
1073.100000,-903.822000,317.758000
1028.212000,-885.100000,328.342000
1011.100000,-924.476000,324.912000
1072.356000,-931.100000,321.496000
1059.460000,-925.626000,329.000000
1021.800000,-864.290000,320.432000
1013.583000,-824.600000,324.962000
988.800000,-841.745000,323.498000
1005.696000,-869.600000,322.034000
1018.698000,-840.620000,326.000000
1078.200000,-770.732000,362.462000
1054.980000,-751.400000,350.994000
1048.200000,-800.324000,339.526000
1049.310000,-805.400000,328.011000
1049.130000,-796.274000,365.000000
1028.200000,-798.084000,338.062000
1015.044000,-758.100000,332.694000
984.200000,-778.740000,327.304000
1008.928000,-806.100000,321.936000
991.108000,-772.836000,342.000000
986.200000,-761.680000,338.616000
940.056000,-743.200000,333.471000
930.200000,-800.500000,328.347000
935.072000,-803.200000,344.202000
945.992000,-790.120000,345.000000
1023.800000,-727.946000,336.400000
991.784000,-679.400000,331.520000
931.800000,-709.160000,326.620000
988.012000,-741.400000,341.740000
969.244000,-695.334000,345.000000
1083.800000,-620.080000,322.115000
1044.515000,-604.600000,320.400000
1038.800000,-604.900000,325.692000
1044.920000,-664.600000,323.984000
1062.785000,-648.520000,326.000000
987.100000,-649.706000,324.638000
979.936000,-606.400000,324.150000
969.100000,-637.611000,325.662000
980.998000,-665.400000,325.172000
980.944000,-618.672000,326.000000
965.000000,-633.933000,329.298000
950.232000,-626.200000,342.150000
949.000000,-628.198000,337.985000
951.976000,-663.200000,333.837000
961.544000,-651.471000,343.000000
1066.900000,-578.936000,323.242000
1006.108000,-542.000000,336.832000
930.900000,-573.266000,332.440000
1027.460000,-596.000000,328.030000
1054.524000,-550.532000,340.000000
813.700000,-1065.919000,329.373000
780.652000,-1059.400000,326.689000
779.700000,-1063.664000,323.994000
787.690000,-1100.400000,321.310000
780.856000,-1085.353000,330.000000
892.700000,-1054.105000,337.088000
856.419000,-988.700000,333.168000
819.700000,-1053.384000,329.264000
875.180000,-1091.700000,325.360000
831.380000,-999.824000,340.000000
809.800000,-1002.400000,332.996000
809.162000,-995.800000,329.824000
780.800000,-1004.980000,326.652000
789.065000,-1055.800000,336.467000
789.065000,-1030.840000,337.000000
773.400000,-1086.825000,331.072000
745.008000,-1072.200000,327.168000
721.400000,-1089.150000,323.248000
763.520000,-1097.200000,335.344000
742.772000,-1073.675000,338.000000
772.800000,-1003.560000,372.628000
771.025000,-1000.200000,346.276000
747.800000,-1011.568000,427.924000
756.150000,-1056.200000,401.464000
761.200000,-1030.104000,433.000000
840.300000,-949.255000,347.648000
806.924000,-920.900000,328.616000
784.300000,-959.484000,387.506000
832.404000,-973.900000,368.474000
821.372000,-921.377000,401.000000
844.200000,-824.926000,334.011000
836.698000,-824.200000,349.866000
782.200000,-840.832000,344.742000
806.008000,-890.200000,339.597000
830.994000,-856.210000,351.000000
769.300000,-848.514000,334.095000
757.672000,-824.700000,381.723000
751.300000,-862.773000,366.288000
767.662000,-873.700000,350.916000
767.716000,-871.740000,393.000000
740.864133,-870.557273,389.220000
756.475429,-831.166633,373.785000
738.790481,-837.504770,358.413000
731.928951,-868.231688,343.041000
736.839265,-843.055295,393.000000
869.700000,-752.292000,339.652000
834.950000,-742.700000,335.260000
819.700000,-760.894000,330.868000
867.600000,-764.700000,326.458000
827.850000,-762.720000,343.000000
907.900000,-790.820000,337.402000
900.200000,-736.100000,333.010000
872.900000,-757.160000,328.600000
889.805000,-796.100000,342.208000
883.015000,-759.200000,343.000000
833.755949,-788.541570,443.544000
811.115831,-759.369990,395.524000
784.802749,-785.198248,347.700000
782.839772,-789.767484,495.680000
801.618870,-793.239081,529.000000
909.000000,-658.946000,337.512000
892.053000,-630.500000,331.656000
846.000000,-643.733000,349.776000
879.579000,-663.500000,343.920000
879.957000,-641.588000,351.000000
840.600000,-649.551000,353.849000
799.312000,-641.800000,335.964000
788.600000,-663.098000,391.152000
791.564000,-664.800000,373.340000
823.180000,-660.453000,404.000000
897.700000,-621.868000,365.205000
871.542000,-592.600000,527.745000
834.314000,-592.600000,424.115000
815.700000,-608.836000,475.285000
863.424000,-628.600000,422.610000
884.416000,-628.600000,518.285000
906.700000,-553.384000,325.930000
803.732000,-541.000000,337.270000
784.700000,-582.925000,333.595000
797.754000,-584.000000,329.935000
896.452000,-573.766000,340.000000
546.654922,-1148.481093,353.110000
550.027820,-1120.384780,345.760000
522.491842,-1121.714124,338.440000
531.603471,-1147.762591,331.090000
528.534747,-1115.321349,355.000000
536.045960,-1160.891950,454.949000
491.650936,-1122.908891,416.153000
536.916387,-1153.440824,346.670000
485.493545,-1119.600031,377.198000
478.634019,-1147.902973,338.402000
476.586296,-1146.521766,416.312000
483.682225,-1141.581089,485.000000
494.828985,-1102.847580,367.846000
505.608920,-1084.436582,352.901000
487.048112,-1085.986735,338.017000
484.970282,-1103.442427,384.133000
498.254732,-1083.675002,387.000000
600.164207,-1060.521250,386.040000
575.890772,-1012.226291,359.444000
570.373944,-1012.586393,332.848000
533.735917,-1057.099341,415.143000
557.147757,-1053.345158,434.000000
618.904702,-1034.207850,339.920000
612.286520,-1011.263585,332.080000
590.033847,-997.109308,356.272000
607.292510,-1027.342716,348.464000
611.110432,-1012.881216,358.000000
652.808523,-988.099599,329.399000
637.068138,-958.722549,326.715000
632.565523,-962.028991,335.031000
607.226161,-993.376484,332.336000
629.337165,-993.008591,337.000000
657.430496,-958.911326,334.176000
669.728151,-938.974061,363.660000
647.011486,-948.047080,354.105000
644.554518,-965.091780,344.589000
670.201932,-944.593134,366.000000
450.400803,-1084.203179,328.059000
452.043273,-1080.224981,328.814000
416.822333,-1048.343269,328.570000
399.266778,-1081.790099,328.325000
432.464249,-1093.620765,329.000000
452.464701,-1048.311884,388.645000
457.238059,-1025.477085,372.785000
432.794838,-1030.784476,356.860000
438.865234,-1053.637039,341.000000
449.903235,-1018.402423,393.000000
533.319286,-1016.063070,377.712000
532.951305,-1013.638272,362.032000
514.436168,-1001.758847,346.416000
500.855454,-1023.262684,330.800000
509.886177,-1010.474587,390.000000
504.929183,-1001.067572,361.418000
510.021028,-978.713468,349.462000
484.117189,-988.325322,337.506000
489.985732,-1009.587488,374.501000
481.831901,-998.906575,377.000000
539.371613,-1012.092116,346.938000
553.814330,-990.599247,338.642000
519.318653,-958.845666,330.312000
518.923279,-987.237780,356.016000
529.914751,-979.518307,362.000000
596.610247,-963.206271,330.160000
604.451068,-927.719516,328.935000
559.522000,-949.489916,332.715000
569.776315,-981.829723,331.490000
564.425659,-969.406416,333.000000
551.643220,-952.835089,346.442000
594.208772,-914.188076,332.534000
570.289028,-915.861099,375.569000
543.004920,-947.886544,361.661000
573.058936,-928.296137,386.000000
651.484843,-912.831187,331.258000
648.694266,-873.689462,344.848000
605.078130,-892.506421,340.456000
626.353741,-931.908060,336.064000
625.844173,-921.840043,346.000000
678.519903,-868.403268,335.315000
707.855465,-833.839018,435.863000
676.660627,-824.872295,403.411000
663.337430,-858.314610,370.826000
697.240797,-849.730533,461.000000
732.579836,-809.198980,393.170000
726.711537,-787.373016,376.334000
705.310430,-796.538801,359.429000
703.765616,-798.762557,342.593000
707.214033,-796.664934,398.000000
763.900000,-691.498000,373.445000
757.810000,-675.500000,361.440000
742.900000,-683.499000,349.484000
754.513000,-694.500000,337.479000
746.533000,-681.504000,383.000000
742.761845,-707.797637,357.160000
724.390590,-675.540384,347.400000
705.154756,-680.347077,337.600000
706.566319,-683.720542,367.840000
715.882638,-688.915256,370.000000
766.000000,-639.976000,354.944000
741.253000,-578.200000,346.124000
693.000000,-614.938000,337.340000
736.946000,-656.200000,364.556000
723.952000,-598.948000,371.000000
765.700000,-548.320000,342.560000
713.860000,-537.600000,337.680000
705.700000,-577.440000,352.800000
713.320000,-577.600000,347.900000
738.640000,-567.240000,354.000000
708.600000,-567.606000,391.145000
692.262000,-536.400000,338.470000
666.600000,-558.240000,501.010000
693.984000,-578.400000,448.550000
433.893004,-1013.216026,336.080000
410.790796,-974.295011,366.320000
407.089693,-971.869701,356.560000
390.282557,-996.639917,346.760000
416.674649,-1014.548931,369.000000
469.235978,-977.235343,332.264000
470.758354,-943.877308,394.256000
436.423562,-930.461018,374.166000
450.875788,-970.172888,354.158000
479.662425,-963.364620,410.000000
507.073384,-942.160618,332.635000
480.688422,-901.569265,331.410000
477.309314,-901.925108,330.190000
463.321121,-927.792906,328.965000
466.161115,-914.233978,333.000000
541.765071,-916.551707,345.821000
553.367490,-869.479933,340.697000
505.171566,-868.978969,335.552000
515.763186,-918.383430,330.428000
535.224826,-858.230500,350.000000
623.705363,-852.670925,339.140000
629.008750,-847.874491,335.465000
603.660032,-830.300527,331.805000
568.956588,-869.057191,343.145000
588.425362,-854.295361,344.000000
569.748254,-853.131873,330.850000
573.458644,-829.397562,329.142000
549.120064,-831.233465,327.434000
556.525574,-856.157434,332.719000
571.193600,-829.842058,334.000000
595.908980,-809.571862,341.875000
597.117686,-807.555943,333.335000
584.619231,-801.986246,359.760000
567.233961,-821.501119,351.220000
580.464249,-814.601398,362.000000
626.379028,-793.992723,335.600000
631.273599,-774.922620,327.760000
609.871142,-781.625354,351.952000
614.236626,-799.965167,344.112000
634.203327,-779.369999,358.000000
684.468163,-794.577093,329.436000
680.830843,-789.163747,340.020000
642.941778,-753.572442,336.590000
639.568811,-784.290837,333.174000
666.594900,-794.348061,341.000000
713.566154,-762.839853,332.519000
716.603534,-719.396938,355.924000
669.370483,-734.290823,348.360000
686.872029,-778.022531,340.796000
689.230035,-777.978857,362.000000
416.055398,-933.752284,345.614000
434.649964,-905.850267,341.222000
394.399752,-871.509588,336.830000
392.811734,-906.621875,332.420000
392.634198,-877.247376,347.000000
457.842000,-897.647405,343.162000
448.789778,-865.255482,338.526000
420.826319,-869.717932,333.871000
443.458229,-906.342040,329.235000
423.569062,-877.919655,347.000000
485.853079,-876.919541,338.768000
524.416207,-836.732029,334.848000
492.083557,-829.411134,330.944000
471.245664,-866.412820,343.024000
495.946343,-839.234347,344.000000
477.327241,-831.711431,344.957000
479.444167,-807.267857,337.393000
446.484015,-825.805554,329.798000
457.128103,-848.037488,353.234000
452.878349,-833.906882,359.000000
535.879212,-832.098216,339.238000
551.210135,-813.661445,332.133000
534.602274,-809.970588,354.057000
527.769068,-827.617564,346.981000
541.886711,-816.949657,356.000000
533.988861,-801.204021,328.776000
525.259075,-773.929650,327.312000
499.279457,-785.561317,331.848000
498.371415,-788.396627,330.378000
516.112236,-801.724032,333.000000
562.772382,-807.893614,328.223000
570.231442,-777.919658,338.038000
533.895937,-754.071724,334.866000
542.499234,-791.343705,331.694000
567.771529,-788.944708,339.000000
589.222540,-744.762965,326.270000
588.328531,-730.444700,330.806000
565.854557,-745.671351,329.342000
565.978141,-747.336708,327.872000
578.309146,-752.375462,332.000000
613.927615,-745.269590,334.200000
624.676545,-721.741808,331.760000
600.340703,-715.095748,329.310000
601.019816,-740.198652,326.870000
607.220745,-711.912626,335.000000
600.713597,-714.916293,350.235000
604.078066,-695.129367,342.150000
602.224554,-694.391350,334.098000
556.964797,-733.879284,326.013000
570.530877,-723.588539,357.000000
661.042688,-722.585499,338.380000
679.007736,-675.934326,333.500000
631.093949,-668.345176,328.600000
635.488451,-717.533427,343.720000
659.004542,-669.919263,345.000000
339.140540,-1017.404888,331.528000
266.713902,-913.807309,328.588000
258.833506,-908.723701,325.660000
242.871865,-955.870553,334.732000
274.477646,-971.446569,337.000000
355.120821,-985.644267,340.630000
385.033735,-946.655701,332.090000
343.967532,-962.507033,358.550000
332.704047,-994.854034,349.975000
377.205857,-953.573633,361.000000
361.899272,-944.569479,336.446000
299.443187,-854.743223,331.078000
293.429583,-857.184828,347.688000
273.474000,-908.480797,342.320000
320.003257,-933.504655,352.000000
373.736387,-873.350917,349.176000
370.569004,-828.851296,448.836000
327.883648,-817.835044,416.628000
351.347807,-870.264740,384.288000
381.887214,-849.147637,459.000000
410.828678,-834.143655,327.924000
411.890747,-830.735824,344.556000
371.554020,-788.742072,339.166000
363.239929,-818.327539,333.798000
397.346627,-840.042842,349.000000
457.912214,-792.883188,339.838000
449.237936,-757.544781,336.408000
418.369273,-748.985616,332.992000
442.327228,-791.914193,329.576000
434.084262,-740.890916,341.000000
504.214583,-755.006351,326.000000
502.325860,-750.415981,326.000000
463.995357,-712.943184,326.000000
458.910294,-742.883678,326.000000
463.820461,-726.966374,326.000000
573.654932,-690.829477,335.656000
575.150510,-668.529680,331.752000
551.817776,-673.770349,327.832000
560.718294,-696.788834,339.928000
551.282028,-685.043852,341.000000
540.717791,-720.168065,327.705000
559.932213,-697.814443,326.480000
532.132379,-675.650012,325.260000
525.488238,-701.361133,329.035000
538.422618,-693.048834,330.000000
532.840675,-673.363502,331.640000
542.925392,-653.361445,327.736000
513.570582,-670.953482,339.816000
514.591766,-686.700007,335.912000
513.141893,-681.424851,341.000000
577.349391,-651.579444,330.540000
595.475601,-630.171494,324.170000
573.514948,-617.410031,343.826000
566.113873,-639.964167,337.482000
583.538902,-634.958951,349.000000
287.022714,-837.503376,332.740000
281.545823,-816.344198,359.200000
264.299421,-818.011934,350.660000
278.028845,-842.703475,342.085000
276.923203,-837.954869,362.000000
249.886845,-868.187104,320.546000
262.286612,-830.283031,331.116000
206.297596,-781.470586,327.700000
217.066916,-832.870434,324.284000
261.510492,-851.536510,334.000000
326.790921,-798.280873,326.000000
310.183470,-758.307657,326.000000
279.640977,-765.581169,326.000000
277.472319,-768.657596,326.000000
282.790834,-767.567989,326.000000
281.492669,-717.954796,327.152000
300.357120,-695.713995,326.176000
283.714597,-698.286331,325.196000
273.752723,-717.006756,324.220000
287.564172,-698.109011,328.000000
351.715390,-707.552885,329.641000
350.843585,-697.433197,327.926000
336.400435,-708.023039,326.218000
335.984072,-709.340442,331.503000
340.447677,-708.586901,332.000000
333.548077,-700.044171,326.685000
343.208087,-688.059253,325.465000
333.567749,-690.531753,324.240000
328.835675,-700.498075,328.020000
338.268113,-690.402195,329.000000
370.749462,-686.810787,325.648000
359.692013,-663.721515,324.668000
339.599116,-675.092220,327.692000
341.569688,-677.905817,326.716000
354.325540,-684.162238,328.000000
399.813036,-685.050029,327.144000
402.292955,-657.767206,326.168000
384.243236,-669.926189,329.192000
390.007740,-690.543495,328.212000
400.742640,-665.652701,330.000000
436.626616,-642.485719,329.059000
420.660334,-619.940526,343.423000
417.631991,-619.401465,338.768000
399.758833,-651.746327,334.132000
421.646600,-653.808065,345.000000
402.962276,-605.140285,324.764000
385.906657,-622.190026,361.759000
366.642133,-647.766875,349.803000
392.560319,-618.927672,337.798000
399.665684,-606.614078,372.000000
574.746436,-581.582898,343.840000
571.030340,-562.284619,337.984000
566.940601,-564.635440,332.104000
531.642440,-599.353035,326.248000
544.343787,-585.170740,346.000000
562.900000,-547.013000,340.840000
543.740000,-533.300000,334.960000
522.900000,-546.110000,329.104000
552.580000,-554.300000,323.248000
530.620000,-535.967000,346.000000
516.151531,-643.772505,344.111000
519.513989,-640.810084,337.035000
498.608585,-623.246788,329.959000
480.050445,-648.229598,351.854000
491.606563,-640.330409,354.000000
483.548959,-609.697659,321.000000
488.152363,-581.309545,321.000000
459.197402,-581.769505,321.000000
467.838639,-612.158588,321.000000
485.390849,-582.152374,321.000000
470.500000,-563.746000,321.000000
469.970000,-563.200000,321.000000
460.500000,-564.495000,321.000000
463.660000,-570.200000,321.000000
466.190000,-567.064000,321.000000
451.347429,-581.311428,321.000000
449.823525,-569.886591,321.000000
441.040947,-580.062218,321.000000
446.806278,-588.119866,321.000000
452.150493,-571.376496,321.000000
435.560590,-572.355775,321.632000
434.799796,-571.146734,324.652000
423.110157,-574.307500,323.676000
418.913517,-597.256951,322.700000
428.770145,-585.005623,325.000000
479.100000,-551.540000,321.000000
452.766000,-546.500000,321.000000
437.100000,-554.090000,321.000000
474.522000,-556.500000,321.000000
476.790000,-556.280000,321.000000
403.404642,-586.390482,321.000000
415.824842,-549.221212,321.000000
403.876802,-556.850389,321.000000
397.635376,-585.108427,321.000000
402.151478,-563.424958,321.000000
397.632732,-555.144549,321.000000
395.198314,-541.354514,321.000000
385.067130,-560.973603,321.000000
392.289890,-568.897389,321.000000
385.880711,-564.648253,321.000000
1323.038350,-506.289977,340.736000
1360.024812,-480.937939,327.072000
1337.920451,-474.030259,313.352000
1314.652792,-498.092585,355.688000
1338.218029,-481.596669,360.000000
1269.500000,-506.750000,323.868000
1222.245000,-494.600000,317.008000
1204.500000,-520.340000,310.176000
1268.850000,-524.600000,331.316000
1233.555000,-520.970000,337.000000
1269.000000,-450.520000,315.505000
1262.223000,-416.200000,310.381000
1242.000000,-431.137000,326.236000
1255.878000,-455.200000,321.112000
1257.444000,-430.006000,328.000000
1188.300000,-507.760000,313.920000
1147.948000,-496.400000,310.490000
1136.300000,-525.456000,321.074000
1138.328000,-528.400000,317.658000
1172.596000,-522.928000,324.000000
1131.300000,-519.840000,313.462000
1123.775000,-486.600000,315.730000
1106.300000,-503.880000,314.998000
1120.400000,-526.600000,314.263000
1126.875000,-498.760000,316.000000
1190.100000,-455.208000,312.232000
1127.324000,-449.700000,318.280000
1114.100000,-466.926000,316.320000
1120.864000,-467.700000,314.368000
1186.224000,-463.740000,320.000000
1203.900000,-435.516000,338.736000
1171.000000,-407.400000,330.406000
1109.900000,-424.752000,322.110000
1167.616000,-443.400000,313.780000
1116.856000,-416.580000,342.000000
963.800000,-502.088000,326.334000
934.050000,-496.200000,325.602000
929.800000,-496.361000,324.867000
934.492000,-519.200000,324.135000
936.566000,-512.990000,327.000000
1005.000000,-455.560000,338.978000
977.000000,-433.600000,332.608000
935.000000,-449.560000,326.264000
981.410000,-463.600000,345.920000
957.750000,-439.750000,348.000000
912.300000,-501.110000,377.700000
866.050000,-494.900000,353.300000
862.300000,-496.580000,328.900000
871.700000,-524.900000,404.400000
884.800000,-515.330000,425.000000
911.700000,-471.580000,332.050000
900.000000,-444.300000,325.950000
885.700000,-467.540000,344.825000
904.238000,-484.300000,338.725000
900.676000,-450.540000,347.000000
914.100000,-406.910000,349.808000
865.400000,-402.200000,324.328000
864.100000,-405.380000,402.952000
875.950000,-432.200000,377.472000
899.150000,-421.130000,425.000000
864.200000,-485.108000,342.929000
833.262000,-473.100000,402.653000
802.200000,-485.089000,383.298000
849.444000,-492.100000,364.022000
853.412000,-475.114000,410.000000
863.600000,-435.252000,333.054000
862.112000,-433.200000,392.699000
801.600000,-436.145000,373.423000
819.394000,-452.200000,354.147000
860.624000,-444.258000,410.000000
772.000000,-471.126000,411.300000
772.000000,-445.018000,359.013000
709.414000,-400.000000,390.072000
658.000000,-482.960000,368.844000
658.000000,-484.912000,397.119000
750.568000,-522.000000,347.529000
666.778000,-406.954000,420.000000
752.050000,-429.036000,420.000000
634.400000,-405.192000,376.150000
630.093000,-398.000000,359.980000
575.400000,-423.420000,343.876000
595.283000,-522.000000,327.772000
587.377000,-463.968000,391.000000
574.200000,-464.859000,346.258000
540.114000,-399.300000,336.010000
517.200000,-489.090000,325.762000
566.277000,-522.300000,357.472000
535.896000,-400.161000,361.000000
480.900000,-470.051000,333.672000
477.210000,-469.700000,326.840000
450.900000,-479.645000,319.980000
462.480000,-508.700000,341.148000
464.520000,-488.498000,347.000000
405.300000,-496.028000,320.192000
388.452000,-475.700000,318.232000
379.300000,-508.418000,324.280000
402.986000,-517.700000,322.320000
394.354000,-515.936000,325.000000
499.500000,-456.999000,316.454000
491.542000,-398.500000,316.942000
453.500000,-417.044000,315.432000
473.556000,-459.500000,315.920000
485.884000,-424.913000,315.000000
1271.200000,-322.482000,319.580000
1246.805000,-290.800000,383.755000
1236.200000,-351.317000,363.015000
1269.800000,-363.800000,342.275000
1265.250000,-357.084000,392.000000
1217.300000,-336.807000,314.914000
1206.200000,-315.900000,380.686000
1167.300000,-324.042000,359.458000
1191.550000,-338.900000,338.143000
1215.050000,-324.709000,400.000000
1167.900000,-316.425000,391.039000
1138.020000,-276.000000,369.811000
1127.900000,-368.190000,348.496000
1128.300000,-381.000000,327.268000
1131.140000,-366.195000,400.000000
1100.100000,-338.700000,434.976000
1072.900000,-300.000000,396.266000
1099.800000,-300.000000,395.634000
1000.100000,-318.135000,357.714000
1053.600000,-345.000000,319.004000
1006.900000,-345.000000,464.838000
1020.700000,-315.030000,471.000000
997.200000,-361.425000,389.414000
949.440000,-349.700000,362.818000
937.200000,-382.180000,336.113000
940.740000,-384.700000,418.517000
957.060000,-378.015000,428.000000
998.100000,-287.350000,375.789000
978.840000,-259.000000,349.084000
938.100000,-274.855000,322.488000
973.140000,-294.000000,404.892000
965.520000,-268.940000,428.000000
879.400000,-365.478000,353.045000
859.942000,-358.900000,335.721000
856.400000,-381.371000,389.397000
858.907000,-381.900000,372.002000
869.786000,-376.357000,396.000000
830.200000,-374.452000,347.440000
818.328000,-350.100000,329.872000
798.200000,-366.164000,384.232000
818.488000,-382.100000,366.664000
820.856000,-357.620000,400.000000
889.700000,-309.308000,334.890000
833.315000,-296.800000,396.800000
826.700000,-298.231000,376.792000
836.717000,-349.800000,356.702000
879.179000,-334.430000,405.000000
918.300000,-284.452000,323.209000
877.980000,-261.700000,331.525000
822.300000,-279.364000,328.830000
887.868000,-293.700000,326.146000
914.268000,-267.620000,334.000000
775.600000,-322.110000,426.446000
734.965000,-315.600000,399.741000
732.600000,-318.295000,373.145000
741.544000,-350.600000,346.549000
736.212000,-338.700000,438.000000
769.600000,-294.976000,394.352000
749.860000,-263.200000,372.636000
727.600000,-292.048000,350.831000
758.386000,-311.200000,329.115000
736.378000,-269.728000,415.000000
706.400000,-262.531000,333.288000
657.645000,-253.900000,329.368000
657.400000,-261.838000,325.464000
670.042000,-316.900000,337.560000
673.815000,-292.393000,339.000000
646.650000,-327.884000,348.435000
576.740700,-247.100000,335.015000
511.950000,-333.032000,321.595000
617.285400,-379.100000,363.120000
573.912000,-258.452000,375.000000
591.557700,-264.788000,375.000000
502.100000,-259.371000,327.032000
496.512000,-247.800000,315.808000
375.100000,-271.208000,350.538000
414.089000,-380.800000,339.314000
449.522000,-322.413000,355.000000
421.836000,-341.831000,355.000000
1095.100000,-205.218000,329.680000
1013.164000,-156.800000,319.880000
951.100000,-217.000000,350.120000
1070.908000,-242.800000,340.320000
1053.484000,-159.896000,359.000000
972.124000,-180.880000,359.000000
921.400000,-162.950000,360.391000
921.400000,-233.975000,375.451000
914.350000,-160.100000,550.147000
880.300000,-160.100000,430.420000
846.400000,-176.975000,488.652000
846.400000,-166.175000,485.389000
873.175000,-235.100000,427.408000
892.375000,-235.100000,540.358000
994.700000,-79.536600,319.144000
965.654000,-70.200000,325.939000
947.700000,-83.850000,323.743000
989.154000,-88.400000,321.547000
992.914000,-88.163400,328.000000
997.571460,-62.029952,344.030000
995.116298,-44.268238,337.442000
958.916545,-41.573907,330.854000
973.100197,-57.171751,324.239000
961.846172,-45.446153,347.000000
854.341044,-113.718967,339.065000
839.152213,-93.526977,333.941000
821.192023,-99.341050,328.796000
846.873284,-120.613414,323.672000
826.145806,-105.611084,344.000000
883.365920,-94.783719,324.840000
885.572908,-69.035209,323.370000
839.619545,-49.680679,321.906000
854.432328,-78.466286,326.436000
855.949112,-62.455723,327.000000
921.122177,-18.117382,328.224000
895.036784,2.919595,324.320000
875.719147,-14.580442,320.400000
915.078189,-32.763364,332.496000
894.584713,-22.340442,336.000000
870.206200,-10.531150,320.057000
877.519684,25.536415,316.872000
857.412106,16.360380,326.700000
858.889735,-11.370941,323.528000
869.228632,12.677273,328.000000
783.200000,-208.508000,346.251000
752.520000,-191.400000,327.463000
743.200000,-233.653000,385.675000
744.400000,-238.400000,366.810000
771.760000,-230.786000,403.000000
712.800000,-229.500000,320.828000
699.660000,-187.500000,325.364000
667.800000,-208.650000,323.894000
692.775000,-237.500000,322.430000
705.600000,-203.200000,326.000000
638.700000,-202.100000,316.377000
578.242000,-195.800000,338.272000
564.700000,-214.760000,331.196000
570.620000,-215.800000,324.091000
636.110000,-211.580000,345.000000
423.000000,-221.100000,383.943000
411.747000,-189.500000,362.227000
390.000000,-208.420000,340.422000
409.932000,-229.500000,318.706000
392.970000,-200.060000,394.000000
776.400000,-81.800000,325.858000
728.770000,-65.900000,323.653000
721.400000,-125.780000,321.457000
728.495000,-125.900000,319.261000
733.280000,-110.240000,328.000000
769.250000,-28.340000,342.528000
727.217500,1.300000,330.816000
661.750000,-19.620000,319.056000
732.055000,-38.700000,355.344000
698.407500,-7.260000,360.000000
507.800000,-4.168000,314.753000
452.840000,6.200000,309.118000
447.800000,3.944000,303.506000
458.540000,-41.800000,320.894000
475.820000,-26.920000,326.000000
238.488416,-584.160827,322.385000
242.200727,-567.351484,322.141000
225.406233,-567.544524,322.897000
229.504624,-584.353867,322.652000
240.240627,-570.291634,323.000000
296.500000,-329.984000,312.260000
287.815000,-326.000000,312.016000
287.500000,-328.328000,312.771000
289.552000,-350.000000,312.527000
293.962000,-341.360000,313.000000
283.000000,-316.269000,312.135000
271.240000,-310.500000,312.890000
259.000000,-316.098000,312.646000
277.072000,-319.500000,312.401000
279.232000,-311.535000,313.000000
178.503035,-556.419493,322.072000
182.407361,-553.773578,328.120000
159.763838,-522.196867,326.160000
134.249220,-547.365476,324.208000
161.042971,-563.915176,330.000000
137.748023,-304.000714,314.768000
134.848885,-280.171216,314.278000
111.602750,-280.648513,313.790000
125.660033,-306.337702,313.302000
124.624121,-272.279904,315.000000
138.530042,-594.440520,388.946000
140.855009,-589.943321,367.718000
114.991872,-584.037565,346.490000
79.608249,-630.519937,325.175000
101.143893,-605.318651,410.000000
22.614775,-485.923503,326.330000
95.123191,-549.992862,323.890000
42.747933,-436.138396,321.440000
-14.828287,-416.309701,329.000000
96.059844,-546.103209,330.000000
181.153185,-411.304650,331.176000
178.869287,-406.085871,325.786000
135.089100,-387.197791,320.418000
95.608072,-443.615760,337.028000
132.887286,-418.386596,342.000000
78.403296,-348.161311,326.988000
122.239275,-368.591556,318.692000
87.087880,-308.728033,344.362000
51.833695,-311.618144,336.066000
61.245062,-307.550743,348.000000
23.124451,-320.130383,320.481000
62.292510,-266.209248,312.396000
10.229652,-242.515514,337.344000
-4.345233,-295.738028,329.292000
35.790147,-282.212489,345.000000
364.000000,-174.471000,305.227000
285.568000,-131.500000,318.079000
250.000000,-211.040000,313.931000
358.414000,-228.500000,309.766000
346.444000,-220.449000,320.000000
315.436000,-191.252000,320.000000
280.047574,-73.180082,303.084000
310.935409,-37.552412,313.668000
281.650865,-30.578457,310.238000
266.250694,-63.580584,306.822000
299.681060,-54.959131,317.000000
209.000000,-37.430000,310.881000
180.956000,0.000000,310.636000
171.000000,-82.555000,310.392000
171.038000,-95.000000,310.147000
174.686000,-82.460000,311.000000
170.000000,-186.835000,323.305000
125.290000,0.000000,320.621000
0.000000,-84.710000,317.926000
89.420000,-215.000000,315.242000
37.740000,-73.745000,326.000000
154.020000,-72.455000,326.000000
102.680000,-130.290000,326.000000
68.510000,-17.845000,326.000000
