1522.700000,-1081.950000,305.234000
1507.706000,-1072.200000,304.744000
1505.700000,-1072.707000,304.256000
1508.165000,-1111.200000,305.766000
1511.837000,-1100.436000,306.000000
1493.900000,-1069.022000,306.968000
1478.324000,-1052.600000,306.480000
1469.900000,-1079.120000,307.992000
1491.788000,-1086.600000,307.502000
1481.732000,-1085.138000,308.000000
1570.100000,-977.720000,303.464000
1556.788000,-963.400000,301.756000
1538.100000,-974.340000,307.048000
1559.828000,-983.400000,305.333000
1558.100000,-967.180000,308.000000
1526.200000,-981.340000,305.400000
1523.455000,-952.900000,320.520000
1511.200000,-962.350000,315.620000
1517.890000,-982.900000,310.740000
1522.555000,-965.560000,321.000000
1508.400000,-961.368000,301.792000
1468.500000,-956.300000,308.596000
1466.400000,-958.596000,306.391000
1475.346000,-984.300000,304.195000
1503.780000,-974.640000,310.000000
1498.703586,-732.893116,325.812000
1473.659566,-730.847579,319.224000
1504.737663,-761.472201,312.609000
1522.193981,-751.372960,306.021000
1506.570105,-762.351406,327.000000
1427.300000,-605.879000,322.832000
1415.660000,-569.000000,318.422000
1403.300000,-604.112000,314.030000
1421.252000,-626.000000,309.638000
1406.996000,-575.897000,326.000000
1390.800000,-634.320000,313.536000
1375.680000,-622.000000,311.576000
1330.800000,-627.362000,309.624000
1361.700000,-636.000000,315.664000
1347.960000,-626.956000,316.000000
1366.100000,-579.798000,314.160000
1365.777000,-574.600000,311.465000
1349.100000,-581.546000,308.781000
1353.894000,-620.600000,317.086000
1356.206000,-601.556000,319.000000
1347.700000,-594.745000,308.854000
1328.050000,-580.600000,308.366000
1322.700000,-618.238000,309.878000
1323.925000,-621.600000,309.388000
1336.450000,-614.179000,310.000000
1448.900000,-1095.306000,307.475000
1428.439000,-1079.700000,306.255000
1411.900000,-1098.195000,310.030000
1442.092000,-1106.700000,308.810000
1437.134000,-1081.104000,311.000000
1344.200000,-1101.474000,308.000000
1337.800000,-1073.900000,308.000000
1324.200000,-1089.268000,308.000000
1335.880000,-1107.900000,308.000000
1340.480000,-1083.590000,308.000000
1442.100000,-1043.080000,303.496000
1439.108000,-1042.200000,315.592000
1408.100000,-1046.580000,311.672000
1420.034000,-1062.200000,307.768000
1440.298000,-1052.560000,319.000000
1434.000000,-1012.094000,320.980000
1357.905000,-1006.000000,316.080000
1345.000000,-1027.692000,311.200000
1355.502000,-1028.000000,306.320000
1352.031000,-1022.522000,323.000000
1344.900000,-1039.390000,319.039000
1306.336000,-1009.300000,314.874000
1282.900000,-1053.786000,310.726000
1337.770000,-1068.300000,306.578000
1295.982000,-1067.297000,323.000000
1446.100000,-967.528000,310.890000
1436.764000,-942.300000,307.460000
1422.100000,-960.014000,304.044000
1437.748000,-976.300000,314.614000
1430.332000,-949.644000,316.000000
1399.000000,-986.975000,304.506000
1391.980000,-954.800000,303.774000
1354.000000,-964.304000,303.042000
1372.855000,-987.800000,305.307000
1375.375000,-969.617000,306.000000
1337.700000,-958.164000,305.480000
1322.916000,-951.300000,304.504000
1321.700000,-953.115000,307.528000
1324.692000,-984.300000,306.548000
1331.412000,-973.806000,308.000000
1430.300000,-923.338000,311.758000
1397.823000,-915.400000,342.754000
1383.300000,-930.196000,332.709000
1428.138000,-933.400000,322.705000
1418.033000,-931.870000,343.000000
1308.000000,-885.028000,313.088000
1299.756000,-836.500000,349.376000
1290.000000,-878.908000,337.616000
1302.978000,-908.500000,325.904000
1305.678000,-847.156000,356.000000
1302.100000,-776.756000,335.246000
1298.725000,-753.200000,328.170000
1287.100000,-762.482000,321.065000
1294.420000,-779.200000,313.989000
1287.160000,-763.080000,336.000000
1356.800000,-781.885000,331.418000
1285.376000,-779.800000,324.313000
1284.800000,-781.660000,317.237000
1303.160000,-794.800000,310.161000
1294.592000,-788.995000,336.000000
1451.000000,-767.180000,325.560000
1371.305000,-761.600000,316.740000
1346.000000,-774.965000,307.956000
1348.310000,-776.600000,335.172000
1374.140000,-774.290000,336.000000
1446.700000,-745.585000,320.808000
1439.322000,-723.200000,311.988000
1432.700000,-747.546000,303.204000
1443.760000,-760.200000,330.384000
1438.300000,-726.123000,336.000000
1445.200000,-718.470000,321.360000
1420.504000,-705.900000,309.648000
1361.200000,-712.275000,345.936000
1407.988000,-720.900000,334.176000
1405.888000,-710.580000,348.000000
1359.800000,-704.127000,325.146000
1358.824000,-701.500000,314.898000
1343.800000,-708.604000,346.650000
1348.984000,-738.500000,336.360000
1354.424000,-721.628000,354.000000
1342.600000,-703.342000,319.602000
1311.964000,-699.100000,351.354000
1305.600000,-712.540000,341.064000
1308.967000,-713.100000,330.816000
1335.052000,-709.978000,354.000000
1302.800000,-720.352000,314.058000
1292.685000,-703.200000,345.810000
1285.800000,-726.464000,335.520000
1300.386000,-735.200000,325.272000
1301.593000,-703.520000,354.000000
1268.400000,-1085.195000,322.589000
1259.350000,-1042.900000,318.441000
1243.400000,-1070.070000,314.276000
1259.050000,-1097.900000,310.128000
1244.925000,-1056.265000,324.000000
1228.600000,-1073.562000,310.925000
1227.300000,-1073.500000,309.700000
1218.600000,-1081.591000,308.480000
1222.530000,-1104.500000,307.260000
1220.530000,-1088.256000,312.000000
1220.900000,-1096.850000,310.959000
1193.093000,-1094.500000,310.224000
1189.900000,-1094.780000,309.492000
1194.860000,-1104.500000,311.757000
1199.975000,-1101.590000,312.000000
1216.600000,-1063.720000,307.521000
1211.288000,-1056.700000,307.276000
1208.600000,-1068.625000,307.032000
1216.016000,-1071.700000,307.787000
1212.256000,-1070.815000,308.000000
1195.000000,-1076.200000,310.164000
1190.690000,-1051.000000,309.432000
1185.000000,-1071.268000,311.700000
1191.940000,-1087.000000,310.965000
1190.890000,-1057.264000,312.000000
1187.000000,-1101.958000,312.816000
1184.030000,-1077.700000,310.132000
1172.000000,-1086.280000,318.437000
1178.915000,-1103.700000,315.753000
1182.815000,-1088.282000,321.000000
1148.400000,-1081.750000,311.000000
1100.150000,-1077.600000,311.000000
1098.400000,-1080.025000,311.000000
1109.850000,-1102.600000,311.000000
1141.050000,-1093.600000,311.000000
1231.100000,-1006.778000,310.984000
1214.974000,-998.000000,310.496000
1209.100000,-1017.008000,310.006000
1231.012000,-1020.000000,309.518000
1230.792000,-1017.206000,311.000000
1206.100000,-1030.612000,313.300000
1199.100000,-1004.700000,312.075000
1192.100000,-1030.571000,310.855000
1202.782000,-1045.700000,309.635000
1193.752000,-1009.046000,314.000000
1143.300000,-1040.555000,322.192000
1133.154000,-999.900000,318.762000
1105.300000,-1018.653000,315.346000
1125.440000,-1046.900000,325.930000
1114.800000,-1015.786000,326.000000
1268.000000,-926.170000,312.172000
1267.014000,-925.200000,310.457000
1239.000000,-926.860000,308.749000
1247.613000,-935.200000,314.034000
1250.078000,-930.910000,315.000000
1238.900000,-958.190000,311.852000
1228.487000,-947.300000,310.876000
1225.900000,-978.089000,313.900000
1226.732000,-980.300000,312.920000
1232.582000,-973.832000,314.000000
1224.200000,-965.164000,311.324000
1217.384000,-949.400000,310.348000
1212.200000,-969.000000,313.372000
1222.184000,-977.400000,312.392000
1219.952000,-950.436000,314.000000
1179.800000,-974.852000,310.796000
1172.072000,-965.300000,313.820000
1156.800000,-970.904000,312.840000
1170.577000,-977.300000,311.864000
1174.694000,-968.540000,314.000000
1190.200000,-935.670000,311.139000
1183.402000,-934.800000,323.991000
1124.200000,-941.820000,319.826000
1148.356000,-964.800000,315.678000
1184.260000,-949.890000,327.000000
1268.300000,-859.264000,313.675000
1256.120000,-853.500000,312.455000
1254.300000,-853.544000,311.230000
1256.162000,-875.500000,310.010000
1254.902000,-869.670000,314.000000
1257.000000,-840.474000,312.606000
1249.356000,-830.100000,312.116000
1245.000000,-846.249000,311.628000
1255.800000,-851.100000,311.140000
1247.100000,-850.428000,313.000000
1157.500000,-864.410000,316.000000
1152.248000,-842.600000,316.000000
1144.500000,-858.680000,316.000000
1153.171000,-872.600000,316.000000
1148.491000,-848.630000,316.000000
1145.100000,-872.100000,316.000000
1139.080000,-857.700000,316.000000
1110.100000,-862.245000,316.000000
1125.325000,-872.700000,316.000000
1125.465000,-864.210000,316.000000
1259.300000,-791.837000,310.594000
1240.520000,-790.100000,310.838000
1239.300000,-790.730000,310.082000
1243.340000,-799.100000,310.327000
1250.720000,-796.103000,310.000000
1213.100000,-775.086000,313.000000
1203.922000,-749.100000,313.000000
1200.100000,-800.157000,313.000000
1212.697000,-810.100000,313.000000
1209.239000,-804.000000,313.000000
1200.200000,-788.638000,315.414000
1194.051000,-748.500000,328.266000
1187.200000,-785.405000,324.101000
1196.768000,-809.500000,319.953000
1198.055000,-756.552000,330.000000
1142.500000,-804.166000,318.070000
1133.620000,-781.000000,323.362000
1105.500000,-790.672000,321.647000
1124.111000,-807.000000,319.939000
1141.316000,-790.490000,325.000000
1270.600000,-741.412000,315.512000
1270.250000,-739.800000,314.536000
1220.600000,-741.607000,313.556000
1234.100000,-752.800000,312.580000
1225.600000,-747.574000,316.000000
1238.100000,-704.608000,329.682000
1204.000000,-688.900000,325.517000
1194.100000,-728.764000,321.369000
1195.772000,-732.900000,317.221000
1204.308000,-725.464000,334.000000
1172.300000,-715.480000,318.228000
1158.208000,-696.600000,317.738000
1146.300000,-718.136000,317.250000
1167.230000,-728.600000,318.760000
1155.764000,-698.648000,319.000000
1138.700000,-697.845000,320.446000
1130.048000,-685.500000,319.711000
1110.700000,-692.100000,321.979000
1126.716000,-700.500000,321.244000
1124.588000,-689.940000,322.000000
1202.900000,-642.710000,326.027000
1196.668000,-641.500000,320.415000
1120.900000,-646.076000,337.803000
1148.698000,-663.500000,332.168000
1172.396000,-653.138000,341.000000
1148.800000,-612.472000,317.519000
1115.080000,-599.800000,322.811000
1108.800000,-642.700000,321.096000
1113.040000,-643.800000,319.388000
1139.200000,-633.328000,323.000000
1251.400000,-612.508000,310.935000
1191.620000,-587.500000,319.251000
1153.400000,-623.116000,316.556000
1239.052000,-635.500000,313.872000
1240.816000,-635.260000,321.000000
1253.000000,-579.834000,336.496000
1220.870000,-564.000000,328.688000
1168.000000,-574.689000,320.848000
1222.485000,-585.000000,313.040000
1170.125000,-568.788000,338.000000
994.600000,-1095.758000,371.007000
986.770000,-1062.200000,354.592000
940.600000,-1071.584000,338.244000
962.632000,-1096.200000,321.896000
949.078000,-1077.874000,383.000000
1076.100000,-1010.080000,324.402000
1045.092000,-998.200000,319.992000
1042.100000,-1000.522000,315.600000
1048.050000,-1052.200000,329.208000
1051.926000,-1035.622000,330.000000
1024.800000,-1019.708000,323.013000
958.258000,-995.300000,320.808000
926.800000,-1039.094000,318.612000
1019.116000,-1049.300000,325.407000
968.058000,-1045.304000,327.000000
995.200000,-960.470000,349.104000
967.102000,-931.700000,331.780000
932.200000,-955.976000,385.456000
976.867000,-973.700000,368.061000
967.039000,-938.378000,390.000000
1073.100000,-927.328000,319.088000
1059.894000,-885.100000,315.672000
1011.100000,-900.970000,326.256000
1040.674000,-931.100000,322.826000
1053.570000,-903.132000,329.000000
1021.800000,-831.395000,320.960000
989.427000,-824.600000,325.496000
988.800000,-829.640000,324.026000
996.852000,-869.600000,322.562000
1015.761000,-852.725000,326.000000
1078.200000,-772.136000,319.316000
1055.760000,-751.400000,354.848000
1048.200000,-798.866000,343.333000
1048.530000,-805.400000,331.865000
1076.670000,-797.732000,365.000000
1028.200000,-787.716000,339.712000
1005.540000,-758.100000,334.344000
984.200000,-789.156000,328.954000
1018.432000,-806.100000,323.586000
987.808000,-762.420000,342.000000
986.200000,-794.140000,340.044000
970.408000,-743.200000,334.899000
930.200000,-768.040000,329.775000
960.720000,-803.200000,324.651000
942.184000,-762.580000,345.000000
1023.800000,-684.484000,337.640000
1019.292000,-679.400000,332.740000
931.800000,-690.622000,327.860000
960.504000,-741.400000,342.980000
963.632000,-713.872000,345.000000
1083.800000,-623.500000,322.500000
1047.080000,-604.600000,320.785000
1038.800000,-661.480000,319.077000
1042.400000,-664.600000,324.362000
1060.310000,-651.940000,326.000000
987.100000,-638.732000,324.734000
976.588000,-606.400000,324.246000
969.100000,-648.585000,325.758000
984.346000,-665.400000,325.268000
980.080000,-607.698000,326.000000
965.000000,-655.097000,329.995000
959.384000,-626.200000,342.847000
949.000000,-644.034000,338.699000
958.824000,-663.200000,334.534000
960.872000,-635.635000,343.000000
1066.900000,-542.756000,323.854000
1050.852000,-542.000000,337.462000
930.900000,-555.500000,333.052000
982.716000,-596.000000,328.660000
1049.764000,-568.298000,340.000000
813.700000,-1069.486000,329.681000
783.610000,-1059.400000,326.997000
779.700000,-1060.097000,324.302000
784.732000,-1100.400000,321.618000
779.938000,-1088.920000,330.000000
892.700000,-1038.037000,337.424000
845.104000,-988.700000,333.520000
819.700000,-1069.452000,329.600000
886.495000,-1091.700000,325.696000
829.847000,-1086.859000,340.000000
809.800000,-1038.520000,333.191000
797.620000,-995.800000,330.006000
780.800000,-1028.860000,326.834000
800.607000,-1055.800000,336.662000
788.659000,-1006.960000,337.000000
773.400000,-1095.825000,331.200000
763.676000,-1072.200000,327.280000
721.400000,-1080.150000,323.376000
744.800000,-1097.200000,335.456000
742.356000,-1082.675000,338.000000
772.800000,-1010.168000,372.844000
748.950000,-1000.200000,346.384000
747.800000,-1004.960000,428.032000
753.225000,-1056.200000,401.572000
761.175000,-1036.712000,433.000000
840.300000,-942.630000,347.180000
799.924000,-920.900000,328.148000
784.300000,-966.109000,387.116000
839.404000,-973.900000,368.006000
821.652000,-967.752000,401.000000
844.200000,-866.638000,333.738000
813.944000,-824.200000,349.614000
782.200000,-865.120000,344.469000
828.762000,-890.200000,339.345000
831.738000,-831.922000,351.000000
769.300000,-867.624000,332.898000
764.710000,-824.700000,380.526000
751.300000,-843.663000,365.091000
760.624000,-873.700000,349.719000
768.058000,-841.850000,393.000000
756.884925,-836.665027,387.582000
758.601831,-832.171779,372.210000
741.573436,-831.617384,356.775000
729.802548,-867.226543,341.403000
734.432409,-849.120461,393.000000
869.700000,-750.224000,339.076000
830.200000,-742.700000,334.666000
819.700000,-762.962000,330.274000
822.350000,-764.700000,325.882000
829.500000,-760.652000,343.000000
907.900000,-770.600000,336.700000
888.405000,-736.100000,332.290000
872.900000,-777.380000,327.898000
901.600000,-796.100000,341.506000
884.380000,-738.980000,343.000000
826.024593,-803.456868,434.528000
827.935494,-768.088475,386.508000
792.534105,-770.282950,338.684000
805.971802,-801.757990,486.664000
814.133282,-773.594378,529.000000
909.000000,-631.820000,336.240000
903.267000,-630.500000,330.384000
846.000000,-637.859000,348.528000
868.302000,-663.500000,342.648000
883.296000,-647.462000,351.000000
840.600000,-648.079000,349.469000
795.984000,-641.800000,331.657000
788.600000,-664.570000,386.845000
794.944000,-664.800000,368.960000
826.248000,-658.981000,404.000000
897.700000,-610.816000,351.015000
846.368000,-592.600000,513.555000
885.400000,-592.600000,374.450000
815.700000,-619.852000,460.880000
888.598000,-628.600000,408.420000
833.412000,-628.600000,468.620000
906.700000,-572.777000,339.835000
858.754000,-541.000000,336.175000
784.700000,-563.532000,332.500000
864.732000,-584.000000,328.840000
905.236000,-550.159000,340.000000
542.798169,-1154.198965,350.710000
556.092230,-1124.475276,343.390000
526.348596,-1115.996252,336.040000
525.539061,-1143.672095,328.720000
527.017752,-1122.577603,355.000000
536.578312,-1160.102706,441.275000
489.818763,-1121.673075,402.320000
504.260597,-1131.414215,360.980000
484.961193,-1120.389275,363.524000
480.466192,-1149.138789,483.728000
509.295974,-1168.584722,430.622000
488.902784,-1143.954081,485.000000
500.834769,-1097.984192,362.173000
502.482457,-1080.575721,347.228000
481.042328,-1090.850123,332.344000
488.096746,-1107.303288,378.460000
483.553911,-1097.733527,387.000000
577.361967,-1078.986139,375.249000
592.877388,-1033.203015,348.544000
545.770280,-1032.510048,430.948000
552.026485,-1079.686311,404.243000
585.275615,-1037.773521,434.000000
616.304372,-1036.313556,336.496000
619.355676,-1019.993265,328.688000
592.634177,-995.003602,352.880000
600.223354,-1018.613036,345.040000
611.645376,-1018.858663,358.000000
652.913437,-988.014640,328.156000
636.985068,-958.619966,336.472000
632.460609,-962.113949,333.788000
607.309231,-993.479067,331.093000
631.788815,-995.821610,337.000000
664.284923,-953.360720,329.496000
667.405958,-936.106392,358.980000
640.129081,-953.620341,349.425000
637.436905,-956.302259,339.909000
650.230419,-963.062612,366.000000
433.721696,-1097.709653,328.932000
436.994964,-1061.641867,328.688000
400.893949,-1061.241820,328.443000
414.315088,-1100.373213,328.199000
421.472194,-1047.478242,329.000000
445.775029,-1053.729074,380.000000
461.655888,-1030.932650,364.140000
439.484511,-1025.367287,348.215000
434.447404,-1048.181474,332.355000
445.406114,-1026.527190,393.000000
532.668815,-1016.589811,368.752000
533.356587,-1014.138754,353.072000
515.086639,-1001.232106,337.456000
500.464646,-1022.780077,385.840000
511.262117,-1013.503738,390.000000
510.777206,-996.331936,354.264000
506.894564,-974.852607,342.259000
478.269165,-993.060958,330.303000
478.637826,-995.573992,367.298000
489.807657,-996.798470,377.000000
548.250505,-1004.902130,341.736000
538.249978,-971.378873,333.406000
510.439760,-966.035651,359.110000
534.487630,-1006.458154,350.780000
543.993088,-978.749101,362.000000
582.388476,-974.722834,329.355000
610.870136,-935.646405,328.135000
573.696365,-938.011742,331.915000
563.357247,-973.902834,330.690000
601.080701,-946.723720,333.000000
548.941083,-955.023236,336.923000
594.829282,-914.954342,380.015000
572.991164,-913.672952,366.050000
542.384410,-947.120278,352.142000
572.143440,-932.690601,386.000000
659.248531,-906.544276,328.126000
643.455174,-867.219722,341.734000
639.280324,-864.810031,337.324000
603.273415,-903.406232,332.932000
638.507120,-921.603214,346.000000
695.111970,-854.967278,444.375000
698.428245,-822.197372,411.923000
660.068561,-838.308286,379.338000
672.764649,-869.956257,346.886000
656.936097,-845.483673,461.000000
726.168381,-814.390873,380.267000
732.318782,-794.297386,363.362000
711.721884,-791.346908,346.526000
715.150022,-812.821127,329.690000
723.389238,-790.063360,398.000000
763.900000,-693.170000,363.939000
759.658000,-675.500000,351.934000
742.900000,-681.827000,339.978000
752.665000,-694.500000,377.022000
750.607000,-683.176000,383.000000
745.050540,-705.944289,349.160000
720.001080,-670.119791,339.360000
717.631835,-670.243338,369.600000
710.927509,-689.106163,359.800000
723.863535,-694.091192,370.000000
766.000000,-609.010000,347.456000
712.272000,-578.200000,338.672000
693.000000,-645.904000,365.888000
765.927000,-656.200000,357.068000
739.063000,-645.982000,371.000000
765.700000,-562.720000,338.280000
735.520000,-537.600000,353.400000
705.700000,-563.000000,348.520000
751.660000,-577.600000,343.620000
751.480000,-541.680000,354.000000
708.600000,-572.562000,343.630000
697.218000,-536.400000,506.170000
666.600000,-553.284000,453.495000
689.028000,-578.400000,401.035000
436.783987,-1010.874954,367.000000
437.803744,-1007.653224,357.240000
404.198710,-974.210772,347.440000
394.106307,-1001.361856,337.680000
395.728864,-982.771902,369.000000
478.337911,-969.864742,395.076000
457.593600,-927.620191,375.068000
427.321628,-937.831618,354.978000
428.169279,-942.132684,334.970000
436.443170,-942.180387,410.000000
497.957461,-949.542546,331.430000
492.991636,-916.762469,330.205000
463.110857,-913.422792,328.985000
482.483927,-951.457001,332.765000
487.942883,-912.100903,333.000000
534.864014,-922.140072,340.634000
558.993614,-876.427618,335.489000
512.072622,-863.390604,330.365000
510.137062,-911.435745,346.241000
537.641428,-875.420556,350.000000
628.088466,-849.121558,335.330000
627.252946,-845.706254,331.655000
599.276929,-833.849894,342.995000
570.731272,-871.248742,339.320000
597.603887,-856.667846,344.000000
577.581886,-846.788323,329.023000
567.096215,-821.540616,327.315000
564.600812,-818.697403,332.607000
543.989512,-840.676686,330.892000
560.640431,-848.463173,334.000000
585.414401,-818.070204,332.495000
592.380791,-801.706365,358.955000
570.245139,-813.626156,350.415000
571.970855,-827.350697,341.840000
572.154041,-825.797215,362.000000
622.344864,-797.259525,326.800000
633.526566,-777.704803,350.992000
613.927844,-778.340302,343.152000
611.983659,-797.182985,335.344000
633.617838,-786.895561,358.000000
663.373313,-811.659366,339.502000
678.531306,-786.324056,336.086000
641.499395,-754.740461,332.656000
641.868347,-787.130529,329.240000
641.829864,-760.816576,341.000000
727.834553,-751.285531,354.591000
707.006398,-707.545463,347.027000
701.730841,-708.085922,339.432000
665.003145,-751.016709,331.868000
681.094629,-738.758138,362.000000
430.109306,-922.371654,340.322000
413.268175,-879.445956,335.912000
380.345844,-882.890218,331.520000
414.232541,-933.074369,345.128000
392.552559,-900.848318,347.000000
452.945980,-901.612124,337.443000
454.708536,-872.564540,332.788000
425.722338,-865.753214,328.152000
437.539471,-899.032982,342.497000
450.511566,-873.531204,347.000000
487.391828,-875.673487,333.840000
523.730878,-835.885717,329.920000
490.544808,-830.657189,342.016000
471.930994,-867.259132,338.096000
503.881504,-845.887204,344.000000
486.516992,-824.269717,335.192000
490.394342,-820.790197,358.628000
470.678123,-806.213551,351.064000
446.177928,-834.515149,343.469000
466.859180,-832.313331,359.000000
546.748376,-823.296541,329.900000
545.342351,-806.415336,351.824000
523.733111,-818.772263,344.719000
522.309084,-820.875045,337.643000
535.409146,-829.629982,356.000000
528.393410,-805.735128,332.808000
530.394329,-780.271161,331.344000
504.874908,-781.030210,329.874000
514.633054,-808.478078,328.410000
519.452452,-769.619296,333.000000
562.842325,-807.836975,336.868000
570.118164,-777.779772,333.696000
533.825993,-754.128363,330.511000
542.612512,-791.483591,327.339000
542.708274,-757.898825,339.000000
594.553762,-740.445827,330.224000
594.980447,-738.659133,328.754000
582.283422,-732.367518,327.290000
568.136710,-750.002319,331.826000
577.843068,-740.899255,332.000000
625.281718,-736.075219,330.720000
614.869216,-709.630765,328.270000
588.986601,-724.290119,325.830000
590.688892,-727.441024,333.390000
602.268580,-730.252164,335.000000
587.866597,-725.319589,338.520000
606.626814,-698.276808,330.435000
567.618245,-722.414987,355.383000
563.855855,-742.389032,347.298000
561.082414,-738.091748,357.000000
659.737083,-723.642758,331.140000
680.082616,-677.261691,326.260000
632.399554,-667.287918,341.380000
634.413571,-716.206062,336.480000
671.595590,-688.137458,345.000000
311.687859,-1039.635631,327.100000
333.491089,-996.270267,336.172000
251.314619,-914.812376,333.244000
261.052931,-978.322300,330.304000
313.261170,-1003.966506,337.000000
380.336876,-965.224708,327.505000
377.843750,-937.776808,353.965000
373.928841,-938.244844,345.390000
324.161022,-984.304278,336.850000
353.144427,-985.121566,361.000000
349.267542,-954.798453,350.042000
320.399556,-880.622184,344.674000
264.095431,-880.939156,339.284000
322.372194,-968.865039,333.916000
264.131551,-890.336707,352.000000
371.856471,-874.873243,429.828000
373.197046,-832.096657,397.620000
329.763564,-816.312718,365.280000
348.719765,-867.019378,333.072000
352.322235,-816.481758,459.000000
391.827459,-849.530538,341.234000
404.943050,-822.156133,335.844000
367.240859,-792.234800,330.476000
370.187626,-826.907231,347.108000
378.829902,-808.405223,349.000000
466.871930,-785.627753,334.210000
433.420597,-738.011995,330.780000
430.392498,-739.249400,327.364000
421.014664,-765.595368,337.948000
436.987258,-769.059480,341.000000
496.754759,-761.047198,326.000000
477.906970,-720.261163,326.000000
448.917948,-725.152629,326.000000
446.792100,-727.918955,326.000000
471.289375,-751.442677,326.000000
571.649118,-692.453753,329.000000
576.645775,-670.376178,325.096000
553.823590,-672.146073,337.192000
559.223029,-694.942335,333.272000
578.864982,-677.125757,341.000000
544.188525,-717.357520,325.590000
556.055599,-693.027224,329.370000
528.684183,-678.442307,328.150000
529.364852,-706.148352,326.925000
552.493743,-703.374764,330.000000
546.073916,-662.647435,340.776000
548.246925,-659.932991,336.872000
533.754617,-654.608773,332.952000
509.270233,-680.128460,329.048000
530.188250,-675.349262,341.000000
591.771015,-639.942660,345.204000
583.857028,-615.772439,338.860000
559.093324,-629.046814,332.490000
559.521517,-631.794170,326.146000
565.120511,-628.804151,349.000000
285.268090,-838.731977,352.270000
283.525235,-819.171091,343.730000
266.054044,-816.783334,335.155000
276.049432,-839.876581,361.615000
280.648336,-815.627331,362.000000
253.448494,-865.354040,328.260000
255.012529,-821.138254,324.830000
202.735946,-784.303650,321.414000
224.400138,-842.089558,331.998000
232.486613,-807.737822,334.000000
335.931322,-790.958031,326.000000
331.985681,-785.521266,326.000000
295.474349,-752.896246,326.000000
290.058454,-784.367660,326.000000
307.587347,-779.838349,326.000000
296.733666,-703.988995,325.304000
295.017255,-689.886555,324.324000
293.541030,-689.282065,327.348000
270.309915,-713.249591,326.368000
281.795334,-711.541365,328.000000
349.614150,-709.478318,326.351000
351.850214,-698.531740,331.643000
338.501676,-706.097607,329.935000
341.726588,-715.607299,328.220000
341.528963,-713.957328,332.000000
334.850846,-698.850403,324.305000
342.768278,-687.579286,328.085000
332.264979,-691.725521,326.860000
329.275484,-700.978042,325.640000
341.821948,-691.665036,329.000000
359.050432,-696.627439,327.716000
372.088172,-678.494682,326.740000
351.315766,-665.260783,325.760000
347.814369,-685.347939,324.784000
350.571957,-667.702040,328.000000
407.161609,-666.201915,329.188000
391.541239,-653.575287,328.212000
389.608457,-656.165109,327.232000
382.144266,-687.477655,326.256000
385.874169,-675.708618,330.000000
432.558028,-647.984100,338.635000
424.856467,-623.045501,333.980000
399.097313,-644.449645,329.344000
418.874549,-665.891212,343.708000
405.828840,-650.612516,345.000000
402.819792,-605.020726,349.117000
383.638902,-624.892631,337.112000
366.784617,-647.886433,325.156000
394.828074,-616.225067,362.200000
381.633135,-627.815069,372.000000
545.955421,-605.741428,331.624000
579.071613,-571.867835,325.744000
554.323849,-575.222152,343.888000
535.171344,-603.558619,338.008000
562.861329,-581.616316,346.000000
562.900000,-535.505000,328.432000
561.860000,-533.300000,322.576000
522.900000,-536.618000,340.720000
534.460000,-554.300000,334.840000
551.260000,-545.459000,346.000000
510.521105,-648.496994,328.944000
505.820685,-624.491039,350.868000
477.427456,-641.019866,343.792000
476.388484,-643.865442,336.687000
495.052940,-655.872212,354.000000
484.431531,-609.008118,321.000000
487.400640,-580.347384,321.000000
458.314830,-582.459046,321.000000
468.590362,-613.120749,321.000000
498.323763,-596.886567,321.000000
470.500000,-568.828000,321.000000
467.220000,-563.200000,321.000000
460.500000,-566.413000,321.000000
466.410000,-570.200000,321.000000
461.550000,-565.146000,321.000000
454.908681,-572.713805,321.000000
454.285863,-571.734952,321.000000
444.367997,-572.030009,321.000000
442.343940,-586.271505,321.000000
444.603664,-577.680298,321.000000
433.052245,-579.136712,323.432000
426.969361,-568.250168,322.452000
415.200025,-595.691368,321.476000
416.427173,-596.337224,324.500000
421.629658,-590.041092,325.000000
479.100000,-551.520000,321.000000
452.682000,-546.500000,321.000000
437.100000,-554.110000,321.000000
474.564000,-556.500000,321.000000
458.184000,-556.260000,321.000000
406.854557,-577.260548,321.000000
413.542359,-548.358733,321.000000
400.426888,-565.980323,321.000000
399.917859,-585.970906,321.000000
410.867942,-556.285088,321.000000
393.137406,-568.274322,321.000000
400.051732,-543.016210,321.000000
389.562456,-547.843830,321.000000
387.436473,-567.235693,321.000000
395.523842,-554.080051,321.000000
1353.643043,-489.325519,308.424000
1352.602861,-467.548386,350.760000
1349.297504,-467.723856,337.096000
1311.893740,-493.115125,323.376000
1332.705233,-498.482472,360.000000
1269.500000,-507.620000,335.516000
1224.130000,-494.600000,328.684000
1204.500000,-519.470000,321.824000
1266.965000,-524.600000,314.992000
1206.450000,-521.840000,337.000000
1269.000000,-442.174000,324.115000
1256.445000,-416.200000,318.991000
1242.000000,-439.483000,313.846000
1261.656000,-455.200000,308.722000
1246.401000,-421.660000,328.000000
1188.300000,-525.168000,319.562000
1176.236000,-496.400000,316.146000
1136.300000,-508.048000,312.716000
1162.040000,-528.400000,323.300000
1151.640000,-508.336000,324.000000
1131.300000,-491.880000,314.653000
1106.325000,-486.600000,313.918000
1106.300000,-491.840000,313.186000
1112.850000,-526.600000,315.454000
1116.975000,-510.840000,316.000000
1190.100000,-456.270000,315.352000
1131.808000,-449.700000,313.392000
1114.100000,-465.864000,319.440000
1116.380000,-467.700000,317.480000
1156.584000,-464.802000,320.000000
1203.900000,-428.928000,317.758000
1153.704000,-407.400000,309.428000
1109.900000,-431.340000,335.132000
1184.818000,-443.400000,326.802000
1174.854000,-409.992000,342.000000
963.800000,-515.313000,324.462000
953.566000,-496.200000,326.730000
929.800000,-506.136000,325.998000
948.976000,-519.200000,325.263000
957.782000,-503.192000,327.000000
1005.000000,-435.490000,322.572000
1000.240000,-433.600000,342.228000
935.000000,-439.600000,335.858000
958.170000,-463.600000,329.514000
1001.850000,-449.710000,348.000000
912.300000,-503.780000,414.000000
870.550000,-494.900000,389.600000
862.300000,-523.910000,365.100000
867.200000,-524.900000,340.700000
866.650000,-518.000000,425.000000
911.700000,-465.460000,340.950000
896.048000,-444.300000,334.850000
885.700000,-473.660000,328.725000
908.216000,-484.300000,322.625000
891.420000,-444.420000,347.000000
914.100000,-425.060000,386.104000
895.600000,-402.200000,360.624000
864.100000,-417.230000,335.248000
895.750000,-432.200000,413.872000
881.700000,-409.280000,425.000000
864.200000,-492.005000,370.026000
855.706000,-473.100000,350.671000
802.200000,-478.192000,331.395000
827.000000,-492.100000,391.119000
832.208000,-482.011000,410.000000
863.600000,-437.532000,359.598000
807.552000,-433.200000,340.243000
801.600000,-433.865000,399.967000
811.954000,-452.200000,380.612000
839.792000,-446.519000,410.000000
772.000000,-456.120000,352.923000
772.000000,-413.908000,395.118000
695.506000,-400.000000,418.695000
658.000000,-497.966000,397.467000
658.000000,-516.144000,346.224000
764.476000,-522.000000,376.152000
743.272000,-513.948000,420.000000
704.740000,-519.926000,420.000000
634.400000,-483.932000,331.402000
608.558000,-398.000000,381.298000
575.400000,-468.680000,365.194000
616.759000,-522.000000,349.024000
627.320000,-418.708000,391.000000
574.200000,-513.198000,359.530000
562.515000,-399.300000,349.282000
517.200000,-440.751000,338.992000
543.933000,-522.300000,328.744000
517.884000,-448.500000,361.000000
480.900000,-475.901000,342.324000
451.710000,-469.700000,335.492000
450.900000,-473.756000,328.632000
457.980000,-508.700000,321.800000
455.220000,-494.387000,347.000000
405.300000,-492.164000,322.608000
386.060000,-475.700000,320.656000
379.300000,-512.282000,318.696000
379.378000,-517.700000,324.744000
386.502000,-512.072000,325.000000
499.500000,-436.625000,315.862000
476.178000,-398.500000,316.352000
453.500000,-437.479000,316.840000
488.920000,-459.500000,315.328000
472.314000,-404.478000,315.000000
1271.200000,-353.361000,344.145000
1261.610000,-290.800000,323.320000
1236.200000,-320.438000,387.580000
1254.995000,-363.800000,366.840000
1255.135000,-314.963000,392.000000
1217.300000,-317.970000,339.535000
1215.250000,-315.900000,318.220000
1167.300000,-319.879000,383.992000
1182.500000,-338.900000,362.677000
1200.950000,-328.872000,400.000000
1167.900000,-309.915000,327.964000
1135.540000,-276.000000,393.736000
1127.900000,-374.700000,372.508000
1130.780000,-381.000000,351.193000
1160.100000,-359.685000,400.000000
1100.100000,-325.020000,319.320000
1042.500000,-300.000000,438.768000
1005.500000,-300.000000,455.674000
1000.100000,-331.815000,400.216000
1084.000000,-345.000000,361.506000
1001.200000,-345.000000,366.878000
1093.800000,-301.350000,471.000000
997.200000,-377.315000,417.972000
976.620000,-349.700000,391.376000
937.200000,-366.290000,364.671000
973.560000,-384.700000,338.075000
941.340000,-358.905000,428.000000
998.100000,-259.770000,403.584000
991.500000,-259.000000,376.988000
938.100000,-267.470000,350.283000
960.480000,-294.000000,323.687000
950.220000,-276.325000,428.000000
879.400000,-364.742000,370.724000
859.229000,-358.900000,353.400000
856.400000,-359.107000,336.005000
859.620000,-381.900000,389.681000
864.082000,-375.644000,396.000000
830.200000,-365.684000,364.864000
809.592000,-350.100000,347.224000
798.200000,-374.932000,329.656000
827.224000,-382.100000,384.088000
813.112000,-380.852000,400.000000
889.700000,-334.960000,354.160000
863.744000,-296.800000,334.070000
826.700000,-325.579000,396.062000
869.225000,-349.800000,375.972000
864.374000,-307.082000,405.000000
918.300000,-292.196000,325.728000
901.116000,-261.700000,323.033000
822.300000,-271.620000,331.349000
864.732000,-293.700000,328.654000
892.380000,-275.364000,334.000000
775.600000,-322.110000,341.535000
734.922000,-315.600000,423.939000
732.600000,-318.295000,397.343000
741.587000,-350.600000,370.638000
769.666000,-338.700000,438.000000
769.600000,-283.264000,413.487000
739.654000,-263.200000,391.771000
727.600000,-303.760000,369.966000
768.592000,-311.200000,348.250000
769.348000,-306.016000,415.000000
706.400000,-294.913000,336.616000
682.880000,-253.900000,332.712000
657.400000,-292.456000,328.792000
693.807000,-316.900000,324.888000
663.574000,-261.775000,339.000000
646.650000,-363.788000,359.545000
613.379100,-247.100000,346.125000
511.950000,-297.128000,332.650000
580.647000,-379.100000,374.230000
546.837300,-294.356000,375.000000
620.652900,-303.332000,375.000000
502.100000,-263.361000,336.002000
500.195000,-247.800000,324.732000
375.100000,-267.218000,313.508000
410.406000,-380.800000,348.284000
424.757000,-326.403000,355.000000
393.261000,-370.559000,355.000000
1095.100000,-186.900000,337.200000
982.492000,-156.800000,327.400000
951.100000,-235.318000,357.640000
957.580000,-242.800000,347.880000
1026.412000,-227.664000,359.000000
1020.220000,-192.920000,359.000000
921.400000,-203.825000,406.073000
921.400000,-163.700000,402.308000
880.225000,-160.100000,344.578000
885.100000,-160.100000,457.277000
846.400000,-211.100000,534.334000
846.400000,-161.375000,512.246000
907.300000,-235.100000,472.839000
887.650000,-235.100000,567.215000
994.700000,-85.033000,320.710000
979.848000,-70.200000,327.514000
947.700000,-78.353600,325.318000
974.913000,-88.400000,323.113000
984.689000,-75.459800,328.000000
1000.831063,-46.289924,321.566000
997.583940,-44.779262,341.978000
959.124605,-40.569224,335.390000
970.632555,-56.660727,328.775000
995.856074,-53.537034,347.000000
856.189713,-110.904637,342.446000
833.736850,-89.969748,337.322000
819.353455,-102.140002,332.177000
822.563660,-104.644976,327.053000
823.164106,-99.645808,344.000000
888.883705,-85.953418,325.764000
863.587261,-55.297052,324.300000
834.101761,-58.510980,322.830000
876.417975,-92.204443,321.366000
840.465579,-69.392214,327.000000
918.135716,-26.597897,330.592000
908.856882,-1.947229,326.688000
878.705608,-6.099927,322.768000
901.258091,-27.896539,334.864000
894.465839,-3.205527,336.000000
868.966907,-14.050314,321.890000
879.302374,24.908631,318.705000
858.651400,19.879544,315.533000
857.107044,-10.743157,325.361000
865.210075,10.180310,328.000000
783.200000,-201.364000,356.646000
746.440000,-191.400000,337.781000
743.200000,-193.797000,395.993000
750.480000,-238.400000,377.205000
766.400000,-223.642000,403.000000
712.800000,-209.750000,321.596000
681.930000,-187.500000,320.126000
667.800000,-228.400000,324.662000
710.505000,-237.500000,323.192000
699.840000,-233.450000,326.000000
638.700000,-209.360000,319.857000
605.178000,-195.800000,341.781000
564.700000,-207.500000,334.705000
617.758000,-215.800000,327.600000
627.156000,-198.840000,345.000000
423.000000,-225.940000,305.089000
415.707000,-189.500000,372.373000
390.000000,-203.580000,350.657000
405.972000,-229.500000,328.852000
422.208000,-204.900000,394.000000
776.400000,-74.540000,326.821000
722.060000,-65.900000,324.625000
721.400000,-73.040000,322.420000
735.205000,-125.900000,320.224000
727.340000,-102.980000,328.000000
769.250000,-13.780000,347.376000
688.087500,1.300000,335.664000
661.750000,-34.180000,323.904000
663.685000,-38.700000,312.192000
687.657500,-32.700000,360.000000
507.800000,-23.032000,316.915000
476.480000,6.200000,311.303000
447.800000,-25.192000,305.668000
494.900000,-41.800000,323.056000
470.180000,2.216000,326.000000
236.246180,-586.403062,322.473000
244.457811,-569.608569,322.228000
227.648469,-565.302289,322.984000
227.247539,-582.096782,322.740000
236.706507,-571.241986,323.000000
296.500000,-327.800000,312.341000
295.987000,-326.000000,312.096000
287.500000,-330.512000,312.852000
290.380000,-350.000000,312.607000
293.233000,-339.176000,313.000000
283.000000,-313.272000,312.209000
263.224000,-310.500000,312.964000
259.000000,-319.095000,312.720000
261.088000,-319.500000,312.475000
277.456000,-317.538000,313.000000
163.391564,-564.119172,322.608000
172.208918,-533.758008,328.656000
139.235047,-532.656808,326.704000
144.447662,-567.381046,324.744000
180.385484,-551.127035,330.000000
134.530687,-307.218050,314.888000
139.353155,-284.675486,314.400000
114.802408,-277.448855,313.910000
121.155762,-301.833432,313.422000
119.914790,-273.969889,315.000000
141.635655,-591.334907,393.644000
139.819805,-588.908117,372.416000
111.886259,-587.143178,351.101000
80.643453,-631.555141,329.873000
103.333095,-601.296628,410.000000
50.999183,-529.631658,326.800000
106.304347,-542.731735,324.360000
108.041440,-536.681578,321.910000
10.892062,-399.606711,329.470000
32.500708,-444.433713,330.000000
150.449797,-436.867597,332.056000
162.100322,-385.944842,326.666000
98.163879,-417.940895,321.298000
112.377037,-463.756790,337.930000
100.887773,-442.530315,342.000000
66.288806,-333.723825,328.144000
117.042429,-372.952227,319.814000
99.202370,-323.165520,345.518000
57.030541,-307.257473,337.222000
107.083334,-360.535824,348.000000
24.566949,-318.687885,321.372000
60.889610,-264.806349,313.287000
8.787154,-243.958012,338.235000
-2.987588,-297.095673,330.150000
36.010765,-279.548111,345.000000
364.000000,-147.990000,305.567000
254.446000,-131.500000,318.419000
250.000000,-140.521000,314.271000
275.536000,-228.500000,310.106000
344.164000,-193.968000,320.000000
352.144000,-213.562000,320.000000
299.830625,-55.982938,303.266000
300.427640,-25.464606,313.850000
261.906153,-47.742274,310.434000
276.758464,-75.668390,307.004000
280.800878,-70.794512,317.000000
209.000000,-60.420000,310.887000
190.190000,0.000000,310.643000
171.000000,-59.565000,310.398000
199.804000,-95.000000,310.154000
174.420000,-10.450000,311.000000
170.000000,-186.835000,323.305000
125.290000,0.000000,320.621000
0.000000,-84.710000,317.926000
89.420000,-215.000000,315.242000
37.740000,-73.745000,326.000000
154.020000,-72.455000,326.000000
102.680000,-130.290000,326.000000
68.510000,-17.845000,326.000000
