1522.700000,-1106.754000,304.660000
1522.700000,-1084.212000,304.246000
1518.535000,-1072.200000,304.170000
1518.875000,-1072.200000,304.684000
1505.700000,-1086.903000,305.682000
1505.700000,-1101.762000,305.122000
1514.336000,-1111.200000,305.192000
1510.647000,-1111.200000,305.560000
1516.716000,-1086.240000,306.000000
1505.717000,-1079.103000,306.000000
1493.900000,-1081.228000,306.584000
1493.900000,-1084.764000,306.680000
1486.940000,-1052.600000,306.094000
1479.812000,-1052.600000,307.118000
1469.900000,-1066.914000,307.606000
1469.900000,-1056.680000,307.556000
1483.172000,-1086.600000,307.116000
1485.572000,-1086.600000,307.994000
1486.364000,-1063.344000,308.000000
1488.716000,-1080.310000,308.000000
1570.100000,-979.360000,302.778000
1570.100000,-975.060000,304.899000
1559.412000,-963.400000,301.063000
1539.732000,-963.400000,306.432000
1538.100000,-972.700000,306.355000
1538.100000,-973.040000,307.965000
1557.204000,-983.400000,304.640000
1538.580000,-983.400000,302.498000
1561.268000,-968.840000,308.000000
1556.244000,-972.440000,308.000000
1526.200000,-975.490000,305.320000
1526.200000,-959.530000,316.500000
1520.530000,-952.900000,320.420000
1521.535000,-952.900000,320.880000
1511.200000,-968.200000,315.540000
1511.200000,-978.220000,305.260000
1520.815000,-982.900000,310.660000
1516.855000,-982.900000,309.620000
1522.630000,-959.710000,321.000000
1516.450000,-955.600000,321.000000
1508.400000,-976.152000,302.602000
1508.400000,-980.352000,309.928000
1490.634000,-956.300000,309.397000
1480.092000,-956.300000,302.899000
1466.400000,-971.812000,307.201000
1466.400000,-962.068000,304.870000
1495.212000,-984.300000,305.005000
1497.438000,-984.300000,306.841000
1500.000000,-961.424000,310.000000
1471.944000,-976.684000,310.000000
1508.859302,-740.685871,303.780000
1502.061851,-735.470003,305.643000
1476.551183,-727.079151,324.165000
1481.536331,-720.582381,311.556000
1494.581946,-753.679446,317.577000
1493.368116,-752.748041,317.469000
1519.290798,-755.156462,310.989000
1512.015490,-764.637828,323.382000
1485.703038,-726.797178,327.000000
1495.778307,-732.684133,327.000000
1427.300000,-604.340000,309.836000
1427.300000,-576.695000,315.668000
1415.036000,-569.000000,323.444000
1417.748000,-569.000000,319.610000
1403.300000,-605.651000,319.034000
1403.300000,-622.067000,323.552000
1421.876000,-626.000000,314.642000
1414.412000,-626.000000,309.494000
1424.324000,-574.358000,326.000000
1420.052000,-569.228000,326.000000
1390.800000,-630.064000,308.512000
1390.800000,-632.822000,313.152000
1357.440000,-622.000000,314.560000
1345.200000,-622.000000,314.904000
1330.800000,-631.618000,312.600000
1330.800000,-626.102000,308.648000
1379.940000,-636.000000,310.648000
1380.300000,-636.000000,310.400000
1385.640000,-622.700000,316.000000
1359.660000,-630.988000,316.000000
1366.100000,-599.072000,308.286000
1366.100000,-593.506000,317.471000
1355.900000,-574.600000,316.602000
1364.026000,-574.600000,308.880000
1349.100000,-608.226000,313.907000
1349.100000,-604.730000,311.289000
1363.771000,-620.600000,311.223000
1352.296000,-620.600000,313.698000
1365.284000,-574.876000,319.000000
1353.571000,-587.480000,319.000000
1347.700000,-600.567000,309.976000
1347.700000,-582.609000,308.156000
1331.600000,-580.600000,309.488000
1335.600000,-580.600000,308.594000
1322.700000,-612.416000,308.998000
1322.700000,-581.297000,309.032000
1345.375000,-621.600000,308.510000
1336.450000,-621.600000,309.470000
1347.425000,-620.001000,310.000000
1323.850000,-618.238000,310.000000
1448.900000,-1091.661000,310.750000
1448.900000,-1098.249000,307.475000
1423.444000,-1079.700000,309.530000
1417.598000,-1079.700000,308.570000
1411.900000,-1101.840000,308.305000
1411.900000,-1089.933000,309.665000
1447.124000,-1106.700000,307.085000
1445.644000,-1106.700000,310.760000
1412.899000,-1104.459000,311.000000
1442.573000,-1094.685000,311.000000
1344.200000,-1087.466000,308.000000
1344.200000,-1084.916000,308.000000
1329.540000,-1073.900000,308.000000
1340.040000,-1073.900000,308.000000
1324.200000,-1103.276000,308.000000
1324.200000,-1099.094000,308.000000
1344.120000,-1107.900000,308.000000
1329.680000,-1107.900000,308.000000
1325.500000,-1103.582000,308.000000
1336.440000,-1080.462000,308.000000
1442.100000,-1049.280000,316.984000
1442.100000,-1061.440000,314.680000
1415.682000,-1042.200000,313.080000
1422.686000,-1042.200000,318.184000
1408.100000,-1060.380000,309.160000
1408.100000,-1044.260000,305.688000
1409.460000,-1062.200000,305.256000
1429.724000,-1062.200000,309.192000
1411.602000,-1058.760000,319.000000
1421.496000,-1058.820000,319.000000
1434.000000,-1012.820000,319.720000
1434.000000,-1019.200000,321.940000
1360.931000,-1006.000000,314.840000
1350.963000,-1006.000000,306.320000
1345.000000,-1026.966000,309.960000
1345.000000,-1016.230000,310.700000
1352.565000,-1028.000000,305.060000
1433.822000,-1028.000000,315.080000
1357.549000,-1023.248000,323.000000
1360.753000,-1016.318000,323.000000
1344.900000,-1024.994000,319.566000
1344.900000,-1023.342000,308.788000
1291.208000,-1009.300000,315.418000
1326.610000,-1009.300000,312.511000
1282.900000,-1068.123000,311.270000
1282.900000,-1058.152000,316.234000
1290.898000,-1068.300000,307.105000
1305.220000,-1068.300000,319.957000
1293.998000,-1052.960000,323.000000
1342.420000,-1015.613000,323.000000
1446.100000,-949.814000,312.640000
1446.100000,-972.084000,307.334000
1424.260000,-942.300000,309.224000
1430.332000,-942.300000,310.400000
1422.100000,-943.728000,305.808000
1422.100000,-948.760000,313.466000
1426.252000,-976.300000,302.378000
1439.428000,-976.300000,302.532000
1427.308000,-965.930000,316.000000
1439.932000,-967.630000,316.000000
1399.000000,-960.641000,305.169000
1399.000000,-971.762000,304.797000
1356.070000,-954.800000,304.434000
1398.145000,-954.800000,305.454000
1354.000000,-957.638000,303.702000
1354.000000,-973.016000,303.111000
1363.810000,-987.800000,305.967000
1357.825000,-987.800000,303.768000
1365.475000,-976.283000,306.000000
1377.625000,-967.439000,306.000000
1337.700000,-955.689000,306.740000
1337.700000,-956.316000,307.264000
1321.716000,-951.300000,305.760000
1331.604000,-951.300000,304.140000
1321.700000,-955.590000,304.784000
1321.700000,-981.462000,305.016000
1325.892000,-984.300000,307.804000
1328.852000,-984.300000,305.892000
1326.388000,-971.331000,308.000000
1326.628000,-951.993000,308.000000
1430.300000,-916.984000,328.527000
1430.300000,-929.620000,303.353000
1428.279000,-915.400000,318.482000
1395.379000,-915.400000,312.332000
1383.300000,-918.550000,308.478000
1383.300000,-920.368000,321.311000
1397.682000,-933.400000,339.433000
1421.323000,-933.400000,330.290000
1398.857000,-925.516000,343.000000
1387.577000,-927.244000,343.000000
1308.000000,-839.668000,337.232000
1308.000000,-867.244000,320.000000
1306.434000,-836.500000,325.472000
1306.110000,-836.500000,330.512000
1290.000000,-852.268000,313.760000
1290.000000,-882.436000,341.024000
1296.300000,-908.500000,350.000000
1293.078000,-908.500000,351.536000
1296.642000,-873.796000,356.000000
1305.732000,-857.812000,356.000000
1302.100000,-779.200000,323.559000
1302.100000,-754.890000,320.572000
1300.120000,-753.200000,316.454000
1295.080000,-753.200000,326.923000
1287.100000,-760.038000,309.378000
1287.100000,-753.200000,333.274000
1293.025000,-779.200000,331.302000
1295.095000,-779.200000,310.625000
1293.205000,-765.524000,336.000000
1296.955000,-777.484000,336.000000
1356.800000,-794.125000,322.457000
1356.800000,-790.345000,326.865000
1344.128000,-779.800000,315.352000
1297.040000,-779.800000,333.216000
1284.800000,-784.420000,308.276000
1284.800000,-785.230000,310.567000
1316.408000,-794.800000,330.200000
1349.240000,-794.800000,316.918000
1316.840000,-786.235000,336.000000
1316.408000,-788.380000,336.000000
1451.000000,-775.265000,317.820000
1451.000000,-766.715000,332.472000
1427.900000,-761.600000,309.000000
1430.840000,-761.600000,304.356000
1346.000000,-766.880000,300.216000
1346.000000,-772.475000,312.240000
1396.715000,-776.600000,327.432000
1372.985000,-776.600000,320.124000
1396.715000,-767.375000,336.000000
1369.310000,-764.750000,336.000000
1446.700000,-755.279000,316.452000
1446.700000,-759.423000,304.284000
1442.990000,-723.200000,307.668000
1438.944000,-723.200000,312.168000
1432.700000,-737.852000,334.848000
1432.700000,-726.419000,320.052000
1440.092000,-760.200000,326.064000
1441.366000,-760.200000,327.936000
1439.994000,-735.817000,336.000000
1432.770000,-754.576000,336.000000
1445.200000,-718.245000,320.112000
1445.200000,-715.155000,316.176000
1419.244000,-705.900000,308.400000
1368.256000,-705.900000,326.688000
1361.200000,-712.515000,344.640000
1361.200000,-712.635000,337.200000
1409.248000,-720.900000,332.928000
1443.688000,-720.900000,347.664000
1408.156000,-710.340000,348.000000
1427.392000,-713.190000,348.000000
1359.800000,-730.286000,328.002000
1359.800000,-710.935000,335.268000
1354.152000,-701.500000,317.754000
1355.352000,-701.500000,344.466000
1343.800000,-719.445000,349.464000
1343.800000,-731.507000,353.664000
1353.656000,-738.500000,339.216000
1349.304000,-738.500000,320.862000
1353.352000,-710.824000,354.000000
1352.920000,-706.088000,354.000000
1342.600000,-709.376000,326.406000
1342.600000,-711.602000,344.382000
1327.874000,-699.100000,316.158000
1318.920000,-699.100000,353.580000
1305.600000,-706.506000,347.868000
1305.600000,-701.522000,320.778000
1330.057000,-713.100000,337.620000
1331.722000,-713.100000,329.976000
1329.058000,-702.012000,354.000000
1318.661000,-709.754000,354.000000
1302.800000,-725.280000,324.810000
1302.800000,-720.160000,353.496000
1295.286000,-703.200000,314.562000
1302.766000,-703.200000,320.694000
1285.800000,-721.568000,346.272000
1285.800000,-720.320000,329.892000
1297.785000,-735.200000,336.024000
1286.956000,-735.200000,339.090000
1297.224000,-708.416000,354.000000
1288.112000,-715.968000,354.000000
1268.400000,-1078.375000,311.539000
1268.400000,-1052.140000,310.502000
1256.250000,-1042.900000,307.391000
1259.300000,-1042.900000,314.225000
1243.400000,-1076.890000,320.226000
1243.400000,-1092.235000,317.931000
1262.125000,-1097.900000,316.078000
1254.150000,-1097.900000,321.654000
1261.150000,-1049.445000,324.000000
1266.375000,-1044.935000,324.000000
1228.600000,-1092.131000,308.145000
1228.600000,-1098.486000,309.115000
1223.290000,-1073.500000,311.925000
1221.330000,-1073.500000,310.210000
1218.600000,-1094.022000,310.700000
1218.600000,-1081.529000,311.305000
1226.540000,-1104.500000,309.480000
1226.520000,-1104.500000,307.400000
1226.080000,-1075.825000,312.000000
1225.610000,-1094.425000,312.000000
1220.900000,-1100.070000,309.573000
1220.900000,-1098.940000,310.920000
1203.075000,-1094.500000,311.841000
1218.141000,-1094.500000,311.577000
1189.900000,-1101.570000,311.109000
1189.900000,-1100.720000,309.234000
1215.878000,-1104.500000,310.374000
1194.674000,-1104.500000,309.891000
1214.266000,-1094.800000,312.000000
1204.904000,-1097.630000,312.000000
1216.600000,-1064.380000,307.153000
1216.600000,-1057.930000,307.857000
1211.648000,-1056.700000,307.909000
1212.992000,-1056.700000,307.076000
1208.600000,-1067.965000,307.665000
1208.600000,-1071.460000,307.295000
1215.656000,-1071.700000,307.420000
1212.728000,-1071.700000,307.514000
1215.192000,-1071.490000,308.000000
1210.736000,-1070.965000,308.000000
1195.000000,-1067.848000,309.345000
1195.000000,-1076.920000,309.222000
1188.360000,-1051.000000,311.613000
1186.870000,-1051.000000,309.879000
1185.000000,-1079.620000,310.881000
1185.000000,-1063.456000,310.536000
1194.270000,-1087.000000,310.146000
1193.790000,-1087.000000,311.193000
1193.620000,-1084.912000,312.000000
1185.500000,-1072.204000,312.000000
1187.000000,-1088.724000,310.858000
1187.000000,-1087.008000,313.212000
1176.380000,-1077.700000,319.163000
1184.375000,-1077.700000,315.621000
1172.000000,-1099.514000,316.479000
1172.000000,-1096.108000,318.030000
1186.565000,-1103.700000,313.784000
1175.615000,-1103.700000,320.439000
1185.500000,-1101.022000,321.000000
1184.480000,-1083.602000,321.000000
1148.400000,-1087.075000,311.000000
1148.400000,-1102.500000,311.000000
1110.800000,-1077.600000,311.000000
1121.550000,-1077.600000,311.000000
1098.400000,-1099.700000,311.000000
1098.400000,-1079.350000,311.000000
1099.150000,-1102.600000,311.000000
1128.550000,-1102.600000,311.000000
1145.300000,-1098.925000,311.000000
1129.150000,-1099.200000,311.000000
1231.100000,-1005.370000,309.004000
1231.100000,-1011.926000,310.452000
1213.566000,-998.000000,310.514000
1211.322000,-998.000000,310.890000
1209.100000,-1018.416000,310.026000
1209.100000,-1007.504000,309.328000
1210.420000,-1020.000000,309.536000
1230.330000,-1020.000000,309.766000
1230.572000,-1015.798000,311.000000
1217.856000,-1009.044000,311.000000
1206.100000,-1016.631000,313.820000
1206.100000,-1015.811000,313.715000
1194.326000,-1004.700000,312.595000
1202.446000,-1004.700000,309.810000
1192.100000,-1044.552000,311.375000
1192.100000,-1037.254000,310.905000
1193.556000,-1045.700000,310.155000
1196.678000,-1045.700000,312.000000
1192.296000,-1036.024000,314.000000
1194.634000,-1010.440000,314.000000
1143.300000,-1011.462000,324.964000
1143.300000,-1042.623000,314.254000
1109.670000,-999.900000,321.534000
1119.588000,-999.900000,317.320000
1105.300000,-1000.699000,318.118000
1105.300000,-1007.232000,320.386000
1110.924000,-1046.900000,314.702000
1131.482000,-1046.900000,323.452000
1107.276000,-1033.740000,326.000000
1141.894000,-1036.466000,326.000000
1268.000000,-927.220000,314.216000
1268.000000,-930.670000,310.646000
1241.030000,-925.200000,312.501000
1239.406000,-925.200000,312.179000
1239.000000,-925.810000,310.793000
1239.000000,-930.380000,313.712000
1244.597000,-935.200000,309.085000
1240.479000,-935.200000,308.245000
1241.610000,-931.960000,315.000000
1260.634000,-929.360000,315.000000
1238.900000,-952.514000,313.400000
1238.900000,-953.405000,312.380000
1226.238000,-947.300000,312.420000
1234.376000,-947.300000,313.256000
1225.900000,-950.765000,311.444000
1225.900000,-976.373000,310.132000
1228.981000,-980.300000,310.468000
1231.269000,-980.300000,311.008000
1227.564000,-968.123000,314.000000
1232.777000,-949.082000,314.000000
1224.200000,-952.564000,313.248000
1224.200000,-972.444000,313.248000
1223.984000,-949.400000,312.272000
1215.680000,-949.400000,310.124000
1212.200000,-953.600000,311.292000
1212.200000,-956.204000,311.000000
1215.572000,-977.400000,310.316000
1221.512000,-977.400000,311.876000
1214.192000,-965.836000,314.000000
1215.944000,-968.776000,314.000000
1179.800000,-966.128000,313.096000
1179.800000,-970.832000,310.120000
1178.351000,-965.300000,312.120000
1178.144000,-965.300000,310.996000
1156.800000,-967.628000,311.140000
1156.800000,-972.560000,311.872000
1164.298000,-977.300000,310.164000
1159.974000,-977.300000,312.748000
1161.492000,-971.816000,314.000000
1158.985000,-969.260000,314.000000
1190.200000,-935.550000,322.512000
1190.200000,-937.770000,314.199000
1183.138000,-934.800000,318.364000
1161.556000,-934.800000,317.922000
1124.200000,-941.940000,314.199000
1124.200000,-963.810000,321.645000
1148.620000,-964.800000,310.051000
1157.200000,-964.800000,325.368000
1140.172000,-949.770000,327.000000
1182.082000,-963.810000,327.000000
1268.300000,-875.060000,312.490000
1268.300000,-869.692000,311.320000
1266.186000,-853.500000,311.270000
1257.156000,-853.500000,312.415000
1254.300000,-859.726000,310.045000
1254.300000,-860.738000,313.510000
1260.096000,-875.500000,313.825000
1266.368000,-875.500000,309.605000
1258.206000,-863.488000,314.000000
1263.540000,-866.810000,314.000000
1257.000000,-849.756000,312.320000
1257.000000,-837.954000,312.362000
1254.648000,-830.100000,311.832000
1255.104000,-830.100000,312.800000
1245.000000,-836.967000,311.342000
1245.000000,-844.611000,311.238000
1250.508000,-851.100000,312.854000
1247.688000,-851.100000,311.676000
1248.804000,-838.710000,313.000000
1250.316000,-835.203000,313.000000
1157.500000,-869.360000,316.000000
1157.500000,-842.960000,316.000000
1154.380000,-842.600000,316.000000
1150.727000,-842.600000,316.000000
1144.500000,-853.730000,316.000000
1144.500000,-844.190000,316.000000
1151.039000,-872.600000,316.000000
1152.118000,-872.600000,316.000000
1149.115000,-853.580000,316.000000
1147.438000,-869.030000,316.000000
1145.100000,-870.405000,316.000000
1145.100000,-867.450000,316.000000
1135.160000,-857.700000,316.000000
1114.195000,-857.700000,316.000000
1110.100000,-863.940000,316.000000
1110.100000,-863.925000,316.000000
1129.245000,-872.700000,316.000000
1143.280000,-872.700000,316.000000
1123.855000,-862.515000,316.000000
1110.380000,-865.485000,316.000000
1259.300000,-797.327000,310.454000
1259.300000,-792.692000,310.667000
1252.740000,-790.100000,310.698000
1254.400000,-790.100000,310.448000
1239.300000,-794.240000,310.942000
1239.300000,-797.102000,310.229000
1251.140000,-799.100000,310.187000
1245.500000,-799.100000,310.010000
1247.920000,-792.593000,310.000000
1255.120000,-791.513000,310.000000
1213.100000,-795.399000,313.000000
1213.100000,-805.586000,313.000000
1208.251000,-749.100000,313.000000
1205.209000,-749.100000,313.000000
1200.100000,-779.844000,313.000000
1200.100000,-757.640000,313.000000
1208.368000,-810.100000,313.000000
1208.849000,-810.100000,313.000000
1206.197000,-763.313000,313.000000
1207.562000,-797.595000,313.000000
1200.200000,-792.054000,320.990000
1200.200000,-782.904000,326.056000
1194.779000,-748.500000,316.842000
1187.603000,-748.500000,329.762000
1187.200000,-781.989000,329.694000
1187.200000,-779.122000,316.485000
1196.040000,-809.500000,325.529000
1187.655000,-809.500000,320.208000
1193.791000,-759.968000,330.000000
1191.841000,-774.913000,330.000000
1142.500000,-798.420000,321.031000
1142.500000,-786.252000,324.895000
1125.443000,-781.000000,319.316000
1130.253000,-781.000000,319.428000
1105.500000,-796.418000,324.608000
1105.500000,-803.464000,320.961000
1132.325000,-807.000000,322.893000
1120.189000,-807.000000,322.494000
1125.665000,-784.744000,325.000000
1110.643000,-782.820000,325.000000
1270.600000,-747.938000,313.580000
1270.600000,-750.707000,312.808000
1245.300000,-739.800000,312.600000
1235.950000,-739.800000,313.684000
1220.600000,-748.081000,315.624000
1220.600000,-742.738000,314.560000
1259.050000,-752.800000,314.644000
1258.550000,-752.800000,315.436000
1249.750000,-741.100000,316.000000
1266.700000,-749.004000,316.000000
1238.100000,-714.464000,323.069000
1238.100000,-709.888000,324.123000
1213.900000,-688.900000,318.904000
1235.680000,-688.900000,327.846000
1194.100000,-718.908000,331.756000
1194.100000,-714.772000,331.569000
1229.872000,-732.900000,327.591000
1199.424000,-732.900000,318.292000
1221.424000,-691.320000,334.000000
1225.120000,-704.124000,334.000000
1172.300000,-713.784000,317.638000
1172.300000,-700.280000,318.272000
1156.856000,-696.600000,317.148000
1161.432000,-696.600000,318.710000
1146.300000,-719.832000,318.660000
1146.300000,-727.000000,317.148000
1168.608000,-728.600000,318.172000
1158.858000,-728.600000,317.586000
1163.434000,-696.952000,319.000000
1158.988000,-728.088000,319.000000
1138.700000,-692.895000,319.843000
1138.700000,-696.795000,321.562000
1120.808000,-685.500000,319.108000
1116.860000,-685.500000,319.219000
1110.700000,-697.050000,321.376000
1110.700000,-690.180000,319.876000
1135.956000,-700.500000,320.644000
1134.360000,-700.500000,320.533000
1130.216000,-700.005000,322.000000
1118.260000,-694.830000,322.000000
1202.900000,-651.356000,323.589000
1202.900000,-650.102000,319.633000
1146.894000,-641.500000,340.954000
1191.256000,-641.500000,324.670000
1120.900000,-659.430000,335.342000
1120.900000,-656.350000,329.707000
1198.472000,-663.500000,329.730000
1137.874000,-663.500000,334.744000
1181.170000,-661.784000,341.000000
1125.246000,-647.220000,341.000000
1148.800000,-617.576000,317.435000
1148.800000,-601.076000,318.016000
1119.720000,-599.800000,322.727000
1128.640000,-599.800000,319.549000
1108.800000,-637.596000,321.012000
1108.800000,-601.428000,321.082000
1148.400000,-643.800000,319.304000
1131.560000,-643.800000,322.615000
1139.720000,-638.432000,323.000000
1142.240000,-639.312000,323.000000
1251.400000,-604.780000,311.837000
1251.400000,-619.516000,315.555000
1175.744000,-587.500000,320.153000
1166.532000,-587.500000,317.964000
1153.400000,-630.844000,317.458000
1153.400000,-606.652000,320.373000
1156.830000,-635.500000,314.774000
1244.736000,-635.500000,311.782000
1232.878000,-627.532000,321.000000
1214.062000,-613.228000,321.000000
1253.000000,-570.615000,310.128000
1253.000000,-570.405000,329.136000
1183.640000,-564.000000,334.320000
1233.620000,-564.000000,336.144000
1168.000000,-583.908000,326.480000
1168.000000,-579.981000,311.152000
1174.715000,-585.000000,318.672000
1192.990000,-585.000000,318.160000
1240.165000,-580.569000,338.000000
1202.170000,-567.633000,338.000000
994.600000,-1071.414000,322.097000
994.600000,-1094.228000,378.980000
948.160000,-1062.200000,372.749000
962.740000,-1062.200000,326.653000
940.600000,-1095.928000,356.334000
940.600000,-1066.382000,341.326000
947.242000,-1096.200000,339.986000
976.024000,-1096.200000,355.999000
988.444000,-1087.530000,383.000000
950.536000,-1089.774000,383.000000
1076.100000,-1010.458000,312.954000
1076.100000,-1029.520000,314.826000
1045.330000,-998.200000,326.562000
1043.732000,-998.200000,318.768000
1042.100000,-1000.144000,322.152000
1042.100000,-1024.390000,322.710000
1047.812000,-1052.200000,317.760000
1042.712000,-1052.200000,326.652000
1073.516000,-1036.054000,330.000000
1074.978000,-1022.446000,330.000000
1024.800000,-1005.182000,318.135000
1024.800000,-1007.072000,321.366000
931.798000,-995.300000,324.939000
993.930000,-995.300000,323.337000
926.800000,-999.674000,322.734000
926.800000,-1041.038000,325.308000
947.576000,-1049.300000,320.538000
964.040000,-1049.300000,318.279000
1021.076000,-1030.724000,327.000000
1000.300000,-999.998000,327.000000
956.494000,-1029.590000,327.000000
995.200000,-937.496000,388.367000
995.200000,-967.652000,361.032000
932.641000,-931.700000,371.043000
952.549000,-931.700000,376.581000
932.200000,-936.950000,353.648000
932.200000,-940.478000,321.130000
948.328000,-973.700000,336.324000
978.946000,-973.700000,336.608000
995.200000,-957.404000,390.000000
965.779000,-962.150000,390.000000
1073.100000,-889.424000,328.146000
1073.100000,-907.824000,326.326000
1070.744000,-885.100000,324.730000
1070.682000,-885.100000,315.392000
1011.100000,-892.874000,321.314000
1011.100000,-911.412000,318.458000
1029.762000,-931.100000,317.884000
1017.548000,-931.100000,321.524000
1013.456000,-911.228000,329.000000
1030.630000,-901.798000,329.000000
1021.800000,-826.850000,325.406000
1021.800000,-830.540000,320.156000
1019.094000,-824.600000,323.942000
1008.567000,-824.600000,321.470000
988.800000,-834.230000,322.478000
988.800000,-866.630000,322.784000
1000.185000,-869.600000,321.008000
1004.178000,-869.600000,324.098000
991.308000,-848.135000,326.000000
992.034000,-824.645000,326.000000
1078.200000,-751.670000,358.561000
1078.200000,-792.980000,329.421000
1074.420000,-751.400000,347.093000
1055.310000,-751.400000,339.714000
1048.200000,-765.332000,335.625000
1048.200000,-767.384000,350.007000
1059.870000,-805.400000,324.110000
1073.070000,-805.400000,360.300000
1051.620000,-777.266000,365.000000
1074.630000,-785.906000,365.000000
1028.200000,-804.228000,338.172000
1028.200000,-777.684000,330.142000
1020.676000,-758.100000,332.782000
1022.700000,-758.100000,334.960000
984.200000,-772.596000,327.414000
984.200000,-789.684000,339.756000
1003.296000,-806.100000,322.024000
992.604000,-806.100000,322.574000
990.888000,-778.980000,342.000000
1013.416000,-771.348000,342.000000
986.200000,-798.220000,340.548000
986.200000,-745.900000,338.238000
974.160000,-743.200000,335.403000
958.928000,-743.200000,342.837000
930.200000,-764.020000,330.279000
930.200000,-744.400000,326.436000
956.968000,-803.200000,325.134000
961.168000,-803.200000,331.035000
940.840000,-766.600000,345.000000
955.176000,-798.040000,345.000000
1023.800000,-733.464000,340.000000
1023.800000,-721.746000,342.900000
999.972000,-679.400000,335.100000
945.692000,-679.400000,327.280000
931.800000,-703.642000,330.220000
931.800000,-703.084000,331.660000
979.824000,-741.400000,325.320000
1015.980000,-741.400000,336.040000
952.776000,-700.852000,345.000000
952.868000,-713.624000,345.000000
1000.984000,-681.508000,345.000000
1083.800000,-654.280000,323.984000
1083.800000,-623.860000,319.784000
1070.120000,-604.600000,322.269000
1074.260000,-604.600000,321.317000
1038.800000,-630.700000,320.561000
1038.800000,-649.240000,322.850000
1064.315000,-664.600000,325.846000
1051.265000,-664.600000,324.383000
1050.770000,-622.720000,326.000000
1039.340000,-616.000000,326.000000
987.100000,-652.656000,325.348000
987.100000,-662.981000,324.658000
980.836000,-606.400000,324.858000
976.768000,-606.400000,325.096000
969.100000,-634.661000,324.370000
969.100000,-612.654000,325.534000
980.098000,-665.400000,325.882000
980.602000,-665.400000,325.972000
974.572000,-621.563000,326.000000
983.410000,-655.252000,326.000000
965.000000,-653.543000,336.812000
965.000000,-648.289000,335.299000
958.728000,-626.200000,332.647000
950.024000,-626.200000,339.022000
949.000000,-645.588000,328.499000
949.000000,-643.553000,342.745000
959.480000,-663.200000,341.351000
949.016000,-663.200000,329.468000
954.472000,-634.081000,343.000000
958.232000,-643.442000,343.000000
1066.900000,-579.530000,332.764000
1066.900000,-554.690000,335.752000
1007.468000,-542.000000,328.354000
1026.372000,-542.000000,339.694000
930.900000,-572.672000,323.962000
930.900000,-586.874000,325.636000
1026.100000,-596.000000,337.570000
980.268000,-596.000000,329.578000
982.580000,-551.126000,340.000000
979.860000,-547.616000,340.000000
1029.228000,-586.982000,340.000000
813.700000,-1086.091000,325.160000
813.700000,-1095.193000,329.791000
797.346000,-1059.400000,322.476000
791.260000,-1059.400000,321.200000
779.700000,-1084.492000,319.781000
779.700000,-1067.313000,323.609000
804.996000,-1100.400000,328.097000
804.384000,-1100.400000,326.018000
793.912000,-1064.484000,330.000000
784.562000,-1089.822000,330.000000
892.700000,-1051.118000,332.352000
892.700000,-1041.333000,327.168000
854.375000,-988.700000,328.448000
891.094000,-988.700000,330.672000
819.700000,-1056.371000,324.528000
819.700000,-1045.865000,334.176000
877.224000,-1091.700000,336.624000
826.124000,-1091.700000,337.680000
852.988000,-996.940000,340.000000
887.298000,-1027.840000,340.000000
871.384000,-1012.596000,340.000000
809.800000,-1029.520000,330.292000
809.800000,-1004.680000,329.408000
793.270000,-995.800000,327.120000
798.664000,-995.800000,332.255000
780.800000,-1037.860000,336.935000
780.800000,-1050.820000,335.102000
804.957000,-1055.800000,333.763000
793.850000,-1055.800000,324.949000
795.126000,-997.960000,337.000000
801.332000,-996.820000,337.000000
773.400000,-1085.150000,329.136000
773.400000,-1091.850000,332.128000
741.472000,-1072.200000,325.232000
734.608000,-1072.200000,335.632000
721.400000,-1090.825000,337.312000
721.400000,-1079.175000,323.136000
767.004000,-1097.200000,333.408000
763.624000,-1097.200000,326.640000
749.012000,-1096.975000,338.000000
746.932000,-1088.575000,338.000000
772.800000,-1026.688000,369.064000
772.800000,-1023.944000,416.800000
772.800000,-1030.832000,335.368000
756.350000,-1000.200000,342.712000
770.075000,-1000.200000,332.452000
747.800000,-1044.440000,424.252000
747.800000,-1036.096000,356.104000
747.800000,-1045.560000,374.140000
770.825000,-1056.200000,397.900000
752.150000,-1056.200000,379.756000
762.025000,-1053.232000,433.000000
754.650000,-1016.608000,433.000000
840.300000,-943.637000,351.860000
840.300000,-924.186000,328.226000
800.932000,-920.900000,332.828000
813.924000,-920.900000,345.308000
784.300000,-965.102000,391.718000
784.300000,-921.059000,362.390000
838.396000,-973.900000,372.686000
814.316000,-973.900000,379.472000
818.292000,-968.759000,401.000000
787.492000,-970.243000,401.000000
844.200000,-849.610000,336.972000
844.200000,-870.400000,335.985000
797.886000,-824.200000,331.848000
792.554000,-824.200000,340.584000
782.200000,-882.148000,347.703000
782.200000,-848.356000,345.183000
782.820000,-890.200000,342.579000
837.876000,-890.200000,349.782000
822.190000,-880.894000,351.000000
834.280000,-861.754000,351.000000
769.300000,-841.360000,348.522000
769.300000,-841.262000,361.626000
755.062000,-824.700000,333.150000
765.790000,-824.700000,375.423000
751.300000,-869.927000,380.778000
751.300000,-860.372000,389.220000
752.272000,-873.700000,365.343000
755.980000,-873.700000,340.017000
763.594000,-864.586000,393.000000
762.496000,-834.843000,393.000000
753.368625,-844.103818,346.128000
740.582077,-871.153968,375.297000
746.841525,-826.612708,330.756000
750.877350,-828.520434,389.094000
726.285990,-863.958225,378.384000
742.776875,-829.071488,339.891000
727.097533,-865.947888,362.949000
734.677361,-869.530856,353.688000
740.419824,-861.051638,393.000000
734.438502,-861.874389,393.000000
869.700000,-748.244000,328.924000
869.700000,-756.208000,341.848000
825.700000,-742.700000,342.532000
823.750000,-742.700000,327.790000
819.700000,-742.942000,338.140000
819.700000,-752.644000,331.732000
826.850000,-764.700000,333.730000
868.950000,-764.700000,335.674000
857.650000,-758.672000,343.000000
829.100000,-753.326000,343.000000
907.900000,-748.520000,328.258000
907.900000,-751.160000,327.772000
875.560000,-736.100000,341.848000
898.065000,-736.100000,331.714000
872.900000,-739.460000,337.456000
872.900000,-784.940000,335.638000
879.445000,-796.100000,333.046000
885.045000,-796.100000,339.580000
900.795000,-776.960000,343.000000
906.885000,-743.300000,343.000000
837.879339,-780.586744,361.028000
824.515138,-806.368903,405.716000
823.465882,-808.393122,459.812000
802.206604,-754.751885,509.008000
815.190904,-761.482307,448.640000
811.595251,-759.618498,397.092000
799.087350,-757.640459,461.184000
797.688343,-760.339417,491.564000
793.344057,-768.720395,334.176000
791.788951,-794.406298,413.164000
810.845908,-804.284487,338.488000
786.115810,-791.465622,467.260000
822.561922,-794.002740,529.000000
817.058516,-796.601629,529.000000
909.000000,-634.427000,329.520000
909.000000,-647.891000,341.112000
908.181000,-630.500000,347.640000
908.622000,-630.500000,346.368000
846.000000,-635.252000,341.784000
846.000000,-648.254000,327.624000
863.388000,-663.500000,335.904000
850.473000,-663.500000,332.880000
900.999000,-650.069000,351.000000
879.768000,-643.568000,351.000000
840.600000,-643.502000,335.891000
840.600000,-645.595000,389.765000
837.636000,-641.800000,391.006000
821.464000,-641.800000,332.752000
788.600000,-646.147000,373.194000
788.600000,-662.500000,348.739000
805.240000,-664.800000,355.382000
811.116000,-664.800000,364.726000
835.972000,-654.404000,404.000000
805.188000,-642.582000,404.000000
897.700000,-593.680000,331.235000
897.700000,-621.508000,329.945000
897.700000,-612.256000,361.335000
889.418000,-592.600000,493.560000
837.840000,-592.600000,376.815000
886.794000,-592.600000,507.320000
848.582000,-592.600000,469.265000
847.598000,-592.600000,422.180000
815.700000,-600.988000,441.100000
815.700000,-602.068000,423.900000
815.700000,-621.832000,438.520000
845.630000,-628.600000,388.640000
880.890000,-628.600000,470.985000
855.962000,-628.600000,369.505000
845.712000,-628.600000,477.650000
871.460000,-628.600000,445.185000
906.700000,-583.398000,339.865000
906.700000,-559.963000,328.600000
888.888000,-541.000000,336.190000
895.476000,-541.000000,331.885000
784.700000,-552.911000,332.530000
784.700000,-567.875000,335.170000
834.598000,-584.000000,328.870000
803.854000,-584.000000,338.455000
905.114000,-560.780000,340.000000
892.548000,-554.330000,340.000000
858.754000,-542.290000,340.000000
543.370223,-1153.350860,353.590000
559.277025,-1129.768057,338.710000
555.221741,-1123.888123,346.240000
547.561433,-1118.721181,345.280000
525.776542,-1116.844357,338.920000
513.505053,-1135.037587,351.850000
526.409550,-1144.259248,331.600000
528.353643,-1145.570555,328.420000
524.785786,-1119.877968,355.000000
533.578617,-1147.024974,355.000000
525.727733,-1176.189351,471.485000
528.546065,-1172.011002,433.166000
527.162760,-1146.861919,432.689000
495.800269,-1125.707652,467.987000
510.996528,-1135.957658,384.830000
494.884182,-1125.089744,439.685000
480.154371,-1127.515682,393.734000
480.420546,-1127.121060,343.808000
497.063524,-1160.333831,354.938000
517.756302,-1174.291286,378.629000
518.241289,-1174.618414,441.911000
502.560044,-1164.041280,445.886000
483.470993,-1129.921642,485.000000
500.959091,-1148.978946,485.000000
491.782573,-1105.314516,379.497000
502.640856,-1096.521652,380.351000
507.183480,-1086.381001,364.613000
508.327584,-1087.793853,332.710000
490.094524,-1083.519799,349.668000
483.544738,-1088.823711,346.069000
483.395723,-1101.498008,334.784000
480.020048,-1097.329397,359.428000
493.044716,-1083.470110,387.000000
496.803030,-1083.484028,387.000000
570.819953,-1084.283758,416.451000
562.097266,-1091.347250,336.881000
583.287705,-1074.187571,401.845000
597.740776,-1039.208799,389.855000
590.093274,-1029.764921,360.752000
604.401503,-1047.434112,366.965000
552.312295,-1027.212429,363.150000
570.421350,-1012.548005,384.623000
535.340981,-1040.955527,331.976000
547.127855,-1073.637007,336.554000
547.832694,-1074.507410,408.494000
543.815113,-1069.546111,405.987000
565.412146,-1026.620515,434.000000
533.594127,-1043.450980,434.000000
617.816698,-1035.088898,351.632000
619.274624,-1033.908293,336.432000
615.273903,-1014.952697,343.824000
599.420064,-995.374836,343.440000
591.121851,-996.228259,335.984000
591.818174,-995.664388,350.448000
604.305126,-1023.653605,328.176000
614.302510,-1035.999345,357.456000
599.167280,-1000.357274,358.000000
614.725141,-1025.375896,358.000000
632.490041,-1004.553180,334.393000
648.297190,-991.752803,331.973000
649.113331,-973.597123,331.709000
652.166164,-977.367058,334.382000
617.912436,-973.894827,329.014000
609.029658,-981.087959,336.791000
615.948541,-1004.147727,326.330000
608.783728,-995.299920,328.200000
634.561774,-969.499555,337.000000
644.176853,-977.297363,337.000000
655.723883,-960.293313,355.275000
649.261138,-965.526742,356.640000
670.303979,-939.685149,345.759000
668.689772,-937.691770,365.181000
648.718099,-946.665092,336.204000
660.692364,-936.968524,334.722000
643.978690,-964.380692,365.688000
643.723815,-964.065947,343.263000
663.378945,-939.656925,366.000000
646.922441,-955.144894,366.000000
432.742493,-1098.502597,328.687000
435.582184,-1096.203060,328.978000
437.920065,-1062.784272,328.443000
422.840919,-1044.163077,328.197000
401.873153,-1060.448876,328.199000
405.463568,-1057.541416,328.416000
413.389987,-1099.230808,328.954000
391.526767,-1072.231980,328.635000
428.017145,-1057.562743,329.000000
413.554337,-1060.258170,329.000000
451.917591,-1048.754925,370.185000
461.989402,-1040.598933,340.675000
457.598031,-1025.921613,354.325000
460.772323,-1029.841537,354.910000
433.341949,-1030.341435,338.465000
428.169265,-1034.530191,369.145000
438.505262,-1053.192511,387.540000
432.107591,-1045.292045,383.380000
454.003026,-1024.583910,393.000000
464.085473,-1036.526211,393.000000
521.225340,-1025.856554,365.104000
514.527897,-1031.280037,352.368000
525.757544,-1004.754716,349.488000
523.962722,-1002.538296,366.384000
502.438589,-1011.474295,333.872000
513.882063,-1002.207553,380.400000
508.049215,-1032.146240,382.192000
506.992587,-1030.841412,330.416000
524.720733,-1004.262513,390.000000
513.515268,-1023.576552,390.000000
505.391585,-1000.693126,356.077000
506.506789,-999.790051,358.821000
509.774963,-978.409604,344.121000
517.851661,-988.383495,369.552000
483.654787,-988.699768,332.165000
487.925204,-985.241653,331.283000
490.231796,-1009.891352,369.160000
479.303647,-996.396213,342.014000
483.872009,-1000.480435,377.000000
502.760447,-987.878067,377.000000
549.785368,-1003.659223,346.224000
556.760253,-998.011072,356.798000
535.565297,-968.063568,337.894000
543.755272,-978.177346,330.244000
508.904897,-967.278559,329.598000
505.776884,-969.811574,337.690000
537.172311,-1009.773459,355.268000
522.287625,-991.392403,345.102000
521.613507,-987.699707,362.000000
515.340814,-981.383691,362.000000
599.264978,-961.056512,330.490000
583.952871,-973.456012,328.320000
603.252842,-926.239830,329.265000
601.583884,-924.178839,329.415000
556.819863,-951.678063,328.045000
581.565745,-931.639243,330.510000
570.974541,-983.309409,331.820000
568.406914,-980.138653,331.605000
565.715601,-965.474353,333.000000
570.049965,-943.589528,333.000000
578.949020,-930.723287,355.220000
578.664585,-930.953619,345.017000
588.057165,-906.591474,341.255000
594.519027,-914.571209,357.500000
542.983227,-937.972900,384.347000
552.654031,-930.141637,369.983000
538.458080,-942.271664,370.382000
540.576372,-944.887538,382.466000
551.321971,-942.551523,386.000000
583.195102,-923.850517,386.000000
655.471602,-909.602773,335.596000
668.564957,-898.999983,336.964000
645.975602,-870.332192,331.186000
654.103275,-880.369032,340.906000
601.091371,-895.734835,344.794000
638.231177,-865.659613,344.848000
600.752987,-900.293762,340.402000
615.337487,-918.304120,330.790000
623.005952,-910.183482,346.000000
621.505143,-915.452105,346.000000
702.378284,-849.083132,379.072000
688.001084,-860.725559,423.228000
676.499324,-870.039501,433.469000
694.309343,-817.110952,346.487000
693.626531,-816.267748,452.355000
652.763389,-844.223897,447.035000
674.834334,-826.351198,348.349000
674.989763,-826.225334,348.083000
654.857337,-847.842568,414.583000
673.205173,-870.500259,377.476000
675.056140,-852.923315,461.000000
680.073898,-840.528246,461.000000
735.202703,-807.075024,352.874000
734.172985,-807.908873,393.377000
724.434656,-784.561302,335.969000
735.496220,-798.221196,339.488000
722.116211,-782.929748,388.133000
707.544724,-794.729505,354.599000
706.042498,-801.574271,371.297000
708.625228,-804.763678,369.710000
719.740596,-806.810748,398.000000
722.971893,-788.872650,398.000000
763.900000,-679.072000,349.092000
763.900000,-693.037000,341.350000
744.076000,-675.500000,337.136000
751.090000,-675.500000,352.081000
742.900000,-676.925000,374.131000
742.900000,-678.217000,362.812000
747.247000,-694.500000,362.175000
757.096000,-694.500000,373.543000
756.970000,-688.078000,383.000000
763.354000,-690.548000,383.000000
745.316324,-705.729061,340.800000
739.173762,-710.703209,344.680000
719.463011,-669.455331,331.040000
719.916122,-670.014876,353.440000
717.366051,-670.458566,361.240000
711.666462,-675.074001,362.200000
711.465578,-689.770623,351.480000
705.433542,-682.321679,330.960000
730.062843,-701.173065,370.000000
734.226460,-700.638740,370.000000
766.000000,-585.922000,343.352000
766.000000,-593.644000,356.024000
763.664000,-578.200000,370.568000
741.618000,-578.200000,363.908000
693.000000,-590.992000,361.748000
693.000000,-645.826000,335.792000
714.535000,-656.200000,352.964000
722.200000,-656.200000,343.676000
747.458000,-622.894000,371.000000
732.420000,-583.426000,371.000000
726.653000,-580.306000,371.000000
765.700000,-539.800000,337.880000
765.700000,-571.040000,350.040000
761.080000,-537.600000,353.000000
723.880000,-537.600000,334.420000
705.700000,-545.920000,348.100000
705.700000,-546.760000,338.800000
726.100000,-577.600000,343.220000
751.420000,-577.600000,343.180000
752.680000,-558.760000,354.000000
725.020000,-565.800000,354.000000
708.600000,-536.862000,359.540000
708.600000,-556.308000,330.085000
708.600000,-542.364000,505.740000
703.518000,-536.400000,522.080000
706.122000,-536.400000,377.170000
686.046000,-536.400000,436.725000
666.600000,-546.984000,469.405000
666.600000,-561.222000,424.255000
666.600000,-545.472000,367.925000
682.728000,-578.400000,416.945000
671.808000,-578.400000,471.340000
704.190000,-578.400000,513.910000
416.453849,-1027.337975,333.720000
436.364329,-1011.214787,338.440000
433.887484,-1002.817045,363.960000
425.993289,-993.068526,347.200000
401.214469,-976.627363,354.160000
385.896922,-989.031268,355.960000
398.022568,-1006.198035,344.400000
399.811097,-1008.406684,364.720000
424.369238,-1012.037998,369.000000
412.650423,-1023.356192,369.000000
463.541052,-981.847002,334.560000
467.818463,-978.383223,365.146000
478.937001,-953.977096,396.552000
458.382768,-928.594732,383.104000
442.118488,-925.849358,376.462000
442.740204,-925.345902,401.062000
442.697141,-960.073099,356.454000
456.148864,-976.684594,337.020000
472.927233,-966.691658,410.000000
459.274614,-961.171294,410.000000
490.520175,-955.565142,328.210000
501.944220,-946.314133,331.355000
502.997830,-929.119089,331.990000
506.427626,-933.354535,332.450000
470.548144,-907.400196,330.770000
463.717031,-912.931922,328.545000
472.477733,-939.100380,329.545000
462.849131,-927.210047,329.640000
500.761561,-943.089863,333.000000
487.786491,-922.585961,333.000000
532.952235,-923.688200,329.084000
570.581643,-893.216507,347.648000
560.541742,-878.339397,344.960000
552.650064,-868.593987,331.247000
513.984401,-861.842476,339.836000
532.169617,-847.116378,335.846000
508.588934,-909.523966,334.691000
509.042044,-910.083511,340.445000
556.459463,-902.567872,350.000000
501.213206,-890.404901,350.000000
592.464095,-877.969605,343.490000
598.339318,-873.211943,330.575000
622.778478,-840.180746,339.830000
612.847802,-827.917382,333.860000
588.272542,-842.761071,336.170000
591.629812,-840.042407,337.145000
575.186860,-876.750936,332.495000
581.398252,-884.421367,340.430000
598.318885,-835.050333,344.000000
585.926787,-845.394079,344.000000
566.227783,-855.982694,333.503000
576.579367,-847.600147,329.254000
576.290586,-832.894719,331.788000
579.235805,-836.531762,330.787000
552.640535,-828.382644,330.080000
546.905198,-833.027028,332.320000
553.674752,-852.636963,328.365000
547.010249,-844.406987,333.853000
560.536636,-823.880044,334.000000
575.895388,-840.510671,334.000000
580.216848,-822.279099,358.185000
574.273236,-827.092142,345.900000
594.098836,-803.827974,349.610000
592.765306,-802.181201,353.565000
575.442691,-809.417261,341.070000
586.310300,-800.616845,361.230000
570.252811,-825.229088,332.495000
569.966470,-824.875487,333.895000
585.828365,-802.462433,362.000000
574.135848,-820.261328,362.000000
623.877396,-796.018505,353.296000
625.657837,-794.576732,350.224000
632.670690,-776.647884,345.456000
626.629214,-769.187283,357.232000
612.395312,-779.581322,337.648000
615.077243,-777.409537,332.240000
612.839535,-798.239903,329.808000
603.802494,-787.080087,339.248000
624.718873,-772.818797,358.000000
620.643018,-782.347276,358.000000
671.126121,-805.381266,338.410000
680.073403,-798.135900,340.636000
665.938605,-770.773365,334.980000
673.311722,-779.878407,329.702000
633.746586,-761.018561,331.564000
629.239140,-764.668619,332.768000
654.461048,-802.681219,328.134000
639.860815,-784.651433,335.834000
652.429718,-758.054284,341.000000
652.000285,-757.431816,341.000000
710.208883,-765.558517,355.087000
696.873058,-776.357655,336.921000
718.900554,-722.233521,347.492000
715.250495,-717.726075,343.710000
672.727754,-731.572159,339.928000
695.249444,-713.334454,350.499000
684.575010,-775.185948,332.364000
681.994796,-771.999650,357.288000
709.594260,-714.650184,362.000000
700.873202,-768.807758,362.000000
427.519078,-924.469179,342.302000
428.339744,-923.804617,336.362000
417.169961,-884.264261,337.892000
439.293090,-911.584050,340.304000
382.936072,-880.792693,333.500000
387.167632,-877.366043,344.228000
410.291737,-928.207881,329.108000
380.482089,-891.396031,330.170000
385.670367,-897.645708,347.000000
420.618273,-907.400079,347.000000
457.049311,-898.289312,341.319000
465.209343,-891.681448,339.894000
449.724319,-866.409544,336.664000
456.775854,-875.117465,344.055000
421.619008,-869.076026,332.028000
418.051908,-871.964606,329.216000
442.523688,-905.187978,346.392000
429.893228,-889.590659,333.377000
425.523356,-881.953804,347.000000
430.732801,-890.532104,347.000000
508.561284,-858.530800,338.608000
493.080537,-871.066862,341.488000
514.323167,-824.268162,334.704000
512.890204,-822.498601,328.992000
469.375352,-847.799876,330.784000
494.088594,-827.787488,332.496000
481.338705,-878.876687,342.880000
478.680455,-875.594023,336.000000
472.233466,-858.861287,344.000000
484.257019,-847.681061,344.000000
477.527745,-831.549066,347.375000
477.059903,-831.927917,329.860000
479.368649,-807.174599,339.811000
488.627211,-818.607971,336.649000
446.283511,-825.967918,332.216000
453.367974,-820.231034,343.438000
442.115036,-829.497894,355.652000
444.969633,-833.023028,350.227000
451.915869,-832.308352,359.000000
467.300513,-810.925148,359.000000
546.895256,-823.177599,344.023000
553.274070,-818.012138,335.062000
545.251729,-806.303427,336.947000
548.593420,-810.430072,341.384000
523.586230,-818.891205,329.842000
542.344979,-803.700669,347.735000
522.399707,-820.986954,351.766000
528.142884,-828.079188,354.086000
530.050732,-822.712568,356.000000
533.306746,-830.637622,356.000000
535.038008,-800.354439,330.294000
526.201858,-807.509811,329.970000
524.296215,-772.740616,328.830000
523.804086,-772.132888,331.284000
498.230310,-786.410899,327.360000
511.682707,-775.517363,332.598000
499.334275,-789.585660,331.896000
516.986712,-811.384604,327.912000
511.747970,-794.189440,333.000000
521.317795,-795.233663,333.000000
575.945006,-797.226633,332.643000
574.522829,-798.378290,335.256000
548.935240,-751.621039,329.471000
573.818568,-782.349390,338.103000
544.037691,-745.859093,326.286000
526.738422,-759.867765,327.950000
526.073972,-771.060196,336.114000
531.435781,-777.681479,330.797000
544.730565,-781.275813,339.000000
555.374589,-768.487351,339.000000
591.050388,-743.282803,328.838000
574.882643,-756.375184,331.574000
587.588450,-729.530776,327.374000
590.601636,-733.251751,326.888000
585.786796,-729.530541,331.904000
584.481191,-730.587800,328.202000
566.718222,-748.250632,330.440000
570.771045,-753.255452,329.516000
576.366106,-746.238642,332.000000
570.640774,-745.308402,332.000000
628.009500,-733.866304,329.350000
618.077575,-741.909019,326.460000
612.533179,-706.746000,326.910000
613.016497,-707.342848,328.650000
609.573197,-707.619422,334.460000
600.783676,-714.737035,330.840000
593.024929,-730.325790,332.020000
588.574376,-724.829814,333.030000
607.735165,-731.425389,335.000000
620.688717,-738.888679,335.000000
606.544523,-710.194502,337.101000
601.424685,-714.340465,336.012000
612.356776,-705.352722,329.049000
609.581473,-701.925509,343.239000
596.393628,-699.113141,353.997000
563.446525,-725.793179,350.466000
558.125893,-735.313118,345.912000
559.041554,-736.443866,324.693000
580.109406,-723.494652,357.000000
605.369305,-706.513840,357.000000
690.978350,-698.344078,332.180000
654.141632,-728.173865,336.620000
692.712446,-692.858233,327.300000
669.257046,-663.893226,341.000000
647.787044,-654.827374,342.420000
647.180870,-655.318244,325.380000
621.783741,-700.609520,337.520000
637.676598,-720.235564,329.760000
654.211895,-698.132895,345.000000
642.753063,-701.525149,345.000000
344.840906,-1012.788823,328.852000
328.334325,-1026.155588,334.576000
337.908918,-1001.725832,325.924000
343.940954,-1009.174776,325.204000
253.133140,-913.339766,334.996000
241.592523,-922.685174,327.832000
256.635102,-972.866735,332.056000
233.866290,-944.749595,330.460000
299.038743,-990.121569,337.000000
275.653738,-951.733234,337.000000
256.743047,-960.272020,337.000000
337.574420,-999.853063,335.940000
384.254469,-962.052304,326.525000
390.052565,-952.853440,327.365000
386.150779,-948.035135,334.190000
361.513934,-948.298237,353.825000
325.759003,-977.252010,341.855000
327.685216,-988.656295,345.250000
328.471867,-989.627727,349.520000
361.783412,-970.405297,361.000000
377.464592,-938.888069,361.000000
328.368532,-971.722136,335.412000
335.250937,-966.148875,335.126000
355.187128,-923.581258,330.022000
315.719300,-874.842549,339.944000
284.994441,-864.015472,346.654000
286.421281,-862.860039,344.762000
287.584622,-925.905964,341.264000
313.221247,-957.564559,349.580000
331.721563,-930.728382,352.000000
333.204175,-952.380637,352.000000
307.939675,-884.284632,352.000000
364.846614,-880.549713,354.456000
380.172710,-868.138886,386.400000
389.221797,-860.811079,395.376000
383.210792,-844.462604,454.116000
388.512187,-851.009282,415.308000
369.073738,-827.004797,353.004000
336.773421,-810.636248,421.908000
327.724333,-817.964055,444.216000
341.266102,-806.998147,442.632000
338.706019,-854.653432,389.568000
324.433033,-837.027762,341.124000
357.147624,-877.426917,400.392000
371.184998,-854.108253,459.000000
369.575353,-846.517636,459.000000
393.133064,-848.473280,330.740000
411.761253,-833.388470,341.674000
402.828533,-819.544922,347.350000
395.238929,-810.172542,346.492000
365.935254,-793.292058,341.982000
375.214377,-785.777973,329.310000
372.302143,-829.518441,336.614000
372.415420,-829.658327,334.128000
398.146656,-829.589883,349.000000
370.997799,-824.475437,349.000000
452.876308,-796.961184,328.848000
455.331312,-794.973161,339.376000
458.149113,-768.549168,339.418000
438.915823,-744.798033,328.442000
423.405178,-744.907620,336.002000
425.083814,-743.548288,331.508000
433.416052,-780.909806,332.586000
445.334751,-795.628173,334.574000
458.195330,-780.962428,341.000000
429.861351,-757.900030,341.000000
487.965238,-768.164812,326.000000
497.768935,-760.225935,326.000000
492.105697,-737.795131,326.000000
498.091792,-745.187343,326.000000
457.684932,-718.053265,326.000000
452.343608,-722.378584,326.000000
469.093956,-755.459454,326.000000
455.917246,-739.187572,326.000000
495.608293,-753.318270,326.000000
465.060243,-713.797394,326.000000
569.124948,-694.497786,325.896000
563.535714,-699.023858,330.104000
578.565832,-672.747251,337.976000
575.949117,-669.515878,333.608000
556.347760,-670.102041,334.072000
566.376829,-661.980661,337.112000
557.302973,-692.571263,330.168000
556.572332,-691.668996,340.616000
579.654184,-683.261463,341.000000
563.197257,-692.523146,341.000000
547.907169,-714.346222,325.090000
549.507312,-713.050451,327.680000
551.902084,-687.898060,328.870000
540.045688,-673.256631,328.775000
524.965539,-681.453605,327.645000
527.827768,-679.135818,329.870000
533.518366,-711.277515,326.425000
540.415718,-719.795035,325.965000
558.754841,-703.503135,330.000000
542.088490,-697.852298,330.000000
527.427076,-677.747348,340.680000
540.426396,-667.220706,337.048000
544.352691,-655.124012,336.776000
546.211703,-657.419701,340.552000
518.950763,-666.596697,332.856000
512.601481,-671.738245,328.056000
513.164467,-684.937440,328.952000
509.569789,-680.498382,331.560000
545.020360,-663.464559,341.000000
539.262264,-656.832197,341.000000
585.429112,-645.059931,347.492000
578.793811,-650.413944,348.246000
588.974299,-622.114343,341.148000
587.007519,-619.676885,327.940000
565.435228,-623.929543,334.778000
576.539201,-614.969766,333.608000
572.615175,-648.021318,328.434000
570.976191,-645.990103,339.302000
579.745097,-613.724417,349.000000
566.343911,-628.934895,349.000000
285.209111,-838.773275,358.640000
285.562985,-838.525490,333.580000
283.575136,-819.242358,350.100000
293.139523,-832.901718,341.245000
266.113023,-816.742036,341.525000
268.663863,-814.955919,348.910000
275.999531,-839.805315,332.985000
263.141668,-821.442384,356.575000
277.545387,-811.321389,362.000000
286.429987,-835.652650,362.000000
261.353619,-859.066020,332.124000
271.256743,-851.188719,325.670000
238.808473,-800.766964,328.708000
254.007168,-819.874342,328.736000
194.801864,-790.614703,325.278000
190.632128,-793.931461,331.802000
240.545055,-862.386501,321.862000
213.636860,-828.558263,320.868000
195.082720,-803.865476,334.000000
258.432016,-827.279666,334.000000
324.718098,-799.941518,326.000000
316.202041,-806.764166,326.000000
313.072091,-761.913246,326.000000
310.974402,-759.294902,326.000000
281.713800,-763.920524,326.000000
295.149690,-753.156347,326.000000
308.972044,-807.975680,326.000000
304.295229,-802.138061,326.000000
283.616047,-772.897153,326.000000
302.348209,-782.767160,326.000000
292.422068,-707.939847,327.160000
291.845517,-708.468159,327.360000
296.527875,-691.535107,326.184000
301.990697,-697.496732,324.232000
272.785198,-708.301281,325.208000
278.300033,-703.247866,325.108000
277.581968,-721.185644,324.228000
270.388959,-713.335852,325.984000
273.399793,-711.035375,328.000000
288.849739,-698.606087,328.000000
351.085018,-708.130515,330.264000
355.217457,-704.343832,325.399000
351.140844,-697.757599,328.556000
353.194638,-699.998922,326.932000
337.030807,-707.445409,326.848000
335.657997,-708.703358,328.465000
335.680056,-709.008667,325.133000
339.051251,-712.687681,329.998000
339.223282,-708.488145,332.000000
336.755023,-708.606868,332.000000
340.202005,-693.946969,327.570000
334.780804,-698.914584,325.370000
340.961750,-685.607806,326.350000
340.895542,-685.535553,326.465000
326.913821,-696.628955,325.130000
335.108658,-689.119770,327.560000
326.352881,-697.788580,328.905000
330.216581,-702.005069,328.655000
330.076715,-696.227721,329.000000
335.906518,-696.458899,329.000000
370.661367,-686.884707,326.704000
369.445655,-687.904811,325.964000
359.785217,-663.832591,325.728000
372.255939,-678.694620,326.840000
339.704830,-675.003515,324.752000
344.409109,-671.056156,327.716000
341.476484,-677.794741,327.772000
343.974356,-680.771589,324.592000
349.280003,-678.363891,328.000000
364.912558,-677.815081,328.000000
406.347926,-668.288904,328.556000
396.799867,-692.778408,328.832000
392.715170,-654.032984,327.576000
399.237008,-656.575742,329.708000
390.422139,-654.078121,326.600000
389.773736,-655.741190,326.584000
380.951702,-687.012693,329.620000
389.374190,-690.296484,327.460000
388.017344,-678.910871,330.000000
387.583221,-684.263829,330.000000
437.395127,-641.447136,337.419000
427.585310,-654.704344,343.594000
419.891043,-619.371281,332.764000
420.637022,-619.923276,328.755000
416.863480,-620.440048,328.128000
408.522875,-631.711729,332.916000
400.528124,-652.315572,342.473000
418.478248,-665.597965,337.077000
412.157897,-645.179543,345.000000
411.850235,-636.868356,345.000000
401.691408,-604.073900,350.587000
401.957992,-604.297590,330.007000
365.964814,-645.955789,338.582000
391.702030,-615.283369,340.738000
365.614867,-646.904896,326.626000
367.193685,-648.229682,351.469000
376.506056,-638.060398,363.621000
379.637717,-634.328229,362.200000
381.723001,-630.083560,372.000000
400.973010,-604.860046,372.000000
577.724816,-579.083740,334.600000
544.714429,-606.782744,330.640000
581.755894,-575.066837,328.720000
574.779077,-566.752191,335.896000
563.962220,-567.134598,322.864000
563.755388,-567.308151,341.152000
532.487063,-600.359617,341.008000
537.184555,-605.957870,322.408000
551.788256,-587.994058,346.000000
547.402866,-598.981508,346.000000
562.900000,-534.560000,333.688000
562.900000,-544.661000,335.848000
560.060000,-533.300000,327.808000
523.220000,-533.300000,341.104000
522.900000,-537.563000,345.952000
522.900000,-544.325000,322.360000
536.260000,-554.300000,340.096000
525.220000,-554.300000,327.616000
542.540000,-544.514000,346.000000
544.780000,-541.910000,346.000000
519.154426,-641.252778,338.021000
514.784142,-644.919881,348.055000
517.570200,-638.493566,330.916000
513.439647,-633.570964,325.406000
495.605691,-625.766516,352.840000
478.446295,-640.164958,331.757000
481.994235,-650.546116,345.764000
482.705801,-651.394127,338.108000
498.271418,-642.174837,354.000000
506.695240,-628.092458,354.000000
473.371800,-617.648927,321.000000
477.674338,-614.287415,321.000000
496.535210,-592.039099,321.000000
483.869822,-575.828142,321.000000
469.374561,-573.818237,321.000000
470.532937,-572.913215,321.000000
459.455792,-601.429033,321.000000
467.633624,-611.896180,321.000000
478.015565,-593.689878,321.000000
461.059194,-585.573726,321.000000
470.500000,-569.689000,321.000000
470.500000,-566.378000,321.000000
468.460000,-563.200000,321.000000
469.720000,-563.200000,321.000000
460.500000,-565.552000,321.000000
460.500000,-567.477000,321.000000
465.170000,-570.200000,321.000000
461.940000,-570.200000,321.000000
466.550000,-566.007000,321.000000
469.450000,-565.461000,321.000000
449.081178,-586.782643,321.000000
454.529825,-573.628446,321.000000
452.863089,-571.145620,321.000000
451.089240,-570.410867,321.000000
443.307199,-574.591003,321.000000
439.222436,-584.452493,321.000000
443.766715,-586.860838,321.000000
443.711282,-586.837877,321.000000
449.406175,-576.669171,321.000000
445.568998,-586.847529,321.000000
427.130054,-595.146477,322.188000
428.264533,-592.079580,323.656000
432.839608,-570.421638,321.212000
427.578051,-568.475329,324.532000
421.132624,-579.653467,324.232000
422.058942,-577.149304,321.408000
420.873705,-597.982046,323.256000
424.092540,-599.172730,322.280000
429.303329,-579.125376,325.000000
424.067247,-586.336695,325.000000
479.100000,-554.440000,321.000000
479.100000,-550.180000,321.000000
464.946000,-546.500000,321.000000
472.170000,-546.500000,321.000000
437.100000,-551.190000,321.000000
437.100000,-553.480000,321.000000
462.300000,-556.500000,321.000000
446.760000,-556.500000,321.000000
467.256000,-549.180000,321.000000
447.306000,-548.870000,321.000000
406.642472,-577.821815,321.000000
417.161883,-549.983000,321.000000
413.682675,-548.411754,321.000000
412.316927,-547.895681,321.000000
400.638973,-565.419057,321.000000
407.043937,-548.468811,321.000000
399.786897,-585.921419,321.000000
399.300466,-585.737612,321.000000
411.797099,-557.277593,321.000000
395.763873,-579.056190,321.000000
395.428798,-561.581714,321.000000
395.971036,-559.997967,321.000000
397.572988,-542.167547,321.000000
393.192613,-540.667809,321.000000
387.271064,-554.536438,321.000000
388.451743,-551.087957,321.000000
389.915216,-568.084356,321.000000
392.431803,-568.945977,321.000000
398.080137,-547.478140,321.000000
395.309709,-556.032981,321.000000
1334.331440,-500.030116,312.120000
1350.242522,-491.210459,333.848000
1357.296303,-476.015580,354.456000
1359.525942,-480.037956,346.056000
1326.627361,-480.290121,340.792000
1318.986683,-484.525418,358.320000
1317.381301,-503.014945,327.072000
1313.146004,-495.374267,314.584000
1354.703430,-484.703984,360.000000
1351.630263,-480.644964,360.000000
1269.500000,-513.110000,311.996000
1269.500000,-522.170000,330.000000
1236.090000,-494.600000,333.164000
1229.655000,-494.600000,336.132000
1204.500000,-513.980000,326.332000
1204.500000,-498.980000,314.264000
1255.070000,-524.600000,319.472000
1248.635000,-524.600000,320.396000
1261.050000,-497.330000,337.000000
1228.810000,-518.240000,337.000000
1269.000000,-438.547000,308.449000
1269.000000,-437.923000,327.307000
1253.907000,-416.200000,324.325000
1242.675000,-416.200000,310.906000
1242.000000,-443.110000,319.201000
1242.000000,-436.012000,315.505000
1264.194000,-455.200000,314.056000
1243.107000,-455.200000,320.104000
1266.516000,-418.033000,328.000000
1246.239000,-432.814000,328.000000
1188.300000,-513.296000,310.448000
1188.300000,-502.640000,312.576000
1156.944000,-496.400000,321.018000
1170.724000,-496.400000,315.642000
1136.300000,-519.920000,317.602000
1136.300000,-524.240000,318.708000
1181.332000,-528.400000,314.172000
1157.256000,-528.400000,321.774000
1185.492000,-496.464000,324.000000
1185.180000,-498.448000,324.000000
1131.300000,-505.960000,315.982000
1131.300000,-519.920000,314.203000
1115.125000,-486.600000,315.247000
1113.800000,-486.600000,314.860000
1106.300000,-517.760000,314.515000
1106.300000,-495.880000,315.517000
1129.075000,-526.600000,313.780000
1125.425000,-526.600000,313.174000
1130.900000,-524.920000,316.000000
1124.375000,-514.680000,316.000000
1190.100000,-457.620000,319.648000
1190.100000,-458.178000,316.952000
1137.508000,-449.700000,317.688000
1185.388000,-449.700000,318.704000
1114.100000,-464.514000,315.736000
1114.100000,-460.410000,312.456000
1186.680000,-467.700000,313.776000
1123.752000,-467.700000,314.208000
1115.772000,-466.152000,320.000000
1152.480000,-455.820000,320.000000
1203.900000,-421.620000,339.212000
1203.900000,-411.324000,336.424000
1134.716000,-407.400000,330.882000
1164.044000,-407.400000,309.870000
1109.900000,-438.648000,322.586000
1109.900000,-441.852000,317.316000
1203.806000,-443.400000,314.256000
1155.960000,-443.400000,324.762000
1115.540000,-438.684000,342.000000
1136.972000,-442.608000,342.000000
963.800000,-504.273000,326.640000
963.800000,-513.381000,324.159000
937.280000,-496.200000,325.905000
937.076000,-496.200000,324.816000
929.800000,-517.176000,325.173000
929.800000,-503.537000,325.473000
931.262000,-519.200000,324.441000
958.768000,-519.200000,326.130000
933.132000,-515.175000,327.000000
932.214000,-510.368000,327.000000
1005.000000,-442.810000,343.892000
1005.000000,-445.150000,329.020000
947.250000,-433.600000,337.522000
994.640000,-433.600000,334.714000
935.000000,-462.280000,331.178000
935.000000,-454.030000,340.408000
941.160000,-463.600000,324.834000
949.980000,-463.600000,346.102000
944.520000,-457.030000,348.000000
994.780000,-441.190000,348.000000
912.300000,-502.760000,405.400000
912.300000,-495.560000,373.800000
868.850000,-494.900000,380.900000
886.800000,-494.900000,395.700000
904.900000,-494.900000,421.600000
862.300000,-494.930000,356.500000
862.300000,-496.190000,417.600000
868.900000,-524.900000,332.100000
891.100000,-524.900000,339.500000
887.600000,-524.900000,357.400000
871.000000,-516.980000,425.000000
894.100000,-521.630000,425.000000
911.700000,-453.020000,341.150000
911.700000,-470.700000,339.625000
887.962000,-444.300000,335.050000
889.028000,-444.300000,345.100000
885.700000,-446.100000,328.925000
885.700000,-460.500000,325.575000
890.276000,-484.300000,322.825000
910.088000,-484.300000,331.050000
891.212000,-471.980000,347.000000
896.594000,-465.460000,347.000000
914.100000,-407.420000,396.712000
914.100000,-411.140000,416.888000
866.200000,-402.200000,371.336000
902.350000,-402.200000,335.664000
876.700000,-402.200000,422.920000
864.100000,-404.870000,345.856000
864.100000,-425.210000,358.440000
875.150000,-432.200000,424.480000
879.100000,-432.200000,381.216000
869.400000,-432.200000,356.256000
876.600000,-421.640000,425.000000
874.200000,-407.210000,425.000000
864.200000,-475.570000,385.510000
864.200000,-490.884000,341.981000
864.076000,-473.100000,366.234000
827.186000,-473.100000,359.282000
802.200000,-475.646000,346.879000
802.200000,-475.551000,376.583000
818.630000,-492.100000,406.603000
843.244000,-492.100000,393.884000
820.056000,-484.557000,410.000000
863.270000,-488.395000,410.000000
863.600000,-434.815000,382.508000
863.600000,-444.106000,359.203000
860.748000,-433.200000,363.232000
804.142000,-433.200000,376.504000
801.600000,-436.582000,343.877000
801.600000,-442.548000,393.805000
820.758000,-452.200000,403.601000
803.088000,-452.200000,332.027000
821.750000,-443.821000,410.000000
849.216000,-441.617000,410.000000
772.000000,-405.002000,386.418000
772.000000,-425.864000,382.938000
772.000000,-464.660000,404.601000
772.000000,-493.940000,373.803000
761.626000,-400.000000,365.190000
735.406000,-400.000000,401.991000
755.014000,-400.000000,376.674000
658.000000,-427.084000,343.875000
658.000000,-504.188000,334.044000
658.000000,-501.016000,348.747000
658.000000,-521.634000,377.109000
698.356000,-522.000000,409.647000
702.004000,-522.000000,353.097000
715.684000,-522.000000,407.907000
699.382000,-462.830000,420.000000
720.700000,-409.882000,420.000000
710.440000,-499.430000,420.000000
709.756000,-428.792000,420.000000
634.400000,-521.628000,363.016000
634.400000,-503.400000,377.206000
634.400000,-488.520000,346.780000
626.435000,-398.000000,346.912000
594.103000,-398.000000,325.660000
575.400000,-431.108000,330.742000
575.400000,-424.784000,340.114000
575.400000,-475.872000,370.474000
598.882000,-522.000000,380.638000
619.591000,-522.000000,354.568000
599.059000,-456.280000,391.000000
595.047000,-487.156000,391.000000
631.627000,-399.736000,391.000000
574.200000,-516.396000,341.596000
574.200000,-459.324000,319.336000
574.200000,-513.690000,354.154000
563.997000,-399.300000,331.348000
571.635000,-399.300000,328.534000
517.200000,-437.553000,321.058000
517.200000,-470.394000,337.732000
517.200000,-451.944000,327.232000
542.394000,-522.300000,352.810000
523.527000,-522.300000,346.930000
542.223000,-451.698000,361.000000
523.812000,-443.088000,361.000000
542.565000,-425.622000,361.000000
480.900000,-505.112000,333.000000
480.900000,-474.575000,325.328000
474.180000,-469.700000,326.168000
468.690000,-469.700000,331.460000
450.900000,-483.545000,319.336000
450.900000,-506.360000,337.564000
465.510000,-508.700000,340.476000
465.090000,-508.700000,343.696000
465.210000,-484.598000,347.000000
477.870000,-508.466000,347.000000
405.300000,-511.988000,320.696000
405.300000,-507.746000,320.544000
398.332000,-475.700000,318.744000
385.306000,-475.700000,322.296000
379.300000,-492.500000,324.792000
379.300000,-488.384000,324.048000
393.106000,-517.700000,322.832000
401.010000,-517.700000,317.800000
392.690000,-489.854000,325.000000
397.006000,-502.244000,325.000000
499.500000,-448.459000,316.152000
499.500000,-422.961000,315.680000
485.148000,-398.500000,316.640000
493.428000,-398.500000,315.242000
453.500000,-425.584000,315.128000
453.500000,-439.004000,316.804000
479.950000,-459.500000,315.618000
462.562000,-459.500000,316.366000
478.938000,-416.373000,315.000000
474.844000,-414.970000,315.000000
1271.200000,-347.375000,339.895000
1271.200000,-293.647000,381.545000
1271.200000,-344.017000,380.610000
1258.705000,-290.800000,319.070000
1253.910000,-290.800000,315.160000
1236.200000,-326.424000,383.330000
1236.200000,-292.698000,333.775000
1236.200000,-336.717000,326.125000
1257.900000,-363.800000,362.505000
1255.765000,-363.800000,352.390000
1256.885000,-308.977000,392.000000
1244.845000,-357.084000,392.000000
1217.300000,-332.713000,343.363000
1217.300000,-331.471000,321.265000
1197.250000,-315.900000,322.048000
1174.500000,-315.900000,340.231000
1167.300000,-328.136000,387.820000
1167.300000,-324.847000,359.284000
1200.500000,-338.900000,366.505000
1213.350000,-338.900000,378.337000
1198.750000,-320.592000,400.000000
1168.800000,-328.458000,400.000000
1167.900000,-348.030000,340.057000
1167.900000,-309.075000,340.144000
1167.900000,-289.545000,389.647000
1150.100000,-276.000000,318.742000
1159.180000,-276.000000,359.197000
1127.900000,-336.585000,384.514000
1127.900000,-354.855000,378.250000
1127.900000,-300.045000,333.880000
1156.220000,-381.000000,363.199000
1139.220000,-381.000000,397.303000
1154.580000,-292.800000,400.000000
1160.380000,-295.320000,400.000000
1100.100000,-328.890000,356.134000
1100.100000,-342.885000,396.582000
1100.100000,-314.805000,374.304000
1051.100000,-300.000000,317.424000
1042.100000,-300.000000,431.184000
1065.100000,-300.000000,323.744000
1068.600000,-300.000000,331.960000
1019.400000,-300.000000,440.980000
1000.100000,-327.945000,436.872000
1000.100000,-305.085000,465.786000
1000.100000,-301.305000,431.026000
1075.400000,-345.000000,398.320000
1064.700000,-345.000000,342.388000
1070.900000,-345.000000,380.308000
1008.300000,-345.000000,338.122000
1087.800000,-345.000000,457.886000
1070.600000,-305.220000,471.000000
1059.600000,-336.990000,471.000000
997.200000,-370.630000,344.615000
997.200000,-370.385000,400.314000
965.160000,-349.700000,426.910000
940.680000,-349.700000,424.185000
988.200000,-349.700000,381.675000
937.200000,-372.975000,400.314000
937.200000,-366.325000,339.056000
985.020000,-384.700000,373.718000
937.680000,-384.700000,362.927000
967.680000,-384.700000,420.697000
981.780000,-352.185000,428.000000
959.880000,-365.765000,428.000000
998.100000,-278.355000,340.473000
998.100000,-266.980000,423.967000
963.420000,-259.000000,422.768000
979.860000,-259.000000,338.838000
941.040000,-259.000000,327.938000
938.100000,-283.850000,396.172000
938.100000,-288.295000,362.709000
988.560000,-294.000000,369.576000
960.300000,-294.000000,386.580000
956.580000,-294.000000,367.069000
984.960000,-259.945000,428.000000
947.760000,-262.395000,428.000000
879.400000,-370.607000,336.289000
879.400000,-378.818000,337.851000
865.071000,-358.900000,389.894000
864.082000,-358.900000,353.400000
856.400000,-376.242000,372.570000
856.400000,-363.477000,368.949000
876.778000,-381.900000,355.246000
873.236000,-381.900000,384.498000
875.237000,-381.509000,396.000000
878.089000,-375.805000,396.000000
830.200000,-364.980000,336.712000
830.200000,-366.228000,356.656000
808.856000,-350.100000,391.144000
829.272000,-350.100000,372.424000
798.200000,-375.636000,373.504000
798.200000,-368.052000,388.192000
827.960000,-382.100000,355.936000
801.208000,-382.100000,331.960000
825.624000,-380.116000,400.000000
821.432000,-362.036000,400.000000
889.700000,-319.060000,329.806000
889.700000,-304.326000,373.430000
844.907000,-296.800000,391.798000
865.067000,-296.800000,391.388000
867.587000,-296.800000,372.528000
826.700000,-341.479000,371.708000
826.700000,-345.719000,327.346000
888.062000,-349.800000,351.700000
855.428000,-349.800000,345.304000
871.367000,-349.800000,401.884000
883.085000,-344.182000,405.000000
858.767000,-297.383000,405.000000
918.300000,-273.732000,323.495000
918.300000,-286.660000,332.152000
845.724000,-261.700000,331.811000
846.012000,-261.700000,323.561000
822.300000,-290.084000,329.116000
822.300000,-270.852000,325.970000
824.124000,-293.700000,326.432000
900.828000,-293.700000,328.379000
911.868000,-288.900000,334.000000
850.332000,-282.468000,334.000000
775.600000,-327.220000,329.763000
775.600000,-330.230000,334.450000
741.200000,-315.600000,412.167000
770.655000,-315.600000,358.321000
732.600000,-348.185000,385.462000
732.600000,-338.280000,382.192000
735.309000,-350.600000,358.866000
740.340000,-350.600000,406.063000
774.310000,-343.810000,438.000000
735.825000,-325.645000,438.000000
769.600000,-276.976000,412.241000
769.600000,-265.888000,349.763000
734.152000,-263.200000,390.525000
749.566000,-263.200000,369.254000
727.600000,-310.048000,368.720000
727.600000,-263.680000,388.745000
732.094000,-311.200000,347.004000
750.406000,-311.200000,408.236000
727.936000,-299.728000,415.000000
763.594000,-307.600000,415.000000
706.400000,-269.209000,337.896000
706.400000,-297.622000,330.744000
662.839000,-253.900000,333.992000
665.289000,-253.900000,334.248000
657.400000,-255.160000,330.072000
657.400000,-277.336000,337.752000
664.848000,-316.900000,326.168000
701.745000,-316.900000,325.256000
659.654000,-299.071000,339.000000
688.760000,-289.369000,339.000000
646.650000,-273.368000,369.115000
646.650000,-290.792000,358.555000
646.650000,-290.264000,345.355000
520.974900,-247.100000,355.695000
619.575300,-247.100000,370.600000
599.235600,-247.100000,327.700000
511.950000,-255.548000,342.275000
511.950000,-343.988000,327.645000
511.950000,-251.192000,365.045000
538.351200,-379.100000,328.800000
547.914900,-379.100000,339.690000
607.587000,-379.100000,347.445000
523.264800,-335.936000,375.000000
568.928100,-273.500000,375.000000
622.673400,-327.752000,375.000000
625.367400,-302.672000,375.000000
539.563500,-316.268000,375.000000
502.100000,-268.282000,348.330000
502.100000,-376.677000,351.274000
502.100000,-317.891000,353.528000
378.021000,-247.800000,337.106000
430.599000,-247.800000,315.348000
482.796000,-247.800000,338.762000
375.100000,-262.297000,325.882000
375.100000,-260.568000,325.422000
375.100000,-358.323000,324.042000
405.580000,-380.800000,314.612000
454.983000,-380.800000,335.450000
439.870000,-380.800000,309.276000
390.594000,-331.324000,355.000000
401.262000,-359.254000,355.000000
415.105000,-355.663000,355.000000
437.838000,-249.130000,355.000000
416.121000,-256.711000,355.000000
1095.100000,-166.260000,351.680000
1095.100000,-209.002000,324.440000
1092.076000,-156.800000,341.920000
961.756000,-156.800000,333.200000
958.012000,-156.800000,325.200000
951.100000,-169.958000,332.160000
951.100000,-196.188000,341.960000
992.140000,-242.800000,322.360000
1093.804000,-242.800000,350.720000
995.740000,-242.800000,339.520000
974.140000,-207.024000,359.000000
1093.372000,-197.736000,359.000000
1067.308000,-157.746000,359.000000
972.124000,-208.314000,359.000000
921.400000,-165.050000,520.529000
921.400000,-178.475000,413.603000
921.400000,-229.550000,571.733000
921.400000,-214.250000,356.124000
921.400000,-182.000000,382.228000
916.450000,-160.100000,459.285000
899.800000,-160.100000,468.572000
864.925000,-160.100000,491.162000
871.750000,-160.100000,486.393000
865.750000,-160.100000,395.782000
846.400000,-174.875000,398.041000
846.400000,-221.600000,523.541000
846.400000,-192.425000,410.591000
846.400000,-163.550000,365.913000
846.400000,-218.375000,409.085000
871.075000,-235.100000,336.546000
872.875000,-235.100000,327.510000
854.650000,-235.100000,330.271000
878.575000,-235.100000,496.182000
907.300000,-235.100000,422.388000
994.700000,-70.582200,325.678000
994.700000,-86.270600,324.130000
989.530000,-70.200000,323.473000
964.150000,-70.200000,326.101000
947.700000,-74.604400,321.277000
947.700000,-73.530600,319.072000
965.231000,-88.400000,319.072000
981.305000,-88.400000,321.043000
958.792000,-79.209000,328.000000
973.738000,-83.886400,328.000000
997.609604,-61.845760,339.008000
999.190858,-54.210172,341.276000
994.663897,-44.174550,332.393000
1000.503982,-45.383973,320.162000
958.878401,-41.758099,325.805000
957.980276,-46.094979,326.075000
973.593725,-57.273956,346.190000
959.569296,-54.369636,331.988000
969.575133,-46.854652,347.000000
972.377684,-46.369800,347.000000
849.603196,-120.931651,336.986000
857.422160,-109.028416,323.105000
853.107187,-102.693681,331.841000
847.900107,-99.273269,327.704000
825.939972,-92.112988,326.717000
820.111107,-100.986588,332.303000
832.918310,-111.446710,342.572000
832.263706,-111.016715,336.902000
834.445596,-99.395267,344.000000
832.531597,-89.794454,344.000000
884.028054,-93.724083,324.768000
885.209509,-91.833360,322.332000
882.986361,-67.418955,323.298000
857.483011,-51.482693,323.646000
838.957411,-50.740315,321.834000
840.333611,-48.537934,324.960000
857.018875,-80.082540,326.370000
872.331231,-89.650762,326.274000
857.232017,-61.783988,327.000000
881.840654,-85.943692,327.000000
917.265786,-29.068197,329.440000
920.942810,-18.626722,327.024000
912.924058,-3.379508,325.520000
920.767898,-6.141760,330.528000
879.575538,-3.629627,321.616000
877.674248,-9.028634,334.032000
897.232416,-26.478875,333.712000
881.171221,-20.822836,321.536000
896.584039,-6.728114,336.000000
909.044597,-10.686790,336.000000
871.418256,-7.089331,322.176000
881.332601,21.063979,323.528000
875.736993,26.164200,318.991000
873.201610,27.057049,326.375000
856.200051,12.918561,315.819000
848.982189,-7.577668,316.222000
860.672426,-11.998726,325.647000
859.305696,-11.517424,319.069000
867.212037,17.256080,328.000000
858.960349,-8.831197,328.000000
783.200000,-226.885000,365.578000
783.200000,-224.770000,393.298000
768.160000,-191.400000,346.790000
750.280000,-191.400000,333.161000
743.200000,-215.276000,327.925000
743.200000,-208.085000,350.024000
768.760000,-238.400000,386.137000
778.720000,-238.400000,366.887000
761.760000,-202.163000,403.000000
753.200000,-218.613000,403.000000
712.800000,-223.050000,322.856000
712.800000,-204.900000,320.546000
693.900000,-187.500000,321.392000
704.475000,-187.500000,321.860000
667.800000,-215.100000,325.922000
667.800000,-223.350000,323.174000
698.535000,-237.500000,324.458000
679.050000,-237.500000,324.488000
690.390000,-196.750000,326.000000
669.285000,-198.350000,326.000000
638.700000,-209.140000,328.702000
638.700000,-215.520000,324.932000
604.290000,-195.800000,321.626000
598.222000,-195.800000,331.283000
564.700000,-207.720000,343.521000
564.700000,-197.400000,337.634000
618.572000,-215.800000,336.445000
609.988000,-215.800000,343.985000
604.660000,-198.620000,345.000000
625.084000,-212.900000,345.000000
423.000000,-214.380000,340.600000
423.000000,-214.460000,351.725000
406.203000,-189.500000,318.884000
393.003000,-189.500000,371.216000
390.000000,-215.140000,386.079000
390.000000,-207.180000,390.707000
415.476000,-229.500000,364.363000
422.142000,-229.500000,321.198000
409.041000,-193.340000,394.000000
409.767000,-209.220000,394.000000
776.400000,-100.580000,322.258000
776.400000,-81.620000,325.687000
745.985000,-65.900000,320.062000
761.495000,-65.900000,327.658000
721.400000,-107.000000,326.857000
721.400000,-114.140000,320.629000
766.280000,-125.900000,324.661000
739.935000,-125.900000,322.600000
755.225000,-69.020000,328.000000
742.355000,-73.760000,328.000000
769.250000,-20.060000,327.552000
769.250000,-34.700000,358.080000
704.965000,1.300000,315.840000
701.202500,1.300000,320.592000
731.087500,1.300000,347.952000
661.750000,-27.860000,352.080000
661.750000,-5.340000,331.104000
754.307500,-38.700000,340.368000
736.892500,-38.700000,341.616000
738.290000,-38.700000,317.184000
731.947500,0.980000,360.000000
679.380000,-29.460000,360.000000
507.800000,-17.320000,309.578000
507.800000,-19.576000,307.071000
469.280000,6.200000,303.966000
448.100000,6.200000,312.108000
447.800000,-30.952000,321.331000
447.800000,-19.144000,317.145000
502.100000,-41.800000,315.719000
451.460000,-41.800000,322.182000
489.260000,-40.024000,326.000000
504.620000,-13.288000,326.000000
242.141330,-580.507913,322.248000
246.150625,-576.498617,322.394000
238.562662,-563.713420,322.004000
243.448063,-568.598820,322.613000
221.753320,-571.197438,322.760000
220.684174,-572.266583,322.832000
233.142689,-587.991931,322.515000
225.331987,-580.181230,322.051000
231.078644,-583.522309,323.000000
244.086580,-570.544071,323.000000
296.500000,-335.624000,312.210000
296.500000,-345.512000,312.612000
289.921000,-326.000000,312.966000
290.020000,-326.000000,312.831000
287.500000,-346.688000,312.722000
287.500000,-332.048000,312.050000
296.446000,-350.000000,312.477000
294.565000,-350.000000,312.268000
294.403000,-347.000000,313.000000
292.117000,-342.368000,313.000000
283.000000,-313.713000,312.172000
283.000000,-314.559000,312.829000
264.400000,-310.500000,312.928000
281.032000,-310.500000,312.048000
259.000000,-318.663000,312.684000
259.000000,-316.026000,312.267000
259.912000,-319.500000,312.439000
262.528000,-319.500000,312.486000
278.320000,-317.970000,313.000000
266.080000,-313.380000,313.000000
171.553184,-559.960619,323.080000
179.500962,-555.911023,322.368000
168.172035,-525.835178,329.120000
174.811646,-538.866148,324.120000
131.073428,-536.815361,327.168000
130.146781,-537.287512,325.872000
130.778916,-540.554622,325.208000
138.339220,-555.392553,327.624000
151.879916,-563.112646,330.000000
132.204985,-539.652921,330.000000
143.475588,-298.273149,313.194000
135.361538,-306.387200,313.526000
126.830294,-272.152625,314.704000
128.265721,-273.588052,313.964000
105.875185,-286.376078,314.216000
117.471736,-274.779527,314.402000
108.929886,-289.607556,313.726000
127.342947,-308.020616,314.840000
132.151273,-303.707265,315.000000
134.237238,-300.631350,315.000000
130.536907,-602.433655,328.133000
123.358359,-609.612203,364.847000
105.131975,-627.838588,377.027000
126.531855,-575.620166,393.818000
139.090071,-588.178383,383.900000
122.934095,-576.095342,372.590000
89.281469,-609.747968,402.866000
92.641641,-606.387797,408.173000
76.960841,-627.872529,351.275000
78.029986,-628.941674,334.919000
105.081063,-625.140268,410.000000
123.986270,-596.901252,410.000000
56.619858,-538.286738,320.210000
73.107171,-563.674974,326.980000
108.518437,-541.293888,327.760000
92.946002,-551.406745,329.170000
102.420765,-528.026498,325.320000
104.388001,-531.055776,321.360000
8.677972,-401.044558,322.880000
-5.381501,-410.174886,323.550000
13.803291,-468.881147,330.000000
12.882527,-424.565158,330.000000
85.178648,-513.998021,330.000000
173.240638,-417.892458,341.626000
139.088190,-446.327013,340.130000
151.750246,-373.513474,336.236000
154.975047,-377.386749,322.948000
143.001647,-380.609983,330.868000
122.915950,-397.332880,327.766000
92.014722,-439.299825,325.500000
113.451971,-465.047881,332.584000
141.031115,-444.397084,342.000000
123.654037,-409.772250,342.000000
101.375111,-375.538054,346.130000
90.689217,-362.803102,318.488000
107.580248,-380.891940,337.800000
112.801607,-376.510700,325.934000
121.259884,-349.452641,329.504000
86.116435,-307.570311,333.380000
66.492721,-299.317761,321.208000
66.100507,-299.646868,340.826000
98.050564,-323.435695,348.000000
98.371164,-371.559825,348.000000
67.457218,-275.797616,341.931000
25.624780,-317.630054,323.550000
65.822387,-269.739126,333.846000
41.746815,-245.663554,330.744000
13.980146,-238.765020,325.794000
17.249808,-235.495358,337.971000
-7.920365,-292.162896,317.742000
7.194749,-307.278010,312.198000
2.624011,-256.547341,345.000000
21.741350,-301.148809,345.000000
364.000000,-131.694000,317.773000
364.000000,-185.238000,312.639000
349.180000,-131.500000,313.625000
252.394000,-131.500000,316.362000
250.000000,-156.817000,309.460000
250.000000,-181.067000,303.085000
294.802000,-228.500000,305.312000
255.016000,-228.500000,306.808000
262.426000,-177.672000,320.000000
313.498000,-172.531000,320.000000
264.364000,-132.179000,320.000000
300.958000,-162.249000,320.000000
278.552343,-74.479866,314.634000
307.920206,-48.950772,313.976000
311.731143,-38.467799,311.218000
308.323770,-34.548064,303.042000
283.184435,-29.245345,307.788000
261.369404,-48.208863,306.108000
265.454960,-62.665197,304.372000
264.822454,-61.937581,309.174000
281.352995,-36.894954,317.000000
299.476380,-29.093662,317.000000
209.000000,-86.735000,310.793000
209.000000,-78.850000,310.001000
200.716000,0.000000,310.549000
182.286000,0.000000,310.220000
171.000000,-33.250000,310.304000
171.000000,-22.420000,310.439000
189.278000,-95.000000,310.060000
200.184000,-95.000000,310.658000
178.030000,-36.765000,311.000000
175.674000,-66.405000,311.000000
170.000000,-186.835000,323.305000
170.000000,-100.620000,317.398000
125.290000,0.000000,320.621000
158.950000,0.000000,319.807000
0.000000,-84.710000,317.926000
0.000000,-128.570000,322.216000
89.420000,-215.000000,315.242000
22.270000,-215.000000,324.625000
37.740000,-73.745000,326.000000
154.020000,-72.455000,326.000000
102.680000,-130.290000,326.000000
68.510000,-17.845000,326.000000
124.610000,-178.020000,326.000000
163.540000,-138.675000,326.000000
155.210000,-143.190000,326.000000
59.160000,-12.040000,326.000000
91.970000,-78.690000,326.000000
