1522.700000,-1093.767000,304.294000
1522.700000,-1108.392000,304.748000
1512.874000,-1072.200000,305.806000
1512.415000,-1072.200000,305.186000
1505.700000,-1099.890000,305.316000
1505.700000,-1077.543000,305.624000
1519.997000,-1111.200000,304.828000
1517.090000,-1111.200000,304.062000
1519.810000,-1073.253000,306.000000
1518.467000,-1103.283000,306.000000
1493.900000,-1065.588000,306.008000
1493.900000,-1062.732000,307.542000
1475.924000,-1052.600000,307.518000
1488.260000,-1052.600000,307.980000
1469.900000,-1082.554000,307.030000
1469.900000,-1078.712000,306.418000
1470.188000,-1086.600000,306.542000
1477.100000,-1086.600000,306.856000
1493.276000,-1081.704000,308.000000
1478.372000,-1058.278000,308.000000
1570.100000,-967.620000,307.027000
1570.100000,-976.760000,302.183000
1540.660000,-963.400000,305.312000
1542.420000,-963.400000,303.716000
1538.100000,-964.440000,303.604000
1538.100000,-971.360000,305.249000
1543.988000,-983.400000,301.889000
1567.892000,-983.400000,306.782000
1541.844000,-977.100000,308.000000
1568.660000,-974.120000,308.000000
1526.200000,-954.100000,315.340000
1526.200000,-954.010000,312.320000
1524.820000,-952.900000,310.460000
1518.760000,-952.900000,316.700000
1511.200000,-959.590000,305.560000
1511.200000,-953.740000,301.080000
1516.525000,-982.900000,320.680000
1519.615000,-982.900000,305.460000
1515.100000,-968.320000,321.000000
1519.570000,-980.080000,321.000000
1508.400000,-980.632000,306.166000
1508.400000,-967.696000,309.676000
1497.354000,-956.300000,303.970000
1503.108000,-956.300000,302.647000
1466.400000,-967.332000,301.765000
1466.400000,-974.752000,304.618000
1488.492000,-984.300000,308.569000
1474.422000,-984.300000,306.589000
1483.368000,-965.904000,310.000000
1473.120000,-964.028000,310.000000
1510.194516,-741.710416,311.637000
1513.350475,-744.132069,309.747000
1476.932877,-726.581718,305.022000
1473.208474,-731.435454,315.660000
1493.287194,-752.685948,325.434000
1482.079491,-744.085975,321.573000
1518.909104,-755.653895,318.819000
1520.354913,-753.769681,300.486000
1483.631948,-732.177127,327.000000
1505.308829,-743.637404,327.000000
1427.300000,-598.982000,313.166000
1427.300000,-577.322000,321.662000
1412.780000,-569.000000,308.774000
1418.012000,-569.000000,325.604000
1403.300000,-611.009000,322.364000
1403.300000,-621.383000,311.546000
1424.132000,-626.000000,317.972000
1414.148000,-626.000000,315.488000
1419.860000,-626.000000,326.000000
1412.060000,-569.855000,326.000000
1390.800000,-626.970000,309.152000
1390.800000,-629.224000,309.248000
1344.240000,-622.000000,315.200000
1389.780000,-622.000000,311.000000
1330.800000,-634.712000,313.240000
1330.800000,-629.700000,312.752000
1333.140000,-636.000000,311.288000
1335.780000,-636.000000,314.504000
1380.840000,-633.606000,316.000000
1388.880000,-627.390000,316.000000
1366.100000,-583.064000,308.011000
1366.100000,-615.310000,314.094000
1350.001000,-574.600000,316.316000
1355.101000,-574.600000,316.503000
1349.100000,-578.234000,313.632000
1349.100000,-582.880000,318.912000
1352.687000,-620.600000,310.937000
1361.221000,-620.600000,310.321000
1365.709000,-604.868000,319.000000
1358.790000,-609.284000,319.000000
1347.700000,-581.133000,309.714000
1347.700000,-591.055000,309.904000
1344.725000,-580.600000,309.226000
1340.750000,-580.600000,308.342000
1322.700000,-590.850000,308.736000
1322.700000,-613.810000,308.778000
1332.250000,-621.600000,308.248000
1331.275000,-621.600000,309.216000
1325.700000,-600.567000,310.000000
1327.025000,-585.684000,310.000000
1448.900000,-1102.434000,309.570000
1448.900000,-1096.575000,307.745000
1438.170000,-1079.700000,308.350000
1415.304000,-1079.700000,308.840000
1411.900000,-1091.067000,307.125000
1411.900000,-1091.607000,309.935000
1432.361000,-1106.700000,310.905000
1447.938000,-1106.700000,306.030000
1421.668000,-1088.232000,311.000000
1440.575000,-1093.038000,311.000000
1344.200000,-1096.714000,308.000000
1344.200000,-1107.696000,308.000000
1334.980000,-1073.900000,308.000000
1333.440000,-1073.900000,308.000000
1324.200000,-1094.062000,308.000000
1324.200000,-1076.314000,308.000000
1338.680000,-1107.900000,308.000000
1336.280000,-1107.900000,308.000000
1332.340000,-1078.796000,308.000000
1331.760000,-1103.242000,308.000000
1442.100000,-1052.180000,309.832000
1442.100000,-1049.480000,305.304000
1420.612000,-1042.200000,305.928000
1436.354000,-1042.200000,308.808000
1408.100000,-1057.480000,318.008000
1408.100000,-1056.240000,312.312000
1438.530000,-1062.200000,314.104000
1416.056000,-1062.200000,315.816000
1426.800000,-1061.660000,319.000000
1441.420000,-1046.860000,319.000000
1434.000000,-1013.216000,308.680000
1434.000000,-1022.148000,313.840000
1362.533000,-1006.000000,303.800000
1362.889000,-1006.000000,318.220000
1345.000000,-1026.570000,318.900000
1345.000000,-1013.304000,322.600000
1350.874000,-1028.000000,314.020000
1421.985000,-1028.000000,306.980000
1406.766000,-1023.644000,323.000000
1396.798000,-1019.266000,323.000000
1344.900000,-1018.563000,308.397000
1344.900000,-1015.377000,321.963000
1284.450000,-1009.300000,321.232000
1318.240000,-1009.300000,308.686000
1282.900000,-1015.554000,317.084000
1282.900000,-1066.058000,312.409000
1297.656000,-1068.300000,312.919000
1313.590000,-1068.300000,316.132000
1334.794000,-1046.529000,323.000000
1294.370000,-1066.648000,323.000000
1446.100000,-975.824000,315.958000
1446.100000,-958.382000,306.718000
1442.596000,-942.300000,312.542000
1444.660000,-942.300000,309.784000
1422.100000,-951.718000,309.126000
1422.100000,-962.462000,312.850000
1431.916000,-976.300000,305.696000
1425.100000,-976.300000,315.916000
1445.620000,-957.940000,316.000000
1440.988000,-953.928000,316.000000
1399.000000,-981.695000,305.562000
1399.000000,-982.619000,305.202000
1384.735000,-954.800000,304.830000
1367.950000,-954.800000,305.859000
1354.000000,-969.584000,304.095000
1354.000000,-962.159000,303.516000
1380.100000,-987.800000,303.363000
1388.020000,-987.800000,304.173000
1359.580000,-964.337000,306.000000
1371.550000,-978.263000,306.000000
1337.700000,-972.552000,306.844000
1337.700000,-958.296000,304.528000
1329.892000,-951.300000,305.864000
1332.564000,-951.300000,305.404000
1321.700000,-971.760000,304.888000
1321.700000,-979.449000,306.280000
1333.716000,-984.300000,307.908000
1327.876000,-984.300000,307.156000
1325.972000,-955.161000,308.000000
1337.572000,-953.973000,308.000000
1430.300000,-923.896000,325.247000
1430.300000,-925.876000,323.689000
1399.327000,-915.400000,315.243000
1385.603000,-915.400000,332.668000
1383.300000,-929.638000,305.239000
1383.300000,-924.112000,341.647000
1426.634000,-933.400000,336.194000
1384.052000,-933.400000,309.626000
1402.570000,-932.428000,343.000000
1411.265000,-923.518000,343.000000
1308.000000,-858.172000,328.352000
1308.000000,-904.972000,352.496000
1293.060000,-836.500000,316.640000
1297.542000,-836.500000,315.008000
1290.000000,-905.764000,352.880000
1290.000000,-844.708000,325.520000
1291.674000,-908.500000,341.168000
1301.646000,-908.500000,336.032000
1299.972000,-892.300000,356.000000
1293.546000,-895.540000,356.000000
1302.100000,-756.580000,315.149000
1302.100000,-761.546000,316.425000
1302.070000,-753.200000,308.044000
1298.920000,-753.200000,322.747000
1287.100000,-756.658000,329.968000
1287.100000,-772.544000,329.098000
1291.075000,-779.200000,322.863000
1291.255000,-779.200000,335.449000
1297.555000,-768.904000,336.000000
1299.100000,-758.140000,336.000000
1356.800000,-794.185000,310.973000
1356.800000,-790.165000,327.938000
1344.344000,-779.800000,332.897000
1296.176000,-779.800000,334.289000
1284.800000,-784.360000,325.821000
1284.800000,-785.425000,311.640000
1316.192000,-794.800000,318.716000
1350.176000,-794.800000,317.991000
1345.280000,-786.295000,336.000000
1313.744000,-788.200000,336.000000
1451.000000,-773.420000,335.784000
1451.000000,-762.500000,304.320000
1414.880000,-761.600000,327.000000
1401.440000,-761.600000,312.204000
1346.000000,-768.725000,318.180000
1346.000000,-761.675000,320.088000
1409.735000,-776.600000,309.396000
1402.490000,-776.600000,327.936000
1449.320000,-765.530000,336.000000
1346.525000,-775.535000,336.000000
1446.700000,-746.029000,330.636000
1446.700000,-739.110000,318.612000
1439.490000,-723.200000,321.816000
1445.258000,-723.200000,326.496000
1432.700000,-747.139000,313.032000
1432.700000,-746.695000,334.380000
1443.592000,-760.200000,304.212000
1435.052000,-760.200000,306.264000
1434.478000,-726.530000,336.000000
1441.198000,-734.263000,336.000000
1445.200000,-712.575000,333.936000
1445.200000,-717.900000,343.920000
1387.576000,-705.900000,322.224000
1383.628000,-705.900000,306.432000
1361.200000,-718.170000,310.512000
1361.200000,-709.890000,316.944000
1440.916000,-720.900000,346.752000
1428.316000,-720.900000,327.456000
1383.880000,-719.685000,348.000000
1378.756000,-715.935000,348.000000
1359.800000,-711.638000,335.688000
1359.800000,-707.753000,325.104000
1346.088000,-701.500000,325.440000
1353.992000,-701.500000,334.302000
1343.800000,-738.093000,315.150000
1343.800000,-734.652000,343.500000
1345.720000,-738.500000,346.902000
1350.664000,-738.500000,352.698000
1350.424000,-729.176000,354.000000
1356.792000,-702.906000,354.000000
1342.600000,-700.542000,329.682000
1342.600000,-706.646000,341.820000
1341.527000,-699.100000,319.392000
1305.822000,-699.100000,351.018000
1305.600000,-701.340000,351.144000
1305.600000,-706.478000,318.216000
1316.404000,-713.100000,340.896000
1307.783000,-713.100000,327.414000
1326.209000,-707.178000,354.000000
1320.918000,-704.812000,354.000000
1302.800000,-733.024000,323.634000
1302.800000,-732.288000,316.494000
1299.400000,-703.200000,313.386000
1292.192000,-703.200000,325.692000
1285.800000,-713.792000,345.138000
1285.800000,-708.224000,334.890000
1293.671000,-735.200000,334.848000
1297.530000,-735.200000,344.088000
1297.700000,-716.192000,354.000000
1286.089000,-728.096000,354.000000
1268.400000,-1084.755000,309.278000
1268.400000,-1058.190000,315.585000
1259.125000,-1042.900000,322.130000
1262.050000,-1042.900000,319.308000
1243.400000,-1070.510000,317.965000
1243.400000,-1086.185000,323.031000
1259.250000,-1097.900000,313.817000
1251.400000,-1097.900000,309.754000
1264.500000,-1055.825000,324.000000
1258.875000,-1050.985000,324.000000
1228.600000,-1091.759000,311.955000
1228.600000,-1093.588000,311.510000
1223.180000,-1073.500000,310.730000
1219.750000,-1073.500000,307.605000
1218.600000,-1094.394000,309.510000
1218.600000,-1086.458000,308.700000
1226.650000,-1104.500000,308.290000
1228.100000,-1104.500000,309.795000
1228.470000,-1075.453000,312.000000
1220.820000,-1089.527000,312.000000
1220.900000,-1098.680000,311.541000
1220.900000,-1094.680000,309.900000
1198.797000,-1094.500000,310.809000
1204.935000,-1094.500000,310.557000
1189.900000,-1102.950000,310.077000
1189.900000,-1094.980000,311.214000
1220.156000,-1104.500000,309.342000
1207.911000,-1104.500000,311.871000
1193.930000,-1103.420000,312.000000
1215.444000,-1103.360000,312.000000
1216.600000,-1060.405000,307.704000
1216.600000,-1062.505000,307.698000
1209.528000,-1056.700000,307.460000
1215.432000,-1056.700000,307.916000
1208.600000,-1056.940000,307.215000
1208.600000,-1066.870000,307.135000
1209.776000,-1071.700000,307.971000
1210.288000,-1071.700000,307.354000
1210.792000,-1067.515000,308.000000
1212.016000,-1060.540000,308.000000
1195.000000,-1053.736000,310.683000
1195.000000,-1078.252000,309.285000
1194.440000,-1051.000000,309.948000
1187.240000,-1051.000000,309.942000
1185.000000,-1057.732000,309.216000
1185.000000,-1062.124000,310.599000
1188.190000,-1087.000000,311.484000
1193.410000,-1087.000000,311.256000
1189.170000,-1070.800000,312.000000
1185.290000,-1073.536000,312.000000
1187.000000,-1101.230000,314.587000
1187.000000,-1080.976000,315.423000
1183.595000,-1077.700000,311.903000
1180.910000,-1077.700000,317.832000
1172.000000,-1087.008000,320.219000
1172.000000,-1102.114000,320.241000
1179.350000,-1103.700000,317.524000
1179.080000,-1103.700000,311.639000
1180.400000,-1087.554000,321.000000
1181.480000,-1103.570000,321.000000
1148.400000,-1095.950000,311.000000
1148.400000,-1090.000000,311.000000
1128.500000,-1077.600000,311.000000
1146.550000,-1077.600000,311.000000
1098.400000,-1090.825000,311.000000
1098.400000,-1091.825000,311.000000
1131.450000,-1102.600000,311.000000
1103.500000,-1102.600000,311.000000
1133.600000,-1082.775000,311.000000
1110.100000,-1086.725000,311.000000
1231.100000,-1010.364000,309.262000
1231.100000,-1017.052000,309.576000
1218.582000,-998.000000,310.772000
1216.426000,-998.000000,310.014000
1209.100000,-1013.422000,310.284000
1209.100000,-1002.400000,310.452000
1227.404000,-1020.000000,309.796000
1225.226000,-1020.000000,310.890000
1227.734000,-998.792000,311.000000
1227.492000,-1014.170000,311.000000
1206.100000,-1020.731000,313.935000
1206.100000,-1014.335000,312.425000
1195.740000,-1004.700000,312.715000
1201.942000,-1004.700000,313.520000
1192.100000,-1040.452000,311.495000
1192.100000,-1038.730000,309.615000
1192.142000,-1045.700000,310.270000
1197.182000,-1045.700000,310.710000
1205.960000,-1040.165000,314.000000
1198.246000,-1008.964000,314.000000
1143.300000,-1010.240000,323.816000
1143.300000,-1028.335000,313.162000
1108.682000,-999.900000,320.400000
1108.036000,-999.900000,316.228000
1105.300000,-1001.921000,316.970000
1105.300000,-1021.520000,319.294000
1111.912000,-1046.900000,313.554000
1143.034000,-1046.900000,322.360000
1110.354000,-1032.518000,326.000000
1106.858000,-1022.178000,326.000000
1268.000000,-925.690000,312.907000
1268.000000,-934.950000,311.360000
1265.593000,-925.200000,311.192000
1251.818000,-925.200000,312.893000
1239.000000,-927.340000,309.484000
1239.000000,-926.110000,314.426000
1249.034000,-935.200000,314.776000
1257.096000,-935.200000,308.959000
1247.033000,-930.430000,315.000000
1257.676000,-933.640000,315.000000
1238.900000,-976.274000,312.228000
1238.900000,-958.652000,313.512000
1235.598000,-947.300000,311.252000
1236.456000,-947.300000,310.388000
1225.900000,-960.005000,310.276000
1225.900000,-971.093000,311.264000
1232.621000,-980.300000,313.296000
1229.202000,-980.300000,312.140000
1231.360000,-958.916000,314.000000
1229.098000,-954.329000,314.000000
1224.200000,-969.196000,311.656000
1224.200000,-969.392000,311.100000
1219.100000,-949.400000,310.680000
1214.372000,-949.400000,311.976000
1212.200000,-964.968000,313.700000
1212.200000,-959.256000,312.852000
1220.456000,-977.400000,312.724000
1222.808000,-977.400000,313.728000
1218.956000,-954.440000,314.000000
1222.388000,-965.724000,314.000000
1179.800000,-971.720000,311.084000
1179.800000,-966.308000,312.692000
1166.092000,-965.300000,310.104000
1169.473000,-965.300000,313.568000
1156.800000,-974.036000,313.128000
1156.800000,-977.084000,310.444000
1176.557000,-977.300000,312.152000
1168.645000,-977.300000,311.320000
1173.061000,-965.408000,314.000000
1167.173000,-976.736000,314.000000
1190.200000,-945.720000,312.159000
1190.200000,-948.390000,311.190000
1139.578000,-934.800000,325.011000
1184.986000,-934.800000,314.913000
1124.200000,-961.770000,320.863000
1124.200000,-953.160000,318.636000
1126.180000,-964.800000,316.698000
1133.770000,-964.800000,322.359000
1180.300000,-959.940000,327.000000
1127.764000,-944.460000,327.000000
1268.300000,-857.746000,313.920000
1268.300000,-871.606000,311.340000
1255.168000,-853.500000,312.700000
1258.360000,-853.500000,312.435000
1254.300000,-855.040000,311.475000
1254.300000,-858.846000,313.530000
1257.128000,-875.500000,310.255000
1265.150000,-875.500000,309.625000
1268.202000,-868.174000,314.000000
1263.484000,-868.724000,314.000000
1257.000000,-830.562000,312.682000
1257.000000,-834.153000,312.732000
1255.680000,-830.100000,312.192000
1252.920000,-830.100000,311.170000
1245.000000,-835.161000,311.704000
1245.000000,-848.433000,311.606000
1249.476000,-851.100000,311.216000
1249.872000,-851.100000,312.044000
1246.644000,-840.516000,313.000000
1248.108000,-831.402000,313.000000
1157.500000,-868.130000,316.000000
1157.500000,-859.460000,316.000000
1153.847000,-842.600000,316.000000
1144.877000,-842.600000,316.000000
1144.500000,-854.960000,316.000000
1144.500000,-857.690000,316.000000
1151.572000,-872.600000,316.000000
1144.968000,-872.600000,316.000000
1148.140000,-852.350000,316.000000
1155.693000,-855.530000,316.000000
1145.100000,-867.900000,316.000000
1145.100000,-871.680000,316.000000
1129.280000,-857.700000,316.000000
1124.065000,-857.700000,316.000000
1110.100000,-866.445000,316.000000
1110.100000,-859.710000,316.000000
1135.125000,-872.700000,316.000000
1133.410000,-872.700000,316.000000
1124.905000,-859.995000,316.000000
1126.340000,-869.715000,316.000000
1259.300000,-794.672000,310.589000
1259.300000,-792.818000,310.942000
1246.840000,-790.100000,310.834000
1254.680000,-790.100000,310.723000
1239.300000,-796.895000,310.078000
1239.300000,-796.976000,310.504000
1257.020000,-799.100000,310.322000
1245.240000,-799.100000,310.285000
1250.640000,-798.938000,310.000000
1240.620000,-791.630000,310.000000
1213.100000,-769.657000,313.000000
1213.100000,-790.031000,313.000000
1202.778000,-749.100000,313.000000
1201.894000,-749.100000,313.000000
1200.100000,-805.586000,313.000000
1200.100000,-773.134000,313.000000
1200.841000,-810.100000,313.000000
1212.151000,-810.100000,313.000000
1209.330000,-798.571000,313.000000
1208.784000,-782.040000,313.000000
1200.200000,-758.626000,315.108000
1200.200000,-751.001000,327.501000
1187.655000,-748.500000,327.960000
1193.804000,-748.500000,314.224000
1187.200000,-754.417000,323.795000
1187.200000,-750.025000,317.947000
1190.177000,-809.500000,319.647000
1194.454000,-809.500000,321.670000
1198.289000,-787.540000,330.000000
1190.723000,-804.010000,330.000000
1142.500000,-806.870000,324.867000
1142.500000,-791.660000,319.757000
1137.431000,-781.000000,323.152000
1137.986000,-781.000000,321.290000
1105.500000,-787.968000,321.444000
1105.500000,-798.030000,322.823000
1120.300000,-807.000000,319.736000
1112.456000,-807.000000,324.356000
1142.389000,-793.194000,325.000000
1137.801000,-788.254000,325.000000
1270.600000,-750.512000,315.348000
1270.600000,-749.940000,314.592000
1255.200000,-739.800000,314.372000
1232.950000,-739.800000,315.468000
1220.600000,-745.507000,313.396000
1220.600000,-743.505000,312.344000
1249.150000,-752.800000,312.416000
1261.500000,-752.800000,313.220000
1227.600000,-743.674000,316.000000
1244.400000,-748.237000,316.000000
1238.100000,-717.632000,328.798000
1238.100000,-695.500000,317.782000
1217.024000,-688.900000,324.650000
1221.248000,-688.900000,321.505000
1194.100000,-715.784000,320.485000
1194.100000,-729.204000,325.228000
1226.748000,-732.900000,333.337000
1213.856000,-732.900000,328.951000
1206.552000,-694.444000,334.000000
1197.532000,-689.736000,334.000000
1172.300000,-711.992000,318.102000
1172.300000,-713.208000,317.886000
1155.400000,-696.600000,317.612000
1171.962000,-696.600000,318.324000
1146.300000,-721.624000,317.124000
1146.300000,-714.072000,318.762000
1170.038000,-728.600000,318.636000
1148.354000,-728.600000,317.200000
1157.402000,-727.160000,319.000000
1164.006000,-709.016000,319.000000
1138.700000,-690.150000,320.224000
1138.700000,-698.835000,321.523000
1115.712000,-685.500000,319.489000
1120.668000,-685.500000,319.180000
1110.700000,-699.795000,321.757000
1110.700000,-688.155000,319.837000
1113.052000,-700.500000,321.022000
1130.552000,-700.500000,320.494000
1126.660000,-697.260000,322.000000
1118.624000,-696.870000,322.000000
1202.900000,-644.558000,324.072000
1202.900000,-647.198000,323.497000
1121.556000,-641.500000,318.460000
1180.432000,-641.500000,328.534000
1120.900000,-644.228000,335.825000
1120.900000,-659.254000,333.548000
1141.892000,-663.500000,330.213000
1148.780000,-663.500000,338.585000
1179.366000,-654.986000,341.000000
1193.552000,-644.316000,341.000000
1148.800000,-642.392000,316.847000
1148.800000,-627.432000,320.452000
1142.240000,-599.800000,322.132000
1112.640000,-599.800000,321.985000
1108.800000,-612.780000,320.424000
1108.800000,-619.028000,316.518000
1125.880000,-643.800000,318.716000
1147.600000,-643.800000,318.051000
1143.080000,-619.248000,323.000000
1128.320000,-621.668000,323.000000
1251.400000,-625.756000,320.758000
1251.400000,-635.404000,310.374000
1218.570000,-587.500000,318.063000
1198.970000,-587.500000,312.783000
1153.400000,-609.868000,315.379000
1153.400000,-590.764000,315.192000
1212.004000,-635.500000,312.684000
1212.200000,-635.500000,317.601000
1251.400000,-600.508000,321.000000
1162.318000,-629.116000,321.000000
1253.000000,-577.146000,332.688000
1253.000000,-571.728000,319.792000
1209.990000,-564.000000,324.880000
1238.975000,-564.000000,326.800000
1168.000000,-577.398000,317.040000
1168.000000,-578.658000,333.808000
1233.365000,-585.000000,309.232000
1187.635000,-585.000000,308.816000
1180.155000,-566.079000,338.000000
1226.905000,-568.977000,338.000000
994.600000,-1077.636000,362.297000
994.600000,-1087.258000,371.543000
958.042000,-1062.200000,345.882000
951.616000,-1062.200000,319.216000
940.600000,-1089.706000,329.534000
940.600000,-1073.352000,333.889000
991.360000,-1096.200000,380.186000
987.094000,-1096.200000,348.562000
956.098000,-1093.752000,383.000000
956.530000,-1082.804000,383.000000
1076.100000,-1013.482000,321.864000
1076.100000,-1003.978000,316.068000
1047.268000,-998.200000,317.454000
1061.616000,-998.200000,320.010000
1042.100000,-1051.120000,313.062000
1042.100000,-1049.986000,323.952000
1045.874000,-1052.200000,326.652000
1058.794000,-1052.200000,327.894000
1056.720000,-1039.078000,330.000000
1072.632000,-1050.904000,330.000000
1024.800000,-1001.348000,321.636000
1024.800000,-1021.058000,323.616000
1022.840000,-995.300000,319.440000
1019.312000,-995.300000,325.587000
926.800000,-1003.454000,326.235000
926.800000,-1027.106000,318.558000
954.534000,-1049.300000,324.039000
938.756000,-1049.300000,320.529000
982.954000,-1026.944000,327.000000
975.800000,-1013.930000,327.000000
1020.096000,-1000.322000,327.000000
995.200000,-971.222000,337.531000
995.200000,-967.232000,320.491000
983.167000,-931.700000,320.136000
951.919000,-931.700000,336.040000
932.200000,-945.224000,373.812000
932.200000,-940.898000,351.589000
960.802000,-973.700000,356.488000
979.576000,-973.700000,367.138000
977.371000,-949.130000,390.000000
938.689000,-961.730000,390.000000
1073.100000,-920.520000,316.652000
1073.100000,-895.036000,320.866000
1050.656000,-885.100000,327.222000
1053.446000,-885.100000,323.932000
1011.100000,-907.778000,323.806000
1011.100000,-924.200000,326.998000
1049.850000,-931.100000,320.376000
1034.784000,-931.100000,316.064000
1064.420000,-896.324000,329.000000
1054.810000,-889.010000,329.000000
1021.800000,-851.555000,325.844000
1021.800000,-850.925000,324.896000
1004.211000,-824.600000,324.380000
990.549000,-824.600000,320.210000
988.800000,-854.525000,322.910000
988.800000,-846.200000,321.524000
1015.068000,-869.600000,321.446000
989.229000,-869.600000,322.838000
988.899000,-827.840000,326.000000
998.964000,-845.030000,326.000000
1078.200000,-774.458000,357.057000
1078.200000,-802.970000,328.058000
1057.080000,-751.400000,345.589000
1060.860000,-751.400000,338.351000
1048.200000,-796.544000,334.074000
1048.200000,-757.340000,348.644000
1077.210000,-805.400000,322.606000
1067.490000,-805.400000,358.937000
1052.610000,-800.054000,365.000000
1075.500000,-795.896000,365.000000
1028.200000,-770.388000,335.136000
1028.200000,-773.700000,333.464000
989.700000,-758.100000,329.746000
1019.048000,-758.100000,338.260000
984.200000,-758.436000,324.378000
984.200000,-793.668000,321.078000
990.272000,-806.100000,340.988000
996.256000,-806.100000,325.896000
996.960000,-793.140000,342.000000
1006.772000,-767.412000,342.000000
986.200000,-748.300000,335.424000
986.200000,-784.840000,324.189000
983.568000,-743.200000,330.300000
939.272000,-743.200000,328.788000
930.200000,-753.880000,325.155000
930.200000,-765.460000,333.387000
947.560000,-803.200000,341.031000
980.824000,-803.200000,337.986000
954.448000,-776.740000,345.000000
936.640000,-776.980000,345.000000
1023.800000,-736.068000,333.020000
1023.800000,-683.368000,333.140000
1003.744000,-679.400000,328.140000
980.652000,-679.400000,337.520000
931.800000,-701.038000,343.240000
931.800000,-679.524000,341.900000
976.052000,-741.400000,338.360000
980.928000,-741.400000,326.260000
984.884000,-703.456000,345.000000
997.856000,-737.246000,345.000000
984.056000,-679.710000,345.000000
1083.800000,-649.180000,320.806000
1083.800000,-630.640000,324.628000
1066.295000,-604.600000,319.091000
1079.345000,-604.600000,319.161000
1038.800000,-635.800000,324.383000
1038.800000,-642.520000,320.694000
1068.140000,-664.600000,322.668000
1046.225000,-664.600000,322.227000
1071.200000,-617.620000,326.000000
1053.200000,-622.780000,326.000000
987.100000,-640.148000,324.228000
987.100000,-653.777000,324.404000
977.020000,-606.400000,325.740000
973.978000,-606.400000,324.842000
969.100000,-647.228000,325.250000
969.100000,-621.858000,325.280000
983.914000,-665.400000,324.762000
983.410000,-665.400000,325.718000
984.634000,-609.055000,326.000000
985.696000,-646.048000,326.000000
965.000000,-641.000000,342.507000
965.000000,-632.601000,336.183000
953.304000,-626.200000,338.359000
959.240000,-626.200000,339.906000
949.000000,-658.131000,334.194000
949.000000,-659.241000,326.629000
964.904000,-663.200000,330.046000
955.800000,-663.200000,330.352000
949.112000,-658.538000,343.000000
957.400000,-627.754000,343.000000
1066.900000,-554.366000,336.904000
1066.900000,-571.322000,339.946000
944.228000,-542.000000,332.494000
932.260000,-542.000000,325.888000
930.900000,-543.836000,328.102000
930.900000,-570.242000,329.830000
953.340000,-596.000000,323.692000
938.516000,-596.000000,333.772000
951.300000,-579.962000,340.000000
948.172000,-564.248000,340.000000
939.332000,-570.458000,340.000000
813.700000,-1061.778000,326.524000
813.700000,-1096.792000,323.334000
811.184000,-1059.400000,323.840000
792.586000,-1059.400000,325.743000
779.700000,-1067.805000,321.145000
779.700000,-1065.673000,328.152000
791.158000,-1100.400000,329.461000
803.024000,-1100.400000,319.561000
789.662000,-1081.212000,330.000000
804.520000,-1091.421000,330.000000
892.700000,-1080.061000,332.656000
892.700000,-1017.746000,336.672000
874.815000,-988.700000,328.752000
874.377000,-988.700000,324.176000
819.700000,-1027.428000,324.832000
819.700000,-1069.452000,327.680000
856.784000,-1091.700000,336.928000
842.768000,-1091.700000,331.184000
851.601000,-1025.883000,340.000000
843.936000,-1004.253000,340.000000
878.757000,-1069.864000,340.000000
809.800000,-1038.760000,329.174000
809.800000,-1034.920000,326.457000
797.736000,-995.800000,325.989000
784.251000,-995.800000,329.304000
780.800000,-1028.620000,335.817000
780.800000,-1020.640000,332.151000
800.491000,-1055.800000,332.632000
808.263000,-1055.800000,334.998000
797.620000,-1007.200000,337.000000
807.915000,-1027.000000,337.000000
773.400000,-1085.800000,326.064000
773.400000,-1072.725000,331.392000
742.876000,-1072.200000,322.160000
746.776000,-1072.200000,334.896000
721.400000,-1090.175000,334.256000
721.400000,-1073.300000,322.400000
765.600000,-1097.200000,330.336000
751.404000,-1097.200000,325.904000
758.996000,-1072.650000,338.000000
749.324000,-1094.450000,338.000000
772.800000,-1021.088000,336.988000
772.800000,-1022.096000,431.272000
772.800000,-1050.264000,363.016000
753.850000,-1000.200000,418.636000
769.250000,-1000.200000,346.924000
747.800000,-1050.040000,392.176000
747.800000,-1038.000000,370.576000
747.800000,-1026.128000,401.788000
748.325000,-1056.200000,365.824000
752.975000,-1056.200000,394.228000
769.475000,-1047.632000,433.000000
751.300000,-1014.760000,433.000000
840.300000,-931.606000,398.504000
840.300000,-961.180000,352.796000
788.276000,-920.900000,379.394000
797.068000,-920.900000,369.878000
784.300000,-924.133000,360.362000
784.300000,-937.065000,386.960000
795.052000,-973.900000,341.252000
831.228000,-973.900000,326.042000
784.860000,-956.728000,401.000000
825.852000,-954.237000,401.000000
844.200000,-826.246000,347.304000
844.200000,-832.780000,346.380000
837.938000,-824.200000,342.180000
819.214000,-824.200000,350.979000
782.200000,-839.512000,337.056000
782.200000,-885.910000,334.578000
804.768000,-890.200000,331.911000
811.216000,-890.200000,339.156000
791.686000,-857.530000,351.000000
803.590000,-890.134000,351.000000
769.300000,-866.840000,372.903000
769.300000,-849.200000,341.151000
764.404000,-824.700000,357.531000
768.706000,-824.700000,354.948000
751.300000,-844.447000,342.096000
751.300000,-852.434000,368.745000
760.930000,-873.700000,389.724000
753.082000,-873.700000,382.542000
756.646000,-841.066000,393.000000
768.346000,-842.781000,393.000000
745.978752,-859.737213,363.894000
742.594078,-866.897547,366.225000
752.526396,-829.299934,348.459000
749.344026,-827.795635,380.022000
733.675862,-848.324830,333.087000
740.783678,-833.288129,330.819000
735.877983,-870.098388,380.652000
736.210685,-870.255655,344.616000
747.787747,-834.944221,393.000000
738.533509,-858.602601,393.000000
869.700000,-754.074000,332.092000
869.700000,-747.958000,342.496000
839.000000,-742.700000,327.700000
855.000000,-742.700000,328.438000
819.700000,-759.112000,341.308000
819.700000,-760.894000,332.380000
863.550000,-764.700000,336.898000
837.650000,-764.700000,336.322000
848.850000,-764.502000,343.000000
827.300000,-745.076000,343.000000
907.900000,-756.860000,329.518000
907.900000,-772.640000,331.660000
880.425000,-736.100000,325.126000
875.560000,-736.100000,335.602000
872.900000,-791.120000,338.716000
872.900000,-763.520000,339.544000
874.580000,-796.100000,334.324000
907.550000,-796.100000,325.486000
898.345000,-785.300000,343.000000
899.290000,-764.780000,343.000000
837.658443,-781.012895,354.168000
822.876826,-809.529525,483.332000
826.024593,-803.456868,477.452000
802.686024,-755.000393,502.148000
818.746604,-763.325407,526.256000
806.041966,-756.739948,414.536000
799.308246,-757.214307,454.324000
799.326654,-757.178795,373.180000
790.785346,-773.656648,351.816000
791.269579,-794.137081,406.304000
807.290207,-802.441387,416.104000
791.709047,-794.364880,484.900000
823.739335,-795.153706,529.000000
799.599335,-791.561492,529.000000
909.000000,-630.632000,350.136000
909.000000,-641.984000,330.960000
900.936000,-630.500000,344.280000
897.345000,-630.500000,336.216000
846.000000,-639.047000,338.424000
846.000000,-654.194000,341.472000
870.633000,-663.500000,332.544000
861.750000,-663.500000,346.728000
846.819000,-646.274000,351.000000
906.417000,-637.661000,351.000000
840.600000,-660.959000,390.933000
840.600000,-658.314000,372.026000
825.052000,-641.800000,373.121000
798.220000,-641.800000,388.013000
788.600000,-651.690000,355.236000
788.600000,-649.804000,331.000000
817.824000,-664.800000,337.424000
834.412000,-664.800000,346.987000
796.764000,-648.861000,404.000000
817.824000,-655.301000,404.000000
897.700000,-616.432000,470.770000
897.700000,-595.732000,531.400000
897.700000,-599.728000,457.440000
859.160000,-592.600000,418.095000
861.128000,-592.600000,363.485000
858.258000,-592.600000,388.425000
871.624000,-592.600000,497.000000
817.668000,-592.600000,511.620000
815.700000,-614.236000,365.635000
815.700000,-627.808000,410.570000
815.700000,-598.360000,534.625000
875.806000,-628.600000,528.175000
857.602000,-628.600000,457.655000
884.416000,-628.600000,465.610000
822.670000,-628.600000,505.385000
819.390000,-628.600000,534.625000
906.700000,-562.070000,333.010000
906.700000,-560.651000,330.355000
828.498000,-541.000000,329.350000
897.428000,-541.000000,333.640000
784.700000,-574.239000,325.690000
784.700000,-567.187000,336.925000
894.988000,-584.000000,337.015000
801.902000,-584.000000,325.210000
838.746000,-582.452000,340.000000
878.274000,-555.018000,340.000000
789.580000,-567.359000,340.000000
554.848217,-1136.334034,336.730000
545.473907,-1150.232020,347.650000
537.173593,-1111.714494,329.410000
540.249322,-1113.789099,354.220000
514.298548,-1133.861183,352.060000
527.308171,-1114.573624,330.790000
515.441383,-1136.861126,344.740000
535.665755,-1150.502636,337.360000
534.117583,-1141.218707,355.000000
529.600456,-1134.270957,355.000000
537.455126,-1158.802775,365.432000
536.703571,-1159.917002,350.327000
486.801066,-1119.637613,326.477000
521.612354,-1143.118123,385.148000
534.922552,-1152.095965,353.666000
493.429221,-1124.108360,332.837000
484.084378,-1121.689206,446.681000
472.278698,-1139.191847,419.810000
483.537776,-1151.210599,407.885000
491.890330,-1156.844467,454.631000
494.315265,-1158.480106,410.747000
504.015005,-1165.022663,339.038000
515.483909,-1159.991926,485.000000
537.245842,-1155.858361,485.000000
489.084322,-1107.499517,332.344000
498.027718,-1100.257298,359.550000
508.588123,-1088.115591,378.460000
499.389976,-1076.756826,372.909000
492.792775,-1081.334799,363.576000
488.136116,-1085.105686,386.268000
481.991080,-1099.763418,348.631000
477.618562,-1094.363808,338.627000
499.091501,-1096.454330,387.000000
496.052660,-1091.989795,387.000000
570.914764,-1084.206981,429.749000
564.799403,-1089.159103,428.332000
568.828905,-1085.896077,406.532000
597.635050,-1039.078238,403.153000
588.084483,-1027.284271,343.203000
579.908353,-1017.187591,371.543000
552.217483,-1027.289206,376.448000
567.719213,-1014.736152,367.074000
549.799782,-1029.247021,336.554000
547.233581,-1073.767567,349.852000
549.841485,-1076.988060,390.945000
533.031078,-1056.228937,410.674000
561.207441,-1021.234276,434.000000
542.005458,-1048.313101,434.000000
619.220223,-1033.952346,352.176000
622.810638,-1031.044885,337.040000
611.428756,-1010.204335,344.336000
619.385254,-1020.029791,344.048000
589.718325,-997.364812,336.528000
588.282160,-998.527796,351.056000
608.150273,-1028.401966,328.720000
594.337320,-1011.344390,326.064000
600.108437,-998.627497,358.000000
617.699172,-1021.818497,358.000000
641.477734,-997.275090,333.414000
634.063762,-1003.278806,334.173000
643.796832,-967.031794,330.730000
639.850993,-962.159089,336.582000
608.924743,-981.172917,328.046000
623.228114,-969.590275,327.991000
621.265040,-1010.713056,336.351000
621.119667,-1010.533535,330.400000
610.426213,-992.823360,337.000000
625.789910,-983.694202,337.000000
666.439172,-951.616244,347.709000
673.377531,-945.997671,332.460000
666.688533,-935.220446,338.193000
670.001905,-939.312119,341.001000
638.002810,-955.342162,328.638000
664.581202,-933.819404,349.542000
638.154330,-957.188206,358.122000
642.421122,-962.457255,358.083000
647.957741,-955.908541,366.000000
648.914260,-965.498815,366.000000
449.388959,-1085.022554,328.388000
439.825401,-1092.766971,328.538000
453.030048,-1081.443546,328.143000
449.668848,-1077.292810,328.757000
417.866817,-1047.497463,328.899000
401.252991,-1060.951074,328.976000
398.310841,-1080.609614,328.655000
395.535538,-1077.182400,328.195000
421.274491,-1081.938202,329.000000
431.334864,-1073.539267,329.000000
442.890263,-1056.065111,343.860000
447.018463,-1052.722161,388.775000
463.537556,-1033.256317,328.000000
454.260115,-1021.799631,338.010000
442.369276,-1023.031249,377.140000
443.140205,-1022.406963,352.245000
432.565736,-1045.857808,361.215000
438.619799,-1053.333952,366.480000
451.602442,-1040.077443,393.000000
437.006409,-1033.697150,393.000000
515.515649,-1030.480171,332.464000
530.596944,-1018.267579,347.312000
529.173495,-1008.973064,380.848000
528.797161,-1008.508331,361.328000
508.148280,-1006.850679,365.168000
497.837107,-1015.200501,375.344000
504.633264,-1027.927891,349.552000
502.158147,-1024.871376,389.360000
526.392969,-1018.002052,390.000000
530.727790,-1011.976168,390.000000
502.399573,-1003.116010,374.942000
504.711582,-1001.243781,363.770000
511.352669,-980.357909,362.937000
518.792495,-989.545328,374.501000
486.619599,-986.298911,350.981000
489.693211,-983.809949,336.232000
488.654090,-1007.943047,339.025000
478.348339,-995.216505,346.963000
502.549148,-973.991325,377.000000
499.503329,-987.526487,377.000000
550.135084,-1003.376028,355.676000
541.256191,-1010.566014,332.352000
534.987581,-967.350148,347.380000
536.856662,-969.658272,339.798000
508.555181,-967.561753,339.084000
521.261518,-957.272365,347.244000
537.750027,-1010.486879,330.754000
529.186236,-999.911477,354.690000
512.481881,-975.708032,362.000000
543.665411,-1008.337126,362.000000
606.138834,-955.490174,331.355000
606.281052,-955.375008,330.630000
600.171689,-922.434924,330.135000
612.902840,-938.156587,331.720000
549.993413,-957.206013,328.910000
559.237565,-949.720247,332.815000
552.658801,-960.691353,332.690000
557.087958,-966.160906,328.910000
568.818992,-955.348807,333.000000
603.911071,-939.750501,333.000000
591.796020,-920.319992,359.096000
566.291644,-940.973028,381.611000
595.856333,-916.222644,345.131000
586.612875,-904.807924,337.094000
577.542131,-909.987651,331.223000
564.979566,-920.160615,349.577000
541.368057,-945.865187,374.315000
548.482524,-954.650822,362.060000
563.441476,-931.249847,386.000000
563.953759,-925.388156,386.000000
630.208141,-930.060721,334.912000
668.858718,-898.762100,333.778000
663.023891,-891.385076,330.520000
653.905039,-880.124231,337.720000
626.354832,-875.276888,344.128000
637.937416,-865.897497,341.662000
612.024115,-914.212447,339.718000
615.564043,-918.583893,345.604000
640.756192,-897.952076,346.000000
626.881727,-921.405178,346.000000
683.921068,-864.029491,360.053000
698.725698,-852.040938,423.494000
697.015977,-853.425443,363.112000
704.771795,-830.031003,460.601000
709.573509,-835.960627,452.621000
671.259463,-829.246072,428.016000
664.148577,-835.004353,348.748000
654.473110,-842.839392,410.859000
666.421100,-862.122625,395.564000
657.258195,-850.807380,377.875000
698.545086,-840.297536,461.000000
690.732433,-831.762025,461.000000
728.422105,-812.565844,335.762000
725.313521,-815.083126,337.004000
730.347750,-791.863365,387.857000
726.252763,-786.806476,352.115000
709.448732,-793.187670,371.021000
716.404188,-787.555253,367.226000
717.121054,-815.255148,354.185000
717.851695,-816.157415,382.337000
736.622005,-801.756595,398.000000
711.002957,-792.207024,398.000000
763.900000,-683.271000,380.746000
763.900000,-677.590000,359.137000
748.738000,-675.500000,368.790000
755.038000,-675.500000,369.868000
742.900000,-691.726000,356.834000
742.900000,-693.645000,380.599000
763.585000,-694.500000,344.829000
753.148000,-694.500000,342.330000
743.383000,-692.277000,383.000000
755.731000,-694.101000,383.000000
743.928341,-706.853027,362.440000
740.355024,-709.746642,366.440000
722.153356,-672.777630,352.680000
745.941666,-702.153747,335.200000
718.754034,-669.334599,342.880000
710.485200,-676.030568,343.960000
708.775234,-686.448324,333.120000
707.699096,-685.119405,352.720000
713.310971,-683.354399,370.000000
720.001959,-680.657640,370.000000
766.000000,-583.426000,359.048000
766.000000,-644.500000,346.088000
761.328000,-578.200000,350.228000
716.141000,-578.200000,353.972000
693.000000,-593.488000,341.444000
693.000000,-595.048000,361.856000
716.944000,-656.200000,368.660000
747.677000,-656.200000,369.740000
715.630000,-620.398000,371.000000
752.568000,-634.282000,371.000000
730.449000,-595.438000,371.000000
765.700000,-573.440000,344.480000
765.700000,-546.360000,348.120000
751.540000,-537.600000,339.600000
746.920000,-537.600000,352.500000
705.700000,-552.280000,334.720000
705.700000,-571.440000,336.880000
735.640000,-577.600000,349.820000
728.440000,-577.600000,341.260000
732.880000,-552.400000,354.000000
730.780000,-541.120000,354.000000
708.600000,-566.850000,407.915000
708.600000,-561.138000,348.145000
708.600000,-544.674000,330.730000
691.506000,-536.400000,355.455000
668.952000,-536.400000,395.230000
688.356000,-536.400000,476.715000
666.600000,-558.996000,517.780000
666.600000,-556.392000,442.315000
666.600000,-543.162000,407.915000
694.740000,-578.400000,465.320000
666.978000,-578.400000,489.400000
701.880000,-578.400000,338.900000
426.059373,-1019.559575,338.520000
416.617050,-1027.205818,349.040000
421.151927,-987.089942,368.720000
421.275274,-987.242263,357.800000
391.585631,-984.424642,358.960000
405.644201,-973.040237,366.560000
410.758125,-1021.925138,349.200000
404.559948,-1014.271027,335.320000
430.328509,-999.709180,369.000000
408.045798,-1010.376371,369.000000
476.970134,-970.972346,335.708000
478.313043,-969.884880,401.718000
459.602391,-930.100841,397.700000
479.152229,-954.242880,337.594000
428.689405,-936.724014,377.692000
432.270494,-933.824106,355.552000
426.160489,-939.652034,357.602000
435.415274,-951.080743,373.510000
460.985447,-975.335091,410.000000
453.806481,-932.960644,410.000000
506.070865,-942.972441,332.755000
494.716763,-952.166812,329.480000
482.041461,-903.240129,331.535000
484.716073,-906.542999,330.575000
478.311832,-901.113285,330.310000
470.944488,-907.079242,331.670000
461.968082,-926.122042,329.090000
484.529218,-953.982725,332.765000
464.371947,-914.074369,333.000000
492.358791,-943.010128,333.000000
569.928840,-893.745136,345.968000
568.623235,-894.802394,343.574000
568.320142,-887.944921,340.823000
554.235952,-870.552395,348.173000
523.636554,-854.026316,335.699000
487.499267,-883.289714,331.772000
500.810534,-899.918442,330.575000
507.456157,-908.125103,336.350000
516.486654,-872.941139,350.000000
506.617846,-901.083396,350.000000
588.733794,-880.990343,338.975000
608.877418,-864.678358,330.365000
624.288847,-842.045896,335.300000
627.460622,-845.962712,333.650000
592.002842,-839.740333,331.640000
581.091713,-848.575991,336.935000
573.676491,-874.885786,342.965000
566.785433,-866.376037,340.220000
600.290228,-845.112013,344.000000
596.729200,-837.186896,344.000000
567.323559,-855.095353,330.647000
564.782292,-857.153230,330.423000
575.403244,-831.798943,328.939000
569.890397,-824.991145,331.956000
551.544760,-829.269985,327.224000
558.678959,-823.492824,333.489000
554.562094,-853.732738,332.516000
556.336778,-855.924290,328.022000
569.316413,-832.481655,334.000000
560.945417,-846.170253,334.000000
584.519128,-818.795182,340.230000
593.223163,-811.746793,358.010000
592.675313,-802.070070,331.655000
594.712423,-804.585691,330.675000
571.115542,-812.921317,358.115000
567.335505,-815.982331,338.340000
571.676333,-826.986993,349.575000
568.027534,-822.481100,346.005000
569.483781,-824.279416,362.000000
590.271780,-801.390136,362.000000
630.661103,-790.525167,333.520000
626.356491,-794.010973,335.088000
628.894768,-771.985009,357.680000
626.239036,-768.705453,342.096000
605.611605,-785.074659,349.872000
614.378589,-777.975296,349.104000
604.029050,-787.359860,342.032000
604.192673,-787.561918,356.112000
616.743747,-795.181275,358.000000
627.295043,-789.133318,358.000000
680.772057,-797.570141,328.274000
664.274802,-810.929354,336.534000
650.352856,-751.526568,338.858000
662.398048,-766.401142,339.600000
646.637884,-750.579394,335.428000
645.037740,-751.875165,328.666000
633.546215,-776.853551,332.012000
650.774490,-798.128698,331.732000
665.928342,-801.082290,341.000000
646.896355,-783.432088,341.000000
736.041215,-744.639907,360.388000
723.358193,-754.910416,333.449000
732.902932,-739.525019,352.793000
728.875282,-734.551285,340.238000
693.524180,-714.731545,345.229000
668.810938,-734.743934,347.027000
670.572631,-757.894451,337.665000
668.401475,-755.213297,353.816000
683.417145,-724.846200,362.000000
699.416511,-712.855238,362.000000
419.338063,-931.094035,343.490000
424.133831,-927.210499,337.568000
429.616660,-899.634654,339.080000
406.674156,-871.303021,341.510000
391.117087,-874.167837,334.688000
391.399191,-873.939394,345.452000
397.845038,-912.837488,330.278000
413.062005,-931.628877,331.394000
400.559989,-880.322909,347.000000
413.759144,-907.529513,347.000000
452.572950,-901.914198,340.559000
467.634039,-889.717969,344.606000
455.161647,-873.124085,335.923000
453.830634,-871.480422,329.767000
426.095368,-865.451140,331.268000
438.941591,-855.048474,333.928000
437.086360,-898.473437,345.632000
432.838447,-893.227702,338.089000
445.465832,-868.062969,347.000000
426.134280,-879.895675,347.000000
505.530415,-860.985149,336.288000
510.426435,-857.020431,332.336000
515.673059,-825.935140,332.368000
525.932240,-838.604174,335.840000
472.406222,-845.345527,328.464000
476.742696,-841.833919,339.344000
479.988812,-877.209709,340.560000
465.638420,-859.488450,342.848000
472.213895,-865.034280,344.000000
513.481969,-848.304037,344.000000
479.599616,-829.871298,339.625000
465.029684,-841.669797,348.739000
478.432220,-806.018206,332.030000
478.945746,-806.652357,355.528000
444.211640,-827.645686,355.466000
465.398193,-810.489154,331.317000
443.036361,-830.635636,347.871000
454.635994,-844.959990,338.106000
457.763663,-835.293459,359.000000
461.175836,-827.959766,359.000000
550.861032,-819.966178,333.699000
551.343640,-819.575370,328.943000
543.122109,-803.673565,355.623000
549.635575,-811.717026,335.294000
540.603395,-805.110976,348.518000
523.271486,-819.146079,341.616000
524.529327,-823.616816,341.442000
527.112058,-826.806223,347.967000
538.037865,-824.467109,356.000000
543.421649,-804.172176,356.000000
519.067659,-813.286973,327.528000
530.328504,-804.168120,329.784000
538.931690,-790.813923,332.064000
541.435126,-793.905410,331.098000
514.200660,-773.478365,330.594000
507.556062,-778.859055,332.412000
506.095693,-797.935316,329.130000
499.377069,-789.638506,327.726000
528.977364,-800.449771,333.000000
526.107743,-792.711084,333.000000
562.935582,-807.761457,338.285000
561.583348,-808.856474,337.206000
569.967127,-777.593257,335.100000
557.015714,-761.599593,327.053000
533.732736,-754.203881,331.928000
539.677903,-749.389580,329.900000
542.763548,-791.670106,328.743000
548.238636,-798.431276,332.747000
538.685777,-752.740772,339.000000
536.771225,-771.971222,339.000000
581.671790,-750.877442,330.806000
590.397585,-743.811432,327.554000
591.385769,-734.220075,329.342000
593.130245,-736.374324,328.868000
573.405307,-739.556874,327.872000
568.966249,-743.151552,330.182000
571.731388,-754.441376,326.408000
568.251247,-750.143759,331.496000
585.879516,-732.626034,332.000000
592.058741,-740.034279,332.000000
620.921929,-739.605706,331.580000
617.657916,-742.248852,331.570000
618.655207,-714.306075,329.140000
613.399123,-707.815352,333.760000
593.346389,-720.759632,326.690000
601.226650,-714.378323,325.950000
607.041153,-747.634385,334.250000
608.330001,-749.225980,328.140000
596.176902,-731.643946,335.000000
609.978411,-726.520621,335.000000
598.153678,-716.989274,340.995000
565.870257,-743.131873,325.782000
604.587816,-695.758856,332.910000
607.221522,-699.011211,333.009000
557.378570,-730.706913,324.858000
599.000953,-697.001771,340.236000
556.455047,-733.249796,349.773000
561.392066,-739.346506,347.463000
570.614104,-728.925534,357.000000
563.301411,-727.261787,357.000000
688.646912,-700.232039,332.420000
678.295328,-708.614587,334.040000
694.670262,-695.275934,327.540000
687.760324,-686.742872,338.420000
650.118482,-652.939413,342.640000
623.027174,-674.877522,342.800000
619.825925,-698.191818,337.760000
619.173320,-697.385918,327.180000
651.419795,-699.451985,345.000000
671.812253,-688.118992,345.000000
312.527177,-1038.955965,327.736000
320.850410,-1032.215944,335.188000
331.367133,-993.647400,336.808000
277.078809,-926.606903,325.816000
250.475301,-915.492042,333.868000
249.076438,-916.624818,328.444000
263.176888,-980.945168,330.940000
300.643477,-1027.212553,331.072000
309.682658,-997.831275,337.000000
263.836952,-952.442939,337.000000
289.731528,-967.258708,337.000000
348.775424,-990.782668,328.975000
387.234046,-959.639490,334.645000
386.843031,-948.889995,355.400000
385.301196,-946.985988,342.310000
350.312929,-957.368632,346.860000
322.724248,-979.709506,349.975000
330.894750,-992.619739,338.285000
329.321449,-990.676874,357.640000
376.115285,-965.201203,361.000000
337.349758,-996.078205,361.000000
342.217274,-960.507647,350.702000
348.763951,-955.206252,344.168000
332.135123,-895.114401,345.334000
363.080694,-933.329000,348.986000
271.145700,-875.229961,339.944000
272.866301,-873.836646,331.804000
310.636628,-954.372821,334.576000
265.929707,-899.164372,336.622000
296.993494,-859.440721,352.000000
317.979075,-905.863591,352.000000
288.541346,-893.708556,352.000000
379.407998,-868.758137,432.336000
367.140749,-878.691960,332.544000
379.025642,-869.067763,416.892000
362.503634,-818.891393,400.128000
361.733345,-817.940167,361.452000
383.527969,-844.854286,374.520000
322.212037,-822.427825,367.788000
340.788157,-807.385179,390.360000
319.567409,-824.569402,332.148000
359.413177,-880.224643,335.580000
351.211874,-870.096876,419.268000
342.693393,-859.577429,421.908000
327.149868,-835.105652,459.000000
329.719240,-823.945640,459.000000
406.748661,-837.447587,341.410000
408.473925,-836.050495,336.680000
380.777147,-792.313728,336.020000
400.562980,-816.747197,341.498000
352.319657,-804.317751,330.652000
355.187326,-801.995559,346.294000
356.594306,-810.120878,347.262000
367.129129,-823.130301,329.112000
370.134651,-814.828854,349.000000
399.633954,-818.889208,349.000000
467.795179,-784.880121,334.154000
458.017129,-792.798230,338.718000
468.916785,-781.846135,330.738000
434.200325,-738.974878,327.784000
429.469248,-739.997033,327.322000
422.418980,-745.706228,330.850000
422.685510,-767.658690,337.892000
412.920345,-755.599716,333.916000
438.021897,-768.449402,341.000000
434.292273,-757.880124,341.000000
484.314207,-771.121359,326.000000
484.156446,-771.249111,326.000000
498.018791,-745.097194,326.000000
483.637562,-727.337855,326.000000
461.358501,-715.078468,326.000000
465.978634,-711.337158,326.000000
463.180862,-748.157390,326.000000
470.334976,-756.991986,326.000000
481.933564,-743.942664,326.000000
483.093760,-763.900131,326.000000
568.313607,-695.154797,328.600000
578.500437,-686.905665,335.112000
579.160539,-673.481654,340.680000
581.658312,-676.566146,338.616000
557.159100,-669.445030,336.776000
551.412106,-674.098854,326.120000
556.708265,-691.836860,332.856000
550.863137,-684.618728,329.624000
575.971254,-680.372357,341.000000
572.821056,-673.855543,341.000000
549.958057,-712.685445,325.405000
547.974780,-714.291471,325.150000
549.611358,-685.069249,329.185000
541.757440,-675.370468,326.245000
522.914651,-683.114381,327.965000
529.360299,-677.894798,327.340000
535.809092,-714.106326,326.740000
538.703966,-717.681198,328.435000
559.217206,-699.834615,330.000000
528.120587,-683.736913,330.000000
534.745459,-671.821038,340.008000
547.109852,-661.808551,331.832000
542.432005,-652.752162,336.104000
544.440795,-655.232812,335.336000
511.665797,-672.495946,332.184000
539.301884,-650.116684,338.840000
515.085153,-687.309289,328.280000
511.331886,-682.674391,326.344000
510.447604,-674.203005,341.000000
515.400661,-682.027712,341.000000
593.215434,-638.777161,343.670000
589.356127,-641.891230,344.450000
582.691529,-614.328020,337.300000
596.695733,-631.683620,324.144000
580.217956,-612.001385,330.956000
565.954316,-623.510692,329.838000
560.687017,-633.238589,324.586000
561.306188,-634.005937,335.532000
567.639375,-628.970226,349.000000
579.546811,-623.684693,349.000000
292.168627,-833.900169,349.785000
281.685119,-841.240801,334.770000
292.374372,-831.808969,341.245000
280.897108,-815.417737,342.435000
273.898244,-811.290766,332.705000
272.556473,-812.230284,350.100000
267.216929,-827.262459,359.130000
275.400717,-838.950120,357.765000
273.968496,-822.782778,362.000000
281.986575,-837.560277,362.000000
249.742062,-868.302269,327.112000
271.401525,-851.073554,328.680000
262.523168,-830.580422,323.696000
253.711473,-819.502603,331.746000
206.442378,-781.355421,320.266000
190.487346,-794.046627,320.812000
216.830360,-832.573043,330.850000
213.932555,-828.930002,323.878000
233.629570,-816.782569,334.000000
245.861937,-811.179729,334.000000
317.850310,-805.443653,326.000000
323.019881,-801.302046,326.000000
322.494498,-773.674332,326.000000
335.974729,-790.500412,326.000000
288.581588,-758.418389,326.000000
288.331850,-758.618467,326.000000
299.549637,-796.214594,326.000000
279.294901,-770.932551,326.000000
317.678225,-778.308108,326.000000
295.582652,-760.350189,326.000000
288.712088,-711.339417,324.884000
280.364634,-718.988449,325.660000
297.827710,-692.953629,327.908000
297.230489,-692.301876,326.536000
276.470110,-704.924681,326.932000
289.805983,-692.704605,327.412000
276.282133,-719.767123,325.952000
275.140385,-718.521124,324.288000
299.779651,-696.895548,328.000000
281.092710,-713.190250,328.000000
350.804852,-708.387239,325.546000
352.555886,-706.782713,330.691000
351.282718,-697.912427,330.838000
354.478260,-701.399749,325.217000
337.310973,-707.188685,329.123000
338.319568,-706.264477,326.750000
335.538182,-708.853839,327.415000
337.760874,-711.279481,328.283000
343.489342,-713.734327,332.000000
349.742909,-700.028701,332.000000
341.686881,-692.586331,328.675000
335.859441,-697.926196,325.050000
340.460462,-685.060746,327.450000
340.526670,-685.132999,326.145000
339.437213,-685.153380,326.230000
334.016013,-690.120994,327.240000
326.854168,-698.335640,325.005000
330.585453,-702.407623,328.335000
330.521183,-693.731675,329.000000
337.301827,-695.787975,329.000000
374.766599,-683.440009,327.164000
375.541836,-682.789507,326.432000
374.101383,-680.893933,326.188000
365.787568,-670.985914,327.308000
353.218620,-663.664099,325.212000
355.931949,-661.387345,324.184000
345.819799,-682.970903,324.232000
350.424087,-688.458079,325.056000
351.241539,-672.364434,328.000000
351.227380,-684.906919,328.000000
398.211098,-689.158787,328.592000
404.606136,-672.756363,326.020000
404.640817,-658.682600,327.616000
406.429665,-659.380042,326.896000
385.845174,-665.817431,326.636000
381.954753,-675.795844,327.772000
387.659878,-689.628102,329.660000
382.181534,-687.492185,328.648000
392.413891,-667.138785,330.000000
389.855244,-662.084072,330.000000
425.777048,-657.148068,335.595000
424.940728,-658.278291,333.657000
431.850022,-628.220459,330.940000
423.387820,-621.958760,337.818000
405.878293,-635.285677,326.304000
411.190060,-628.107235,341.979000
411.880995,-660.716254,340.668000
415.750762,-663.579731,327.140000
425.381022,-631.989901,345.000000
421.397750,-649.463981,345.000000
402.580786,-604.820177,340.689000
401.610974,-604.006408,362.200000
379.895307,-629.354074,328.733000
386.266618,-621.761041,323.931000
367.025921,-648.088911,365.777000
367.538405,-648.518936,334.662000
398.571669,-611.763624,353.772000
385.073129,-627.850557,345.393000
387.547165,-620.276949,372.000000
379.274684,-634.681533,372.000000
567.010919,-588.073768,327.232000
562.046951,-592.239031,326.752000
573.193963,-564.863125,345.376000
581.501350,-574.763483,332.008000
533.309718,-592.855102,339.496000
546.422867,-581.851864,337.264000
529.478817,-596.774529,333.640000
530.462282,-597.946577,342.520000
544.626403,-601.217247,346.000000
566.609756,-586.671581,346.000000
562.900000,-537.353000,323.800000
562.900000,-551.213000,336.280000
525.380000,-533.300000,341.920000
535.740000,-533.300000,341.536000
522.900000,-534.770000,336.064000
522.900000,-537.752000,322.792000
530.940000,-554.300000,330.208000
552.700000,-554.300000,328.048000
559.020000,-547.307000,346.000000
544.060000,-548.462000,346.000000
518.993556,-641.387763,351.999000
513.604434,-645.909774,353.797000
517.691687,-638.638348,344.923000
514.203278,-634.481025,331.148000
495.766560,-625.631530,337.847000
479.626004,-639.175065,337.499000
481.890104,-650.422017,330.742000
481.924814,-650.463383,343.850000
489.727956,-632.319837,354.000000
502.035022,-624.988892,354.000000
476.709025,-615.041600,321.000000
483.824762,-609.482177,321.000000
493.778893,-588.511175,321.000000
478.767219,-569.297109,321.000000
466.037336,-576.425564,321.000000
464.354933,-577.740001,321.000000
462.212109,-604.956957,321.000000
449.956751,-589.270815,321.000000
472.764929,-580.090590,321.000000
481.378451,-598.903767,321.000000
470.500000,-567.960000,321.000000
470.500000,-569.934000,321.000000
465.980000,-563.200000,321.000000
464.800000,-563.200000,321.000000
460.500000,-567.281000,321.000000
460.500000,-563.921000,321.000000
467.650000,-570.200000,321.000000
466.860000,-570.200000,321.000000
463.830000,-564.278000,321.000000
463.860000,-569.017000,321.000000
451.657403,-580.563086,321.000000
452.876632,-577.619605,321.000000
449.407779,-569.714384,321.000000
453.306551,-571.329308,321.000000
440.724085,-580.827190,321.000000
440.868740,-580.477963,321.000000
447.222024,-588.292074,321.000000
441.493971,-585.919437,321.000000
443.558107,-586.423735,321.000000
453.215433,-575.207661,321.000000
432.354904,-581.021869,322.432000
428.555959,-591.291753,323.332000
427.670902,-568.509676,321.456000
427.289181,-568.368473,324.208000
415.907773,-593.778075,324.476000
421.757108,-577.965267,321.084000
415.725632,-596.077717,323.500000
424.391726,-599.283402,321.960000
423.501104,-592.908459,325.000000
425.184015,-585.854171,325.000000
479.100000,-548.160000,321.000000
479.100000,-547.210000,321.000000
438.570000,-546.500000,321.000000
459.696000,-546.500000,321.000000
437.100000,-547.470000,321.000000
437.100000,-556.440000,321.000000
446.676000,-556.500000,321.000000
459.234000,-556.500000,321.000000
469.146000,-552.900000,321.000000
443.148000,-555.900000,321.000000
403.178418,-586.989166,321.000000
411.011421,-566.259726,321.000000
415.965159,-549.274233,321.000000
416.386109,-549.433297,321.000000
404.103026,-556.251705,321.000000
399.055406,-569.609846,321.000000
397.495059,-585.055406,321.000000
395.221930,-584.196462,321.000000
409.736212,-566.975157,321.000000
410.487601,-560.460173,321.000000
394.396797,-564.595942,321.000000
394.510492,-564.263866,321.000000
398.689369,-542.549769,321.000000
394.772576,-541.208751,321.000000
388.303065,-551.522210,321.000000
389.912287,-546.822058,321.000000
388.798835,-567.702134,321.000000
390.851841,-568.405035,321.000000
389.999801,-548.079183,321.000000
389.496457,-558.780076,321.000000
1334.667294,-499.843949,347.960000
1354.524660,-488.836831,313.688000
1357.204674,-475.850276,334.240000
1358.487480,-478.164520,325.952000
1326.291507,-480.476288,320.576000
1314.746527,-486.875775,338.216000
1317.472930,-503.180248,306.912000
1314.174285,-497.229336,350.480000
1348.533624,-472.781295,360.000000
1359.525399,-484.888365,360.000000
1269.500000,-509.060000,326.948000
1269.500000,-511.100000,324.988000
1227.250000,-494.600000,320.116000
1205.605000,-494.600000,331.120000
1204.500000,-518.060000,313.284000
1204.500000,-510.080000,309.252000
1263.845000,-524.600000,334.424000
1207.620000,-524.600000,315.384000
1226.340000,-523.250000,337.000000
1240.445000,-507.170000,337.000000
1269.000000,-428.290000,317.458000
1269.000000,-452.041000,327.328000
1246.833000,-416.200000,312.334000
1252.449000,-416.200000,310.927000
1242.000000,-453.367000,307.189000
1242.000000,-421.894000,315.526000
1244.268000,-455.200000,323.065000
1260.333000,-455.200000,320.125000
1254.933000,-446.776000,328.000000
1246.212000,-446.932000,328.000000
1188.300000,-500.848000,314.970000
1188.300000,-505.648000,315.124000
1136.716000,-496.400000,311.540000
1175.612000,-496.400000,318.190000
1136.300000,-500.368000,322.124000
1136.300000,-521.232000,321.256000
1149.560000,-528.400000,318.708000
1152.368000,-528.400000,310.322000
1168.696000,-516.016000,324.000000
1175.716000,-501.456000,324.000000
1131.300000,-525.320000,313.633000
1131.300000,-512.960000,315.289000
1127.200000,-486.600000,315.901000
1109.450000,-486.600000,315.946000
1106.300000,-498.400000,315.169000
1106.300000,-502.880000,313.603000
1116.975000,-526.600000,314.434000
1129.800000,-526.600000,314.260000
1125.450000,-504.280000,316.000000
1115.325000,-507.720000,316.000000
1190.100000,-464.046000,312.544000
1190.100000,-450.204000,313.288000
1164.640000,-449.700000,318.592000
1151.796000,-449.700000,315.040000
1114.100000,-458.088000,316.632000
1114.100000,-450.366000,316.792000
1159.548000,-467.700000,314.680000
1157.420000,-467.700000,318.544000
1183.184000,-454.578000,320.000000
1187.288000,-465.846000,320.000000
1203.900000,-429.936000,339.450000
1203.900000,-421.728000,326.972000
1156.336000,-407.400000,331.120000
1191.210000,-407.400000,334.418000
1109.900000,-430.332000,322.824000
1109.900000,-431.412000,341.864000
1182.186000,-443.400000,314.528000
1128.700000,-443.400000,315.310000
1114.882000,-411.000000,342.000000
1163.104000,-417.012000,342.000000
963.800000,-506.642000,326.343000
963.800000,-513.864000,326.868000
940.782000,-496.200000,325.611000
937.790000,-496.200000,324.525000
929.800000,-514.807000,324.879000
929.800000,-503.054000,325.182000
961.760000,-519.200000,324.144000
958.054000,-519.200000,325.839000
936.464000,-517.544000,327.000000
935.512000,-510.851000,327.000000
1005.000000,-442.090000,338.588000
1005.000000,-437.710000,331.204000
945.640000,-433.600000,332.244000
977.350000,-433.600000,336.898000
935.000000,-463.000000,325.874000
935.000000,-461.440000,342.566000
942.770000,-463.600000,345.530000
967.270000,-463.600000,322.260000
958.730000,-456.310000,348.000000
988.970000,-433.780000,348.000000
912.300000,-498.260000,374.500000
912.300000,-510.110000,400.100000
911.350000,-494.900000,350.000000
911.000000,-494.900000,422.000000
892.400000,-494.900000,378.500000
862.300000,-499.430000,325.600000
862.300000,-511.670000,343.900000
876.400000,-524.900000,401.200000
866.850000,-524.900000,365.800000
900.100000,-524.900000,414.400000
886.450000,-512.480000,425.000000
880.950000,-506.180000,425.000000
911.700000,-481.940000,330.775000
911.700000,-479.380000,325.725000
906.734000,-444.300000,324.675000
894.644000,-444.300000,331.200000
885.700000,-457.180000,343.575000
885.700000,-451.860000,336.675000
897.504000,-484.300000,337.450000
904.472000,-484.300000,342.150000
901.976000,-460.900000,347.000000
911.076000,-474.140000,347.000000
914.100000,-425.300000,342.632000
914.100000,-409.580000,377.784000
896.000000,-402.200000,421.256000
899.750000,-402.200000,400.560000
907.250000,-402.200000,402.952000
864.100000,-416.990000,395.776000
864.100000,-426.770000,423.336000
895.350000,-432.200000,370.400000
881.700000,-432.200000,342.112000
888.850000,-432.200000,336.184000
902.550000,-409.520000,425.000000
893.000000,-405.650000,425.000000
864.200000,-484.481000,336.135000
864.200000,-484.804000,405.576000
831.154000,-473.100000,395.780000
807.346000,-473.100000,343.877000
802.200000,-485.716000,376.504000
802.200000,-481.650000,361.178000
851.552000,-492.100000,357.228000
863.084000,-492.100000,378.479000
858.806000,-474.468000,410.000000
813.360000,-482.315000,410.000000
863.600000,-441.313000,403.838000
863.600000,-451.934000,357.939000
819.952000,-433.200000,384.483000
829.686000,-433.200000,375.240000
801.600000,-449.084000,365.207000
801.600000,-434.720000,392.541000
861.554000,-452.200000,345.852000
839.606000,-452.200000,409.842000
805.072000,-450.319000,410.000000
850.146000,-449.426000,410.000000
772.000000,-431.232000,400.686000
772.000000,-443.310000,397.293000
772.000000,-513.826000,418.956000
772.000000,-498.088000,381.459000
672.250000,-400.000000,379.458000
751.708000,-400.000000,416.346000
686.956000,-400.000000,391.029000
658.000000,-400.854000,358.143000
658.000000,-486.620000,348.399000
658.000000,-451.850000,363.102000
658.000000,-517.486000,384.852000
673.732000,-522.000000,336.915000
685.702000,-522.000000,367.452000
669.856000,-522.000000,335.175000
680.686000,-489.060000,420.000000
701.890000,-427.328000,420.000000
691.630000,-426.474000,420.000000
699.610000,-432.940000,420.000000
634.400000,-408.540000,366.910000
634.400000,-487.900000,333.976000
634.400000,-405.812000,365.524000
631.686000,-398.000000,350.740000
586.728000,-398.000000,348.430000
575.400000,-420.072000,334.636000
575.400000,-440.284000,362.884000
575.400000,-434.580000,389.218000
593.631000,-522.000000,384.532000
626.907000,-522.000000,377.338000
595.637000,-467.316000,391.000000
633.692000,-471.656000,391.000000
614.871000,-441.152000,391.000000
574.200000,-511.722000,339.664000
574.200000,-410.862000,341.428000
574.200000,-423.162000,329.080000
561.774000,-399.300000,329.374000
549.234000,-399.300000,350.626000
517.200000,-442.227000,319.126000
517.200000,-518.733000,359.824000
517.200000,-419.472000,344.158000
544.617000,-522.300000,350.836000
545.928000,-522.300000,327.022000
544.902000,-447.024000,361.000000
550.830000,-517.749000,361.000000
519.651000,-458.094000,361.000000
480.900000,-498.677000,328.744000
480.900000,-487.796000,345.068000
469.230000,-469.700000,321.912000
478.830000,-469.700000,323.200000
450.900000,-489.980000,343.052000
450.900000,-493.139000,329.332000
470.460000,-508.700000,336.220000
454.920000,-508.700000,335.464000
469.770000,-478.163000,347.000000
456.690000,-482.687000,347.000000
405.300000,-499.724000,318.640000
405.300000,-510.728000,319.632000
390.740000,-475.700000,324.680000
387.126000,-475.700000,321.384000
379.300000,-504.722000,322.728000
379.300000,-485.444000,323.136000
400.698000,-517.700000,320.776000
399.190000,-517.700000,324.888000
399.398000,-477.590000,325.000000
399.970000,-505.226000,325.000000
499.500000,-422.900000,316.876000
499.500000,-410.883000,315.546000
465.874000,-398.500000,315.366000
484.366000,-398.500000,315.108000
453.500000,-451.143000,315.854000
453.500000,-451.082000,316.672000
499.224000,-459.500000,316.344000
471.670000,-459.500000,316.234000
495.636000,-451.814000,315.000000
471.808000,-402.892000,315.000000
1271.200000,-307.517000,385.030000
1271.200000,-332.629000,317.540000
1271.200000,-342.995000,370.410000
1239.630000,-290.800000,364.290000
1237.600000,-290.800000,336.155000
1236.200000,-293.282000,343.465000
1236.200000,-326.716000,354.770000
1236.200000,-337.739000,315.840000
1241.975000,-363.800000,322.725000
1237.075000,-363.800000,373.385000
1238.265000,-342.119000,392.000000
1271.200000,-323.066000,392.000000
1217.300000,-317.234000,380.425000
1217.300000,-337.589000,358.414000
1213.650000,-315.900000,359.110000
1187.800000,-315.900000,377.467000
1167.300000,-320.615000,337.882000
1167.300000,-318.729000,396.520000
1184.150000,-338.900000,316.654000
1200.100000,-338.900000,328.573000
1177.450000,-328.136000,400.000000
1197.450000,-334.576000,400.000000
1167.900000,-369.135000,367.984000
1167.900000,-308.760000,392.953000
1167.900000,-378.480000,399.826000
1158.100000,-276.000000,346.669000
1159.100000,-276.000000,325.006000
1127.900000,-315.480000,325.441000
1127.900000,-355.065000,344.059000
1127.900000,-316.110000,344.059000
1148.220000,-381.000000,391.126000
1139.340000,-381.000000,363.112000
1141.740000,-313.905000,400.000000
1136.100000,-295.005000,400.000000
1100.100000,-332.220000,390.104000
1100.100000,-330.690000,363.086000
1100.100000,-304.770000,411.750000
1058.500000,-300.000000,351.552000
1015.000000,-300.000000,397.688000
1042.800000,-300.000000,361.032000
1079.500000,-300.000000,440.032000
1022.500000,-300.000000,453.146000
1000.100000,-324.615000,470.842000
1000.100000,-317.280000,432.290000
1000.100000,-311.295000,468.314000
1068.000000,-345.000000,432.290000
1091.700000,-345.000000,466.892000
1093.100000,-345.000000,417.754000
1097.400000,-345.000000,446.194000
1084.600000,-345.000000,470.052000
1049.000000,-308.550000,471.000000
1080.800000,-324.795000,471.000000
997.200000,-368.775000,356.605000
997.200000,-351.520000,396.826000
961.980000,-349.700000,329.900000
968.340000,-349.700000,420.697000
970.680000,-349.700000,420.370000
937.200000,-374.830000,412.304000
937.200000,-350.190000,335.568000
988.200000,-384.700000,385.708000
970.020000,-384.700000,359.439000
985.200000,-384.700000,350.501000
975.180000,-350.330000,428.000000
961.800000,-381.935000,428.000000
998.100000,-272.055000,341.018000
998.100000,-273.735000,331.208000
952.620000,-259.000000,423.313000
991.440000,-259.000000,355.079000
979.380000,-259.000000,379.713000
938.100000,-290.150000,396.717000
938.100000,-281.540000,378.950000
939.360000,-294.000000,370.012000
948.720000,-294.000000,402.821000
978.300000,-294.000000,418.735000
984.660000,-288.645000,428.000000
938.820000,-269.150000,428.000000
879.400000,-363.546000,329.118000
879.400000,-377.093000,361.139000
858.033000,-358.900000,382.794000
862.334000,-358.900000,376.688000
856.400000,-360.303000,365.399000
856.400000,-365.225000,392.237000
860.816000,-381.900000,348.075000
874.961000,-381.900000,336.786000
877.537000,-374.448000,396.000000
870.545000,-374.080000,396.000000
830.200000,-351.092000,393.880000
830.200000,-355.252000,393.304000
827.000000,-350.100000,376.312000
818.296000,-350.100000,337.072000
798.200000,-357.524000,358.672000
798.200000,-379.060000,352.840000
809.848000,-382.100000,341.104000
812.216000,-382.100000,368.608000
800.216000,-366.260000,400.000000
805.144000,-351.028000,400.000000
889.700000,-342.380000,386.304000
889.700000,-324.890000,347.928000
872.564000,-296.800000,366.214000
889.511000,-296.800000,365.886000
831.677000,-296.800000,358.752000
826.700000,-318.159000,346.206000
826.700000,-325.155000,383.844000
860.405000,-349.800000,326.116000
830.984000,-349.800000,401.802000
844.214000,-349.800000,388.108000
839.678000,-314.502000,405.000000
878.360000,-317.947000,405.000000
918.300000,-283.748000,329.908000
918.300000,-290.500000,330.722000
875.772000,-261.700000,327.224000
857.532000,-261.700000,333.131000
822.300000,-280.068000,324.529000
822.300000,-267.012000,324.540000
890.076000,-293.700000,332.845000
889.308000,-293.700000,326.949000
855.804000,-266.916000,334.000000
862.812000,-286.308000,334.000000
775.600000,-333.730000,381.865000
775.600000,-325.015000,339.900000
749.198000,-315.600000,355.269000
764.291000,-315.600000,363.662000
732.600000,-341.675000,437.564000
732.600000,-343.460000,387.533000
770.311000,-350.600000,410.968000
746.747000,-350.600000,411.404000
753.799000,-350.285000,438.000000
733.675000,-320.430000,438.000000
769.600000,-279.808000,356.438000
769.600000,-293.872000,370.233000
736.630000,-263.200000,334.633000
732.052000,-263.200000,389.724000
727.600000,-307.216000,401.917000
727.600000,-283.648000,409.215000
729.616000,-311.200000,380.112000
767.878000,-311.200000,339.706000
754.312000,-302.560000,415.000000
753.934000,-287.584000,415.000000
706.400000,-264.925000,326.168000
706.400000,-254.467000,337.320000
659.556000,-253.900000,338.264000
680.724000,-253.900000,324.824000
657.400000,-259.444000,334.344000
657.400000,-257.491000,328.328000
668.131000,-316.900000,330.440000
686.310000,-316.900000,331.816000
695.571000,-294.787000,339.000000
668.670000,-309.214000,339.000000
646.650000,-247.628000,323.025000
646.650000,-296.996000,336.060000
646.650000,-301.220000,368.840000
629.543100,-247.100000,364.605000
625.906200,-247.100000,348.105000
610.415700,-247.100000,351.240000
511.950000,-281.288000,351.130000
511.950000,-337.784000,360.150000
511.950000,-372.236000,333.585000
564.617700,-379.100000,337.710000
541.584000,-379.100000,372.195000
596.272200,-379.100000,370.930000
636.278100,-310.196000,375.000000
624.020400,-279.704000,375.000000
565.156500,-338.840000,375.000000
623.616300,-313.496000,375.000000
599.235600,-352.304000,375.000000
502.100000,-358.589000,350.952000
502.100000,-347.284000,340.740000
502.100000,-319.620000,332.690000
464.127000,-247.800000,339.682000
402.405000,-247.800000,350.814000
484.574000,-247.800000,317.924000
375.100000,-304.990000,328.458000
375.100000,-289.961000,314.888000
375.100000,-356.461000,349.158000
446.474000,-380.800000,317.188000
483.050000,-380.800000,324.962000
438.092000,-380.800000,334.438000
383.482000,-288.631000,355.000000
430.218000,-329.861000,355.000000
472.636000,-357.525000,355.000000
470.096000,-379.337000,355.000000
453.459000,-296.345000,355.000000
1095.100000,-213.732000,349.720000
1095.100000,-166.948000,322.480000
1027.420000,-156.800000,339.960000
1035.340000,-156.800000,331.240000
1093.948000,-156.800000,351.800000
951.100000,-208.486000,330.160000
951.100000,-238.328000,340.000000
1056.652000,-242.800000,320.400000
1020.364000,-242.800000,348.760000
1003.804000,-242.800000,326.160000
981.196000,-168.496000,359.000000
956.428000,-241.682000,359.000000
971.548000,-238.930000,359.000000
1047.148000,-197.650000,359.000000
921.400000,-196.925000,481.875000
921.400000,-196.625000,446.735000
921.400000,-220.175000,517.517000
921.400000,-197.225000,409.336000
921.400000,-208.025000,382.730000
873.325000,-160.100000,420.631000
918.025000,-160.100000,501.704000
855.550000,-160.100000,437.197000
854.800000,-160.100000,539.605000
891.700000,-160.100000,396.033000
846.400000,-218.075000,359.136000
846.400000,-203.450000,556.673000
846.400000,-201.800000,356.626000
846.400000,-180.500000,419.125000
846.400000,-192.425000,409.587000
914.200000,-235.100000,548.892000
854.725000,-235.100000,360.642000
864.025000,-235.100000,527.055000
895.525000,-235.100000,549.394000
881.275000,-235.100000,422.890000
994.700000,-76.005800,323.338000
994.700000,-85.797400,326.938000
956.536000,-70.200000,321.133000
962.928000,-70.200000,319.909000
947.700000,-87.380800,327.937000
947.700000,-74.003800,321.880000
951.225000,-88.400000,325.732000
982.527000,-88.400000,323.851000
971.012000,-84.632600,328.000000
959.074000,-83.413200,328.000000
1000.484296,-47.964395,329.126000
1000.210351,-49.287227,327.560000
960.569317,-37.113902,322.538000
988.412539,-42.879956,333.473000
959.471371,-38.894753,342.950000
956.960783,-51.017924,339.386000
966.519820,-55.809020,336.335000
971.701867,-56.882171,345.299000
983.993648,-52.826727,347.000000
994.248747,-45.765008,347.000000
849.158708,-121.608320,327.095000
853.007577,-115.748976,337.217000
854.446151,-103.573216,342.971000
831.177942,-88.288860,341.816000
826.384461,-91.436319,337.826000
824.535792,-94.250649,325.415000
831.609101,-110.586720,332.702000
819.231129,-102.455912,330.014000
848.015591,-109.277731,344.000000
837.876569,-102.925844,344.000000
885.092662,-92.020354,321.312000
883.015379,-95.344703,321.450000
878.692693,-64.735974,325.842000
866.225538,-56.945631,322.764000
837.892803,-52.444044,324.378000
842.527742,-45.026591,324.078000
861.312542,-82.765521,322.908000
863.536972,-84.155499,325.392000
888.093643,-78.699503,327.000000
835.520036,-61.881746,327.000000
919.140171,-23.745591,334.528000
921.821708,-16.130955,327.568000
904.208681,-0.310339,330.624000
916.659220,-4.694866,331.056000
877.701153,-8.952233,326.720000
876.786381,-11.549868,334.560000
905.906292,-29.533429,322.800000
885.279899,-22.269730,322.064000
885.219351,3.256705,336.000000
908.553937,-7.708725,336.000000
875.994108,5.904505,324.945000
872.712024,-3.415478,326.310000
869.081614,28.507929,321.773000
865.912386,29.623990,316.157000
851.610580,-0.113947,318.588000
857.602767,16.901790,319.004000
867.327805,-14.342455,315.416000
866.575113,-14.077390,321.851000
853.963866,-6.897785,328.000000
859.719535,6.854207,328.000000
783.200000,-205.124000,373.894000
783.200000,-194.925000,346.636000
749.640000,-191.400000,355.029000
764.880000,-191.400000,363.499000
743.200000,-237.037000,336.241000
743.200000,-237.977000,380.362000
747.280000,-238.400000,394.376000
764.120000,-238.400000,397.148000
757.440000,-227.402000,403.000000
777.480000,-235.768000,403.000000
712.800000,-193.550000,322.868000
712.800000,-209.750000,323.990000
712.350000,-187.500000,321.404000
708.840000,-187.500000,325.304000
667.800000,-194.600000,325.940000
667.800000,-218.550000,320.618000
680.085000,-237.500000,324.470000
674.730000,-237.500000,321.932000
690.255000,-217.250000,326.000000
688.455000,-203.150000,326.000000
638.700000,-214.800000,325.715000
638.700000,-212.080000,317.827000
625.232000,-195.800000,318.639000
585.494000,-195.800000,324.178000
564.700000,-202.060000,340.534000
564.700000,-200.820000,330.529000
597.630000,-215.800000,333.458000
622.716000,-215.800000,336.880000
612.282000,-204.280000,345.000000
569.214000,-209.460000,345.000000
423.000000,-220.660000,322.088000
423.000000,-196.860000,345.940000
411.351000,-189.500000,389.283000
411.483000,-189.500000,365.431000
390.000000,-208.860000,367.567000
390.000000,-224.780000,384.922000
410.328000,-229.500000,345.762000
403.695000,-229.500000,315.413000
415.938000,-199.620000,394.000000
411.912000,-191.620000,394.000000
776.400000,-102.380000,319.432000
776.400000,-99.080000,326.722000
747.580000,-65.900000,326.236000
722.555000,-65.900000,319.693000
721.400000,-105.200000,324.040000
721.400000,-96.620000,321.664000
764.685000,-125.900000,321.835000
723.875000,-125.900000,323.635000
772.495000,-70.820000,328.000000
736.030000,-91.220000,328.000000
769.250000,-16.180000,355.440000
769.250000,-35.620000,324.240000
694.537500,1.300000,343.728000
703.675000,1.300000,334.752000
735.602500,1.300000,358.224000
661.750000,-31.780000,331.968000
661.750000,-4.380000,345.264000
764.735000,-38.700000,320.256000
734.312500,-38.700000,355.776000
733.882500,-38.700000,327.408000
669.597500,-35.100000,360.000000
755.167500,-30.380000,360.000000
507.800000,-6.520000,320.526000
507.800000,-7.864000,318.019000
455.840000,6.200000,314.891000
493.400000,6.200000,323.056000
447.800000,-41.704000,309.279000
447.800000,-30.904000,305.093000
455.540000,-41.800000,303.667000
466.160000,-41.800000,310.130000
460.760000,-29.272000,326.000000
476.060000,-1.576000,326.000000
247.353414,-575.295829,322.618000
238.919044,-583.730198,322.050000
248.199820,-573.350578,322.374000
235.830402,-560.981159,322.269000
231.390478,-561.560280,322.130000
227.915755,-565.035002,322.488000
223.505530,-578.354773,322.885000
232.949648,-587.798891,322.707000
230.796508,-572.816005,323.000000
227.113896,-568.034549,323.000000
296.500000,-348.152000,312.475000
296.500000,-326.768000,312.448000
294.619000,-326.000000,312.231000
291.991000,-326.000000,312.667000
287.500000,-334.160000,312.986000
287.500000,-326.816000,312.886000
291.748000,-350.000000,312.742000
292.594000,-350.000000,312.105000
292.027000,-335.528000,313.000000
293.584000,-347.624000,313.000000
283.000000,-317.268000,312.332000
283.000000,-314.118000,312.845000
273.880000,-310.500000,312.087000
279.856000,-310.500000,312.064000
259.000000,-315.099000,312.843000
259.000000,-316.476000,312.283000
274.432000,-319.500000,312.599000
263.728000,-319.500000,312.502000
274.504000,-312.534000,313.000000
265.696000,-312.939000,313.000000
161.965954,-564.845556,323.504000
155.194304,-568.295884,323.944000
172.917143,-535.147978,329.552000
169.198961,-527.850635,325.696000
140.660658,-531.930424,327.600000
154.489079,-524.884491,327.448000
143.739437,-565.991076,325.640000
143.969610,-566.442816,329.200000
176.976843,-547.961504,330.000000
157.756208,-561.781813,330.000000
140.983037,-300.765701,313.090000
145.720652,-296.028085,314.282000
130.344615,-275.666946,314.602000
138.511698,-283.834029,314.720000
108.367736,-283.883526,314.112000
107.112622,-285.138641,313.156000
130.164303,-310.841972,313.624000
117.096970,-297.774639,313.594000
130.945656,-307.486751,315.000000
135.266078,-280.941962,315.000000
129.824144,-603.146419,401.474000
115.925253,-617.045310,326.306000
127.736764,-605.233798,381.116000
126.786413,-575.874725,380.159000
141.567773,-590.656085,345.359000
123.697771,-575.331667,358.931000
96.714576,-602.314861,364.412000
120.948539,-578.080898,325.349000
76.706282,-627.617971,337.703000
75.552284,-626.463972,383.465000
90.011203,-611.597759,410.000000
107.083590,-594.864784,410.000000
67.111784,-554.442888,327.580000
-9.048360,-437.166550,324.360000
75.749901,-562.574024,325.140000
97.484887,-548.459159,326.550000
91.928838,-511.870348,322.700000
92.959295,-513.457113,328.740000
4.545003,-403.728539,320.250000
-9.883485,-413.098509,320.930000
51.528528,-467.351778,330.000000
14.699815,-448.610635,330.000000
8.912228,-463.853981,330.000000
121.775266,-460.741362,333.530000
165.463348,-424.367653,338.326000
175.122376,-401.585495,328.162000
173.678893,-399.851743,321.144000
126.838409,-394.067129,322.772000
96.473164,-419.348546,325.962000
99.354983,-448.116137,339.404000
94.717412,-442.545999,330.780000
137.784122,-407.626512,342.000000
152.547610,-390.837734,342.000000
65.145930,-332.361798,330.048000
71.146031,-339.512440,321.854000
116.552161,-373.363611,321.718000
128.955953,-362.955594,329.300000
100.345246,-324.527547,347.422000
105.602477,-330.792871,336.746000
57.520809,-306.846089,339.126000
49.946162,-313.201973,344.192000
107.313209,-358.021922,348.000000
81.311951,-346.300913,348.000000
43.030921,-300.223913,322.824000
22.114702,-321.140132,332.724000
43.511754,-247.428492,314.772000
45.050418,-248.967157,339.951000
-9.676819,-262.421985,339.720000
20.759886,-231.985280,314.178000
14.390268,-314.473529,331.635000
3.891146,-303.974407,321.405000
52.486353,-258.999588,345.000000
5.605173,-292.032788,345.000000
364.000000,-168.554000,306.145000
364.000000,-166.323000,303.442000
278.614000,-131.500000,318.997000
344.164000,-131.500000,307.165000
250.000000,-216.957000,314.832000
250.000000,-200.079000,310.888000
251.368000,-228.500000,310.684000
277.360000,-228.500000,314.611000
340.288000,-214.532000,320.000000
261.172000,-153.616000,320.000000
305.062000,-152.355000,320.000000
323.644000,-192.125000,320.000000
307.191760,-49.584000,303.588000
287.370370,-66.814472,308.922000
296.510180,-20.958084,314.158000
298.876979,-23.680774,311.988000
292.884265,-20.813412,310.742000
281.957579,-30.311835,315.054000
260.272488,-56.703444,307.326000
274.289648,-72.828342,304.120000
287.713137,-63.879203,317.000000
286.292184,-55.430562,317.000000
209.000000,-3.800000,310.898000
209.000000,-9.310000,310.821000
205.542000,0.000000,310.654000
192.470000,0.000000,310.040000
171.000000,-21.185000,310.410000
171.000000,-91.865000,310.259000
184.452000,-95.000000,310.165000
190.000000,-95.000000,310.478000
174.002000,-48.830000,311.000000
182.514000,-91.865000,311.000000
170.000000,-186.835000,323.305000
170.000000,-100.620000,317.398000
125.290000,0.000000,320.621000
158.950000,0.000000,319.807000
0.000000,-84.710000,317.926000
0.000000,-128.570000,322.216000
89.420000,-215.000000,315.242000
22.270000,-215.000000,324.625000
37.740000,-73.745000,326.000000
154.020000,-72.455000,326.000000
102.680000,-130.290000,326.000000
68.510000,-17.845000,326.000000
124.610000,-178.020000,326.000000
163.540000,-138.675000,326.000000
155.210000,-143.190000,326.000000
59.160000,-12.040000,326.000000
91.970000,-78.690000,326.000000
