1522.700000,-1107.378000,305.216000
1522.700000,-1090.374000,304.424000
1518.807000,-1072.200000,304.728000
1521.561000,-1072.200000,304.862000
1505.700000,-1086.279000,304.240000
1505.700000,-1095.600000,305.300000
1514.064000,-1111.200000,305.750000
1507.944000,-1111.200000,305.738000
1511.973000,-1086.864000,306.000000
1521.204000,-1085.265000,306.000000
1493.900000,-1060.862000,307.626000
1493.900000,-1086.498000,306.026000
1472.564000,-1052.600000,307.136000
1481.036000,-1052.600000,306.464000
1469.900000,-1053.280000,306.648000
1469.900000,-1054.946000,306.902000
1473.548000,-1086.600000,306.158000
1484.324000,-1086.600000,307.340000
1473.860000,-1076.978000,308.000000
1472.564000,-1082.044000,308.000000
1570.100000,-975.060000,301.119000
1570.100000,-973.960000,306.698000
1552.564000,-963.400000,306.404000
1569.940000,-963.400000,301.231000
1538.100000,-977.000000,304.696000
1538.100000,-974.160000,302.764000
1564.052000,-983.400000,302.988000
1540.340000,-983.400000,304.297000
1568.852000,-964.540000,308.000000
1548.020000,-971.340000,308.000000
1526.200000,-980.620000,305.420000
1526.200000,-954.670000,313.300000
1523.080000,-952.900000,320.540000
1519.090000,-952.900000,317.680000
1511.200000,-963.070000,315.640000
1511.200000,-953.110000,302.060000
1518.265000,-982.900000,310.760000
1519.285000,-982.900000,306.440000
1522.555000,-964.840000,321.000000
1518.835000,-980.740000,321.000000
1508.400000,-963.720000,304.825000
1508.400000,-972.820000,304.744000
1471.986000,-956.300000,302.629000
1468.794000,-956.300000,306.715000
1466.400000,-984.244000,309.424000
1466.400000,-969.628000,308.686000
1471.860000,-984.300000,307.228000
1466.736000,-984.300000,301.657000
1489.584000,-976.964000,310.000000
1496.136000,-969.152000,310.000000
1506.431641,-738.823061,316.983000
1486.848507,-723.796394,305.859000
1475.868762,-727.968500,310.395000
1477.187339,-726.250097,311.772000
1497.009608,-755.542256,303.807000
1508.621920,-764.452697,317.685000
1519.973219,-754.267113,324.192000
1516.364481,-758.970112,323.598000
1477.607807,-732.320488,327.000000
1520.933452,-752.177947,327.000000
1427.300000,-622.922000,323.012000
1427.300000,-606.164000,308.324000
1422.836000,-569.000000,318.602000
1406.156000,-569.000000,312.266000
1403.300000,-587.069000,314.210000
1403.300000,-592.598000,316.208000
1414.076000,-626.000000,309.800000
1426.004000,-626.000000,320.150000
1406.756000,-592.940000,326.000000
1405.844000,-598.697000,326.000000
1390.800000,-626.004000,308.304000
1390.800000,-624.562000,314.552000
1340.100000,-622.000000,314.344000
1369.800000,-622.000000,308.304000
1330.800000,-635.678000,312.392000
1330.800000,-634.362000,310.056000
1337.280000,-636.000000,310.440000
1355.700000,-636.000000,311.808000
1387.200000,-632.640000,316.000000
1349.100000,-622.728000,316.000000
1366.100000,-603.442000,310.662000
1366.100000,-607.444000,314.820000
1357.515000,-574.600000,318.978000
1352.177000,-574.600000,317.229000
1349.100000,-603.856000,316.283000
1349.100000,-590.792000,308.638000
1362.156000,-620.600000,313.599000
1364.128000,-620.600000,311.047000
1361.612000,-579.246000,319.000000
1357.668000,-601.418000,319.000000
1347.700000,-620.247000,308.892000
1347.700000,-590.645000,308.842000
1343.600000,-580.600000,308.404000
1340.500000,-580.600000,309.280000
1322.700000,-592.736000,309.914000
1322.700000,-614.261000,309.718000
1333.375000,-621.600000,309.426000
1331.525000,-621.600000,308.156000
1335.975000,-598.681000,310.000000
1340.275000,-585.274000,310.000000
1448.900000,-1088.016000,309.250000
1448.900000,-1100.652000,307.110000
1418.412000,-1079.700000,308.030000
1420.891000,-1079.700000,308.205000
1411.900000,-1105.485000,306.810000
1411.900000,-1087.530000,309.295000
1415.119000,-1106.700000,310.585000
1442.314000,-1106.700000,310.390000
1423.999000,-1100.814000,311.000000
1445.311000,-1097.115000,311.000000
1344.200000,-1095.966000,308.000000
1344.200000,-1084.338000,308.000000
1334.540000,-1073.900000,308.000000
1339.680000,-1073.900000,308.000000
1324.200000,-1094.810000,308.000000
1324.200000,-1099.706000,308.000000
1339.120000,-1107.900000,308.000000
1330.040000,-1107.900000,308.000000
1326.660000,-1078.048000,308.000000
1326.240000,-1079.884000,308.000000
1442.100000,-1061.980000,303.944000
1442.100000,-1058.960000,316.168000
1437.272000,-1042.200000,316.024000
1418.470000,-1042.200000,303.672000
1408.100000,-1047.680000,312.120000
1408.100000,-1046.760000,307.176000
1421.904000,-1062.200000,308.200000
1433.974000,-1062.200000,310.680000
1439.346000,-1051.460000,319.000000
1418.334000,-1056.340000,319.000000
1434.000000,-1013.260000,308.260000
1434.000000,-1014.118000,315.480000
1362.622000,-1006.000000,303.360000
1419.404000,-1006.000000,319.860000
1345.000000,-1026.526000,318.480000
1345.000000,-1021.334000,304.240000
1350.785000,-1028.000000,313.600000
1365.470000,-1028.000000,308.620000
1408.635000,-1023.666000,323.000000
1389.500000,-1011.236000,323.000000
1344.900000,-1048.830000,313.939000
1344.900000,-1062.400000,313.225000
1316.318000,-1009.300000,309.791000
1305.654000,-1009.300000,316.948000
1282.900000,-1044.287000,322.626000
1282.900000,-1019.094000,320.671000
1327.788000,-1068.300000,318.478000
1326.238000,-1068.300000,307.394000
1314.582000,-1017.796000,323.000000
1326.238000,-1054.671000,323.000000
1446.100000,-942.674000,311.394000
1446.100000,-956.954000,305.164000
1443.196000,-942.300000,307.978000
1443.652000,-942.300000,308.230000
1422.100000,-950.868000,304.548000
1422.100000,-963.890000,311.296000
1431.316000,-976.300000,315.132000
1426.132000,-976.300000,314.362000
1429.444000,-958.790000,316.000000
1443.652000,-952.500000,316.000000
1399.000000,-966.383000,305.625000
1399.000000,-986.546000,303.081000
1363.900000,-954.800000,304.893000
1373.305000,-954.800000,303.738000
1354.000000,-984.896000,304.161000
1354.000000,-958.232000,304.395000
1355.935000,-987.800000,303.426000
1382.665000,-987.800000,305.052000
1358.590000,-982.025000,306.000000
1358.365000,-982.223000,306.000000
1337.700000,-974.136000,304.320000
1337.700000,-967.569000,307.312000
1330.660000,-951.300000,307.340000
1337.060000,-951.300000,304.188000
1321.700000,-970.143000,306.364000
1321.700000,-970.209000,305.064000
1332.948000,-984.300000,305.384000
1323.396000,-984.300000,305.940000
1336.068000,-956.778000,308.000000
1326.436000,-963.246000,308.000000
1430.300000,-915.976000,313.644000
1430.300000,-915.832000,327.789000
1425.647000,-915.400000,303.599000
1406.377000,-915.400000,336.768000
1383.300000,-919.558000,334.595000
1383.300000,-916.156000,304.747000
1400.314000,-933.400000,324.591000
1410.325000,-933.400000,313.726000
1415.918000,-924.508000,343.000000
1406.565000,-931.474000,343.000000
1308.000000,-863.356000,331.424000
1308.000000,-876.460000,328.640000
1294.338000,-836.500000,319.712000
1290.396000,-836.500000,339.152000
1290.000000,-900.580000,355.952000
1290.000000,-873.292000,349.664000
1290.396000,-908.500000,344.240000
1290.792000,-908.500000,312.176000
1298.820000,-897.484000,356.000000
1302.492000,-867.028000,356.000000
1302.100000,-771.764000,327.068000
1302.100000,-755.436000,313.699000
1295.830000,-753.200000,319.992000
1295.395000,-753.200000,320.050000
1287.100000,-767.500000,312.887000
1287.100000,-778.680000,326.401000
1297.315000,-779.200000,334.811000
1294.795000,-779.200000,332.752000
1291.375000,-758.062000,336.000000
1300.495000,-778.030000,336.000000
1356.800000,-780.610000,332.984000
1356.800000,-789.055000,307.928000
1351.256000,-779.800000,325.908000
1290.848000,-779.800000,314.279000
1284.800000,-782.935000,318.832000
1284.800000,-786.535000,320.630000
1309.280000,-794.800000,311.727000
1355.504000,-794.800000,326.952000
1290.632000,-787.720000,336.000000
1291.496000,-787.090000,336.000000
1451.000000,-767.525000,303.636000
1451.000000,-763.820000,329.988000
1373.615000,-761.600000,330.816000
1410.575000,-761.600000,301.836000
1346.000000,-774.620000,322.032000
1346.000000,-775.370000,309.720000
1346.000000,-776.600000,313.212000
1393.355000,-776.600000,317.604000
1438.085000,-774.635000,336.000000
1376.660000,-761.855000,336.000000
1446.700000,-750.395000,310.980000
1446.700000,-748.323000,322.788000
1441.156000,-723.200000,302.160000
1434.744000,-723.200000,330.672000
1432.700000,-742.736000,329.376000
1432.700000,-737.519000,302.556000
1441.926000,-760.200000,320.592000
1445.580000,-760.200000,310.440000
1442.122000,-730.933000,336.000000
1439.574000,-743.476000,336.000000
1445.200000,-707.040000,324.432000
1445.200000,-709.050000,320.832000
1440.496000,-705.900000,312.720000
1418.068000,-705.900000,331.344000
1361.200000,-708.705000,300.960000
1361.200000,-718.740000,341.856000
1387.996000,-720.900000,337.248000
1393.876000,-720.900000,304.368000
1400.596000,-714.150000,348.000000
1419.160000,-707.070000,348.000000
1359.800000,-716.892000,341.946000
1359.800000,-728.917000,321.870000
1348.360000,-701.500000,331.698000
1347.128000,-701.500000,331.068000
1343.800000,-732.839000,321.408000
1343.800000,-713.525000,340.266000
1359.448000,-738.500000,353.160000
1357.528000,-738.500000,349.464000
1348.024000,-734.430000,354.000000
1358.024000,-724.033000,354.000000
1342.600000,-709.698000,350.514000
1342.600000,-702.908000,313.512000
1328.725000,-699.100000,340.266000
1332.943000,-699.100000,322.710000
1305.600000,-706.184000,330.018000
1305.600000,-710.216000,331.908000
1329.206000,-713.100000,319.728000
1317.699000,-713.100000,341.106000
1307.820000,-702.334000,354.000000
1308.856000,-701.060000,354.000000
1302.800000,-706.304000,317.124000
1302.800000,-728.864000,347.154000
1302.222000,-703.200000,348.834000
1290.390000,-703.200000,314.352000
1285.800000,-708.512000,338.586000
1285.800000,-711.616000,323.550000
1290.849000,-735.200000,328.296000
1299.332000,-735.200000,332.748000
1300.352000,-721.472000,354.000000
1290.679000,-724.672000,354.000000
1268.400000,-1066.990000,312.542000
1268.400000,-1061.215000,317.846000
1251.050000,-1042.900000,308.377000
1263.425000,-1042.900000,321.569000
1243.400000,-1088.275000,321.229000
1243.400000,-1083.160000,308.292000
1267.325000,-1097.900000,317.081000
1250.025000,-1097.900000,312.015000
1259.700000,-1093.060000,324.000000
1255.550000,-1054.010000,324.000000
1228.600000,-1097.649000,309.650000
1228.600000,-1100.284000,309.195000
1225.070000,-1073.500000,308.425000
1221.920000,-1073.500000,310.290000
1218.600000,-1088.504000,307.205000
1218.600000,-1079.731000,311.385000
1224.760000,-1104.500000,310.985000
1225.940000,-1104.500000,307.480000
1223.080000,-1081.312000,312.000000
1225.450000,-1096.223000,312.000000
1220.900000,-1095.690000,311.202000
1220.900000,-1098.450000,309.720000
1220.528000,-1094.500000,310.470000
1216.653000,-1094.500000,310.377000
1189.900000,-1095.940000,309.735000
1189.900000,-1101.200000,311.034000
1198.425000,-1104.500000,309.003000
1196.193000,-1104.500000,311.691000
1197.433000,-1100.430000,312.000000
1217.304000,-1097.140000,312.000000
1216.600000,-1063.600000,307.938000
1216.600000,-1070.590000,307.041000
1211.224000,-1056.700000,307.694000
1211.752000,-1056.700000,307.260000
1208.600000,-1068.745000,307.449000
1208.600000,-1058.785000,307.479000
1216.080000,-1071.700000,307.205000
1213.976000,-1071.700000,307.698000
1208.912000,-1070.710000,308.000000
1209.264000,-1068.625000,308.000000
1195.000000,-1079.800000,309.426000
1195.000000,-1067.452000,311.526000
1191.690000,-1051.000000,311.694000
1194.250000,-1051.000000,309.183000
1185.000000,-1067.668000,310.962000
1185.000000,-1072.888000,309.840000
1190.940000,-1087.000000,310.227000
1186.410000,-1087.000000,310.497000
1193.350000,-1060.864000,312.000000
1187.830000,-1062.736000,312.000000
1187.000000,-1081.366000,313.817000
1187.000000,-1103.388000,317.073000
1172.135000,-1077.700000,311.122000
1178.840000,-1077.700000,319.482000
1172.000000,-1080.872000,319.438000
1172.000000,-1079.702000,310.880000
1175.810000,-1103.700000,316.743000
1181.150000,-1103.700000,313.289000
1181.465000,-1093.690000,321.000000
1179.230000,-1099.982000,321.000000
1148.400000,-1089.625000,311.000000
1148.400000,-1090.575000,311.000000
1115.900000,-1077.600000,311.000000
1147.750000,-1077.600000,311.000000
1098.400000,-1097.150000,311.000000
1098.400000,-1091.250000,311.000000
1144.050000,-1102.600000,311.000000
1102.350000,-1102.600000,311.000000
1119.750000,-1101.475000,311.000000
1132.450000,-1087.300000,311.000000
1231.100000,-1016.084000,310.510000
1231.100000,-999.100000,309.488000
1224.280000,-998.000000,310.022000
1220.496000,-998.000000,309.926000
1209.100000,-1007.702000,309.532000
1209.100000,-998.330000,310.364000
1221.706000,-1020.000000,309.044000
1221.156000,-1020.000000,310.802000
1214.006000,-1004.512000,311.000000
1228.460000,-1018.218000,311.000000
1206.100000,-1011.383000,313.795000
1206.100000,-1028.521000,309.225000
1192.534000,-1004.700000,312.575000
1192.786000,-1004.700000,310.320000
1192.100000,-1008.841000,311.350000
1192.100000,-1024.544000,311.415000
1195.348000,-1045.700000,310.130000
1192.338000,-1045.700000,312.510000
1192.352000,-1030.776000,314.000000
1193.206000,-1023.150000,314.000000
1143.300000,-1023.541000,314.282000
1143.300000,-1005.164000,323.844000
1119.436000,-999.900000,324.866000
1127.340000,-999.900000,312.910000
1105.300000,-1035.620000,321.450000
1105.300000,-1044.691000,315.976000
1139.196000,-1046.900000,318.020000
1123.768000,-1046.900000,319.042000
1136.232000,-1045.819000,326.000000
1115.864000,-1046.007000,326.000000
1268.000000,-933.640000,310.576000
1268.000000,-931.630000,312.529000
1259.648000,-925.200000,308.861000
1242.219000,-925.200000,314.062000
1239.000000,-929.390000,314.153000
1239.000000,-929.420000,308.595000
1254.979000,-935.200000,312.438000
1266.695000,-935.200000,310.128000
1256.690000,-928.370000,315.000000
1252.833000,-930.320000,315.000000
1238.900000,-953.372000,312.288000
1238.900000,-953.042000,311.792000
1226.589000,-947.300000,311.308000
1234.246000,-947.300000,312.668000
1225.900000,-949.907000,310.332000
1225.900000,-976.703000,313.544000
1228.630000,-980.300000,313.356000
1231.412000,-980.300000,310.420000
1231.178000,-969.014000,314.000000
1234.688000,-948.719000,314.000000
1224.200000,-964.100000,313.104000
1224.200000,-969.140000,310.996000
1216.916000,-949.400000,312.128000
1214.264000,-949.400000,311.872000
1212.200000,-970.064000,311.148000
1212.200000,-959.480000,312.748000
1222.640000,-977.400000,310.172000
1222.916000,-977.400000,313.624000
1214.624000,-977.372000,314.000000
1222.700000,-965.472000,314.000000
1179.800000,-975.680000,313.920000
1179.800000,-968.132000,310.200000
1173.682000,-965.300000,312.944000
1172.969000,-965.300000,311.076000
1156.800000,-970.076000,311.964000
1156.800000,-975.248000,311.952000
1168.967000,-977.300000,310.988000
1165.126000,-977.300000,312.828000
1179.731000,-969.368000,314.000000
1158.502000,-966.560000,314.000000
1190.200000,-940.980000,313.128000
1190.200000,-957.810000,324.467000
1129.084000,-934.800000,325.980000
1139.644000,-934.800000,311.190000
1124.200000,-936.510000,321.832000
1124.200000,-943.740000,314.913000
1136.674000,-964.800000,317.667000
1179.046000,-964.800000,318.636000
1176.538000,-955.200000,327.000000
1142.218000,-953.880000,327.000000
1268.300000,-865.512000,310.945000
1268.300000,-860.056000,312.260000
1260.110000,-853.500000,309.720000
1265.010000,-853.500000,313.355000
1254.300000,-869.274000,313.500000
1254.300000,-870.374000,309.450000
1266.172000,-875.500000,312.275000
1258.500000,-875.500000,310.545000
1262.546000,-853.940000,314.000000
1260.922000,-857.174000,314.000000
1257.000000,-848.727000,312.186000
1257.000000,-847.509000,311.906000
1254.060000,-830.100000,311.696000
1248.552000,-830.100000,312.344000
1245.000000,-837.996000,311.208000
1245.000000,-835.056000,312.780000
1251.096000,-851.100000,312.720000
1254.228000,-851.100000,311.218000
1249.620000,-837.681000,313.000000
1253.064000,-844.758000,313.000000
1157.500000,-849.440000,316.000000
1157.500000,-853.400000,316.000000
1145.748000,-842.600000,316.000000
1155.251000,-842.600000,316.000000
1144.500000,-843.680000,316.000000
1144.500000,-863.750000,316.000000
1146.671000,-872.600000,316.000000
1147.594000,-872.600000,316.000000
1146.853000,-863.630000,316.000000
1155.823000,-849.470000,316.000000
1145.100000,-866.220000,316.000000
1145.100000,-871.065000,316.000000
1125.395000,-857.700000,316.000000
1122.630000,-857.700000,316.000000
1110.100000,-868.125000,316.000000
1110.100000,-860.310000,316.000000
1139.010000,-872.700000,316.000000
1134.845000,-872.700000,316.000000
1144.260000,-858.330000,316.000000
1112.550000,-869.100000,316.000000
1259.300000,-798.281000,310.795000
1259.300000,-793.898000,310.145000
1254.840000,-790.100000,310.039000
1257.080000,-790.100000,310.926000
1239.300000,-793.286000,310.283000
1239.300000,-795.887000,310.707000
1249.020000,-799.100000,310.528000
1242.820000,-799.100000,310.488000
1254.740000,-793.547000,310.000000
1244.680000,-792.719000,310.000000
1213.100000,-764.289000,313.000000
1213.100000,-807.233000,313.000000
1201.634000,-749.100000,313.000000
1205.560000,-749.100000,313.000000
1200.100000,-749.954000,313.000000
1200.100000,-755.932000,313.000000
1201.985000,-810.100000,313.000000
1208.485000,-810.100000,313.000000
1207.484000,-793.203000,313.000000
1206.184000,-799.242000,313.000000
1200.200000,-784.490000,323.438000
1200.200000,-778.024000,320.769000
1193.154000,-748.500000,319.273000
1199.563000,-748.500000,324.492000
1187.200000,-789.553000,315.125000
1187.200000,-783.941000,328.215000
1197.665000,-809.500000,327.960000
1188.682000,-809.500000,314.938000
1191.932000,-752.404000,330.000000
1195.871000,-770.033000,330.000000
1142.500000,-805.180000,323.726000
1142.500000,-781.390000,319.806000
1135.063000,-781.000000,322.011000
1123.334000,-781.000000,321.339000
1105.500000,-789.658000,320.303000
1105.500000,-782.300000,322.872000
1122.668000,-807.000000,318.595000
1127.071000,-807.000000,324.405000
1111.420000,-791.504000,325.000000
1137.542000,-803.984000,325.000000
1270.600000,-743.323000,312.088000
1270.600000,-746.898000,312.236000
1227.550000,-739.800000,315.112000
1221.250000,-739.800000,313.112000
1220.600000,-752.696000,314.132000
1220.600000,-746.547000,313.988000
1226.800000,-752.800000,313.156000
1223.200000,-752.800000,314.864000
1268.400000,-749.485000,316.000000
1223.850000,-745.195000,316.000000
1238.100000,-715.784000,320.842000
1238.100000,-692.288000,331.620000
1215.220000,-688.900000,333.694000
1218.036000,-688.900000,318.343000
1194.100000,-717.588000,329.529000
1194.100000,-732.416000,322.066000
1228.552000,-732.900000,325.381000
1217.024000,-732.900000,325.789000
1227.144000,-692.640000,334.000000
1205.716000,-730.524000,334.000000
1172.300000,-727.064000,317.860000
1172.300000,-716.056000,318.322000
1167.646000,-696.600000,317.372000
1148.250000,-696.600000,318.760000
1146.300000,-706.552000,318.884000
1146.300000,-711.256000,317.198000
1157.818000,-728.600000,318.394000
1172.040000,-728.600000,317.636000
1160.522000,-710.232000,319.000000
1158.338000,-711.864000,319.000000
1138.700000,-689.895000,320.905000
1138.700000,-687.585000,320.386000
1115.208000,-685.500000,320.170000
1127.668000,-685.500000,321.043000
1110.700000,-700.050000,319.438000
1110.700000,-699.405000,321.700000
1113.556000,-700.500000,321.703000
1123.552000,-700.500000,319.357000
1120.304000,-696.990000,322.000000
1129.236000,-685.620000,322.000000
1202.900000,-655.426000,337.297000
1202.900000,-656.240000,324.049000
1162.064000,-641.500000,331.662000
1132.134000,-641.500000,329.086000
1120.900000,-655.360000,326.050000
1120.900000,-650.212000,334.123000
1183.302000,-663.500000,320.438000
1196.996000,-663.500000,339.137000
1132.298000,-643.854000,341.000000
1191.584000,-653.358000,341.000000
1148.800000,-642.656000,316.301000
1148.800000,-608.644000,316.448000
1142.480000,-599.800000,321.593000
1135.520000,-599.800000,317.974000
1108.800000,-612.516000,319.878000
1108.800000,-637.860000,319.507000
1125.640000,-643.800000,318.170000
1124.680000,-643.800000,321.040000
1146.200000,-619.512000,323.000000
1111.240000,-602.880000,323.000000
1251.400000,-602.572000,312.717000
1251.400000,-622.636000,319.504000
1171.334000,-587.500000,310.033000
1172.902000,-587.500000,310.913000
1153.400000,-633.052000,318.338000
1153.400000,-603.532000,313.322000
1161.240000,-635.500000,315.654000
1238.268000,-635.500000,315.731000
1224.940000,-625.324000,321.000000
1178.880000,-616.348000,321.000000
1253.000000,-577.755000,320.432000
1253.000000,-569.523000,327.280000
1212.455000,-564.000000,312.624000
1230.050000,-564.000000,334.288000
1168.000000,-576.768000,336.816000
1168.000000,-580.863000,309.296000
1230.900000,-585.000000,328.976000
1196.475000,-585.000000,316.304000
1212.710000,-566.709000,338.000000
1207.015000,-566.772000,338.000000
994.600000,-1096.030000,359.952000
994.600000,-1089.196000,347.222000
987.256000,-1062.200000,343.537000
954.694000,-1062.200000,361.895000
940.600000,-1071.312000,327.189000
940.600000,-1071.448000,376.568000
962.146000,-1096.200000,377.774000
984.016000,-1096.200000,324.241000
957.988000,-1078.146000,383.000000
976.132000,-1084.742000,383.000000
1076.100000,-1016.344000,327.480000
1076.100000,-1015.750000,316.806000
1049.036000,-998.200000,323.070000
1069.028000,-998.200000,320.748000
1042.100000,-1048.258000,318.678000
1042.100000,-1038.214000,324.690000
1044.106000,-1052.200000,314.286000
1051.382000,-1052.200000,328.632000
1046.112000,-1041.940000,330.000000
1071.238000,-1008.676000,330.000000
1024.800000,-1031.858000,318.576000
1024.800000,-1041.524000,318.612000
980.210000,-995.300000,325.380000
958.454000,-995.300000,320.583000
926.800000,-1026.998000,323.175000
926.800000,-1006.640000,322.554000
997.164000,-1049.300000,320.979000
999.516000,-1049.300000,324.525000
1016.372000,-1003.400000,327.000000
932.288000,-1034.450000,327.000000
1011.570000,-1033.424000,327.000000
995.200000,-932.414000,338.028000
995.200000,-947.954000,380.699000
988.018000,-931.700000,320.704000
986.002000,-931.700000,325.248000
932.200000,-942.032000,374.309000
932.200000,-960.218000,340.797000
956.014000,-973.700000,356.985000
945.493000,-973.700000,356.346000
976.867000,-952.322000,390.000000
948.265000,-942.452000,390.000000
1073.100000,-901.568000,321.608000
1073.100000,-927.328000,324.380000
1025.112000,-885.100000,318.192000
1034.970000,-885.100000,327.446000
1011.100000,-926.730000,328.776000
1011.100000,-891.908000,316.512000
1013.394000,-931.100000,325.346000
1053.260000,-931.100000,319.578000
1042.410000,-923.326000,329.000000
1039.248000,-921.302000,329.000000
1021.800000,-856.010000,324.062000
1021.800000,-844.805000,322.826000
1007.511000,-824.600000,322.592000
1019.028000,-824.600000,324.140000
988.800000,-850.025000,321.128000
988.800000,-852.365000,325.454000
1011.768000,-869.600000,325.658000
993.750000,-869.600000,320.768000
998.733000,-832.340000,326.000000
1010.349000,-838.910000,326.000000
1078.200000,-753.506000,359.407000
1078.200000,-804.320000,330.784000
1075.410000,-751.400000,347.892000
1061.610000,-751.400000,341.077000
1048.200000,-763.496000,336.424000
1048.200000,-756.044000,351.370000
1058.880000,-805.400000,324.956000
1066.770000,-805.400000,361.663000
1051.110000,-779.102000,365.000000
1073.760000,-797.246000,365.000000
1028.200000,-776.292000,321.870000
1028.200000,-782.628000,321.606000
995.112000,-758.100000,338.480000
1027.232000,-758.100000,326.424000
984.200000,-800.532000,333.112000
984.200000,-784.740000,331.242000
984.860000,-806.100000,327.744000
988.072000,-806.100000,336.060000
1023.492000,-799.044000,342.000000
986.488000,-776.340000,342.000000
986.200000,-786.400000,330.069000
986.200000,-745.720000,342.354000
963.128000,-743.200000,324.945000
958.704000,-743.200000,325.932000
930.200000,-775.780000,340.800000
930.200000,-744.640000,330.531000
968.000000,-803.200000,335.676000
961.392000,-803.200000,335.130000
968.784000,-754.840000,345.000000
944.256000,-797.860000,345.000000
1023.800000,-683.120000,334.860000
1023.800000,-714.926000,338.480000
1017.268000,-679.400000,329.980000
935.480000,-679.400000,342.860000
931.800000,-691.986000,325.080000
931.800000,-709.966000,327.240000
962.528000,-741.400000,340.200000
934.192000,-741.400000,331.620000
976.328000,-712.508000,345.000000
973.200000,-706.804000,345.000000
958.020000,-697.008000,345.000000
1083.800000,-628.660000,323.879000
1083.800000,-610.840000,322.325000
1050.905000,-604.600000,322.171000
1064.495000,-604.600000,323.858000
1038.800000,-656.320000,320.463000
1038.800000,-662.320000,325.391000
1083.530000,-664.600000,325.748000
1061.075000,-664.600000,319.924000
1051.400000,-657.100000,326.000000
1068.005000,-662.980000,326.000000
987.100000,-650.178000,325.804000
987.100000,-643.865000,324.552000
980.080000,-606.400000,325.314000
970.936000,-606.400000,324.990000
969.100000,-637.198000,324.826000
969.100000,-631.829000,325.428000
980.854000,-665.400000,324.336000
986.452000,-665.400000,325.866000
970.468000,-619.085000,326.000000
984.364000,-636.136000,326.000000
965.000000,-629.234000,327.802000
965.000000,-632.342000,327.309000
964.216000,-626.200000,340.637000
959.128000,-626.200000,331.032000
949.000000,-632.897000,336.489000
949.000000,-659.500000,334.755000
953.992000,-663.200000,332.341000
955.928000,-663.200000,338.478000
962.952000,-646.772000,343.000000
949.752000,-627.495000,343.000000
1066.900000,-564.842000,327.580000
1066.900000,-579.638000,337.804000
970.476000,-542.000000,323.188000
953.204000,-542.000000,323.746000
930.900000,-587.360000,336.778000
930.900000,-561.926000,327.688000
1063.092000,-596.000000,332.386000
1053.572000,-596.000000,331.630000
1021.748000,-590.438000,340.000000
964.356000,-572.564000,340.000000
982.716000,-590.546000,340.000000
813.700000,-1090.683000,324.654000
813.700000,-1068.748000,326.469000
801.188000,-1059.400000,321.970000
803.330000,-1059.400000,328.878000
779.700000,-1079.900000,319.275000
779.700000,-1093.758000,320.287000
801.154000,-1100.400000,327.591000
792.314000,-1100.400000,322.696000
795.442000,-1069.117000,330.000000
794.830000,-1063.377000,330.000000
892.700000,-999.412000,335.488000
892.700000,-1066.877000,331.680000
890.656000,-988.700000,331.584000
836.198000,-988.700000,335.184000
819.700000,-1005.077000,327.680000
819.700000,-1020.321000,338.688000
840.943000,-1091.700000,339.760000
881.020000,-1091.700000,326.192000
838.607000,-1048.234000,340.000000
866.712000,-1053.384000,340.000000
887.590000,-1010.021000,340.000000
809.800000,-1022.440000,335.999000
809.800000,-1013.200000,327.653000
789.877000,-995.800000,332.814000
802.753000,-995.800000,330.500000
780.800000,-1044.940000,329.642000
780.800000,-1042.360000,333.347000
808.350000,-1055.800000,326.457000
789.761000,-1055.800000,336.194000
782.395000,-1050.880000,337.000000
805.247000,-1005.340000,337.000000
773.400000,-1091.825000,324.032000
773.400000,-1092.725000,323.312000
755.356000,-1072.200000,336.112000
736.376000,-1072.200000,326.816000
721.400000,-1084.150000,332.208000
721.400000,-1078.325000,330.320000
753.120000,-1097.200000,328.304000
761.856000,-1097.200000,333.824000
765.652000,-1078.675000,338.000000
723.584000,-1089.450000,338.000000
772.800000,-1007.200000,360.748000
772.800000,-1019.912000,420.364000
772.800000,-1049.760000,328.348000
772.650000,-1000.200000,334.396000
768.275000,-1000.200000,336.016000
747.800000,-1007.928000,415.936000
747.800000,-1040.184000,359.668000
747.800000,-1026.688000,367.012000
754.525000,-1056.200000,389.584000
753.975000,-1056.200000,383.320000
763.975000,-1033.744000,433.000000
753.850000,-1012.520000,433.000000
840.300000,-945.598000,364.730000
840.300000,-967.699000,376.352000
803.060000,-920.900000,345.698000
803.900000,-920.900000,393.434000
784.300000,-963.141000,326.588000
784.300000,-930.599000,332.438000
836.324000,-973.900000,385.556000
824.396000,-973.900000,349.520000
809.052000,-970.720000,401.000000
808.996000,-960.703000,401.000000
844.200000,-877.462000,345.519000
844.200000,-851.524000,340.164000
824.050000,-824.200000,340.395000
836.822000,-824.200000,344.763000
782.200000,-854.296000,335.271000
782.200000,-867.232000,349.362000
818.656000,-890.200000,330.126000
793.670000,-890.200000,332.961000
796.956000,-842.680000,351.000000
821.880000,-842.812000,351.000000
769.300000,-831.903000,389.472000
769.300000,-870.956000,347.955000
751.588000,-824.700000,374.037000
758.716000,-824.700000,361.752000
751.300000,-830.384000,358.665000
751.300000,-830.629000,375.549000
755.746000,-873.700000,343.230000
763.072000,-873.700000,389.346000
751.912000,-855.129000,393.000000
766.402000,-864.537000,393.000000
749.758305,-851.741507,339.324000
750.002754,-851.224372,335.418000
749.618867,-827.925551,386.889000
758.110010,-831.939296,349.215000
729.896309,-856.320536,371.517000
733.375002,-848.961304,363.012000
738.785513,-871.472770,356.145000
727.444701,-866.111993,376.809000
738.386225,-869.434640,393.000000
738.550406,-839.435348,393.000000
869.700000,-760.916000,331.336000
869.700000,-742.832000,340.966000
854.550000,-742.700000,326.944000
843.400000,-742.700000,326.908000
819.700000,-752.270000,340.534000
819.700000,-743.998000,330.850000
848.000000,-764.700000,336.142000
849.300000,-764.700000,334.792000
851.000000,-749.344000,343.000000
831.550000,-761.950000,343.000000
907.900000,-746.240000,335.008000
907.900000,-768.320000,337.384000
874.195000,-736.100000,330.616000
873.075000,-736.100000,341.326000
872.900000,-741.740000,326.206000
872.900000,-767.780000,327.268000
880.810000,-796.100000,339.814000
875.035000,-796.100000,331.210000
887.635000,-774.680000,343.000000
888.160000,-760.460000,343.000000
831.510174,-792.874109,481.960000
839.628098,-777.213045,428.844000
832.375350,-791.205016,452.756000
816.029889,-761.917195,434.136000
822.342257,-765.189216,471.768000
832.210325,-770.304337,390.036000
787.048524,-780.865709,386.116000
782.575382,-789.495275,514.692000
784.434589,-785.908501,523.120000
817.877406,-807.929269,338.292000
803.694555,-800.577577,361.616000
805.452430,-801.488773,460.204000
791.502611,-793.491949,529.000000
809.049186,-800.514727,529.000000
909.000000,-658.550000,350.136000
909.000000,-650.267000,333.960000
891.234000,-630.500000,344.280000
850.221000,-630.500000,339.216000
846.000000,-644.129000,338.424000
846.000000,-645.878000,344.472000
880.335000,-663.500000,332.544000
908.937000,-663.500000,349.728000
846.819000,-641.192000,351.000000
898.542000,-645.944000,351.000000
840.600000,-646.193000,343.337000
840.600000,-644.790000,337.643000
791.668000,-641.800000,398.452000
819.696000,-641.800000,353.630000
788.600000,-643.479000,380.640000
788.600000,-663.305000,369.617000
799.208000,-664.800000,362.755000
812.936000,-664.800000,385.604000
830.668000,-657.072000,404.000000
790.316000,-664.777000,404.000000
897.700000,-611.716000,405.195000
897.700000,-616.396000,516.780000
897.700000,-607.864000,387.135000
848.500000,-592.600000,352.520000
826.278000,-592.600000,348.865000
876.790000,-592.600000,533.120000
825.294000,-592.600000,351.015000
864.736000,-592.600000,536.775000
815.700000,-618.952000,515.060000
815.700000,-607.144000,395.950000
815.700000,-626.224000,464.105000
886.548000,-628.600000,462.600000
892.534000,-628.600000,443.035000
865.966000,-628.600000,395.305000
869.000000,-628.600000,359.400000
854.322000,-628.600000,344.780000
906.700000,-578.496000,333.655000
906.700000,-549.256000,335.395000
874.980000,-541.000000,329.995000
865.220000,-541.000000,338.680000
784.700000,-557.813000,326.320000
784.700000,-578.539000,326.965000
848.506000,-584.000000,337.660000
834.232000,-584.000000,330.250000
833.622000,-555.835000,340.000000
837.282000,-543.623000,340.000000
878.396000,-556.566000,340.000000
556.822727,-1133.406703,348.430000
547.393057,-1147.386763,339.820000
534.068847,-1109.620316,341.110000
537.260642,-1111.773209,346.390000
530.777404,-1109.430274,333.760000
525.407474,-1117.391522,352.960000
518.546129,-1138.955303,326.440000
538.654435,-1152.518527,329.500000
524.746714,-1130.638820,355.000000
539.103428,-1136.580858,355.000000
531.113879,-1168.204061,482.615000
535.795442,-1161.263359,372.746000
508.571593,-1134.322018,443.819000
524.791713,-1145.262628,407.567000
523.983401,-1144.717415,428.714000
522.528440,-1143.736031,399.776000
474.768225,-1135.500972,405.023000
473.186827,-1137.845490,442.388000
515.600805,-1172.837384,366.068000
488.764858,-1154.736310,477.209000
505.308303,-1165.895004,326.636000
474.915786,-1145.394993,405.977000
538.918572,-1155.703215,485.000000
528.685696,-1152.043367,485.000000
490.912169,-1106.019355,337.590000
493.262259,-1104.116290,331.795000
507.647918,-1086.954535,383.645000
501.882085,-1079.834324,345.154000
490.964928,-1082.814960,368.761000
492.923336,-1081.229073,358.513000
482.931284,-1100.924474,353.816000
486.465548,-1105.288926,371.872000
499.956488,-1093.785136,387.000000
485.113568,-1088.224986,387.000000
598.030941,-1062.248734,367.946000
594.143657,-1065.396595,422.664000
576.224226,-1079.907464,370.562000
577.476659,-1014.184699,341.241000
601.511663,-1043.865457,337.535000
574.410610,-1010.398444,335.573000
572.507210,-1010.858909,423.645000
538.374959,-1038.498660,361.406000
542.404461,-1035.235634,409.693000
532.150030,-1055.140933,397.049000
536.414305,-1060.406874,385.277000
538.564063,-1063.061605,374.704000
560.899895,-1062.340512,434.000000
573.147051,-1026.770121,434.000000
619.883906,-1033.414906,345.136000
616.913654,-1035.820169,348.304000
609.654072,-1008.012783,337.328000
605.838503,-1003.300947,355.312000
589.054643,-997.902252,329.488000
594.179143,-993.752513,330.320000
609.924957,-1030.593518,353.680000
607.884071,-1028.073234,337.328000
607.268413,-1006.134557,358.000000
601.390712,-1013.736677,358.000000
625.670586,-1010.075467,334.822000
644.450318,-994.867939,331.478000
653.163007,-978.598057,332.138000
654.450597,-980.188098,333.887000
624.731892,-968.372540,329.443000
612.876530,-977.972823,336.296000
611.898864,-999.146792,326.759000
606.499295,-992.478880,327.705000
626.932383,-974.021654,337.000000
641.264521,-981.566560,337.000000
667.446353,-950.800644,327.234000
649.177206,-965.594708,338.661000
666.339260,-934.789130,356.718000
668.718091,-937.726741,347.202000
664.944906,-933.524883,347.202000
660.804273,-936.877902,355.743000
638.503603,-957.619522,337.647000
643.695496,-964.030976,364.284000
653.939357,-961.178654,366.000000
651.190260,-960.586825,366.000000
433.884897,-1097.577496,328.211000
438.976757,-1093.454189,328.100000
436.840781,-1061.451466,328.966000
450.470602,-1078.282894,328.319000
400.730749,-1061.373977,328.722000
402.101634,-1060.263856,328.538000
414.469271,-1100.563614,328.477000
394.733784,-1076.192316,328.757000
443.868655,-1074.801874,329.000000
413.155996,-1052.825439,329.000000
443.213556,-1055.803314,354.975000
442.368021,-1056.488014,386.565000
463.324846,-1032.993641,339.050000
457.319871,-1025.578114,335.800000
442.045984,-1023.293047,388.190000
447.815515,-1018.620972,350.035000
432.778447,-1046.120483,372.330000
435.543681,-1049.535262,364.270000
449.144138,-1036.380661,393.000000
432.912286,-1038.150001,393.000000
527.609595,-1020.686687,365.616000
522.189001,-1025.076196,370.928000
521.921836,-1000.018012,350.000000
533.834241,-1014.728607,384.944000
496.054334,-1016.644162,334.320000
506.245049,-1008.391884,334.960000
497.410554,-1019.008587,382.704000
497.106593,-1018.633226,348.976000
506.912141,-1018.476458,390.000000
516.978806,-1012.189148,390.000000
502.127572,-1003.336272,368.327000
518.039635,-990.450937,352.647000
511.497413,-980.536652,356.371000
511.700054,-980.786893,363.378000
486.918800,-986.056622,344.366000
503.592466,-972.554553,374.109000
488.509346,-1007.764304,332.410000
485.440780,-1003.974940,335.840000
504.189513,-976.628777,377.000000
488.916955,-1002.817335,377.000000
539.993329,-1011.588659,328.918000
547.648217,-1005.389854,338.336000
552.726864,-989.256338,354.622000
525.676156,-955.851496,345.782000
518.696936,-959.349122,346.326000
514.888921,-962.432792,353.228000
520.010744,-988.580688,337.996000
506.349457,-971.710404,360.640000
548.513634,-1001.214802,362.000000
544.110359,-995.816936,362.000000
604.527033,-956.795384,329.155000
614.197838,-948.964121,328.525000
600.877786,-923.306881,332.935000
609.329559,-933.743952,329.615000
551.605214,-955.900803,331.715000
551.320779,-956.131134,330.710000
551.952703,-959.819395,330.490000
560.661239,-970.573541,331.805000
576.621824,-968.280121,333.000000
552.033152,-956.429262,333.000000
565.959803,-941.241748,353.852000
566.576079,-940.742697,380.585000
590.988539,-910.211420,339.887000
586.548684,-904.728655,336.068000
555.972445,-927.454439,382.979000
564.742537,-920.352558,348.551000
546.225152,-951.863200,369.014000
548.546715,-954.730091,361.034000
585.995419,-914.998516,386.000000
564.430766,-925.395631,386.000000
627.816085,-931.997769,339.520000
662.354006,-904.029512,340.708000
664.666418,-893.413427,335.110000
658.294549,-885.544824,344.650000
628.746888,-873.339840,330.718000
602.518211,-894.579403,330.592000
610.409909,-912.219067,344.326000
611.146213,-913.128328,334.534000
631.142685,-890.971374,346.000000
651.369636,-879.224247,346.000000
700.668563,-850.467637,440.252000
686.407935,-862.015666,395.431000
692.119958,-857.390161,345.024000
695.278497,-818.307756,407.800000
694.529605,-817.382953,424.558000
654.511967,-842.807926,375.215000
676.466341,-825.029625,453.685000
659.369130,-838.874674,392.771000
653.888184,-846.645763,342.763000
672.302099,-869.385054,349.812000
663.214360,-841.795770,461.000000
683.062201,-847.475976,461.000000
726.867813,-813.824485,332.312000
735.455276,-806.870495,350.252000
731.724074,-793.562983,384.476000
734.374772,-796.836322,365.363000
711.022453,-791.913297,367.571000
706.262434,-795.767884,380.474000
715.744730,-813.555530,350.735000
709.729686,-806.127569,395.585000
735.880875,-804.059133,398.000000
734.873965,-800.948609,398.000000
763.900000,-675.538000,346.348000
763.900000,-689.750000,339.341000
761.170000,-675.500000,334.392000
747.457000,-675.500000,350.072000
742.900000,-680.459000,371.436000
742.900000,-681.504000,360.803000
751.153000,-694.500000,359.431000
760.708000,-694.500000,371.534000
758.125000,-684.544000,383.000000
743.215000,-687.261000,383.000000
742.392701,-708.096564,348.280000
743.293413,-707.367182,366.400000
725.098575,-676.414673,338.480000
740.306102,-695.194405,335.160000
705.523901,-680.048150,368.720000
707.532046,-678.421986,343.920000
705.830014,-682.811281,358.920000
713.334660,-692.078747,352.680000
721.828723,-697.012843,370.000000
722.968667,-678.313151,370.000000
766.000000,-631.474000,358.796000
766.000000,-641.536000,360.596000
733.223000,-578.200000,349.976000
713.367000,-578.200000,368.480000
693.000000,-623.440000,341.192000
693.000000,-598.012000,340.364000
744.976000,-656.200000,368.408000
750.378000,-656.200000,348.248000
716.141000,-590.446000,371.000000
723.149000,-631.318000,371.000000
711.396000,-612.598000,371.000000
765.700000,-538.520000,351.300000
765.700000,-551.320000,344.240000
759.220000,-537.600000,346.420000
754.300000,-537.600000,348.620000
705.700000,-547.200000,341.520000
705.700000,-566.520000,353.000000
727.960000,-577.600000,336.640000
721.000000,-577.600000,337.380000
712.480000,-557.480000,354.000000
742.420000,-546.080000,354.000000
708.600000,-551.688000,340.835000
708.600000,-573.108000,393.295000
708.600000,-555.930000,429.845000
676.344000,-536.400000,503.375000
680.922000,-536.400000,440.380000
699.612000,-536.400000,360.830000
666.600000,-574.158000,450.700000
666.600000,-544.464000,487.465000
666.600000,-573.906000,506.815000
667.902000,-578.400000,398.240000
697.008000,-578.400000,534.550000
690.624000,-578.400000,438.015000
422.538902,-1022.410396,339.920000
429.533216,-1016.746513,333.560000
425.808268,-992.840045,330.160000
435.028442,-1004.226011,342.320000
395.106102,-981.573821,360.400000
392.728035,-983.499541,351.080000
406.101783,-1016.175035,350.600000
390.775944,-997.249199,359.840000
425.697917,-1001.189116,369.000000
402.089904,-976.612013,369.000000
485.350876,-964.185755,367.196000
463.192891,-982.128938,403.030000
483.385038,-959.469964,347.106000
465.054823,-936.834034,338.988000
445.177334,-923.372353,409.098000
447.365777,-921.600187,356.864000
438.284975,-954.624528,389.008000
449.476809,-968.445292,374.822000
455.627495,-951.582627,410.000000
438.112389,-944.495944,410.000000
501.990849,-946.276373,331.410000
500.102384,-947.805622,331.575000
487.516549,-910.001299,330.185000
508.913442,-936.424261,332.670000
459.077469,-916.688965,328.965000
465.558867,-911.440433,328.765000
456.492995,-919.360873,332.745000
460.331849,-924.101463,329.860000
468.787756,-927.869771,333.000000
484.560150,-922.367730,333.000000
537.941512,-919.647963,347.606000
525.258490,-929.918472,339.836000
556.501505,-873.350120,342.482000
551.592806,-867.288382,344.435000
508.995124,-865.882712,337.337000
530.864012,-848.173637,349.034000
512.629171,-914.513243,332.213000
510.061544,-911.342488,332.633000
528.182864,-857.447700,350.000000
516.565242,-906.693541,350.000000
626.130058,-850.707446,330.350000
604.587572,-868.152207,333.755000
628.027010,-846.662143,341.690000
629.178666,-848.084320,337.040000
601.235336,-832.264007,338.015000
585.334930,-845.139902,340.325000
569.938328,-870.269539,334.355000
565.048509,-864.231114,343.610000
601.894631,-865.970793,344.000000
607.052174,-858.706074,344.000000
574.108043,-849.601386,329.058000
582.198133,-843.050160,327.826000
569.928156,-825.037773,327.350000
574.666939,-830.889682,329.359000
544.760275,-834.763952,332.642000
564.577497,-818.716282,330.892000
560.037181,-860.493908,330.927000
551.560236,-850.025752,332.425000
557.072191,-851.159663,334.000000
543.171603,-836.282050,334.000000
579.023152,-823.245735,344.465000
582.927534,-820.084030,359.165000
594.483351,-804.302810,335.890000
589.918260,-798.665393,331.830000
576.636387,-808.450625,327.350000
577.631134,-807.645095,339.495000
569.868296,-824.754252,353.775000
564.640531,-818.298501,347.160000
587.841686,-807.389405,362.000000
579.681303,-809.414115,362.000000
636.678544,-785.652340,348.496000
635.912278,-786.272849,349.040000
638.120605,-783.377968,340.656000
633.488807,-777.658174,356.048000
622.131397,-771.697196,332.848000
604.800265,-785.731670,331.056000
607.389620,-791.509819,357.040000
609.541896,-794.167659,338.064000
616.870750,-783.034361,358.000000
608.825924,-792.868773,358.000000
675.250435,-802.041462,339.698000
670.202095,-806.129527,334.294000
659.258998,-762.524738,336.268000
652.798395,-754.546557,337.360000
629.622273,-764.358364,332.852000
639.110448,-756.674992,340.426000
661.140655,-810.929847,329.436000
660.410643,-810.028357,329.492000
630.658745,-768.817922,341.000000
658.663741,-785.844176,341.000000
700.743245,-773.223639,334.441000
728.067697,-751.096734,340.982000
725.256690,-730.082695,357.877000
725.665748,-730.587840,347.771000
682.193392,-723.907036,350.282000
664.054805,-738.595374,354.560000
678.218874,-767.336774,342.718000
671.611009,-759.176741,361.349000
721.100154,-748.117651,362.000000
727.945793,-738.456531,362.000000
438.110801,-915.892171,334.670000
422.595082,-928.456553,331.214000
440.112465,-912.595894,330.278000
409.015228,-874.194004,335.156000
397.990166,-868.602127,343.868000
392.912295,-872.714107,339.098000
387.349233,-899.876248,339.476000
410.759952,-928.786078,343.040000
412.766645,-909.450130,347.000000
386.975837,-877.601134,347.000000
457.702113,-897.760683,337.861000
462.481561,-893.890363,345.556000
448.931375,-865.430340,333.225000
460.089225,-879.209138,330.717000
420.966205,-869.604655,328.589000
420.779690,-869.755692,334.878000
443.316632,-906.167182,342.934000
426.579856,-885.498985,339.039000
431.301973,-887.755029,347.000000
442.880211,-863.439879,347.000000
491.914818,-872.010842,339.584000
492.567621,-871.482213,339.600000
521.737191,-833.423719,335.664000
513.097880,-822.755059,343.104000
486.021819,-834.319833,331.760000
494.554881,-827.409895,330.592000
473.924681,-869.721131,343.840000
478.472780,-875.337565,334.096000
500.948935,-833.017712,344.000000
486.215444,-851.148265,344.000000
486.149402,-824.567386,356.768000
480.267962,-829.330082,344.275000
490.560483,-820.995363,349.173000
487.162153,-816.798775,351.064000
471.079130,-805.888822,341.609000
450.126498,-822.855929,357.853000
446.011787,-834.309982,334.045000
446.434691,-834.832224,333.642000
455.961108,-819.675266,359.000000
478.589046,-818.305868,359.000000
544.251406,-825.318547,330.828000
536.550667,-831.554483,336.454000
546.690356,-808.079983,352.752000
546.293884,-807.590381,342.805000
526.230081,-816.750257,345.647000
538.064459,-807.166966,349.156000
532.288847,-833.199026,338.571000
530.453749,-830.932868,355.507000
532.561016,-831.218341,356.000000
537.011223,-826.502874,356.000000
523.101046,-810.020800,329.016000
533.429316,-801.657132,327.762000
535.230027,-786.242750,327.552000
538.567942,-790.364733,329.076000
510.167272,-776.744538,332.082000
504.431935,-781.388923,330.390000
509.797356,-802.506489,330.618000
502.244252,-793.179183,331.704000
527.682925,-790.604280,333.000000
536.419309,-799.104634,333.000000
578.369701,-795.263154,333.020000
560.930546,-809.385103,338.064000
545.008281,-746.771648,329.848000
558.072972,-762.905198,327.911000
541.612996,-747.822573,326.676000
540.330705,-748.860951,330.758000
529.963172,-775.862958,336.491000
547.219137,-797.172300,333.605000
546.060243,-777.960099,339.000000
533.626314,-769.422353,339.000000
584.935803,-748.234296,330.470000
586.284929,-747.141796,330.374000
590.073007,-732.598949,329.000000
594.795427,-738.430652,331.688000
570.141294,-742.200019,327.536000
573.078906,-739.821188,327.002000
573.052961,-756.073383,326.066000
566.586065,-748.087431,328.316000
567.863880,-748.241643,332.000000
583.805156,-738.251022,332.000000
612.458809,-746.459005,334.490000
609.474569,-748.875596,330.300000
625.945255,-723.308534,332.040000
620.447512,-716.519387,332.490000
601.809509,-713.906333,329.600000
609.386682,-707.770459,334.680000
599.751106,-738.631926,327.160000
601.281613,-740.521945,326.870000
605.191244,-712.361971,335.000000
604.375936,-736.286807,335.000000
604.126822,-712.152318,329.049000
589.004338,-724.398263,334.923000
603.398400,-694.290050,353.997000
612.054702,-704.979692,342.150000
598.811329,-697.155325,345.912000
575.866872,-715.735380,349.377000
557.644463,-734.718602,337.860000
556.568325,-733.389682,356.604000
580.004457,-728.308480,357.000000
593.307878,-716.917937,357.000000
670.648212,-714.807099,332.140000
693.542932,-696.267321,327.640000
671.061308,-666.121303,327.260000
675.207270,-671.241141,332.020000
621.488425,-676.123576,342.360000
654.408328,-649.465565,336.400000
643.434879,-727.346449,337.480000
631.726373,-712.887649,340.780000
633.958534,-714.690728,345.000000
652.762062,-728.663079,345.000000
316.129248,-1036.039065,331.732000
326.620719,-1027.543240,336.196000
322.701391,-982.946100,328.804000
263.060698,-909.295977,326.824000
246.873229,-918.408942,325.876000
243.271158,-921.325842,329.452000
271.842629,-991.646468,334.936000
229.788294,-939.713689,332.080000
284.908673,-959.872864,337.000000
262.505739,-938.929080,337.000000
327.035791,-998.023414,337.000000
381.385246,-964.375755,352.810000
387.509933,-959.416081,351.690000
377.544822,-937.407664,344.235000
385.238264,-946.908273,359.355000
372.880471,-939.093797,335.695000
322.503538,-979.888233,332.020000
324.459949,-984.673422,327.120000
329.400114,-990.774018,339.685000
342.833564,-970.245128,361.000000
329.963669,-986.393044,361.000000
345.574544,-957.788983,351.340000
342.217274,-960.507647,341.770000
326.616612,-888.299608,345.950000
304.193297,-860.609121,346.588000
267.788429,-877.948625,340.582000
279.454944,-868.501267,351.406000
316.155138,-961.187614,335.214000
324.817104,-971.884251,334.202000
298.352871,-854.340671,352.000000
319.074433,-920.687922,352.000000
306.167542,-901.145351,352.000000
365.611326,-879.930462,349.968000
388.871305,-861.094903,371.352000
367.682420,-878.253323,344.028000
382.078015,-843.063741,449.760000
376.187576,-835.789655,400.128000
354.347641,-808.819582,433.656000
336.008709,-811.255500,417.420000
319.057601,-824.982236,429.036000
330.910632,-815.383842,391.284000
339.838796,-856.052295,385.212000
336.802954,-852.303343,457.944000
326.562653,-839.657623,348.912000
373.490286,-855.391455,459.000000
383.484720,-845.908421,459.000000
408.030952,-836.409208,335.316000
397.306338,-845.093829,329.992000
378.662630,-789.702517,329.948000
380.928184,-792.500243,334.810000
374.328431,-786.495398,346.558000
366.378227,-792.933345,339.628000
358.708822,-812.732088,341.190000
386.763925,-847.377255,344.446000
381.861802,-826.641132,349.000000
399.907411,-842.061055,349.000000
458.226958,-792.628313,335.148000
465.550004,-786.698227,340.118000
448.718117,-756.902859,331.732000
458.000593,-768.365762,329.184000
418.054529,-749.240491,328.316000
414.886104,-751.806230,332.250000
442.884177,-792.601967,338.886000
426.249980,-772.060445,335.316000
446.800394,-755.950480,341.000000
438.112158,-747.194961,341.000000
485.035398,-770.537349,326.000000
488.618818,-767.635553,326.000000
496.850773,-743.654811,326.000000
476.446947,-718.458185,326.000000
460.637310,-715.662477,326.000000
461.516262,-714.950716,326.000000
464.348881,-749.599773,326.000000
477.562092,-765.916730,326.000000
467.361011,-724.472453,326.000000
469.159838,-737.569043,326.000000
580.055506,-685.646395,340.856000
579.334314,-686.230404,333.624000
570.324881,-662.570524,336.936000
581.046613,-675.810760,337.128000
567.954435,-660.703141,333.032000
550.600765,-674.755865,340.632000
548.552272,-681.765048,329.112000
551.474836,-685.374114,328.136000
569.151966,-694.024255,341.000000
575.235157,-675.131695,341.000000
550.160892,-712.521193,325.975000
545.157626,-716.572758,326.700000
549.384803,-684.789477,329.750000
544.904042,-679.256197,327.795000
522.711816,-683.278634,328.530000
532.177454,-675.613511,328.890000
536.035648,-714.386099,327.310000
535.557364,-713.795468,329.985000
556.552975,-696.175913,330.000000
542.672676,-707.467428,330.000000
517.936569,-685.432609,331.384000
537.552511,-669.547933,327.256000
546.863679,-658.224824,327.480000
546.969405,-658.355385,330.760000
528.474687,-658.884376,339.560000
515.475366,-669.411018,334.264000
510.653479,-681.836627,335.656000
508.812087,-679.562698,337.768000
531.804842,-666.618142,341.000000
541.780396,-665.818010,341.000000
592.876899,-639.050325,338.678000
579.267761,-650.031515,347.492000
582.946482,-614.643987,332.334000
586.643301,-619.225504,327.186000
580.556492,-611.728221,325.964000
576.065251,-615.352196,332.880000
560.432064,-632.922623,345.620000
571.358621,-646.464053,338.574000
570.779127,-633.554079,349.000000
567.327767,-629.184399,349.000000
284.412895,-839.330791,355.245000
287.450311,-837.203970,353.005000
284.489991,-820.548905,346.705000
291.027041,-829.884781,360.670000
266.909239,-816.184520,338.165000
266.791281,-816.267115,333.335000
275.084677,-838.498767,329.590000
265.270784,-824.483076,341.000000
278.362642,-814.183180,362.000000
279.085601,-821.146878,362.000000
248.641715,-869.177525,320.168000
249.105019,-868.808996,327.616000
264.770446,-833.405637,330.738000
240.168667,-802.476963,330.682000
207.542725,-780.480165,327.322000
212.812808,-776.288152,333.748000
214.583082,-829.747828,323.892000
227.534499,-846.029990,322.814000
261.862113,-854.534321,334.000000
228.059987,-834.565602,334.000000
329.088508,-796.440159,326.000000
324.743072,-799.921510,326.000000
307.019742,-754.358680,326.000000
333.601934,-787.538678,326.000000
277.343390,-767.421883,326.000000
286.633633,-759.978995,326.000000
280.636047,-772.606574,326.000000
281.633309,-773.851360,326.000000
309.091487,-795.687998,326.000000
320.449200,-787.857285,326.000000
287.182975,-712.740591,325.680000
278.033363,-721.124665,324.584000
298.372236,-693.547874,324.704000
298.047277,-693.193244,325.460000
278.024291,-703.500537,327.724000
292.137254,-690.568389,326.332000
275.737607,-719.172877,326.748000
274.323597,-717.629756,327.208000
296.486502,-696.421940,328.000000
281.132760,-717.914310,328.000000
342.764106,-715.755226,329.368000
348.997786,-710.043111,331.622000
355.153850,-702.137027,327.660000
356.194259,-703.272434,326.155000
345.351719,-699.820698,325.945000
341.891677,-702.991243,327.688000
338.422952,-712.002013,331.237000
336.044875,-709.406797,329.221000
345.761387,-704.233193,332.000000
345.279517,-702.301147,332.000000
340.496178,-693.677409,328.140000
344.054279,-690.417011,327.735000
340.862438,-685.499426,326.920000
342.489259,-687.274790,328.830000
326.619647,-696.898515,325.700000
339.843453,-684.781129,324.925000
326.452192,-697.896960,324.475000
328.618134,-700.260671,326.020000
329.831768,-695.369813,329.000000
328.934844,-698.356414,329.000000
364.248043,-692.266125,324.132000
365.375661,-691.319942,326.192000
366.570483,-671.918957,327.152000
357.902492,-661.588847,327.068000
346.118154,-669.622097,326.176000
348.479103,-667.641026,327.944000
353.332058,-691.923664,325.196000
339.668322,-675.639858,324.820000
372.490403,-683.267840,328.000000
359.780036,-679.963940,328.000000
396.838009,-692.680580,326.948000
407.937150,-664.212755,327.396000
406.671904,-659.474487,329.968000
401.547602,-657.476605,328.272000
387.218264,-662.295638,328.992000
378.636453,-684.306843,329.148000
385.628792,-688.836214,328.016000
387.063596,-689.395621,326.024000
398.699303,-673.646503,330.000000
392.696253,-690.915513,330.000000
434.366289,-645.540375,334.379000
427.201054,-655.223635,328.850000
422.991519,-621.665512,329.743000
421.033324,-620.216524,333.011000
397.289052,-646.893370,344.088000
408.929734,-631.161891,337.172000
397.427648,-650.021340,339.452000
418.081946,-665.304717,341.333000
412.858955,-652.032760,345.000000
429.555974,-650.773539,345.000000
402.884139,-605.074721,354.605000
401.751160,-604.124038,369.599000
384.646793,-623.691473,342.649000
388.462380,-619.144233,331.330000
366.722568,-647.834367,330.644000
367.398219,-648.401306,342.061000
393.820183,-617.426224,367.688000
382.877366,-630.467365,352.792000
377.627624,-632.714664,372.000000
371.681324,-639.348472,372.000000
581.737357,-575.716819,342.376000
552.863610,-599.944769,340.048000
580.645157,-573.743112,336.520000
572.499752,-564.035797,345.304000
559.949679,-570.501520,330.664000
555.647574,-574.111415,326.560000
533.609370,-601.697131,324.784000
539.452309,-608.660475,331.816000
552.040489,-580.145777,346.000000
551.016537,-586.738323,346.000000
562.900000,-540.629000,323.296000
562.900000,-538.277000,335.272000
531.580000,-533.300000,341.416000
551.060000,-533.300000,340.528000
522.900000,-552.494000,335.560000
522.900000,-550.688000,345.784000
524.740000,-554.300000,329.680000
537.340000,-554.300000,327.040000
559.860000,-550.562000,346.000000
545.740000,-535.526000,346.000000
501.110249,-656.393640,332.482000
498.992136,-658.170948,335.266000
511.912383,-631.750842,325.377000
506.306632,-625.070169,341.617000
486.838312,-633.123220,347.301000
494.265113,-626.891394,347.968000
487.652052,-657.288839,340.225000
489.821460,-659.874239,325.319000
510.353653,-638.768624,354.000000
498.512739,-650.466631,354.000000
499.352514,-597.350568,321.000000
491.933393,-603.147020,321.000000
497.856419,-593.730171,321.000000
494.849528,-589.881526,321.000000
470.974223,-572.568445,321.000000
456.273883,-584.053609,321.000000
458.134583,-599.737962,321.000000
456.631137,-597.813640,321.000000
475.254150,-593.452695,321.000000
494.863038,-599.449521,321.000000
470.500000,-565.790000,321.000000
470.500000,-569.010000,321.000000
462.890000,-563.200000,321.000000
463.470000,-563.200000,321.000000
460.500000,-569.451000,321.000000
460.500000,-564.845000,321.000000
460.740000,-570.200000,321.000000
468.180000,-570.200000,321.000000
463.620000,-569.108000,321.000000
462.190000,-568.093000,321.000000
450.265966,-583.922312,321.000000
452.676872,-578.101871,321.000000
451.274016,-570.487404,321.000000
453.574476,-571.440286,321.000000
442.122411,-577.451334,321.000000
441.068500,-579.995698,321.000000
445.355787,-587.519053,321.000000
441.226046,-585.808458,321.000000
445.638968,-571.757657,321.000000
447.740320,-573.504803,321.000000
435.331612,-572.974782,321.296000
426.578426,-596.637720,323.228000
435.037082,-571.234509,324.320000
429.249369,-569.093569,324.104000
423.339135,-573.688494,323.344000
423.734642,-572.619300,324.980000
418.676231,-597.169176,322.364000
422.421222,-598.554490,321.856000
429.397460,-585.941382,325.000000
423.474718,-591.299362,325.000000
479.100000,-550.420000,321.000000
479.100000,-550.730000,321.000000
448.020000,-546.500000,321.000000
474.480000,-546.500000,321.000000
437.100000,-555.210000,321.000000
437.100000,-552.930000,321.000000
437.226000,-556.500000,321.000000
444.450000,-556.500000,321.000000
466.458000,-555.160000,321.000000
469.272000,-549.420000,321.000000
406.882835,-577.185713,321.000000
403.758117,-585.455038,321.000000
413.514295,-548.348129,321.000000
411.830496,-547.711874,321.000000
400.384471,-566.092576,321.000000
406.308709,-550.414534,321.000000
399.945922,-585.981510,321.000000
399.777543,-585.917884,321.000000
409.610092,-555.681504,321.000000
405.282920,-580.429595,321.000000
400.964871,-545.412169,321.000000
397.361613,-555.936423,321.000000
401.054582,-543.359563,321.000000
401.149191,-543.391954,321.000000
390.480762,-545.161678,321.000000
387.061166,-555.149502,321.000000
386.443083,-566.895579,321.000000
384.465765,-566.218592,321.000000
390.111630,-555.223595,321.000000
390.598036,-549.882169,321.000000
1344.700931,-494.282213,353.896000
1361.409666,-485.020410,346.616000
1354.771415,-471.460560,340.232000
1356.817796,-475.152330,358.880000
1316.257870,-486.038024,326.512000
1349.801285,-467.444605,315.144000
1319.906189,-507.569965,312.848000
1315.843969,-500.241526,327.408000
1315.496148,-488.525151,360.000000
1318.442231,-493.543001,360.000000
1269.500000,-517.220000,311.660000
1269.500000,-511.010000,324.736000
1244.995000,-494.600000,332.828000
1205.410000,-494.600000,330.868000
1204.500000,-509.870000,325.996000
1204.500000,-510.170000,309.000000
1246.100000,-524.600000,319.136000
1207.815000,-524.600000,315.132000
1261.830000,-501.440000,337.000000
1241.030000,-507.080000,337.000000
1269.000000,-419.905000,313.300000
1269.000000,-419.242000,314.623000
1268.001000,-416.200000,308.155000
1256.715000,-416.200000,319.222000
1242.000000,-422.752000,324.031000
1242.000000,-454.732000,323.821000
1250.100000,-455.200000,318.886000
1256.040000,-455.200000,307.420000
1260.306000,-438.391000,328.000000
1262.547000,-453.133000,328.000000
1188.300000,-510.320000,317.056000
1188.300000,-515.888000,312.296000
1152.108000,-496.400000,313.626000
1140.252000,-496.400000,315.362000
1136.300000,-522.896000,310.210000
1136.300000,-511.024000,318.428000
1186.168000,-528.400000,320.794000
1187.728000,-528.400000,321.494000
1160.948000,-525.488000,324.000000
1186.220000,-511.696000,324.000000
1131.300000,-517.640000,315.124000
1131.300000,-492.200000,315.895000
1122.400000,-486.600000,314.392000
1121.475000,-486.600000,313.552000
1106.300000,-506.080000,313.657000
1106.300000,-523.640000,314.209000
1121.775000,-526.600000,315.925000
1117.750000,-526.600000,314.866000
1113.050000,-496.600000,316.000000
1110.275000,-486.960000,316.000000
1190.100000,-451.788000,319.296000
1190.100000,-461.778000,318.128000
1188.960000,-449.700000,317.344000
1124.588000,-449.700000,319.880000
1114.100000,-452.346000,315.384000
1114.100000,-456.810000,313.632000
1135.228000,-467.700000,313.432000
1184.552000,-467.700000,315.376000
1119.040000,-460.320000,320.000000
1141.384000,-459.420000,320.000000
1203.900000,-423.852000,311.944000
1203.900000,-414.672000,327.278000
1140.450000,-407.400000,337.648000
1172.786000,-407.400000,334.690000
1109.900000,-436.416000,329.352000
1109.900000,-438.504000,308.136000
1198.072000,-443.400000,321.022000
1147.124000,-443.400000,315.582000
1190.834000,-440.916000,342.000000
1162.352000,-409.956000,342.000000
963.800000,-514.554000,324.963000
963.800000,-513.059000,325.101000
952.444000,-496.200000,324.228000
936.600000,-496.200000,325.758000
929.800000,-506.895000,326.496000
929.800000,-503.859000,326.415000
950.098000,-519.200000,325.761000
959.244000,-519.200000,324.072000
952.138000,-502.433000,327.000000
955.538000,-510.046000,327.000000
1005.000000,-437.740000,335.650000
1005.000000,-441.520000,326.368000
935.490000,-433.600000,329.280000
986.170000,-433.600000,332.062000
935.000000,-437.350000,322.936000
935.000000,-457.660000,337.756000
952.920000,-463.600000,342.592000
958.450000,-463.600000,343.450000
966.710000,-451.960000,348.000000
1001.920000,-437.590000,348.000000
912.300000,-509.270000,397.900000
912.300000,-518.750000,421.900000
879.650000,-494.900000,373.500000
875.400000,-494.900000,343.800000
878.800000,-494.900000,341.300000
862.300000,-518.420000,349.000000
862.300000,-503.030000,365.700000
908.100000,-524.900000,424.600000
902.500000,-524.900000,387.600000
863.700000,-524.900000,377.200000
874.750000,-523.490000,425.000000
870.050000,-514.820000,425.000000
911.700000,-477.060000,345.325000
911.700000,-457.340000,341.250000
903.588000,-444.300000,339.225000
906.318000,-444.300000,346.725000
885.700000,-462.060000,333.100000
885.700000,-473.900000,327.200000
900.650000,-484.300000,327.000000
892.798000,-484.300000,332.675000
886.844000,-456.020000,347.000000
894.904000,-452.100000,347.000000
914.100000,-407.000000,335.248000
914.100000,-427.910000,380.384000
865.500000,-402.200000,413.872000
880.300000,-402.200000,403.160000
896.000000,-402.200000,384.960000
864.100000,-405.290000,388.392000
864.100000,-408.470000,321.936000
875.850000,-432.200000,363.016000
901.200000,-432.200000,344.712000
900.100000,-432.200000,422.296000
906.100000,-421.220000,425.000000
891.750000,-423.980000,425.000000
864.200000,-482.600000,357.939000
864.200000,-480.472000,360.388000
825.078000,-473.100000,338.663000
855.210000,-473.100000,377.689000
802.200000,-487.597000,398.387000
802.200000,-485.982000,394.990000
857.628000,-492.100000,379.032000
815.282000,-492.100000,333.291000
841.632000,-491.606000,410.000000
848.824000,-477.983000,410.000000
863.600000,-449.179000,374.134000
863.600000,-450.661000,344.667000
845.558000,-433.200000,354.779000
825.532000,-433.200000,361.968000
801.600000,-441.218000,335.503000
801.600000,-435.993000,379.269000
835.948000,-452.200000,395.148000
843.760000,-452.200000,396.570000
828.384000,-439.185000,410.000000
860.562000,-448.172000,410.000000
772.000000,-422.204000,398.250000
772.000000,-454.900000,417.738000
772.000000,-434.038000,386.331000
772.000000,-450.020000,411.996000
663.700000,-400.000000,376.935000
762.538000,-400.000000,349.791000
726.400000,-400.000000,358.491000
658.000000,-410.004000,355.707000
658.000000,-475.152000,368.844000
658.000000,-409.638000,417.564000
658.000000,-443.554000,415.389000
682.282000,-522.000000,334.479000
674.986000,-522.000000,387.897000
744.412000,-522.000000,389.637000
683.992000,-479.910000,420.000000
675.100000,-438.918000,420.000000
734.380000,-468.686000,420.000000
659.710000,-506.872000,420.000000
634.400000,-462.728000,387.964000
634.400000,-519.644000,376.150000
634.400000,-513.692000,380.374000
598.469000,-398.000000,371.860000
601.832000,-398.000000,390.604000
575.400000,-489.884000,355.690000
575.400000,-408.540000,339.058000
575.400000,-450.700000,338.068000
626.907000,-522.000000,339.586000
611.862000,-522.000000,353.512000
576.816000,-521.504000,391.000000
595.991000,-503.400000,391.000000
601.596000,-424.908000,391.000000
574.200000,-505.449000,325.636000
574.200000,-462.276000,343.192000
574.200000,-471.378000,321.730000
558.867000,-399.300000,357.388000
573.003000,-399.300000,352.390000
517.200000,-448.500000,347.098000
517.200000,-467.442000,319.588000
517.200000,-494.133000,336.808000
547.524000,-522.300000,336.850000
522.159000,-522.300000,328.744000
563.883000,-440.628000,361.000000
548.493000,-446.163000,361.000000
529.626000,-506.433000,361.000000
480.900000,-477.617000,329.136000
480.900000,-471.377000,329.556000
453.060000,-469.700000,322.304000
466.200000,-469.700000,335.660000
450.900000,-472.040000,343.472000
450.900000,-470.597000,341.792000
456.630000,-508.700000,336.612000
467.580000,-508.700000,319.924000
469.350000,-496.103000,347.000000
473.340000,-505.268000,347.000000
405.300000,-498.548000,321.536000
405.300000,-499.808000,318.416000
390.012000,-475.700000,319.576000
380.366000,-475.700000,320.168000
379.300000,-505.898000,317.624000
379.300000,-496.364000,321.920000
401.426000,-517.700000,323.664000
379.950000,-517.700000,323.672000
389.986000,-476.456000,325.000000
403.922000,-494.306000,325.000000
499.500000,-452.424000,315.458000
499.500000,-404.905000,315.044000
488.138000,-398.500000,315.948000
479.812000,-398.500000,316.606000
453.500000,-421.619000,316.436000
453.500000,-457.121000,316.168000
476.960000,-459.500000,316.924000
476.224000,-459.500000,315.730000
463.022000,-420.338000,315.000000
460.216000,-457.853000,315.000000
1271.200000,-307.225000,389.875000
1271.200000,-337.228000,373.215000
1271.200000,-305.546000,389.280000
1239.455000,-290.800000,369.135000
1239.805000,-290.800000,391.830000
1236.200000,-293.574000,348.310000
1236.200000,-322.190000,325.445000
1236.200000,-302.188000,334.795000
1242.150000,-363.800000,327.570000
1269.905000,-363.800000,344.060000
1236.305000,-341.827000,392.000000
1248.275000,-327.592000,392.000000
1217.300000,-328.895000,328.573000
1217.300000,-319.741000,363.460000
1189.000000,-315.900000,394.345000
1199.000000,-315.900000,382.513000
1167.300000,-331.954000,373.030000
1167.300000,-336.577000,314.566000
1208.750000,-338.900000,351.802000
1188.900000,-338.900000,333.619000
1207.200000,-316.797000,400.000000
1194.500000,-316.705000,400.000000
1167.900000,-371.130000,346.321000
1167.900000,-349.290000,346.147000
1167.900000,-329.550000,349.540000
1158.860000,-276.000000,325.093000
1134.500000,-276.000000,365.200000
1127.900000,-313.485000,390.865000
1127.900000,-314.640000,384.253000
1127.900000,-365.040000,380.686000
1147.460000,-381.000000,369.550000
1163.940000,-381.000000,316.306000
1151.660000,-315.900000,400.000000
1157.620000,-335.430000,400.000000
1100.100000,-311.115000,405.904000
1100.100000,-310.260000,341.756000
1100.100000,-307.380000,415.068000
1011.600000,-300.000000,367.194000
1069.700000,-300.000000,376.358000
1048.600000,-300.000000,364.350000
1071.900000,-300.000000,385.364000
1034.700000,-300.000000,379.992000
1000.100000,-300.765000,328.642000
1000.100000,-337.665000,410.960000
1000.100000,-308.730000,313.632000
1014.900000,-345.000000,447.932000
1037.100000,-345.000000,445.562000
1087.400000,-345.000000,421.072000
1005.000000,-345.000000,391.526000
1072.400000,-345.000000,396.898000
1039.100000,-332.400000,471.000000
1094.300000,-304.365000,471.000000
997.200000,-370.245000,405.328000
997.200000,-376.265000,426.147000
964.560000,-349.700000,378.623000
950.820000,-349.700000,341.018000
945.540000,-349.700000,379.059000
937.200000,-373.360000,352.027000
937.200000,-360.410000,364.889000
985.680000,-384.700000,325.431000
987.540000,-384.700000,388.760000
950.340000,-384.700000,418.081000
948.360000,-351.835000,428.000000
945.660000,-371.680000,428.000000
998.100000,-291.480000,427.564000
998.100000,-269.150000,404.456000
985.860000,-259.000000,400.968000
983.580000,-259.000000,319.327000
985.680000,-259.000000,403.693000
938.100000,-270.725000,374.263000
938.100000,-286.125000,343.198000
966.120000,-294.000000,347.667000
956.580000,-294.000000,367.069000
972.000000,-294.000000,333.715000
997.020000,-273.070000,428.000000
958.500000,-264.565000,428.000000
879.400000,-365.064000,339.200000
879.400000,-377.783000,366.535000
859.551000,-358.900000,392.876000
863.047000,-358.900000,382.084000
856.400000,-381.785000,375.481000
856.400000,-364.512000,326.633000
859.298000,-381.900000,358.157000
874.271000,-381.900000,342.182000
874.271000,-375.966000,396.000000
868.797000,-374.770000,396.000000
830.200000,-369.588000,357.088000
830.200000,-361.364000,355.792000
813.464000,-350.100000,339.520000
824.440000,-350.100000,371.560000
798.200000,-371.028000,393.952000
798.200000,-372.916000,387.328000
823.352000,-382.100000,376.312000
806.072000,-382.100000,331.096000
816.536000,-352.756000,400.000000
821.848000,-357.172000,400.000000
889.700000,-347.097000,372.856000
889.700000,-343.599000,338.334000
878.234000,-296.800000,352.848000
848.813000,-296.800000,356.292000
874.265000,-296.800000,360.228000
826.700000,-313.442000,332.840000
826.700000,-306.446000,374.168000
854.735000,-349.800000,394.750000
871.745000,-349.800000,392.126000
864.689000,-349.800000,389.666000
849.947000,-319.219000,405.000000
885.794000,-336.656000,405.000000
918.300000,-270.980000,331.943000
918.300000,-274.948000,333.857000
837.468000,-261.700000,329.248000
906.972000,-261.700000,325.266000
822.300000,-292.836000,326.564000
822.300000,-282.532000,327.675000
832.380000,-293.700000,323.869000
839.964000,-293.700000,330.084000
838.140000,-286.148000,334.000000
835.452000,-270.756000,334.000000
775.600000,-337.650000,330.853000
775.600000,-348.675000,414.892000
754.057000,-315.600000,413.148000
750.359000,-315.600000,329.763000
732.600000,-337.755000,386.552000
732.600000,-319.800000,353.634000
765.452000,-350.600000,359.956000
760.679000,-350.600000,377.505000
773.923000,-319.240000,438.000000
747.048000,-344.090000,438.000000
769.600000,-309.808000,345.669000
769.600000,-286.048000,378.421000
762.838000,-263.200000,412.953000
767.248000,-263.200000,397.912000
727.600000,-277.216000,391.148000
727.600000,-291.472000,328.403000
745.408000,-311.200000,369.432000
732.724000,-311.200000,347.894000
759.394000,-284.560000,415.000000
750.070000,-279.760000,415.000000
706.400000,-273.556000,329.800000
706.400000,-254.341000,329.240000
666.220000,-253.900000,325.896000
680.675000,-253.900000,332.744000
657.400000,-313.813000,337.976000
657.400000,-257.554000,336.248000
661.467000,-316.900000,334.072000
686.359000,-316.900000,323.752000
684.448000,-303.355000,339.000000
693.366000,-309.088000,339.000000
646.650000,-333.164000,354.595000
646.650000,-318.116000,330.505000
646.650000,-339.896000,369.720000
582.128700,-247.100000,341.175000
512.758200,-247.100000,342.550000
515.317500,-247.100000,352.065000
511.950000,-327.752000,327.755000
511.950000,-316.664000,354.595000
511.950000,-333.428000,334.465000
611.897400,-379.100000,369.280000
520.032000,-379.100000,366.640000
556.805100,-379.100000,371.810000
558.825600,-263.732000,375.000000
637.625100,-300.824000,375.000000
563.001300,-377.516000,375.000000
624.963300,-305.972000,375.000000
612.301500,-298.448000,375.000000
502.100000,-379.869000,347.364000
502.100000,-256.977000,354.632000
502.100000,-295.281000,314.980000
484.447000,-247.800000,336.094000
443.299000,-247.800000,318.706000
461.333000,-247.800000,346.214000
375.100000,-283.710000,324.870000
375.100000,-380.268000,328.780000
375.100000,-247.800000,331.448000
426.154000,-380.800000,313.600000
442.283000,-380.800000,338.854000
461.333000,-380.800000,316.728000
393.388000,-309.911000,355.000000
391.864000,-372.554000,355.000000
394.531000,-333.186000,355.000000
467.048000,-332.122000,355.000000
435.806000,-261.499000,355.000000
1095.100000,-185.438000,320.520000
1095.100000,-208.400000,350.720000
980.188000,-156.800000,350.720000
960.748000,-156.800000,319.480000
998.908000,-156.800000,320.400000
951.100000,-236.780000,340.960000
951.100000,-196.790000,328.240000
959.884000,-242.800000,331.200000
1094.812000,-242.800000,337.000000
954.700000,-242.800000,334.760000
1086.460000,-226.202000,359.000000
998.764000,-197.134000,359.000000
1084.588000,-182.256000,359.000000
1038.940000,-227.492000,359.000000
921.400000,-210.650000,385.742000
921.400000,-169.925000,474.094000
921.400000,-209.975000,470.831000
921.400000,-200.900000,432.177000
921.400000,-210.425000,536.342000
887.050000,-160.100000,575.498000
891.250000,-160.100000,529.063000
920.350000,-160.100000,390.511000
858.400000,-160.100000,562.446000
894.100000,-160.100000,549.896000
846.400000,-204.275000,514.003000
846.400000,-230.150000,333.032000
846.400000,-212.000000,560.940000
846.400000,-176.825000,441.966000
846.400000,-189.950000,563.199000
900.475000,-235.100000,452.759000
881.425000,-235.100000,388.001000
874.225000,-235.100000,480.369000
891.925000,-235.100000,572.235000
878.875000,-235.100000,325.753000
994.700000,-70.454800,323.014000
994.700000,-82.248400,322.555000
989.201000,-70.200000,320.818000
953.763000,-70.200000,324.526000
947.700000,-74.731800,327.613000
947.700000,-77.534600,326.497000
965.560000,-88.400000,325.417000
991.692000,-88.400000,319.468000
972.657000,-79.081600,328.000000
981.963000,-79.864200,328.000000
999.766490,-51.430550,337.550000
1000.328251,-48.717907,325.292000
969.041553,-38.868418,330.962000
987.014209,-42.590376,331.205000
956.721515,-52.173309,324.374000
956.846350,-51.570499,337.118000
958.047584,-54.054504,344.759000
973.059070,-57.163234,343.031000
970.444106,-53.635557,347.000000
997.821346,-45.911121,347.000000
851.997375,-117.286862,340.955000
851.714519,-117.717470,343.937000
846.055313,-98.061466,335.810000
834.956795,-90.771102,327.536000
823.535692,-95.773156,330.686000
825.828850,-92.282156,332.135000
839.970184,-116.078925,325.541000
845.177264,-119.499337,336.713000
831.226231,-92.041054,344.000000
827.091748,-98.659415,344.000000
895.089589,-76.021927,321.354000
892.246307,-80.572129,325.782000
890.642539,-72.203066,325.884000
881.175778,-66.287577,321.096000
840.878898,-47.665293,324.420000
833.309796,-59.778388,322.410000
849.414427,-75.330754,322.956000
848.586732,-74.813552,323.724000
884.745431,-83.251978,327.000000
859.132165,-56.095543,327.000000
921.454006,-17.175102,324.208000
917.785950,-27.591110,329.568000
893.501217,3.460354,320.304000
893.833231,3.343433,333.072000
875.387318,-15.522722,332.384000
880.831107,-0.064245,320.576000
875.111959,-18.689033,328.480000
908.064385,-30.293414,324.080000
905.383964,-25.055698,336.000000
899.288952,-17.327379,336.000000
872.548600,-3.879544,321.071000
877.996043,11.589308,320.187000
874.112763,26.736181,317.899000
878.034683,25.355055,323.034000
855.069706,9.708774,327.714000
852.318748,1.897004,325.881000
862.296655,-12.570707,324.542000
854.452816,-9.808455,315.728000
870.006226,19.879934,328.000000
874.332969,18.573587,328.000000
783.200000,-194.126000,377.667000
783.200000,-231.256000,341.400000
780.240000,-191.400000,358.879000
755.800000,-191.400000,358.263000
743.200000,-201.035000,340.091000
743.200000,-201.599000,375.126000
756.680000,-238.400000,398.226000
773.200000,-238.400000,391.989000
755.440000,-216.404000,403.000000
780.160000,-225.099000,403.000000
712.800000,-207.400000,325.256000
712.800000,-206.450000,320.006000
679.815000,-187.500000,323.786000
705.870000,-187.500000,321.320000
667.800000,-230.750000,322.322000
667.800000,-221.800000,322.634000
712.620000,-237.500000,320.852000
677.655000,-237.500000,323.948000
672.390000,-231.100000,326.000000
673.335000,-199.900000,326.000000
638.700000,-210.580000,318.320000
638.700000,-214.000000,339.258000
609.618000,-195.800000,340.215000
592.598000,-195.800000,316.609000
564.700000,-206.280000,333.139000
564.700000,-198.900000,322.960000
613.244000,-215.800000,326.063000
615.612000,-215.800000,329.311000
631.152000,-200.060000,345.000000
588.528000,-211.380000,345.000000
423.000000,-192.660000,330.276000
423.000000,-207.140000,358.667000
421.284000,-189.500000,308.471000
419.964000,-189.500000,378.158000
390.000000,-196.860000,375.755000
390.000000,-214.460000,308.649000
400.395000,-229.500000,354.039000
395.181000,-229.500000,328.140000
412.902000,-211.620000,394.000000
407.193000,-201.900000,394.000000
776.400000,-91.100000,323.392000
776.400000,-124.220000,322.636000
737.240000,-65.900000,321.196000
745.545000,-65.900000,324.607000
721.400000,-116.480000,327.991000
721.400000,-71.480000,326.578000
775.025000,-125.900000,325.795000
755.830000,-125.900000,319.549000
748.295000,-119.540000,328.000000
761.000000,-116.360000,328.000000
769.250000,-29.140000,345.216000
769.250000,-18.820000,321.840000
729.367500,1.300000,333.504000
766.025000,1.300000,332.352000
751.405000,1.300000,358.608000
661.750000,-18.820000,321.744000
661.750000,-21.220000,342.864000
729.905000,-38.700000,358.032000
671.962500,-38.700000,353.376000
718.080000,-38.700000,327.792000
692.387500,-8.060000,360.000000
760.542500,-13.580000,360.000000
507.800000,1.352000,323.608000
507.800000,4.568000,303.138000
506.000000,6.200000,317.996000
477.860000,6.200000,308.175000
447.800000,-1.576000,312.384000
447.800000,4.664000,313.212000
465.380000,-41.800000,306.749000
481.640000,-41.800000,318.249000
452.660000,-21.400000,326.000000
454.880000,-37.144000,326.000000
242.185877,-580.463365,322.101000
240.359420,-582.289822,322.807000
238.503265,-563.654023,322.856000
234.375176,-559.525933,322.026000
221.708772,-571.241986,322.612000
226.460530,-566.490228,322.245000
233.202086,-588.051328,322.367000
219.540783,-574.390025,322.463000
233.320880,-585.675449,323.000000
232.177488,-570.217388,323.000000
296.500000,-344.768000,312.305000
296.500000,-328.304000,312.608000
293.359000,-326.000000,312.060000
292.567000,-326.000000,312.826000
287.500000,-337.544000,312.816000
287.500000,-349.280000,312.045000
293.008000,-350.000000,312.572000
292.018000,-350.000000,312.264000
293.557000,-332.144000,313.000000
292.153000,-349.160000,313.000000
283.000000,-311.607000,312.509000
283.000000,-316.143000,312.408000
282.784000,-310.500000,312.265000
261.256000,-310.500000,312.627000
259.000000,-311.760000,312.020000
259.000000,-314.451000,312.846000
265.528000,-319.500000,312.776000
282.304000,-319.500000,312.065000
270.256000,-315.873000,313.000000
276.184000,-314.964000,313.000000
166.171504,-562.702721,327.704000
177.041784,-557.164037,323.672000
170.845585,-531.082315,325.752000
176.033334,-541.263847,325.424000
136.455107,-534.073259,323.792000
132.605959,-536.034498,327.176000
145.810996,-570.056739,329.840000
137.117532,-552.994855,328.928000
136.246677,-545.734930,330.000000
180.205680,-551.831440,330.000000
134.000357,-307.748380,314.834000
136.033289,-305.715448,313.020000
140.095618,-285.417948,314.346000
127.325269,-272.647600,313.458000
115.350416,-276.900847,313.858000
116.799985,-275.451278,313.896000
120.413300,-301.090970,313.368000
128.283399,-308.961068,314.334000
120.034998,-275.186113,315.000000
116.421683,-281.472292,315.000000
134.609842,-598.360720,333.614000
130.740554,-602.230009,393.557000
137.359074,-595.611489,398.864000
125.191180,-574.279492,399.299000
136.629339,-585.717651,325.610000
118.912072,-580.117365,378.071000
81.899274,-617.130163,344.663000
111.326230,-587.703207,343.097000
78.301515,-629.213203,356.756000
80.473747,-631.385435,363.716000
108.033941,-620.049100,410.000000
125.751209,-583.901801,410.000000
27.954416,-494.145829,323.260000
3.036091,-455.774973,326.120000
97.226577,-548.626908,320.810000
102.245181,-545.367788,328.310000
37.408292,-427.916069,328.370000
80.781167,-494.704439,320.500000
-16.968574,-417.699619,325.930000
-14.643779,-416.189880,322.690000
-3.607191,-417.431182,330.000000
33.315832,-462.977409,330.000000
100.746272,-540.393683,330.000000
126.509269,-456.799938,331.660000
163.299232,-426.169447,329.086000
172.972508,-399.003311,326.292000
174.661690,-401.032170,333.904000
122.104407,-398.008553,320.902000
98.637280,-417.546752,338.722000
101.504851,-450.698320,337.534000
93.734616,-441.365572,321.540000
145.196306,-406.764291,342.000000
163.282699,-408.132627,342.000000
97.089324,-370.430453,338.956000
60.117274,-326.368879,321.276000
130.230651,-361.885996,330.660000
124.224862,-366.925451,328.722000
125.545670,-354.560243,322.330000
116.631234,-343.936432,336.168000
68.355742,-297.754501,314.034000
54.701765,-309.211548,343.614000
88.559815,-322.579526,348.000000
69.809322,-333.438928,348.000000
45.290834,-297.964000,342.954000
53.128406,-290.126428,312.495000
41.384776,-245.301515,334.902000
61.115884,-265.032623,319.722000
-11.936732,-264.681898,326.850000
-10.301901,-263.047067,326.949000
16.517245,-316.600506,318.765000
-12.174320,-287.908941,334.176000
-20.990527,-277.265570,345.000000
19.105256,-243.505464,345.000000
364.000000,-213.659000,305.431000
364.000000,-216.375000,316.872000
331.624000,-131.500000,318.266000
288.988000,-131.500000,303.595000
250.000000,-171.852000,314.118000
250.000000,-150.027000,307.318000
312.358000,-228.500000,309.953000
332.536000,-228.500000,311.041000
345.190000,-162.637000,320.000000
285.112000,-203.668000,320.000000
282.034000,-193.968000,320.000000
335.158000,-181.843000,320.000000
308.073563,-48.817461,307.858000
299.715607,-56.082921,311.638000
296.020498,-20.394769,304.428000
312.690105,-39.570958,314.704000
292.002462,-21.579952,315.012000
269.574003,-41.076714,303.770000
260.762170,-57.266759,311.596000
260.476522,-56.938159,306.836000
282.371892,-55.953866,317.000000
294.699558,-40.169017,317.000000
209.000000,-50.160000,310.551000
209.000000,-89.015000,310.418000
186.086000,0.000000,310.307000
186.352000,0.000000,310.637000
171.000000,-69.825000,310.062000
171.000000,-12.255000,310.855000
203.908000,-95.000000,310.818000
196.156000,-95.000000,310.074000
187.226000,-0.190000,311.000000
197.866000,-76.570000,311.000000
170.000000,-186.835000,323.305000
170.000000,-100.620000,317.398000
125.290000,0.000000,320.621000
158.950000,0.000000,319.807000
0.000000,-84.710000,317.926000
0.000000,-128.570000,322.216000
89.420000,-215.000000,315.242000
22.270000,-215.000000,324.625000
37.740000,-73.745000,326.000000
154.020000,-72.455000,326.000000
102.680000,-130.290000,326.000000
68.510000,-17.845000,326.000000
124.610000,-178.020000,326.000000
163.540000,-138.675000,326.000000
155.210000,-143.190000,326.000000
59.160000,-12.040000,326.000000
91.970000,-78.690000,326.000000
