1522.700000,-1074.033000,305.922000
1521.255000,-1072.200000,305.432000
1505.700000,-1080.624000,304.944000
1511.616000,-1111.200000,304.456000
1505.989000,-1092.519000,306.000000
1493.900000,-1079.902000,306.760000
1486.004000,-1052.600000,306.272000
1469.900000,-1068.240000,307.782000
1484.108000,-1086.600000,307.294000
1484.228000,-1061.984000,308.000000
1570.100000,-974.560000,306.600000
1551.764000,-963.400000,304.885000
1538.100000,-977.500000,303.177000
1564.852000,-983.400000,301.469000
1543.796000,-964.040000,308.000000
1526.200000,-962.320000,305.380000
1513.945000,-952.900000,320.500000
1511.200000,-981.370000,315.600000
1512.400000,-982.900000,310.720000
1522.570000,-976.540000,321.000000
1508.400000,-958.260000,306.751000
1505.838000,-956.300000,304.546000
1466.400000,-961.704000,302.350000
1480.008000,-984.300000,309.145000
1480.638000,-971.532000,310.000000
1515.373526,-745.684411,301.566000
1478.413384,-724.652283,321.978000
1488.067722,-748.680906,315.363000
1517.428596,-757.583330,308.775000
1493.165712,-730.559674,327.000000
1427.300000,-602.174000,316.586000
1414.100000,-569.000000,312.194000
1403.300000,-607.817000,325.802000
1422.812000,-626.000000,321.392000
1415.300000,-572.192000,326.000000
1390.800000,-626.732000,315.176000
1343.160000,-622.000000,313.224000
1330.800000,-634.950000,311.264000
1334.220000,-636.000000,309.312000
1335.660000,-633.368000,316.000000
1366.100000,-578.924000,311.476000
1365.454000,-574.600000,308.792000
1349.100000,-582.420000,317.108000
1354.217000,-620.600000,314.413000
1360.337000,-600.682000,319.000000
1347.700000,-615.409000,309.472000
1340.650000,-580.600000,308.982000
1322.700000,-597.574000,308.494000
1336.325000,-621.600000,308.006000
1328.750000,-593.843000,310.000000
1448.900000,-1096.035000,306.775000
1429.438000,-1079.700000,310.555000
1411.900000,-1097.466000,309.330000
1441.093000,-1106.700000,308.110000
1442.314000,-1081.833000,311.000000
1344.200000,-1086.174000,308.000000
1328.800000,-1073.900000,308.000000
1324.200000,-1104.568000,308.000000
1324.880000,-1107.900000,308.000000
1332.260000,-1102.290000,308.000000
1442.100000,-1044.540000,318.904000
1441.590000,-1042.200000,315.000000
1408.100000,-1045.120000,311.080000
1417.552000,-1062.200000,307.176000
1441.522000,-1054.020000,319.000000
1434.000000,-1025.206000,311.280000
1410.949000,-1006.000000,306.380000
1345.000000,-1014.580000,321.500000
1391.458000,-1028.000000,316.600000
1395.196000,-1013.634000,323.000000
1344.900000,-1046.411000,320.161000
1313.714000,-1009.300000,316.013000
1282.900000,-1046.706000,311.848000
1330.392000,-1068.300000,307.700000
1291.890000,-1015.318000,323.000000
1446.100000,-955.356000,305.528000
1428.172000,-942.300000,302.112000
1422.100000,-972.186000,312.696000
1422.340000,-976.300000,309.266000
1439.500000,-971.472000,316.000000
1399.000000,-959.420000,305.016000
1354.405000,-954.800000,304.284000
1354.000000,-958.859000,303.549000
1365.430000,-987.800000,305.817000
1367.770000,-975.062000,306.000000
1337.700000,-980.868000,304.364000
1333.940000,-951.300000,307.388000
1321.700000,-963.411000,306.412000
1329.668000,-984.300000,305.432000
1335.876000,-963.510000,308.000000
1430.300000,-927.136000,322.951000
1407.787000,-915.400000,312.906000
1383.300000,-926.398000,302.902000
1418.221000,-933.400000,333.898000
1405.249000,-917.668000,343.000000
1308.000000,-865.876000,352.640000
1294.968000,-836.500000,340.928000
1290.000000,-898.060000,329.168000
1307.766000,-908.500000,317.456000
1290.846000,-900.004000,356.000000
1302.100000,-757.464000,317.150000
1287.580000,-753.200000,310.045000
1287.100000,-755.774000,331.969000
1290.565000,-779.200000,324.864000
1296.520000,-769.788000,336.000000
1356.800000,-793.600000,329.301000
1341.536000,-779.800000,322.225000
1284.800000,-784.945000,315.120000
1319.000000,-794.800000,308.044000
1299.776000,-785.695000,336.000000
1451.000000,-771.725000,306.804000
1403.120000,-761.600000,333.984000
1346.000000,-770.420000,325.200000
1421.495000,-776.600000,316.380000
1428.845000,-763.835000,336.000000
1446.700000,-739.147000,321.888000
1436.900000,-723.200000,313.104000
1432.700000,-753.984000,304.284000
1446.182000,-760.200000,331.500000
1437.880000,-756.685000,336.000000
1445.200000,-708.705000,301.296000
1365.904000,-705.900000,337.584000
1361.200000,-707.040000,325.872000
1378.588000,-720.900000,314.112000
1441.000000,-715.815000,348.000000
1359.800000,-736.391000,330.774000
1356.776000,-701.500000,320.526000
1343.800000,-713.340000,352.236000
1351.032000,-738.500000,341.988000
1352.296000,-716.929000,354.000000
1342.600000,-708.886000,348.372000
1326.579000,-699.100000,338.124000
1305.600000,-706.996000,327.876000
1331.352000,-713.100000,317.586000
1309.707000,-701.522000,354.000000
1302.800000,-717.760000,324.012000
1291.291000,-703.200000,313.722000
1285.800000,-729.056000,345.474000
1301.780000,-735.200000,335.226000
1297.564000,-732.928000,354.000000
1268.400000,-1054.505000,318.985000
1245.375000,-1042.900000,314.837000
1243.400000,-1045.815000,310.672000
1248.000000,-1097.900000,323.524000
1250.200000,-1080.520000,324.000000
1228.600000,-1103.446000,307.625000
1226.950000,-1073.500000,311.400000
1218.600000,-1082.707000,310.180000
1222.880000,-1104.500000,308.955000
1227.130000,-1087.140000,312.000000
1220.900000,-1101.720000,310.632000
1208.221000,-1094.500000,309.900000
1189.900000,-1099.910000,309.165000
1210.732000,-1104.500000,311.433000
1203.323000,-1096.460000,312.000000
1216.600000,-1063.870000,307.964000
1211.376000,-1056.700000,307.719000
1208.600000,-1068.475000,307.475000
1215.936000,-1071.700000,307.230000
1208.712000,-1070.980000,308.000000
1195.000000,-1059.424000,310.149000
1186.020000,-1051.000000,309.417000
1185.000000,-1052.044000,311.682000
1186.610000,-1087.000000,310.950000
1190.950000,-1076.488000,312.000000
1187.000000,-1103.440000,318.822000
1184.870000,-1077.700000,316.138000
1172.000000,-1084.798000,313.454000
1178.075000,-1103.700000,310.759000
1174.625000,-1089.764000,321.000000
1148.400000,-1096.250000,311.000000
1129.100000,-1077.600000,311.000000
1098.400000,-1090.525000,311.000000
1130.850000,-1102.600000,311.000000
1136.200000,-1083.100000,311.000000
1231.100000,-1009.044000,310.282000
1217.240000,-998.000000,309.794000
1209.100000,-1014.764000,309.306000
1228.746000,-1020.000000,310.816000
1216.492000,-1019.450000,311.000000
1206.100000,-1015.237000,309.305000
1193.864000,-1004.700000,313.080000
1192.100000,-1004.946000,311.860000
1194.018000,-1045.700000,310.640000
1204.938000,-1034.671000,314.000000
1143.300000,-1000.511000,318.720000
1138.816000,-999.900000,315.304000
1105.300000,-1011.650000,325.874000
1119.778000,-1046.900000,322.458000
1124.186000,-1022.789000,326.000000
1268.000000,-932.890000,314.300000
1257.502000,-925.200000,312.585000
1239.000000,-930.140000,310.877000
1257.154000,-935.200000,309.162000
1241.262000,-927.630000,315.000000
1238.900000,-964.625000,311.276000
1231.009000,-947.300000,310.300000
1225.900000,-971.654000,313.320000
1237.210000,-980.300000,312.344000
1234.454000,-980.267000,314.000000
1224.200000,-957.268000,312.956000
1213.988000,-949.400000,311.976000
1212.200000,-976.896000,311.000000
1213.568000,-977.400000,310.020000
1215.068000,-970.540000,314.000000
1179.800000,-965.744000,310.632000
1177.615000,-965.300000,313.656000
1156.800000,-968.012000,312.676000
1165.034000,-977.300000,311.700000
1175.660000,-971.420000,314.000000
1190.200000,-958.560000,319.809000
1167.826000,-934.800000,315.661000
1124.200000,-948.930000,311.513000
1163.932000,-964.800000,324.348000
1150.600000,-942.780000,327.000000
1268.300000,-865.556000,313.985000
1260.138000,-853.500000,312.760000
1254.300000,-869.230000,311.540000
1266.144000,-875.500000,310.320000
1268.034000,-853.984000,314.000000
1257.000000,-836.484000,311.832000
1247.076000,-830.100000,311.344000
1245.000000,-850.239000,312.856000
1246.080000,-851.100000,312.366000
1251.732000,-846.438000,313.000000
1157.500000,-844.400000,316.000000
1156.564000,-842.600000,316.000000
1144.500000,-848.690000,316.000000
1148.855000,-872.600000,316.000000
1146.346000,-858.620000,316.000000
1145.100000,-869.940000,316.000000
1134.040000,-857.700000,316.000000
1110.100000,-864.405000,316.000000
1130.365000,-872.700000,316.000000
1135.370000,-862.050000,316.000000
1259.300000,-795.248000,310.325000
1248.100000,-790.100000,310.570000
1239.300000,-796.319000,310.814000
1255.760000,-799.100000,310.059000
1245.360000,-790.514000,310.000000
1213.100000,-769.108000,313.000000
1202.648000,-749.100000,313.000000
1200.100000,-806.196000,313.000000
1200.971000,-810.100000,313.000000
1211.579000,-797.961000,313.000000
1200.200000,-753.563000,321.738000
1199.576000,-748.500000,317.573000
1187.200000,-759.480000,313.425000
1191.243000,-809.500000,326.260000
1193.232000,-782.477000,330.000000
1142.500000,-802.814000,324.531000
1131.696000,-781.000000,322.823000
1105.500000,-792.024000,321.108000
1126.035000,-807.000000,319.400000
1107.165000,-789.138000,325.000000
1270.600000,-747.535000,313.408000
1243.800000,-739.800000,312.432000
1220.600000,-748.484000,315.456000
1260.600000,-752.800000,314.476000
1251.850000,-740.697000,316.000000
1238.100000,-704.344000,330.124000
1203.736000,-688.900000,325.959000
1194.100000,-729.028000,321.811000
1196.036000,-732.900000,317.663000
1203.164000,-725.200000,334.000000
1172.300000,-700.024000,317.382000
1171.650000,-696.600000,318.894000
1146.300000,-701.592000,318.406000
1153.788000,-728.600000,317.916000
1166.736000,-715.192000,319.000000
1138.700000,-698.445000,320.833000
1131.168000,-685.500000,320.098000
1110.700000,-691.500000,319.366000
1125.596000,-700.500000,321.634000
1120.976000,-690.555000,322.000000
1202.900000,-655.118000,318.690000
1160.834000,-641.500000,336.078000
1120.900000,-655.690000,330.443000
1184.532000,-663.500000,324.831000
1198.554000,-643.524000,341.000000
1148.800000,-616.256000,319.150000
1118.520000,-599.800000,317.435000
1108.800000,-638.916000,322.727000
1109.600000,-643.800000,321.012000
1129.920000,-637.112000,323.000000
1251.400000,-593.740000,319.559000
1251.302000,-587.500000,316.875000
1153.400000,-593.884000,314.180000
1179.272000,-635.500000,311.496000
1163.984000,-616.492000,321.000000
1253.000000,-582.606000,315.248000
1232.175000,-564.000000,307.408000
1168.000000,-571.917000,331.600000
1211.265000,-585.000000,323.760000
1226.565000,-571.560000,338.000000
994.600000,-1084.028000,363.436000
968.140000,-1062.200000,347.088000
940.600000,-1083.314000,330.673000
981.262000,-1096.200000,381.325000
955.180000,-1066.144000,383.000000
1076.100000,-1019.692000,314.286000
1051.144000,-998.200000,327.894000
1042.100000,-1044.910000,323.502000
1075.998000,-1052.200000,319.092000
1071.000000,-1045.288000,330.000000
1024.800000,-1003.616000,322.923000
928.956000,-995.300000,320.718000
926.800000,-1001.186000,318.522000
950.418000,-1049.300000,325.326000
969.038000,-1029.158000,327.000000
995.200000,-969.878000,387.586000
981.214000,-931.700000,370.262000
932.200000,-946.568000,352.938000
962.755000,-973.700000,335.543000
932.893000,-947.786000,390.000000
1073.100000,-915.690000,320.404000
1044.208000,-885.100000,316.974000
1011.100000,-912.608000,327.558000
1056.298000,-931.100000,324.142000
1047.804000,-891.494000,329.000000
1021.800000,-843.545000,324.830000
998.370000,-824.600000,323.366000
988.800000,-862.490000,321.896000
1020.909000,-869.600000,320.432000
994.476000,-864.875000,326.000000
1078.200000,-760.958000,328.575000
1049.550000,-751.400000,364.060000
1048.200000,-756.044000,352.592000
1054.740000,-805.400000,341.077000
1070.790000,-786.554000,365.000000
1028.200000,-802.884000,334.168000
1019.444000,-758.100000,328.800000
984.200000,-773.940000,323.410000
1004.528000,-806.100000,340.042000
998.852000,-777.636000,342.000000
986.200000,-784.540000,325.344000
961.392000,-743.200000,341.199000
930.200000,-777.640000,336.075000
969.736000,-803.200000,330.930000
981.384000,-752.980000,345.000000
1023.800000,-706.990000,334.660000
960.596000,-679.400000,329.780000
931.800000,-730.178000,344.880000
1019.200000,-741.400000,340.000000
977.340000,-736.316000,345.000000
1083.800000,-616.600000,325.314000
1041.905000,-604.600000,323.606000
1038.800000,-608.380000,321.898000
1047.530000,-664.600000,320.183000
1042.175000,-645.040000,326.000000
987.100000,-662.804000,324.644000
983.950000,-606.400000,324.154000
969.100000,-624.513000,325.666000
976.984000,-665.400000,325.178000
980.908000,-631.770000,326.000000
965.000000,-652.544000,338.597000
958.296000,-626.200000,334.449000
949.000000,-646.587000,330.301000
959.912000,-663.200000,326.136000
952.776000,-633.082000,343.000000
1066.900000,-567.272000,324.898000
976.596000,-542.000000,338.488000
930.900000,-584.930000,334.096000
1056.972000,-596.000000,329.704000
1042.012000,-592.868000,340.000000
813.700000,-1068.584000,325.380000
782.828000,-1059.400000,322.696000
779.700000,-1060.999000,320.001000
785.514000,-1100.400000,328.317000
793.198000,-1088.018000,330.000000
892.700000,-1089.640000,324.000000
881.604000,-988.700000,336.080000
819.700000,-1017.849000,332.176000
849.995000,-1091.700000,328.256000
891.094000,-1035.462000,340.000000
809.800000,-1039.960000,329.447000
798.316000,-995.800000,326.275000
780.800000,-1027.480000,336.090000
799.911000,-1055.800000,332.918000
796.982000,-1008.340000,337.000000
773.400000,-1084.475000,335.424000
740.120000,-1072.200000,331.504000
721.400000,-1091.500000,327.600000
768.356000,-1097.200000,323.680000
728.628000,-1096.325000,338.000000
772.800000,-1014.032000,352.864000
750.700000,-1000.200000,326.512000
747.800000,-1001.096000,408.052000
751.475000,-1056.200000,381.700000
765.800000,-1040.576000,433.000000
840.300000,-921.059000,375.806000
833.132000,-920.900000,356.774000
784.300000,-934.680000,337.742000
806.252000,-973.900000,396.632000
801.100000,-946.181000,401.000000
844.200000,-874.294000,332.037000
821.074000,-824.200000,347.892000
782.200000,-857.464000,342.768000
821.632000,-890.200000,337.644000
836.822000,-839.578000,351.000000
769.300000,-849.935000,362.508000
758.194000,-824.700000,347.136000
751.300000,-861.352000,331.764000
767.140000,-873.700000,379.329000
759.598000,-873.161000,393.000000
753.838718,-843.109327,388.968000
746.479892,-826.441765,373.533000
725.815897,-864.952716,358.161000
727.459166,-866.118831,342.789000
731.086769,-855.374552,393.000000
869.700000,-743.272000,331.390000
864.450000,-742.700000,326.998000
819.700000,-747.914000,340.588000
838.100000,-764.700000,336.196000
850.800000,-753.700000,343.000000
907.900000,-783.020000,338.950000
895.685000,-736.100000,334.540000
872.900000,-764.960000,330.148000
894.320000,-796.100000,325.738000
880.005000,-751.460000,343.000000
830.976342,-793.903975,371.024000
817.188488,-762.517756,519.200000
787.582356,-779.835843,471.180000
816.718807,-807.328708,423.356000
831.989429,-770.730488,529.000000
909.000000,-640.202000,341.736000
856.206000,-630.500000,335.856000
846.000000,-662.477000,330.000000
852.363000,-663.500000,348.120000
868.932000,-655.844000,351.000000
840.600000,-642.950000,333.409000
836.336000,-641.800000,388.597000
788.600000,-646.699000,370.712000
806.540000,-664.800000,352.900000
837.740000,-653.852000,404.000000
897.700000,-621.616000,422.180000
870.968000,-592.600000,369.720000
854.896000,-592.600000,337.040000
815.700000,-609.052000,532.260000
863.998000,-628.600000,479.585000
863.834000,-628.600000,431.210000
906.700000,-565.166000,338.080000
837.160000,-541.000000,334.405000
784.700000,-571.143000,330.745000
886.326000,-584.000000,327.085000
797.632000,-542.505000,340.000000
554.885123,-1136.279318,333.730000
537.115560,-1111.675350,326.410000
514.261641,-1133.915899,349.090000
515.499416,-1136.900269,341.740000
537.027105,-1143.101594,355.000000
538.629431,-1157.061796,439.049000
536.646950,-1153.259086,400.094000
530.773219,-1149.297204,404.864000
482.910073,-1123.430185,361.298000
487.525447,-1153.900317,481.502000
482.729465,-1150.665386,474.506000
491.708328,-1141.422037,485.000000
492.304815,-1104.891613,333.930000
506.922941,-1086.059263,380.046000
489.572282,-1083.942702,365.101000
483.656261,-1101.819746,350.217000
502.017472,-1093.482722,387.000000
581.391469,-1075.723113,384.950000
589.846581,-1029.460280,358.245000
541.740778,-1035.773074,331.649000
555.022050,-1083.385526,413.944000
586.168584,-1030.637200,434.000000
622.418956,-1031.362063,357.008000
602.732807,-999.465732,349.200000
586.519592,-999.955095,341.360000
587.268164,-1002.614709,333.552000
587.920382,-999.304580,358.000000
654.277328,-986.910183,330.279000
656.942706,-983.265596,327.584000
631.096717,-963.218406,335.900000
608.119166,-994.479254,333.205000
629.165333,-989.793156,337.000000
650.743932,-964.325998,358.512000
671.974824,-941.748472,348.996000
653.670073,-942.655063,339.441000
642.307845,-962.317369,329.925000
657.652906,-942.711065,366.000000
433.493215,-1097.894673,328.227000
437.210821,-1061.908428,328.983000
401.122430,-1061.056800,328.739000
414.099231,-1100.106652,328.494000
442.952749,-1074.471689,329.000000
457.463304,-1044.264095,370.055000
453.965593,-1021.435926,354.130000
427.796235,-1034.832265,338.270000
425.775369,-1037.472403,387.410000
434.729155,-1040.291950,393.000000
531.391964,-1017.623784,330.224000
534.123729,-1015.086095,378.608000
516.363490,-1000.198133,362.992000
499.697505,-1021.832736,347.312000
518.684362,-1025.280200,390.000000
495.109944,-1009.019035,351.814000
515.231800,-985.148236,339.809000
493.936428,-980.373859,376.853000
484.774959,-1003.152720,364.897000
502.064221,-988.353073,377.000000
546.327069,-1006.459698,358.770000
541.614325,-975.533495,350.474000
512.363196,-964.478083,342.144000
531.123284,-1002.303532,333.848000
525.010035,-959.239797,362.000000
600.307908,-960.211964,329.625000
602.782110,-925.658525,328.400000
555.824339,-952.484223,332.180000
550.048380,-957.467751,330.955000
570.460193,-969.200978,333.000000
589.473131,-922.201031,371.408000
585.682110,-903.658525,357.500000
579.865020,-908.106613,343.535000
540.833135,-945.204613,329.627000
558.807722,-930.277206,386.000000
631.215322,-929.245121,330.952000
662.372545,-890.580730,344.542000
625.347651,-876.092487,340.150000
612.675462,-915.016793,335.740000
648.021964,-904.865193,346.000000
687.690226,-860.977287,405.539000
702.657278,-827.419793,373.087000
667.490305,-832.298276,340.502000
668.535616,-864.733836,441.050000
694.803305,-827.970095,461.000000
731.724975,-809.891233,329.138000
727.476161,-788.317248,381.302000
706.165290,-795.846549,364.466000
720.009634,-818.822248,347.561000
722.091004,-816.824106,398.000000
763.900000,-678.673000,354.678000
743.635000,-675.500000,342.673000
742.900000,-677.324000,379.717000
747.688000,-694.500000,367.761000
754.576000,-687.679000,383.000000
733.813787,-715.043632,363.640000
741.523837,-696.698183,353.880000
714.102815,-673.101082,344.120000
717.724170,-697.499340,334.320000
717.112607,-678.538769,370.000000
766.000000,-631.162000,344.396000
732.931000,-578.200000,335.576000
693.000000,-623.752000,362.792000
745.268000,-656.200000,354.008000
745.341000,-590.056000,371.000000
765.700000,-554.960000,347.600000
723.880000,-537.600000,342.720000
705.700000,-570.760000,337.820000
763.300000,-577.600000,352.940000
723.520000,-573.920000,354.000000
708.600000,-544.380000,347.500000
669.078000,-536.400000,509.825000
666.600000,-539.466000,457.365000
675.168000,-578.400000,404.690000
416.920137,-1026.960383,349.760000
433.270750,-1002.055442,340.000000
400.748182,-977.004955,330.200000
398.639302,-1006.959638,360.440000
412.500846,-996.428345,369.000000
469.012160,-977.416587,404.998000
471.045324,-944.231686,384.908000
436.647380,-930.279774,364.900000
450.588818,-969.818509,344.810000
447.620797,-924.254142,410.000000
500.312214,-947.635705,329.790000
489.782102,-912.799024,328.570000
460.756105,-915.329633,332.345000
485.693461,-955.420445,331.125000
477.304111,-941.818868,333.000000
561.815436,-900.315241,345.317000
537.131023,-849.429568,340.193000
531.749958,-847.456211,335.069000
494.240429,-891.805038,329.924000
509.506027,-880.910107,350.000000
584.024290,-884.804024,331.955000
626.195688,-844.400648,343.280000
596.665718,-835.964411,339.620000
571.769650,-872.531033,335.960000
604.463010,-859.799065,344.000000
566.694071,-855.605102,331.312000
575.931873,-832.451746,329.604000
552.174248,-828.760236,327.889000
554.033465,-853.079936,333.181000
566.893362,-830.776538,334.000000
585.663087,-817.868822,328.260000
592.307161,-801.615439,354.685000
569.996452,-813.827538,346.145000
572.044486,-827.441623,337.605000
573.400830,-826.828386,362.000000
633.320496,-788.371633,340.560000
627.409572,-770.150944,332.752000
625.489444,-768.977902,356.912000
605.526832,-789.209467,349.104000
616.621545,-789.592756,358.000000
662.539436,-812.334627,339.250000
679.845327,-787.946736,335.820000
642.333272,-754.065200,332.404000
640.554326,-785.507848,328.974000
641.652997,-762.303177,341.000000
701.722449,-772.430696,340.114000
724.595903,-729.266692,332.550000
681.214188,-724.699980,355.955000
678.879660,-768.152777,348.391000
716.305913,-740.290438,362.000000
427.980703,-924.095363,341.852000
416.467640,-883.396966,337.442000
382.474447,-881.166509,333.050000
410.994059,-929.075176,346.640000
387.107438,-898.476468,347.000000
462.131845,-894.173557,330.527000
443.550685,-858.785742,344.891000
439.827537,-854.331049,340.236000
420.377904,-877.840212,335.600000
446.714634,-897.683020,347.000000
528.052105,-842.747444,336.832000
526.409894,-839.194028,332.928000
496.513289,-825.824008,329.024000
469.251977,-863.950822,341.104000
494.008720,-845.898972,344.000000
464.762346,-841.886283,358.132000
485.138258,-814.299474,350.537000
459.048911,-815.630701,342.973000
451.434012,-841.005872,335.409000
467.326766,-809.112720,359.000000
543.076361,-826.270080,338.339000
547.324710,-808.863346,331.263000
527.405125,-815.798724,353.158000
531.665820,-832.429652,346.082000
549.423693,-811.541180,356.000000
535.434352,-800.033485,331.866000
523.911071,-772.265003,330.396000
497.833966,-786.731853,328.932000
499.719419,-790.061273,327.468000
506.559725,-786.972093,333.000000
581.004226,-793.129757,328.990000
578.462953,-788.084727,338.818000
538.978471,-749.955969,335.633000
534.267723,-781.178636,332.461000
560.400127,-790.281618,339.000000
578.364257,-753.555829,329.900000
592.724963,-735.873842,328.430000
576.712840,-736.878486,326.966000
570.392195,-752.787610,331.496000
583.911177,-736.958188,332.000000
619.080093,-741.097196,325.690000
620.246129,-716.270700,333.250000
595.188225,-719.268142,330.800000
605.450231,-745.669760,328.360000
629.510875,-728.903471,335.000000
597.869242,-717.219606,340.137000
604.644455,-695.828799,332.052000
557.663005,-730.476581,324.000000
556.398408,-733.179853,348.915000
570.575103,-729.458952,357.000000
691.771039,-697.702171,343.160000
692.098230,-692.099739,338.280000
646.994355,-655.469281,333.380000
622.397957,-701.368014,328.500000
633.967662,-671.512553,345.000000
317.423196,-1034.991247,328.924000
319.472977,-978.959341,325.996000
245.579281,-919.456760,335.068000
275.071043,-995.633226,332.128000
306.082853,-983.375086,337.000000
360.528203,-981.265456,352.145000
383.491900,-944.751693,343.570000
338.560151,-966.885844,335.030000
334.245881,-996.758042,326.490000
377.452811,-942.822225,361.000000
354.219516,-950.788423,333.652000
312.156717,-870.443126,350.284000
259.143457,-884.949185,344.894000
260.760469,-892.780895,339.526000
321.125175,-950.592763,352.000000
390.814947,-859.520972,404.352000
391.548028,-854.758234,372.012000
342.636210,-805.888655,339.804000
330.368783,-844.357802,439.596000
348.194626,-837.705041,459.000000
393.506094,-848.171206,327.110000
402.224386,-818.798862,343.742000
365.562224,-793.594132,338.352000
372.906290,-830.264501,332.984000
404.712199,-836.934925,349.000000
457.408623,-793.290988,332.950000
450.166184,-758.691072,329.520000
418.872863,-748.577816,340.104000
441.398981,-790.767902,336.674000
451.848584,-763.857709,341.000000
497.340727,-760.572690,326.000000
476.957955,-719.089227,326.000000
448.331980,-725.627136,326.000000
447.777616,-729.135966,326.000000
455.048574,-730.188841,326.000000
582.985346,-683.273857,329.208000
585.090625,-680.804700,325.304000
565.024595,-663.075678,337.400000
550.778179,-684.513813,333.480000
567.443086,-685.923374,341.000000
543.737781,-717.722526,328.415000
556.559055,-693.648941,327.195000
529.134927,-678.077301,325.970000
528.861395,-705.526635,329.750000
537.845530,-686.207357,330.000000
527.928335,-677.341437,326.632000
544.220533,-654.960811,338.728000
518.482921,-666.975548,334.824000
513.296624,-685.100640,330.904000
544.404512,-661.747462,341.000000
590.258889,-641.162792,336.572000
585.058950,-617.261997,330.202000
560.582882,-627.844893,323.858000
558.319596,-630.304613,343.514000
569.676982,-637.498998,349.000000
291.328177,-834.488659,359.935000
276.688778,-809.407618,351.395000
274.738694,-810.702276,342.820000
266.252173,-825.884645,334.280000
268.304269,-816.482198,362.000000
250.205366,-867.933741,325.054000
261.636085,-829.465205,321.624000
205.979074,-781.723949,332.208000
217.717444,-833.688260,328.792000
242.786291,-827.343163,334.000000
320.072976,-803.662962,326.000000
319.468323,-769.897049,326.000000
286.358922,-760.199080,326.000000
302.610200,-800.034801,326.000000
305.595339,-758.671169,326.000000
292.773012,-707.618266,324.800000
296.404917,-691.400923,327.820000
272.434254,-708.622862,326.844000
277.704926,-721.319829,325.864000
278.941297,-716.378295,328.000000
354.082787,-705.383565,329.333000
349.695081,-696.179826,327.625000
348.041307,-697.356145,325.910000
337.125819,-710.586440,331.202000
343.112335,-706.741983,332.000000
331.979150,-701.481827,324.190000
343.733021,-688.632118,327.970000
335.136675,-689.094097,326.750000
328.310741,-699.925210,325.525000
339.073031,-694.402325,329.000000
363.860425,-692.591376,325.832000
366.999222,-672.429908,324.856000
346.505773,-669.296847,327.876000
352.903319,-691.412713,326.900000
364.180427,-674.151593,328.000000
403.983161,-674.354214,329.508000
396.199695,-655.391543,328.532000
380.073112,-680.622004,327.556000
396.101001,-692.919158,326.576000
381.186381,-683.272449,330.000000
437.688970,-641.050031,331.643000
419.587989,-619.147032,326.988000
416.569637,-620.837154,341.352000
400.831178,-652.539820,336.716000
419.538542,-650.026395,345.000000
403.500039,-605.591522,358.084000
394.293750,-612.194678,346.128000
366.104370,-647.315638,334.123000
384.173226,-628.923019,371.167000
375.690099,-636.279186,372.000000
553.442740,-599.458822,325.264000
576.977411,-569.372063,343.384000
546.877897,-581.470048,337.528000
537.265546,-606.054392,331.672000
573.373378,-579.022452,346.000000
562.900000,-542.708000,335.320000
535.540000,-533.300000,329.464000
522.900000,-550.415000,323.584000
560.780000,-554.300000,341.728000
539.780000,-552.662000,346.000000
514.113853,-645.482320,353.275000
503.477724,-621.698807,346.170000
500.619452,-621.559471,339.094000
478.731445,-646.657674,331.989000
484.128788,-635.502519,354.000000
473.730345,-617.368801,321.000000
496.261856,-591.689223,321.000000
469.016016,-574.098363,321.000000
459.729146,-601.778910,321.000000
478.761361,-593.905411,321.000000
470.500000,-568.205000,321.000000
466.340000,-563.200000,321.000000
460.500000,-567.036000,321.000000
467.290000,-570.200000,321.000000
462.140000,-564.523000,321.000000
451.919158,-579.931152,321.000000
449.065944,-569.572791,321.000000
440.469218,-581.442494,321.000000
447.563860,-588.433667,321.000000
446.298211,-586.837849,321.000000
433.499792,-577.926836,323.608000
426.525740,-568.086068,322.632000
425.170955,-568.736440,321.656000
416.870795,-596.501325,324.676000
421.602542,-588.687619,325.000000
479.100000,-556.330000,321.000000
472.842000,-546.500000,321.000000
437.100000,-549.300000,321.000000
454.404000,-556.500000,321.000000
475.152000,-551.070000,321.000000
406.798001,-577.410219,321.000000
413.570422,-548.369337,321.000000
400.483444,-565.830652,321.000000
399.889796,-585.960301,321.000000
409.426929,-555.911616,321.000000
397.274156,-556.191866,321.000000
395.576748,-541.484081,321.000000
385.416961,-559.951831,321.000000
391.911456,-568.767822,321.000000
384.310430,-565.252172,321.000000
1351.585937,-490.465791,322.480000
1353.111911,-468.466737,308.816000
1351.354609,-466.583583,351.096000
1311.384690,-492.196774,337.432000
1328.092696,-495.012624,360.000000
1269.500000,-494.780000,330.000000
1261.375000,-494.600000,323.140000
1204.500000,-502.310000,316.308000
1229.720000,-524.600000,309.448000
1219.320000,-509.000000,337.000000
1269.000000,-445.918000,310.549000
1259.037000,-416.200000,326.425000
1242.000000,-435.739000,321.280000
1259.091000,-455.200000,316.156000
1263.843000,-425.404000,328.000000
1188.300000,-512.976000,318.232000
1156.372000,-496.400000,314.816000
1136.300000,-520.240000,311.400000
1181.904000,-528.400000,321.970000
1156.528000,-528.144000,324.000000
1131.300000,-497.560000,313.024000
1109.850000,-486.600000,315.292000
1106.300000,-526.160000,314.557000
1109.325000,-526.600000,313.825000
1130.550000,-516.520000,316.000000
1190.100000,-450.240000,315.416000
1182.348000,-449.700000,313.464000
1114.100000,-453.894000,319.512000
1141.840000,-467.700000,317.552000
1155.900000,-458.754000,320.000000
1203.900000,-435.660000,336.798000
1171.376000,-407.400000,328.468000
1109.900000,-424.608000,320.172000
1167.146000,-443.400000,311.876000
1122.214000,-416.724000,342.000000
963.800000,-508.643000,324.798000
943.740000,-496.200000,324.066000
929.800000,-512.806000,326.331000
958.802000,-519.200000,325.599000
953.974000,-496.545000,327.000000
1005.000000,-442.510000,339.836000
946.620000,-433.600000,333.466000
935.000000,-462.580000,327.122000
941.790000,-463.600000,346.778000
955.440000,-456.730000,348.000000
912.300000,-496.490000,335.500000
908.350000,-494.900000,411.100000
862.300000,-501.200000,386.600000
879.400000,-524.900000,362.200000
905.900000,-510.710000,425.000000
911.700000,-476.660000,335.125000
903.302000,-444.300000,329.000000
885.700000,-462.460000,322.900000
900.936000,-484.300000,341.775000
897.478000,-455.620000,347.000000
914.100000,-419.150000,419.176000
885.750000,-402.200000,393.800000
864.100000,-423.140000,368.320000
905.600000,-432.200000,342.944000
865.800000,-403.370000,425.000000
864.200000,-479.199000,359.677000
813.918000,-473.100000,340.401000
802.200000,-490.998000,400.125000
806.788000,-492.100000,380.770000
840.268000,-488.186000,410.000000
863.600000,-434.644000,392.857000
860.190000,-433.200000,373.581000
801.600000,-436.753000,354.226000
821.316000,-452.200000,334.950000
813.690000,-443.650000,410.000000
772.000000,-501.504000,350.574000
772.000000,-481.252000,335.958000
737.914000,-400.000000,416.346000
658.000000,-452.582000,395.118000
658.000000,-448.678000,374.064000
722.068000,-522.000000,373.803000
746.350000,-437.332000,420.000000
668.260000,-465.270000,420.000000
634.400000,-470.912000,366.052000
602.363000,-398.000000,349.882000
575.400000,-481.700000,333.778000
622.954000,-522.000000,383.674000
596.404000,-405.688000,391.000000
574.200000,-441.612000,320.722000
529.284000,-399.300000,352.474000
517.200000,-512.337000,342.184000
520.107000,-522.300000,331.936000
570.552000,-499.914000,361.000000
480.900000,-473.600000,331.908000
479.940000,-469.700000,325.048000
450.900000,-476.057000,346.216000
459.750000,-508.700000,339.384000
466.410000,-492.086000,347.000000
405.300000,-511.652000,324.040000
398.124000,-475.700000,322.088000
379.300000,-492.794000,320.128000
393.314000,-517.700000,318.176000
381.822000,-489.560000,325.000000
499.500000,-435.832000,316.400000
475.580000,-398.500000,316.890000
453.500000,-438.272000,315.378000
489.518000,-459.500000,315.868000
484.688000,-403.685000,315.000000
1271.200000,-317.591000,368.115000
1244.460000,-290.800000,347.375000
1236.200000,-356.208000,326.550000
1237.145000,-363.800000,390.810000
1245.265000,-352.193000,392.000000
1217.300000,-318.729000,325.006000
1216.900000,-315.900000,390.778000
1167.300000,-319.120000,369.550000
1180.850000,-338.900000,348.235000
1209.250000,-329.631000,400.000000
1167.900000,-368.295000,361.546000
1157.820000,-276.000000,340.318000
1127.900000,-316.320000,319.003000
1148.540000,-381.000000,384.775000
1144.700000,-313.065000,400.000000
1100.100000,-328.575000,467.366000
1050.400000,-300.000000,428.814000
1020.000000,-300.000000,403.376000
1000.100000,-328.260000,390.262000
1076.100000,-345.000000,351.552000
1086.700000,-345.000000,314.580000
1100.100000,-304.905000,471.000000
997.200000,-363.385000,362.273000
952.740000,-349.700000,335.568000
937.200000,-380.220000,417.972000
937.440000,-384.700000,391.376000
972.060000,-379.975000,428.000000
998.100000,-264.145000,407.944000
939.000000,-259.000000,381.348000
938.100000,-263.060000,354.643000
952.980000,-294.000000,328.047000
947.760000,-280.700000,428.000000
879.400000,-379.646000,341.756000
874.133000,-358.900000,395.361000
856.400000,-367.203000,378.037000
867.716000,-381.900000,360.713000
873.466000,-367.548000,396.000000
830.200000,-371.156000,375.160000
815.064000,-350.100000,357.592000
798.200000,-369.460000,339.952000
821.752000,-382.100000,394.384000
808.504000,-354.324000,400.000000
889.700000,-318.742000,329.150000
844.529000,-296.800000,391.060000
826.700000,-341.797000,371.052000
888.440000,-349.800000,350.962000
883.589000,-343.864000,405.000000
918.300000,-267.140000,328.434000
826.044000,-261.700000,325.750000
822.300000,-264.676000,323.055000
843.900000,-293.700000,331.371000
868.764000,-282.308000,334.000000
775.600000,-348.010000,428.517000
766.742000,-315.600000,401.921000
732.600000,-327.395000,375.325000
752.767000,-350.600000,348.620000
735.352000,-329.600000,438.000000
769.600000,-295.936000,355.637000
750.700000,-263.200000,333.921000
727.600000,-291.088000,401.116000
757.546000,-311.200000,379.400000
754.690000,-270.688000,415.000000
706.400000,-281.494000,335.032000
672.394000,-253.900000,331.128000
657.400000,-305.875000,327.224000
704.293000,-316.900000,323.304000
668.425000,-311.293000,339.000000
646.650000,-272.576000,329.460000
520.301400,-247.100000,370.985000
511.950000,-256.340000,357.565000
539.024700,-379.100000,344.145000
620.518200,-335.144000,375.000000
552.898800,-350.720000,375.000000
502.100000,-374.017000,336.186000
478.986000,-247.800000,324.962000
375.100000,-289.562000,313.692000
431.615000,-380.800000,348.468000
424.122000,-304.059000,355.000000
395.166000,-367.899000,355.000000
1095.100000,-217.430000,319.440000
1033.756000,-156.800000,349.640000
951.100000,-204.788000,339.880000
1050.316000,-242.800000,330.080000
1090.348000,-172.194000,359.000000
952.684000,-158.692000,359.000000
921.400000,-194.675000,432.930000
921.400000,-180.425000,390.260000
871.075000,-160.100000,371.686000
901.750000,-160.100000,445.229000
846.400000,-220.250000,561.191000
846.400000,-219.650000,499.947000
916.450000,-235.100000,499.947000
870.925000,-235.100000,554.916000
994.700000,-74.149400,326.650000
951.695000,-70.200000,324.445000
947.700000,-71.037200,322.249000
956.066000,-88.400000,320.044000
953.716000,-82.776200,328.000000
997.623475,-61.778781,327.263000
994.458260,-44.131965,320.675000
958.864530,-41.825078,341.060000
973.758235,-57.308024,334.472000
987.479404,-50.492597,347.000000
851.664008,-117.794364,337.448000
847.037220,-98.706458,332.324000
823.869058,-95.265654,327.200000
838.988277,-115.433933,343.055000
835.832151,-95.793061,344.000000
889.273195,-85.330103,321.648000
862.087064,-54.359625,326.184000
833.712270,-59.134295,324.714000
877.918172,-93.141870,323.250000
876.394221,-90.976225,327.000000
922.682670,-13.686122,328.432000
887.856973,5.448006,324.528000
883.127005,6.455310,320.624000
880.756203,-20.676685,332.704000
895.605683,-17.719186,336.000000
868.749009,-14.669068,327.311000
879.639105,24.790049,324.126000
858.869297,20.498298,320.954000
856.790122,-10.631551,317.782000
856.718758,12.431619,328.000000
783.200000,-226.744000,354.182000
768.000000,-191.400000,335.394000
743.200000,-215.417000,393.529000
768.920000,-238.400000,374.741000
767.640000,-202.022000,403.000000
712.800000,-212.900000,324.716000
684.720000,-187.500000,323.246000
667.800000,-225.250000,321.782000
707.715000,-237.500000,320.312000
676.440000,-236.600000,326.000000
638.700000,-201.080000,321.945000
574.468000,-195.800000,343.869000
564.700000,-215.780000,336.764000
574.394000,-215.800000,329.688000
621.828000,-210.560000,345.000000
423.000000,-190.300000,360.625000
419.304000,-189.500000,338.820000
390.000000,-199.260000,317.104000
402.375000,-229.500000,384.299000
401.649000,-209.220000,394.000000
776.400000,-112.400000,319.396000
756.820000,-65.900000,326.200000
721.400000,-95.180000,323.995000
755.445000,-125.900000,321.799000
772.770000,-80.840000,328.000000
769.250000,-19.940000,334.224000
704.750000,1.300000,322.512000
661.750000,-27.980000,358.800000
754.522500,-38.700000,347.040000
717.005000,1.100000,360.000000
507.800000,-7.576000,323.309000
457.160000,6.200000,317.674000
447.800000,-40.648000,312.062000
454.280000,-41.800000,306.450000
453.500000,-30.328000,326.000000
248.110725,-574.538517,322.302000
247.427660,-572.578417,322.058000
230.633167,-562.317591,322.814000
224.277691,-579.126933,322.569000
236.246180,-576.751055,323.000000
296.500000,-345.176000,312.722000
293.503000,-326.000000,312.477000
287.500000,-337.136000,312.233000
292.864000,-350.000000,312.989000
289.804000,-332.552000,313.000000
283.000000,-315.495000,312.141000
269.152000,-310.500000,312.897000
259.000000,-316.872000,312.652000
279.160000,-319.500000,312.408000
279.064000,-310.752000,313.000000
171.624464,-559.924299,326.488000
168.136623,-525.765679,324.528000
131.002147,-536.851681,322.576000
130.814328,-540.624120,328.616000
144.408599,-548.273144,330.000000
147.046477,-294.702260,314.960000
146.604536,-291.926866,314.472000
119.981965,-272.269297,313.982000
113.904382,-294.582052,313.494000
138.593016,-303.007229,315.000000
100.091718,-632.878845,357.800000
136.697222,-585.785533,336.485000
102.518508,-596.510929,402.257000
83.766036,-634.677725,380.942000
119.709688,-598.937719,410.000000
19.242370,-480.730454,328.190000
93.831638,-550.831606,325.750000
46.120338,-441.331444,323.300000
-13.536734,-415.470956,320.860000
99.551119,-536.452835,330.000000
159.782545,-429.097362,325.236000
157.862012,-380.854252,341.868000
88.831131,-425.711130,336.500000
85.902956,-431.959047,331.110000
119.710650,-446.158575,342.000000
101.432254,-375.606156,336.372000
107.604762,-380.871371,328.042000
121.202740,-349.384540,319.746000
66.468208,-299.338330,345.450000
91.015212,-329.339057,348.000000
28.990609,-314.264225,314.541000
56.726165,-260.642904,339.489000
4.315410,-248.429756,331.437000
1.175856,-301.259117,323.352000
49.805004,-284.398863,345.000000
364.000000,-189.797000,311.449000
303.580000,-131.500000,307.284000
250.000000,-195.714000,303.136000
340.402000,-228.500000,315.988000
304.834000,-138.775000,320.000000
289.444000,-226.657000,320.000000
301.594230,-54.449859,315.824000
299.489082,-24.384918,312.408000
260.142548,-49.275352,308.978000
257.293586,-53.276610,305.562000
264.262601,-48.207527,317.000000
209.000000,-10.735000,310.336000
208.316000,0.000000,310.091000
171.000000,-14.250000,310.847000
181.716000,-95.000000,310.602000
195.396000,-55.765000,311.000000
170.000000,-186.835000,323.305000
125.290000,0.000000,320.621000
0.000000,-84.710000,317.926000
89.420000,-215.000000,315.242000
37.740000,-73.745000,326.000000
154.020000,-72.455000,326.000000
102.680000,-130.290000,326.000000
68.510000,-17.845000,326.000000
