1522.700000,-1082.535000,304.884000
1507.961000,-1072.200000,304.396000
1505.700000,-1111.122000,305.908000
1507.910000,-1111.200000,305.418000
1514.795000,-1100.982000,306.000000
1493.900000,-1061.542000,307.738000
1473.044000,-1052.600000,307.248000
1469.900000,-1052.600000,306.760000
1473.068000,-1086.600000,306.270000
1472.516000,-1077.658000,308.000000
1570.100000,-968.620000,303.065000
1542.260000,-963.400000,301.350000
1538.100000,-963.440000,306.642000
1542.356000,-983.400000,304.934000
1559.956000,-978.100000,308.000000
1526.200000,-960.670000,315.420000
1513.120000,-952.900000,310.540000
1511.200000,-953.020000,305.640000
1513.225000,-982.900000,320.760000
1515.055000,-974.890000,321.000000
1508.400000,-963.524000,302.323000
1471.692000,-956.300000,309.127000
1466.400000,-956.440000,306.922000
1472.154000,-984.300000,304.726000
1501.302000,-976.768000,310.000000
1492.310745,-727.987716,315.471000
1471.820498,-733.244300,308.883000
1470.669483,-735.330768,302.268000
1512.455016,-764.065027,322.680000
1504.595654,-751.687848,327.000000
1427.300000,-583.478000,325.982000
1406.252000,-569.000000,321.590000
1403.300000,-569.513000,317.198000
1406.660000,-626.000000,312.788000
1426.772000,-610.496000,326.000000
1390.800000,-625.528000,311.408000
1338.060000,-622.000000,309.448000
1330.800000,-622.154000,315.496000
1339.320000,-636.000000,313.536000
1363.920000,-632.164000,316.000000
1366.100000,-586.146000,317.372000
1351.123000,-574.600000,314.677000
1349.100000,-575.152000,311.993000
1351.548000,-620.600000,309.309000
1351.242000,-607.904000,319.000000
1347.700000,-590.809000,308.556000
1325.625000,-580.600000,308.066000
1322.700000,-581.174000,309.578000
1326.350000,-621.600000,309.090000
1340.200000,-610.243000,310.000000
1448.900000,-1086.369000,309.520000
1416.192000,-1079.700000,308.300000
1411.900000,-1080.132000,307.075000
1417.339000,-1106.700000,310.855000
1422.038000,-1099.167000,311.000000
1344.200000,-1082.230000,308.000000
1326.480000,-1073.900000,308.000000
1324.200000,-1074.512000,308.000000
1327.180000,-1107.900000,308.000000
1341.140000,-1098.346000,308.000000
1442.100000,-1047.080000,311.896000
1411.908000,-1042.200000,307.992000
1408.100000,-1042.580000,304.088000
1413.234000,-1062.200000,316.168000
1422.414000,-1056.540000,319.000000
1434.000000,-1011.324000,322.660000
1354.790000,-1006.000000,317.760000
1345.000000,-1006.462000,312.880000
1358.617000,-1028.000000,307.980000
1433.555000,-1021.752000,323.000000
1344.900000,-1023.460000,312.953000
1289.658000,-1009.300000,308.788000
1282.900000,-1010.657000,321.640000
1292.448000,-1068.300000,317.492000
1318.178000,-1051.426000,323.000000
1446.100000,-950.392000,313.690000
1424.668000,-942.300000,310.260000
1422.100000,-943.150000,306.844000
1425.844000,-976.300000,303.428000
1425.532000,-966.508000,316.000000
1399.000000,-962.621000,303.783000
1358.725000,-954.800000,303.051000
1354.000000,-955.658000,305.316000
1361.110000,-987.800000,304.584000
1386.265000,-978.230000,306.000000
1337.700000,-959.055000,306.748000
1323.348000,-951.300000,305.772000
1321.700000,-952.224000,304.792000
1324.260000,-984.300000,307.816000
1326.340000,-974.697000,308.000000
1430.300000,-919.594000,306.633000
1388.094000,-915.400000,337.629000
1383.300000,-915.940000,327.625000
1390.867000,-933.400000,317.580000
1423.908000,-928.126000,343.000000
1308.000000,-853.132000,333.920000
1291.800000,-836.500000,322.160000
1290.000000,-838.804000,310.448000
1292.934000,-908.500000,346.688000
1297.884000,-887.260000,356.000000
1302.100000,-759.180000,335.014000
1288.570000,-753.200000,327.909000
1287.100000,-754.058000,320.833000
1289.575000,-779.200000,313.728000
1287.280000,-771.478000,336.000000
1356.800000,-783.220000,318.368000
1291.712000,-779.800000,311.263000
1284.800000,-780.325000,333.187000
1296.824000,-794.800000,326.111000
1326.992000,-790.330000,336.000000
1451.000000,-764.990000,329.448000
1355.975000,-761.600000,320.664000
1346.000000,-762.155000,311.844000
1363.640000,-776.600000,303.060000
1362.800000,-772.100000,336.000000
1446.700000,-731.488000,308.784000
1434.002000,-723.200000,300.000000
1432.700000,-724.643000,327.180000
1435.080000,-760.200000,318.396000
1442.962000,-749.026000,336.000000
1445.200000,-709.245000,332.160000
1368.844000,-705.900000,320.448000
1361.200000,-706.500000,308.736000
1375.648000,-720.900000,344.976000
1386.988000,-716.340000,348.000000
1359.800000,-709.677000,316.032000
1345.224000,-701.500000,347.784000
1343.800000,-703.054000,337.536000
1346.584000,-738.500000,327.246000
1357.896000,-727.215000,354.000000
1342.600000,-702.166000,333.966000
1308.856000,-699.100000,323.676000
1305.600000,-699.716000,313.428000
1312.075000,-713.100000,345.138000
1322.435000,-708.802000,354.000000
1302.800000,-710.144000,351.858000
1287.262000,-703.200000,341.568000
1285.800000,-704.672000,331.320000
1288.809000,-735.200000,321.072000
1286.293000,-725.312000,354.000000
1268.400000,-1054.780000,313.375000
1245.500000,-1042.900000,309.227000
1243.400000,-1045.485000,322.062000
1247.875000,-1097.900000,317.914000
1258.475000,-1080.795000,324.000000
1228.600000,-1080.134000,311.005000
1219.420000,-1073.500000,309.785000
1218.600000,-1075.019000,308.560000
1220.410000,-1104.500000,307.340000
1220.360000,-1094.828000,312.000000
1220.900000,-1096.620000,309.681000
1192.411000,-1094.500000,311.949000
1189.900000,-1095.010000,311.217000
1195.542000,-1104.500000,310.482000
1213.150000,-1101.360000,312.000000
1216.600000,-1059.850000,307.653000
1209.232000,-1056.700000,307.409000
1208.600000,-1057.495000,307.165000
1210.072000,-1071.700000,307.920000
1211.192000,-1066.960000,308.000000
1195.000000,-1058.524000,309.240000
1185.770000,-1051.000000,311.505000
1185.000000,-1052.944000,310.773000
1186.860000,-1087.000000,310.038000
1193.980000,-1075.552000,312.000000
1187.000000,-1083.082000,315.566000
1173.125000,-1077.700000,312.871000
1172.000000,-1079.156000,310.187000
1174.820000,-1103.700000,318.503000
1179.080000,-1095.406000,321.000000
1148.400000,-1082.725000,311.000000
1102.100000,-1077.600000,311.000000
1098.400000,-1079.050000,311.000000
1107.850000,-1102.600000,311.000000
1100.700000,-1094.575000,311.000000
1231.100000,-1002.466000,309.716000
1210.684000,-998.000000,309.228000
1209.100000,-999.320000,310.738000
1213.302000,-1020.000000,310.250000
1222.718000,-1012.894000,311.000000
1206.100000,-1012.982000,312.920000
1193.080000,-1004.700000,311.700000
1192.100000,-1007.201000,310.475000
1194.802000,-1045.700000,309.255000
1194.802000,-1032.375000,314.000000
1143.300000,-1009.300000,314.940000
1107.884000,-999.900000,325.524000
1105.300000,-1002.861000,322.108000
1112.710000,-1046.900000,318.678000
1134.446000,-1031.578000,326.000000
1268.000000,-927.180000,312.459000
1240.943000,-925.200000,310.744000
1239.000000,-925.850000,309.036000
1244.684000,-935.200000,314.321000
1248.889000,-931.920000,315.000000
1238.900000,-953.768000,310.252000
1226.745000,-947.300000,313.272000
1225.900000,-949.511000,312.296000
1228.474000,-980.300000,311.320000
1237.795000,-969.410000,314.000000
1224.200000,-954.860000,311.956000
1212.956000,-949.400000,310.980000
1212.200000,-951.304000,310.000000
1214.600000,-977.400000,313.024000
1218.068000,-968.104000,314.000000
1179.800000,-967.616000,313.660000
1158.203000,-965.300000,312.684000
1156.800000,-966.140000,311.704000
1161.446000,-977.300000,310.728000
1158.226000,-973.304000,314.000000
1190.200000,-940.530000,315.797000
1128.160000,-934.800000,311.649000
1124.200000,-936.960000,324.484000
1137.598000,-964.800000,320.336000
1166.176000,-954.750000,327.000000
1268.300000,-857.658000,312.835000
1255.112000,-853.500000,311.615000
1254.300000,-855.128000,310.395000
1257.170000,-875.500000,309.170000
1257.240000,-868.086000,314.000000
1257.000000,-834.048000,311.388000
1245.672000,-830.100000,312.898000
1245.000000,-831.675000,312.410000
1247.484000,-851.100000,311.920000
1254.408000,-843.981000,313.000000
1157.500000,-848.180000,316.000000
1145.202000,-842.600000,316.000000
1144.500000,-844.910000,316.000000
1147.217000,-872.600000,316.000000
1149.154000,-862.400000,316.000000
1145.100000,-860.460000,316.000000
1111.955000,-857.700000,316.000000
1110.100000,-858.885000,316.000000
1117.485000,-872.700000,316.000000
1142.720000,-867.570000,316.000000
1259.300000,-791.738000,310.528000
1240.320000,-790.100000,310.772000
1239.300000,-790.829000,310.017000
1243.540000,-799.100000,310.261000
1249.420000,-796.004000,310.000000
1213.100000,-760.141000,313.000000
1200.737000,-749.100000,313.000000
1200.100000,-754.102000,313.000000
1202.882000,-810.100000,313.000000
1201.127000,-788.994000,313.000000
1200.200000,-759.419000,318.508000
1187.811000,-748.500000,314.360000
1187.200000,-753.624000,327.212000
1190.008000,-809.500000,323.047000
1195.689000,-788.333000,330.000000
1142.500000,-785.602000,323.257000
1107.202000,-781.000000,321.542000
1105.500000,-783.236000,319.834000
1113.566000,-807.000000,318.119000
1113.899000,-797.926000,325.000000
1270.600000,-742.075000,312.708000
1222.800000,-739.800000,315.728000
1220.600000,-740.944000,314.752000
1231.550000,-752.800000,313.776000
1260.650000,-748.237000,316.000000
1238.100000,-696.556000,327.251000
1195.948000,-688.900000,323.086000
1194.100000,-692.816000,318.938000
1203.824000,-732.900000,331.790000
1210.600000,-717.368000,334.000000
1172.300000,-702.104000,317.058000
1147.340000,-696.600000,318.570000
1146.300000,-699.512000,318.080000
1152.098000,-728.600000,317.592000
1170.974000,-717.272000,319.000000
1138.700000,-688.050000,320.365000
1111.792000,-685.500000,319.633000
1110.700000,-686.895000,321.898000
1117.000000,-700.500000,321.166000
1125.316000,-695.160000,322.000000
1202.900000,-645.196000,338.263000
1123.934000,-641.500000,332.651000
1120.900000,-643.590000,327.039000
1139.432000,-663.500000,321.404000
1128.772000,-655.624000,341.000000
1148.800000,-607.148000,318.156000
1110.200000,-599.800000,316.441000
1108.800000,-604.024000,321.733000
1117.920000,-643.800000,320.018000
1135.600000,-627.960000,323.000000
1251.400000,-595.420000,318.074000
1156.634000,-587.500000,315.379000
1153.400000,-592.204000,312.695000
1175.940000,-635.500000,310.000000
1177.312000,-618.172000,321.000000
1253.000000,-567.423000,311.120000
1170.720000,-564.000000,335.280000
1168.000000,-566.100000,327.472000
1187.720000,-585.000000,319.664000
1237.530000,-577.377000,338.000000
994.600000,-1067.674000,355.262000
942.220000,-1062.200000,338.914000
940.600000,-1065.668000,322.499000
953.182000,-1096.200000,373.151000
961.768000,-1083.790000,383.000000
1076.100000,-1006.840000,312.216000
1043.052000,-998.200000,325.824000
1042.100000,-1003.762000,321.414000
1050.090000,-1052.200000,317.022000
1074.910000,-1032.382000,330.000000
1024.800000,-1003.832000,321.942000
929.348000,-995.300000,319.746000
926.800000,-1000.970000,326.550000
950.026000,-1049.300000,324.345000
979.622000,-1029.428000,327.000000
995.200000,-938.252000,380.344000
933.775000,-931.700000,363.020000
932.200000,-936.194000,345.696000
947.257000,-973.700000,328.301000
939.319000,-958.160000,390.000000
1073.100000,-892.184000,319.074000
1012.526000,-885.100000,315.644000
1011.100000,-890.114000,326.228000
1025.980000,-931.100000,322.798000
1053.694000,-913.988000,329.000000
1021.800000,-831.485000,324.302000
989.493000,-824.600000,322.832000
988.800000,-829.550000,321.368000
996.786000,-869.600000,325.904000
997.413000,-852.770000,326.000000
1078.200000,-759.554000,324.721000
1048.770000,-751.400000,360.253000
1048.200000,-757.448000,348.738000
1055.520000,-805.400000,337.270000
1073.250000,-785.150000,365.000000
1028.200000,-765.252000,332.518000
984.992000,-758.100000,327.150000
984.200000,-763.572000,321.760000
995.024000,-806.100000,338.392000
1002.152000,-788.004000,342.000000
986.200000,-752.020000,344.895000
931.096000,-743.200000,339.771000
930.200000,-750.160000,334.647000
944.032000,-803.200000,329.502000
985.192000,-780.460000,345.000000
1023.800000,-688.452000,333.420000
933.088000,-679.400000,328.540000
931.800000,-686.654000,343.660000
954.708000,-741.400000,338.760000
982.952000,-717.778000,345.000000
1083.800000,-613.240000,324.936000
1039.340000,-604.600000,323.221000
1038.800000,-611.740000,321.513000
1050.095000,-664.600000,319.798000
1044.650000,-641.680000,326.000000
987.100000,-614.778000,324.548000
969.298000,-606.400000,324.058000
969.100000,-613.539000,325.570000
973.654000,-665.400000,325.082000
981.772000,-642.744000,326.000000
965.000000,-631.380000,337.900000
949.144000,-626.200000,333.752000
949.000000,-630.751000,329.587000
953.064000,-663.200000,342.439000
953.448000,-648.918000,343.000000
1066.900000,-549.506000,324.268000
931.852000,-542.000000,337.876000
930.900000,-548.696000,333.466000
965.716000,-596.000000,329.074000
1046.636000,-575.048000,340.000000
813.700000,-1065.017000,325.072000
779.870000,-1059.400000,322.388000
779.700000,-1064.566000,319.693000
788.472000,-1100.400000,328.009000
794.150000,-1084.451000,330.000000
892.700000,-1002.605000,339.648000
819.992000,-988.700000,335.744000
819.700000,-1001.884000,331.840000
838.680000,-1091.700000,327.920000
892.627000,-1051.427000,340.000000
809.800000,-1003.780000,329.265000
780.858000,-995.800000,326.080000
780.800000,-1003.600000,335.908000
788.369000,-1055.800000,332.723000
797.417000,-1032.220000,337.000000
773.400000,-1075.500000,335.296000
773.400000,-1072.200000,331.376000
721.400000,-1075.475000,327.472000
735.076000,-1097.200000,323.568000
729.044000,-1087.325000,338.000000
772.800000,-1007.480000,352.756000
772.750000,-1000.200000,326.404000
747.800000,-1007.648000,407.944000
754.425000,-1056.200000,381.592000
765.825000,-1034.024000,433.000000
840.300000,-927.684000,376.274000
840.132000,-920.900000,357.242000
784.300000,-928.055000,338.132000
799.252000,-973.900000,397.100000
800.764000,-952.806000,401.000000
844.200000,-832.516000,332.289000
843.890000,-824.200000,348.165000
782.200000,-833.242000,343.020000
798.816000,-890.200000,337.896000
836.016000,-863.800000,351.000000
769.300000,-830.825000,363.705000
769.174000,-824.700000,348.333000
751.300000,-831.462000,332.961000
756.160000,-873.700000,380.526000
759.256000,-854.002000,393.000000
756.621673,-837.221942,390.606000
758.804346,-832.267507,375.171000
741.836688,-831.060470,359.799000
729.600034,-867.130815,344.364000
733.474821,-849.349165,393.000000
869.700000,-745.362000,331.984000
869.200000,-742.700000,327.574000
819.700000,-745.824000,341.182000
833.400000,-764.700000,336.790000
849.200000,-755.790000,343.000000
907.900000,-743.240000,339.652000
907.480000,-736.100000,335.260000
872.900000,-744.740000,330.850000
882.525000,-796.100000,326.458000
878.640000,-771.680000,343.000000
838.707699,-778.988676,380.040000
840.320518,-774.508262,528.216000
798.258991,-759.238526,480.196000
793.586777,-795.338203,432.372000
819.533376,-790.360388,529.000000
909.000000,-634.328000,342.984000
907.992000,-630.500000,337.128000
846.000000,-635.351000,331.248000
863.577000,-663.500000,349.392000
865.593000,-649.970000,351.000000
840.600000,-644.422000,337.716000
839.716000,-641.800000,392.904000
788.600000,-645.227000,375.092000
803.212000,-664.800000,357.207000
834.620000,-655.324000,404.000000
897.700000,-596.632000,436.585000
896.142000,-592.600000,383.910000
885.810000,-592.600000,386.705000
815.700000,-598.036000,331.450000
838.824000,-628.600000,493.775000
832.920000,-628.600000,480.875000
906.700000,-545.773000,339.175000
904.138000,-541.000000,335.500000
784.700000,-547.536000,331.840000
819.348000,-584.000000,328.180000
788.726000,-566.112000,340.000000
558.723424,-1130.588804,336.130000
560.067465,-1127.156606,328.780000
528.876707,-1112.248173,351.460000
521.563826,-1140.990765,344.140000
538.573116,-1135.864911,355.000000
538.097080,-1157.851040,452.723000
538.479123,-1154.494902,413.927000
509.595454,-1135.012622,390.554000
483.442425,-1122.640941,374.972000
485.747162,-1152.700848,336.176000
503.961117,-1164.986316,460.196000
486.541656,-1139.085392,485.000000
508.059118,-1092.134030,339.603000
510.049405,-1089.920124,385.719000
495.578066,-1079.079314,370.774000
480.529798,-1097.958885,355.890000
494.958206,-1097.045168,387.000000
604.193709,-1057.258224,395.741000
608.137148,-1052.047250,369.145000
566.297036,-1015.887808,342.549000
536.731482,-1060.798556,424.844000
558.088131,-1046.170448,434.000000
625.019286,-1029.256357,328.432000
625.241709,-1027.261912,352.592000
594.799306,-993.250315,344.784000
594.337320,-1011.344390,336.944000
616.963496,-1029.852993,358.000000
654.172414,-986.995141,331.522000
657.025776,-983.368179,328.827000
631.201632,-963.133448,326.143000
608.056863,-994.402316,334.448000
626.713682,-986.980137,337.000000
671.866759,-947.221070,363.192000
674.297017,-944.616140,353.637000
660.552477,-937.081801,344.121000
639.985652,-959.449700,334.605000
649.637725,-946.885463,366.000000
450.172322,-1084.388199,328.354000
452.259130,-1080.491543,328.110000
417.050814,-1048.158249,328.865000
399.050922,-1081.523537,328.621000
423.138942,-1082.572141,329.000000
464.152977,-1038.846905,378.700000
465.910094,-1036.186157,362.840000
445.975234,-1020.111203,346.915000
430.193199,-1042.927967,331.055000
439.226276,-1032.167184,393.000000
532.042435,-1017.097043,339.184000
533.732921,-1014.603487,387.568000
515.713019,-1000.724874,371.952000
500.088313,-1022.315343,356.272000
517.308422,-1022.251049,390.000000
516.462029,-991.728457,358.968000
518.358264,-989.009097,347.012000
499.784451,-975.638223,335.056000
481.648495,-999.291858,372.051000
494.088466,-990.461179,377.000000
556.857397,-997.932407,330.006000
557.178676,-994.753869,355.676000
521.242089,-957.288098,347.380000
515.558932,-983.083158,339.050000
544.914998,-1001.974884,362.000000
614.529679,-948.695401,330.425000
617.759935,-944.154599,329.200000
589.008472,-925.612242,332.980000
556.467448,-965.394640,331.760000
581.211056,-953.495129,333.000000
592.175267,-920.012884,380.927000
595.770745,-916.116952,367.019000
577.162884,-910.294760,353.054000
541.453645,-945.970879,339.146000
559.723218,-925.882741,386.000000
665.417516,-901.548731,334.066000
667.611637,-897.050470,329.674000
633.111339,-869.805576,343.264000
607.436370,-908.547053,338.872000
635.330697,-905.067051,346.000000
709.916600,-842.978724,429.479000
712.062471,-839.034239,397.027000
684.082371,-818.862285,364.575000
659.130423,-853.119389,331.990000
674.224494,-836.482866,461.000000
738.136429,-804.699339,342.041000
738.843576,-802.354836,394.205000
719.182485,-785.305432,377.369000
708.625228,-804.763678,360.464000
725.325020,-807.708403,398.000000
763.900000,-677.001000,364.184000
762.808000,-675.500000,352.179000
742.900000,-678.996000,340.223000
749.536000,-694.500000,377.218000
750.502000,-686.007000,383.000000
746.305631,-704.927936,331.680000
745.913347,-702.118776,361.880000
716.376744,-671.259690,352.120000
713.334660,-692.078747,342.360000
737.494212,-708.357415,370.000000
766.000000,-584.128000,351.848000
761.912000,-578.200000,343.064000
693.000000,-592.864000,370.244000
716.287000,-656.200000,361.460000
730.230000,-621.022000,371.000000
765.700000,-540.560000,351.880000
762.220000,-537.600000,347.000000
705.700000,-545.160000,342.100000
724.960000,-577.600000,337.220000
710.680000,-559.520000,354.000000
708.600000,-539.424000,394.800000
706.122000,-536.400000,342.340000
666.600000,-544.422000,504.665000
680.166000,-578.400000,452.205000
437.343532,-1010.421843,358.840000
437.094500,-1006.777381,349.080000
403.639165,-974.663883,339.320000
394.815552,-1002.237699,329.520000
402.579095,-990.087142,369.000000
484.754028,-964.669073,342.186000
484.210077,-960.488802,404.096000
445.749313,-922.909173,384.088000
437.424065,-953.561393,363.998000
465.996251,-965.556489,410.000000
509.428136,-940.253777,330.995000
508.944908,-936.463119,329.770000
474.954561,-903.831949,328.550000
466.530655,-931.756351,332.330000
478.836722,-925.072331,333.000000
568.763121,-894.689117,329.525000
569.301882,-889.157269,345.401000
524.802273,-853.082336,340.256000
499.866553,-898.752723,335.132000
544.886407,-910.395437,350.000000
626.316573,-850.556409,335.765000
627.970371,-846.592200,332.105000
601.048821,-832.415044,343.430000
569.994967,-870.339482,339.770000
595.265606,-857.403265,344.000000
582.151504,-843.087919,333.139000
582.275422,-840.285377,331.431000
560.007879,-822.416686,329.716000
547.689915,-845.246305,328.008000
554.132152,-831.035035,334.000000
596.132798,-809.390618,337.605000
597.035874,-807.454914,329.065000
584.395413,-802.167490,355.525000
567.315772,-821.602148,346.950000
581.677988,-815.642605,362.000000
637.354661,-785.104831,349.360000
637.743013,-782.911681,341.520000
621.455280,-772.244704,333.712000
607.779799,-791.991650,357.872000
617.207034,-782.067194,358.000000
683.656823,-795.234104,329.184000
682.181364,-790.831502,339.754000
643.753118,-752.915432,336.338000
638.218289,-782.623082,332.922000
666.477071,-795.861487,341.000000
734.082807,-746.225795,349.042000
734.224505,-741.157025,341.478000
695.435959,-713.183417,333.883000
669.251058,-756.262444,357.319000
693.021929,-740.616099,362.000000
439.572612,-914.708420,329.144000
437.849429,-909.801277,342.752000
396.528355,-869.785879,338.342000
389.612269,-902.670865,333.950000
426.245959,-923.106758,347.000000
467.027865,-890.208838,336.246000
465.951345,-886.448253,331.610000
434.954832,-858.276888,345.955000
426.324981,-885.184241,341.319000
443.034875,-883.175768,347.000000
526.513356,-843.993499,341.760000
527.095224,-840.040340,337.856000
498.052038,-824.577954,333.952000
468.566647,-863.104510,330.032000
486.073558,-839.246114,344.000000
488.956454,-822.294280,336.897000
489.291773,-819.428637,329.302000
468.238662,-808.188988,352.738000
447.280497,-835.876708,345.143000
468.483042,-829.330713,359.000000
553.190139,-818.080104,347.677000
553.181166,-816.095466,340.572000
538.274289,-806.997049,333.496000
525.798037,-825.183543,355.420000
534.918316,-815.852506,356.000000
541.029803,-795.502378,327.834000
540.194106,-792.372878,332.364000
515.552894,-772.383348,330.900000
504.854673,-796.402784,329.436000
526.533888,-800.197217,333.000000
580.957597,-793.167517,333.345000
578.576230,-788.224614,330.173000
539.025100,-749.918209,326.988000
534.154446,-781.038750,336.816000
547.741917,-774.745372,339.000000
594.793123,-740.251996,331.946000
594.883532,-738.539452,330.482000
582.022301,-732.578969,329.012000
568.233626,-750.121999,327.548000
584.377255,-748.434395,332.000000
631.017055,-731.430834,329.170000
630.053458,-728.381743,326.730000
606.565642,-710.054892,334.290000
595.642902,-733.558717,331.840000
611.105208,-729.437555,335.000000
610.668836,-706.854699,351.852000
611.535513,-704.338547,343.767000
592.269315,-702.452944,335.715000
558.956596,-736.338951,327.630000
580.023566,-714.955743,357.000000
693.076644,-696.644913,330.400000
691.023351,-690.772373,325.500000
645.688750,-656.526539,340.620000
623.472836,-702.695379,335.740000
659.765158,-700.700261,345.000000
344.875877,-1012.760504,333.352000
337.739002,-1001.516003,330.412000
253.063197,-913.396405,327.484000
256.805019,-973.076565,336.556000
267.334300,-950.826830,337.000000
390.489511,-957.003267,330.270000
390.681886,-953.630586,356.730000
363.776206,-946.466285,348.155000
327.055896,-987.879149,339.615000
362.069887,-975.384690,361.000000
366.851246,-940.559449,342.056000
361.054912,-930.827367,336.688000
288.477609,-861.194858,331.298000
281.786693,-918.746118,347.930000
307.072462,-907.411246,352.000000
392.694863,-857.998646,455.568000
388.919986,-851.512872,423.360000
340.788157,-807.385179,391.152000
332.996825,-847.603164,358.812000
332.416673,-814.442213,459.000000
412.507313,-832.784322,335.800000
409.172083,-827.378553,330.432000
369.852070,-790.120283,347.064000
365.958593,-821.684810,341.674000
385.507460,-821.990414,349.000000
469.431848,-783.554772,338.578000
465.983522,-778.223858,335.148000
427.832579,-741.322382,331.732000
425.581642,-771.235116,328.302000
427.962647,-752.680796,341.000000
504.800551,-754.531844,326.000000
501.340344,-749.198970,326.000000
463.409389,-713.417691,326.000000
459.859309,-744.055614,326.000000
484.080243,-750.787004,326.000000
584.991160,-681.649581,335.864000
583.595360,-678.958201,331.960000
563.018781,-664.699954,328.040000
552.273444,-686.360312,340.136000
562.397364,-675.591177,341.000000
562.804280,-702.282779,325.525000
560.435669,-698.436160,329.305000
532.583124,-675.285006,328.080000
524.984782,-700.739416,326.860000
548.922048,-706.936180,330.000000
548.112370,-660.996727,333.496000
547.709486,-659.269308,329.592000
531.716163,-656.259480,325.688000
509.807672,-680.792143,337.768000
527.391572,-667.795991,341.000000
598.428885,-634.570436,347.882000
596.677522,-631.661051,341.538000
575.004506,-616.208109,335.194000
564.911952,-638.474609,328.824000
569.884445,-621.084746,349.000000
293.082800,-833.260058,340.440000
291.343082,-830.336134,331.865000
272.984071,-811.930877,358.325000
268.231586,-828.711539,349.750000
279.340506,-828.509116,362.000000
275.571262,-847.756796,331.340000
268.910168,-838.609981,327.910000
209.540724,-778.890885,324.494000
210.443360,-824.543483,321.078000
212.671279,-796.794076,334.000000
335.906348,-790.978039,326.000000
332.020070,-785.564189,326.000000
295.499323,-752.876238,326.000000
290.024065,-784.324737,326.000000
315.196586,-789.387412,326.000000
302.599444,-698.614000,326.648000
301.744782,-697.228363,325.672000
287.675251,-694.657061,324.692000
272.365061,-715.492389,327.716000
284.701352,-702.936357,328.000000
356.184028,-703.458133,325.616000
355.444354,-702.454056,330.908000
345.940067,-699.281577,329.193000
338.132448,-711.684984,327.485000
348.794203,-708.724121,332.000000
344.684651,-689.839381,326.570000
344.172830,-689.112085,325.350000
336.425435,-687.913166,324.130000
327.870932,-699.445242,327.905000
335.519196,-693.139485,329.000000
375.559455,-682.774723,327.764000
373.243904,-679.872030,326.784000
352.425764,-664.329384,325.808000
346.658637,-683.970591,324.828000
349.256909,-668.389071,328.000000
409.348381,-660.593134,327.468000
406.951412,-659.583463,326.488000
387.421684,-661.773891,329.512000
385.349284,-688.727239,328.536000
396.073486,-673.223797,330.000000
419.154292,-666.098211,341.067000
438.703705,-633.291918,336.431000
412.501050,-626.335535,331.776000
405.027311,-655.644795,327.140000
412.044452,-635.972083,345.000000
403.644822,-605.713009,333.731000
396.561504,-609.492073,370.775000
365.961886,-647.196079,358.770000
381.905472,-631.625624,346.814000
393.722648,-615.078196,372.000000
540.825988,-610.045534,337.480000
580.506315,-573.577647,331.624000
559.494649,-570.883336,325.744000
533.736642,-601.848808,343.888000
554.855836,-582.576876,346.000000
562.900000,-554.195000,323.704000
557.420000,-533.300000,341.848000
522.900000,-538.928000,335.992000
538.900000,-554.300000,330.112000
559.140000,-543.149000,346.000000
492.959536,-663.232900,339.442000
517.188384,-638.038535,332.337000
494.989025,-626.283960,325.261000
482.376051,-651.001146,347.156000
498.037676,-640.643916,354.000000
472.820192,-618.079890,321.000000
496.990799,-592.622227,321.000000
469.898589,-573.408822,321.000000
459.000203,-600.845905,321.000000
465.805668,-579.142061,321.000000
470.500000,-570.130000,321.000000
469.080000,-563.200000,321.000000
460.500000,-565.111000,321.000000
464.550000,-570.200000,321.000000
466.780000,-566.448000,321.000000
448.357906,-588.528775,321.000000
453.833162,-571.547437,321.000000
444.030470,-572.844871,321.000000
442.796641,-586.459020,321.000000
444.608594,-576.727670,321.000000
425.600067,-599.282567,321.808000
434.366491,-570.986450,324.832000
422.662610,-575.517377,323.852000
419.346822,-597.417235,322.876000
428.753437,-583.624014,325.000000
479.100000,-556.350000,321.000000
472.926000,-546.500000,321.000000
437.100000,-549.290000,321.000000
454.320000,-556.500000,321.000000
451.758000,-551.080000,321.000000
403.348086,-586.540153,321.000000
415.852905,-549.231816,321.000000
403.933358,-556.700718,321.000000
397.607312,-585.097823,321.000000
410.064905,-566.586235,321.000000
393.023711,-568.606398,321.000000
400.174723,-543.058319,321.000000
389.676151,-547.511754,321.000000
387.313481,-567.193583,321.000000
392.865177,-553.540789,321.000000
1320.981245,-507.430250,354.792000
1360.533862,-481.856290,341.072000
1339.977556,-472.889987,327.408000
1314.143742,-497.174235,313.744000
1333.605492,-478.126821,360.000000
1269.500000,-523.940000,318.324000
1259.490000,-494.600000,311.492000
1204.500000,-503.180000,332.632000
1231.605000,-524.600000,325.800000
1246.425000,-508.130000,337.000000
1269.000000,-454.264000,322.939000
1264.788000,-416.200000,317.815000
1242.000000,-427.393000,312.670000
1253.313000,-455.200000,307.546000
1247.886000,-433.750000,328.000000
1188.300000,-527.568000,312.590000
1180.084000,-496.400000,323.174000
1136.300000,-505.648000,319.758000
1158.192000,-528.400000,316.328000
1177.484000,-510.736000,324.000000
1131.300000,-525.480000,314.836000
1127.325000,-486.600000,314.101000
1106.300000,-498.240000,313.369000
1116.850000,-526.600000,315.634000
1115.450000,-504.440000,316.000000
1190.100000,-467.178000,312.304000
1177.864000,-449.700000,318.344000
1114.100000,-454.974000,316.392000
1146.324000,-467.700000,314.440000
1185.540000,-457.692000,320.000000
1203.900000,-442.284000,323.776000
1188.578000,-407.400000,315.446000
1109.900000,-417.984000,341.150000
1149.944000,-443.400000,332.854000
1158.216000,-423.348000,342.000000
963.800000,-518.441000,326.670000
958.190000,-496.200000,325.938000
929.800000,-503.008000,325.203000
944.352000,-519.200000,324.471000
932.792000,-506.343000,327.000000
1005.000000,-462.550000,330.216000
993.380000,-433.600000,323.872000
935.000000,-442.540000,343.502000
965.030000,-463.600000,337.158000
981.270000,-446.770000,348.000000
912.300000,-523.820000,399.200000
903.900000,-494.900000,374.800000
862.300000,-503.900000,350.400000
883.850000,-524.900000,325.900000
874.050000,-508.010000,425.000000
911.700000,-482.780000,326.225000
907.280000,-444.300000,345.100000
885.700000,-456.340000,339.000000
896.958000,-484.300000,332.875000
906.734000,-461.740000,347.000000
914.100000,-431.000000,382.880000
905.500000,-402.200000,357.400000
864.100000,-411.290000,332.024000
885.850000,-432.200000,410.544000
883.250000,-415.220000,425.000000
864.200000,-491.302000,332.659000
853.474000,-473.100000,392.304000
802.200000,-478.895000,373.028000
829.232000,-492.100000,353.752000
861.534000,-481.308000,410.000000
863.600000,-451.383000,366.313000
852.750000,-433.200000,347.037000
801.600000,-439.033000,406.682000
828.756000,-452.200000,387.406000
834.522000,-441.370000,410.000000
772.000000,-516.510000,408.951000
772.000000,-512.484000,386.853000
751.822000,-400.000000,387.723000
658.000000,-437.576000,366.408000
658.000000,-417.568000,337.959000
708.160000,-522.000000,345.180000
669.856000,-452.338000,420.000000
715.570000,-496.502000,420.000000
634.400000,-516.172000,344.734000
623.839000,-398.000000,328.630000
575.400000,-436.440000,378.526000
601.478000,-522.000000,362.356000
615.402000,-450.948000,391.000000
574.200000,-516.273000,349.450000
563.940000,-399.300000,339.202000
517.200000,-437.676000,328.954000
542.451000,-522.300000,360.664000
531.564000,-451.575000,361.000000
480.900000,-506.750000,323.256000
475.440000,-469.700000,344.396000
450.900000,-481.946000,337.564000
464.250000,-508.700000,330.704000
475.680000,-486.197000,347.000000
405.300000,-515.516000,321.624000
400.516000,-475.700000,319.664000
379.300000,-488.930000,317.712000
390.922000,-517.700000,323.760000
389.700000,-493.424000,325.000000
499.500000,-456.206000,316.992000
490.944000,-398.500000,315.480000
453.500000,-417.837000,315.970000
474.154000,-459.500000,316.458000
498.304000,-424.120000,315.000000
1271.200000,-359.712000,343.550000
1264.655000,-290.800000,322.810000
1236.200000,-314.087000,386.985000
1251.950000,-363.800000,366.245000
1255.345000,-321.314000,392.000000
1217.300000,-337.566000,387.472000
1207.850000,-315.900000,366.244000
1167.300000,-323.283000,344.929000
1189.900000,-338.900000,323.701000
1173.350000,-325.468000,400.000000
1167.900000,-374.805000,337.534000
1160.260000,-276.000000,316.306000
1127.900000,-309.810000,382.078000
1146.060000,-381.000000,360.763000
1155.700000,-319.575000,400.000000
1100.100000,-342.255000,425.022000
1080.800000,-300.000000,386.312000
1014.300000,-300.000000,343.494000
1000.100000,-314.580000,347.760000
1045.700000,-345.000000,467.050000
1092.400000,-345.000000,412.698000
1027.000000,-318.585000,471.000000
997.200000,-382.495000,333.715000
985.560000,-349.700000,416.010000
937.200000,-361.110000,389.414000
964.620000,-384.700000,362.818000
987.780000,-364.085000,428.000000
998.100000,-291.725000,380.149000
986.340000,-259.000000,353.553000
938.100000,-270.480000,326.848000
965.640000,-294.000000,409.252000
963.120000,-273.315000,428.000000
879.400000,-380.382000,395.077000
874.846000,-358.900000,377.753000
856.400000,-366.467000,360.358000
867.003000,-381.900000,343.034000
879.170000,-368.284000,396.000000
830.200000,-379.924000,357.736000
823.800000,-350.100000,340.168000
798.200000,-360.692000,394.528000
813.016000,-382.100000,376.960000
816.248000,-363.092000,400.000000
889.700000,-346.090000,391.798000
877.037000,-296.800000,371.790000
826.700000,-314.449000,351.782000
855.932000,-349.800000,331.692000
835.394000,-318.212000,405.000000
918.300000,-291.396000,325.926000
898.812000,-261.700000,323.231000
822.300000,-272.420000,331.547000
867.036000,-293.700000,328.852000
890.652000,-274.564000,334.000000
775.600000,-348.045000,404.428000
766.785000,-315.600000,377.723000
732.600000,-327.360000,351.127000
752.724000,-350.600000,433.531000
744.898000,-329.635000,438.000000
769.600000,-307.600000,336.502000
760.906000,-263.200000,403.786000
727.600000,-279.424000,381.981000
747.340000,-311.200000,360.265000
763.720000,-282.352000,415.000000
706.400000,-312.049000,331.704000
696.208000,-253.900000,327.800000
657.400000,-275.320000,323.880000
680.479000,-316.900000,335.976000
678.666000,-278.911000,339.000000
646.650000,-368.672000,373.350000
618.363000,-247.100000,359.930000
511.950000,-292.244000,346.455000
575.663100,-379.100000,333.035000
512.892900,-299.240000,375.000000
523.938300,-312.044000,375.000000
502.100000,-370.160000,327.216000
475.176000,-247.800000,315.992000
375.100000,-293.419000,350.768000
435.425000,-380.800000,339.498000
448.887000,-300.202000,355.000000
423.741000,-339.171000,355.000000
1095.100000,-235.748000,351.920000
1064.284000,-156.800000,342.120000
951.100000,-186.470000,332.360000
1019.788000,-242.800000,322.560000
973.420000,-190.512000,359.000000
1048.588000,-232.652000,359.000000
921.400000,-228.800000,387.499000
921.400000,-175.700000,363.403000
905.275000,-160.100000,326.004000
897.025000,-160.100000,418.372000
846.400000,-186.125000,515.760000
846.400000,-224.450000,473.341000
882.250000,-235.100000,454.516000
875.725000,-235.100000,528.310000
994.700000,-86.834800,325.075000
984.501000,-70.200000,322.870000
947.700000,-76.551800,320.674000
970.260000,-88.400000,327.478000
961.941000,-77.261600,328.000000
997.831534,-60.774098,322.727000
991.990619,-43.620941,343.139000
958.656470,-42.829760,336.524000
976.225876,-57.819048,329.936000
994.596860,-50.918782,347.000000
849.825441,-120.593316,334.067000
852.452583,-102.263687,328.943000
825.717728,-92.451323,323.798000
833.572914,-111.876704,339.674000
838.773995,-101.754171,344.000000
883.755411,-94.160404,326.718000
884.072711,-68.097782,325.254000
839.230054,-50.303994,323.790000
855.932525,-79.403713,322.320000
840.095089,-51.682334,327.000000
916.700780,-30.672619,326.080000
915.538671,-4.300259,322.160000
880.140544,-2.025205,334.256000
894.576301,-25.543510,330.336000
904.734410,-11.401704,336.000000
869.974684,-11.188576,325.478000
877.836606,25.424809,322.293000
857.643623,17.017806,319.121000
858.572812,-11.259335,315.949000
860.737315,14.928581,328.000000
783.200000,-233.888000,343.864000
774.080000,-191.400000,401.999000
743.200000,-208.273000,383.211000
762.840000,-238.400000,364.423000
773.040000,-209.166000,403.000000
712.800000,-232.600000,323.948000
702.495000,-187.500000,322.484000
667.800000,-205.550000,321.014000
689.940000,-237.500000,325.550000
682.200000,-206.300000,326.000000
638.700000,-213.800000,318.436000
621.606000,-195.800000,340.360000
564.700000,-203.060000,333.255000
601.256000,-215.800000,326.179000
630.782000,-203.280000,345.000000
423.000000,-225.460000,350.390000
415.311000,-189.500000,328.674000
390.000000,-204.060000,306.958000
406.368000,-229.500000,374.153000
405.411000,-204.420000,394.000000
776.400000,-119.720000,327.433000
763.475000,-65.900000,325.228000
721.400000,-87.860000,323.032000
748.790000,-125.900000,320.827000
723.655000,-88.160000,328.000000
769.250000,-34.500000,329.424000
743.880000,1.300000,317.664000
661.750000,-13.420000,353.952000
715.392500,-38.700000,342.192000
727.862500,-13.460000,360.000000
507.800000,-36.664000,321.147000
493.520000,6.200000,315.512000
447.800000,-11.560000,309.900000
477.860000,-41.800000,304.288000
459.140000,-11.416000,326.000000
235.503718,-587.145524,322.215000
245.185424,-570.336182,322.971000
228.390931,-564.559827,322.726000
226.519927,-581.369169,322.482000
239.795149,-575.815552,323.000000
296.500000,-347.360000,312.641000
294.322000,-326.000000,312.397000
287.500000,-334.952000,312.152000
292.045000,-350.000000,312.908000
290.524000,-334.736000,313.000000
283.000000,-318.492000,312.067000
277.168000,-310.500000,312.823000
259.000000,-313.875000,312.579000
271.144000,-319.500000,312.334000
280.840000,-313.758000,313.000000
151.095674,-570.384241,325.944000
178.335066,-545.781250,323.992000
151.530937,-526.391740,322.040000
138.321515,-555.357804,328.080000
160.706346,-542.901665,330.000000
132.568466,-309.180271,314.840000
142.100265,-287.422596,314.350000
116.782307,-275.468956,313.862000
118.408653,-299.086322,313.372000
118.553609,-276.568507,315.000000
96.986105,-635.984458,353.102000
137.715455,-586.803767,331.787000
105.624121,-593.405316,397.559000
82.747803,-633.659491,376.331000
117.520486,-602.959743,410.000000
-9.142038,-437.022299,327.720000
82.613581,-558.116698,325.280000
74.504746,-485.039599,322.830000
-2.318677,-408.185865,320.390000
69.432340,-493.870993,330.000000
122.924953,-459.784159,324.356000
174.630977,-400.995281,340.988000
125.688723,-395.024332,335.598000
99.846382,-448.706350,330.230000
151.710163,-422.014855,342.000000
56.402926,-321.942291,335.216000
112.801607,-376.510700,326.920000
109.088250,-334.947054,318.624000
61.271363,-303.699001,344.294000
102.320758,-344.455327,348.000000
27.548111,-315.706723,313.650000
58.083810,-262.000549,338.598000
5.805992,-246.939174,330.546000
-0.181789,-299.901472,322.461000
49.536303,-287.111325,345.000000
364.000000,-216.278000,311.109000
334.702000,-131.500000,306.944000
250.000000,-169.233000,319.796000
309.280000,-228.500000,315.631000
307.114000,-165.256000,320.000000
252.736000,-204.444000,320.000000
281.849518,-71.613675,315.642000
309.996851,-36.472724,312.212000
279.887260,-32.111536,308.796000
267.189252,-64.660272,305.380000
283.142784,-32.372145,317.000000
209.000000,-82.745000,310.329000
199.082000,0.000000,310.085000
171.000000,-37.240000,310.840000
190.912000,-95.000000,310.596000
195.662000,-32.775000,311.000000
170.000000,-186.835000,323.305000
125.290000,0.000000,320.621000
0.000000,-84.710000,317.926000
89.420000,-215.000000,315.242000
37.740000,-73.745000,326.000000
154.020000,-72.455000,326.000000
102.680000,-130.290000,326.000000
68.510000,-17.845000,326.000000
