1522.700000,-1105.662000,304.262000
1518.059000,-1072.200000,305.772000
1505.700000,-1087.995000,305.284000
1514.812000,-1111.200000,304.796000
1520.099000,-1085.148000,306.000000
1493.900000,-1083.302000,307.320000
1488.404000,-1052.600000,306.832000
1469.900000,-1064.874000,306.342000
1481.708000,-1086.600000,307.854000
1477.508000,-1065.384000,308.000000
1570.100000,-982.340000,302.323000
1564.180000,-963.400000,307.615000
1538.100000,-969.720000,305.907000
1552.436000,-983.400000,304.192000
1563.316000,-971.820000,308.000000
1526.200000,-982.630000,315.380000
1524.100000,-952.900000,310.480000
1511.200000,-961.060000,305.600000
1517.245000,-982.900000,320.720000
1515.085000,-966.850000,321.000000
1508.400000,-957.280000,303.232000
1504.368000,-956.300000,301.036000
1466.400000,-962.684000,307.831000
1481.478000,-984.300000,305.635000
1497.018000,-970.552000,310.000000
1485.189605,-722.523473,320.979000
1481.351267,-720.823560,314.391000
1477.790623,-740.795011,307.803000
1514.490714,-761.412053,301.188000
1495.114955,-749.298643,327.000000
1427.300000,-576.068000,313.526000
1427.108000,-569.000000,309.116000
1403.300000,-576.923000,322.724000
1409.804000,-626.000000,318.332000
1419.404000,-603.086000,326.000000
1390.800000,-624.352000,314.688000
1333.020000,-622.000000,312.736000
1330.800000,-623.330000,310.776000
1344.360000,-636.000000,308.824000
1339.320000,-630.988000,316.000000
1366.100000,-584.398000,312.015000
1350.477000,-574.600000,309.331000
1349.100000,-576.900000,317.647000
1352.194000,-620.600000,314.952000
1359.504000,-606.156000,319.000000
1347.700000,-591.137000,309.790000
1325.825000,-580.600000,309.300000
1322.700000,-580.846000,308.812000
1326.150000,-621.600000,308.322000
1324.775000,-610.571000,310.000000
1448.900000,-1087.827000,308.120000
1418.190000,-1079.700000,306.900000
1411.900000,-1105.674000,310.675000
1415.341000,-1106.700000,309.455000
1432.398000,-1100.625000,311.000000
1344.200000,-1085.630000,308.000000
1328.480000,-1073.900000,308.000000
1324.200000,-1105.112000,308.000000
1325.180000,-1107.900000,308.000000
1324.680000,-1101.746000,308.000000
1442.100000,-1050.000000,310.728000
1416.872000,-1042.200000,306.808000
1408.100000,-1059.660000,318.904000
1408.270000,-1062.200000,314.984000
1424.930000,-1059.480000,319.000000
1434.000000,-1015.548000,303.240000
1371.967000,-1006.000000,318.360000
1345.000000,-1024.238000,313.460000
1430.529000,-1028.000000,308.580000
1430.974000,-1025.976000,323.000000
1344.900000,-1037.502000,315.197000
1304.414000,-1009.300000,311.049000
1282.900000,-1055.615000,306.884000
1339.692000,-1068.300000,319.736000
1309.932000,-1065.468000,323.000000
1446.100000,-960.082000,302.994000
1431.484000,-942.300000,313.564000
1422.100000,-967.460000,310.148000
1443.028000,-976.300000,306.718000
1443.868000,-976.198000,316.000000
1399.000000,-973.511000,304.800000
1373.575000,-954.800000,304.065000
1354.000000,-977.768000,303.333000
1391.260000,-987.800000,305.601000
1371.010000,-956.153000,306.000000
1337.700000,-971.463000,304.516000
1329.380000,-951.300000,307.540000
1321.700000,-972.816000,306.560000
1334.228000,-984.300000,305.584000
1335.268000,-954.105000,308.000000
1430.300000,-927.208000,328.978000
1407.928000,-915.400000,318.974000
1383.300000,-926.344000,308.970000
1418.033000,-933.400000,339.925000
1398.293000,-917.722000,343.000000
1308.000000,-886.900000,317.024000
1300.224000,-836.500000,353.264000
1290.000000,-877.036000,341.552000
1302.510000,-908.500000,329.840000
1304.220000,-849.028000,356.000000
1302.100000,-772.544000,327.793000
1296.295000,-753.200000,320.717000
1287.100000,-766.694000,313.612000
1296.850000,-779.200000,335.536000
1291.000000,-758.868000,336.000000
1356.800000,-791.620000,314.134000
1332.104000,-779.800000,307.058000
1284.800000,-786.925000,328.982000
1328.432000,-794.800000,321.877000
1337.432000,-783.730000,336.000000
1451.000000,-774.095000,327.936000
1419.605000,-761.600000,319.116000
1346.000000,-768.050000,310.332000
1405.010000,-776.600000,301.548000
1367.210000,-766.205000,336.000000
1446.700000,-755.649000,310.980000
1443.130000,-723.200000,302.196000
1432.700000,-737.482000,329.376000
1439.952000,-760.200000,320.592000
1442.122000,-736.187000,336.000000
1445.200000,-719.715000,340.032000
1427.560000,-705.900000,328.320000
1361.200000,-711.030000,316.608000
1400.932000,-720.900000,304.848000
1373.212000,-711.825000,348.000000
1359.800000,-737.242000,327.288000
1357.144000,-701.500000,316.998000
1343.800000,-712.489000,348.750000
1350.664000,-738.500000,338.460000
1353.624000,-717.743000,354.000000
1342.600000,-699.240000,349.506000
1338.086000,-699.100000,339.258000
1305.600000,-702.642000,328.968000
1319.845000,-713.100000,318.720000
1308.745000,-705.876000,354.000000
1302.800000,-704.928000,329.724000
1301.491000,-703.200000,319.476000
1285.800000,-709.888000,351.186000
1291.580000,-735.200000,340.938000
1295.235000,-720.096000,354.000000
1268.400000,-1048.290000,323.184000
1267.575000,-1042.900000,319.019000
1243.400000,-1051.975000,314.871000
1250.800000,-1097.900000,310.706000
1244.050000,-1074.360000,324.000000
1228.600000,-1077.933000,309.405000
1218.710000,-1073.500000,308.180000
1218.600000,-1077.220000,311.960000
1221.120000,-1104.500000,310.740000
1223.570000,-1092.627000,312.000000
1220.900000,-1096.370000,309.030000
1191.636000,-1094.500000,311.298000
1189.900000,-1095.260000,310.563000
1196.348000,-1104.500000,309.831000
1219.877000,-1101.110000,312.000000
1216.600000,-1060.165000,307.540000
1209.400000,-1056.700000,307.295000
1208.600000,-1057.180000,307.051000
1209.904000,-1071.700000,307.806000
1212.104000,-1067.275000,308.000000
1195.000000,-1060.936000,309.207000
1186.440000,-1051.000000,311.472000
1185.000000,-1086.532000,310.740000
1186.190000,-1087.000000,310.008000
1194.090000,-1078.000000,312.000000
1187.000000,-1086.020000,316.578000
1174.820000,-1077.700000,313.894000
1172.000000,-1102.218000,311.199000
1173.125000,-1103.700000,319.515000
1177.685000,-1098.344000,321.000000
1148.400000,-1086.700000,311.000000
1110.050000,-1077.600000,311.000000
1098.400000,-1100.075000,311.000000
1099.900000,-1102.600000,311.000000
1140.900000,-1098.550000,311.000000
1231.100000,-1006.998000,310.314000
1215.194000,-998.000000,309.824000
1209.100000,-1016.810000,309.336000
1230.792000,-1020.000000,310.848000
1216.162000,-1017.404000,311.000000
1206.100000,-1023.273000,309.930000
1196.594000,-1004.700000,313.710000
1192.100000,-1037.910000,312.485000
1205.288000,-1045.700000,311.265000
1203.188000,-1042.707000,314.000000
1143.300000,-1023.259000,322.010000
1119.208000,-999.900000,318.594000
1105.300000,-1035.902000,315.178000
1139.386000,-1046.900000,325.748000
1115.256000,-1045.537000,326.000000
1268.000000,-930.610000,309.715000
1250.890000,-925.200000,308.000000
1239.000000,-932.420000,313.292000
1263.737000,-935.200000,311.584000
1260.257000,-925.350000,315.000000
1238.900000,-966.638000,313.096000
1231.802000,-947.300000,312.120000
1225.900000,-969.641000,311.140000
1236.417000,-980.300000,310.164000
1228.552000,-949.280000,314.000000
1224.200000,-967.040000,311.212000
1218.188000,-949.400000,310.236000
1212.200000,-967.124000,313.260000
1221.380000,-977.400000,312.280000
1220.288000,-952.312000,314.000000
1179.800000,-973.388000,313.332000
1169.289000,-965.300000,312.352000
1156.800000,-972.368000,311.376000
1173.360000,-977.300000,310.396000
1160.135000,-967.076000,314.000000
1190.200000,-956.370000,316.154000
1162.942000,-934.800000,312.006000
1124.200000,-951.120000,324.841000
1168.816000,-964.800000,320.693000
1164.856000,-940.560000,327.000000
1268.300000,-870.286000,313.455000
1263.134000,-853.500000,312.235000
1254.300000,-864.500000,311.010000
1263.148000,-875.500000,309.790000
1255.504000,-858.714000,314.000000
1257.000000,-847.047000,311.842000
1253.112000,-830.100000,311.352000
1245.000000,-839.676000,312.864000
1252.044000,-851.100000,312.374000
1251.684000,-836.001000,313.000000
1157.500000,-868.160000,316.000000
1153.860000,-842.600000,316.000000
1144.500000,-854.960000,316.000000
1151.559000,-872.600000,316.000000
1144.864000,-852.350000,316.000000
1145.100000,-871.140000,316.000000
1136.840000,-857.700000,316.000000
1110.100000,-863.205000,316.000000
1127.565000,-872.700000,316.000000
1127.530000,-863.250000,316.000000
1259.300000,-798.560000,310.992000
1255.480000,-790.100000,310.236000
1239.300000,-793.007000,310.480000
1248.400000,-799.100000,310.725000
1258.680000,-793.826000,310.000000
1213.100000,-809.124000,313.000000
1211.189000,-749.100000,313.000000
1200.100000,-766.119000,313.000000
1205.430000,-810.100000,313.000000
1205.820000,-777.038000,313.000000
1200.200000,-750.269000,314.139000
1198.861000,-748.500000,326.991000
1187.200000,-762.774000,322.826000
1191.958000,-809.500000,318.678000
1199.030000,-779.183000,330.000000
1142.500000,-782.898000,322.172000
1140.317000,-781.000000,320.464000
1105.500000,-785.940000,318.756000
1117.414000,-807.000000,324.041000
1119.597000,-795.222000,325.000000
1270.600000,-741.321000,312.504000
1269.900000,-739.800000,315.524000
1220.600000,-741.698000,314.548000
1234.450000,-752.800000,313.572000
1263.200000,-747.483000,316.000000
1238.100000,-696.028000,328.135000
1195.420000,-688.900000,323.987000
1194.100000,-693.344000,319.822000
1204.352000,-732.900000,332.674000
1208.312000,-716.840000,334.000000
1172.300000,-703.192000,317.368000
1148.224000,-696.600000,318.880000
1146.300000,-698.424000,318.392000
1151.214000,-728.600000,317.902000
1166.918000,-718.360000,319.000000
1138.700000,-689.250000,321.142000
1114.032000,-685.500000,320.407000
1110.700000,-685.695000,319.675000
1114.732000,-700.500000,321.940000
1118.092000,-696.360000,322.000000
1202.900000,-647.968000,323.589000
1134.266000,-641.500000,340.977000
1120.900000,-662.818000,335.342000
1129.100000,-663.500000,329.730000
1181.170000,-658.396000,341.000000
1148.800000,-614.716000,321.404000
1117.080000,-599.800000,319.696000
1108.800000,-640.456000,317.981000
1111.040000,-643.800000,316.273000
1117.000000,-635.572000,323.000000
1251.400000,-605.884000,313.322000
1178.096000,-587.500000,310.627000
1153.400000,-629.740000,318.943000
1154.576000,-635.500000,316.248000
1219.648000,-628.636000,321.000000
1253.000000,-572.967000,332.592000
1193.160000,-564.000000,324.784000
1168.000000,-581.556000,316.944000
1250.195000,-585.000000,309.136000
1180.495000,-582.921000,338.000000
994.600000,-1078.248000,340.120000
958.960000,-1062.200000,323.772000
940.600000,-1089.094000,374.357000
990.442000,-1096.200000,358.009000
973.918000,-1094.364000,383.000000
1076.100000,-1026.064000,328.020000
1055.156000,-998.200000,323.610000
1042.100000,-1038.538000,319.218000
1071.986000,-1052.200000,314.808000
1045.092000,-1051.660000,330.000000
1024.800000,-1025.540000,321.771000
968.842000,-995.300000,319.566000
926.800000,-1033.262000,326.370000
1008.532000,-1049.300000,324.174000
981.582000,-997.136000,327.000000
995.200000,-957.110000,386.308000
961.999000,-931.700000,368.984000
932.200000,-959.378000,351.589000
981.970000,-973.700000,334.265000
934.027000,-934.976000,390.000000
1073.100000,-914.954000,321.678000
1043.154000,-885.100000,318.262000
1011.100000,-913.344000,328.846000
1057.352000,-931.100000,325.416000
1042.100000,-890.758000,329.000000
1021.800000,-855.785000,320.042000
1007.346000,-824.600000,324.572000
988.800000,-850.250000,323.108000
1011.933000,-869.600000,321.644000
1020.843000,-832.115000,326.000000
1078.200000,-791.198000,343.192000
1066.380000,-751.400000,331.724000
1048.200000,-779.804000,320.209000
1067.910000,-805.400000,355.741000
1061.460000,-762.794000,365.000000
1028.200000,-795.636000,321.430000
1012.800000,-758.100000,338.062000
984.200000,-781.188000,332.694000
1011.172000,-806.100000,327.304000
1024.328000,-770.388000,342.000000
986.200000,-792.760000,336.495000
969.064000,-743.200000,331.350000
930.200000,-769.420000,326.226000
962.064000,-803.200000,342.102000
951.648000,-761.200000,345.000000
1023.800000,-733.340000,327.480000
999.788000,-679.400000,342.600000
931.800000,-703.766000,337.700000
980.008000,-741.400000,332.820000
1010.368000,-700.728000,345.000000
1083.800000,-659.500000,323.571000
1074.035000,-604.600000,321.863000
1038.800000,-625.480000,320.155000
1060.400000,-664.600000,325.440000
1053.380000,-627.880000,326.000000
987.100000,-662.981000,324.366000
983.986000,-606.400000,325.876000
969.100000,-624.336000,325.388000
976.948000,-665.400000,324.898000
983.410000,-631.947000,326.000000
965.000000,-626.311000,338.104000
962.952000,-626.200000,333.956000
949.000000,-635.820000,329.791000
955.256000,-663.200000,342.643000
953.256000,-643.849000,343.000000
1066.900000,-544.538000,326.338000
1055.476000,-542.000000,339.946000
930.900000,-553.664000,335.536000
978.092000,-596.000000,331.144000
1030.996000,-570.134000,340.000000
813.700000,-1063.172000,327.481000
812.340000,-1059.400000,324.786000
779.700000,-1066.411000,322.102000
790.002000,-1100.400000,319.407000
786.738000,-1082.606000,330.000000
892.700000,-1002.708000,328.800000
820.065000,-988.700000,324.880000
819.700000,-1001.781000,336.976000
838.607000,-1091.700000,333.072000
869.194000,-1051.530000,340.000000
809.800000,-1006.600000,334.777000
782.221000,-995.800000,331.605000
780.800000,-1000.780000,328.420000
787.006000,-1055.800000,325.248000
785.092000,-1035.040000,337.000000
773.400000,-1077.825000,327.728000
726.236000,-1072.200000,323.824000
721.400000,-1073.150000,335.920000
730.240000,-1097.200000,332.000000
753.588000,-1089.675000,338.000000
772.800000,-1015.264000,420.904000
751.225000,-1000.200000,394.444000
747.800000,-1055.864000,368.092000
750.950000,-1056.200000,341.740000
750.050000,-1041.808000,433.000000
840.300000,-937.489000,355.526000
794.492000,-920.900000,336.494000
784.300000,-971.250000,395.384000
788.836000,-973.900000,376.352000
815.660000,-962.611000,401.000000
844.200000,-847.828000,349.866000
796.212000,-824.200000,344.742000
782.200000,-883.996000,339.618000
784.494000,-890.200000,334.473000
784.122000,-879.046000,351.000000
769.300000,-844.398000,359.988000
756.160000,-824.700000,344.553000
751.300000,-866.889000,392.181000
769.174000,-873.700000,376.809000
760.336000,-867.624000,393.000000
750.548063,-850.070763,330.315000
749.025789,-827.645205,377.943000
729.106552,-857.991280,362.508000
739.378591,-871.753117,347.136000
741.244523,-868.741690,393.000000
869.700000,-753.480000,334.612000
837.650000,-742.700000,330.220000
819.700000,-759.706000,325.828000
864.900000,-764.700000,339.418000
841.850000,-763.908000,343.000000
907.900000,-768.200000,326.152000
887.005000,-736.100000,339.742000
872.900000,-779.780000,335.350000
903.000000,-796.100000,330.940000
904.890000,-736.640000,343.000000
830.221615,-795.359992,449.228000
818.786556,-763.346116,401.404000
788.337083,-778.379826,353.384000
815.120739,-806.500349,501.560000
815.333928,-763.944327,529.000000
909.000000,-651.059000,329.928000
876.996000,-630.500000,348.072000
846.000000,-651.620000,342.216000
894.573000,-663.500000,336.336000
899.865000,-633.701000,351.000000
840.600000,-657.164000,378.596000
816.472000,-641.800000,360.711000
788.600000,-655.485000,342.899000
826.404000,-664.800000,398.014000
805.552000,-645.043000,404.000000
897.700000,-618.232000,363.915000
863.260000,-592.600000,526.455000
824.884000,-592.600000,527.100000
815.700000,-612.436000,473.780000
871.706000,-628.600000,421.320000
893.928000,-628.600000,406.270000
906.700000,-573.508000,335.650000
860.950000,-541.000000,331.990000
784.700000,-562.801000,328.315000
862.536000,-584.000000,339.655000
817.274000,-550.890000,340.000000
545.953694,-1149.520706,332.200000
551.130440,-1121.128506,354.850000
523.174617,-1120.701869,347.530000
530.500851,-1147.018865,340.180000
548.076344,-1129.975115,355.000000
526.541918,-1174.982272,448.271000
524.306726,-1144.935500,409.316000
508.787142,-1134.467409,478.322000
479.340186,-1128.722760,370.520000
499.865671,-1162.223903,331.724000
504.769429,-1165.531529,388.964000
492.152744,-1134.021304,485.000000
490.999210,-1105.948871,344.178000
507.602607,-1086.898580,329.294000
490.877887,-1082.885444,375.349000
482.987923,-1100.994417,360.465000
498.808802,-1092.189891,387.000000
564.894215,-1089.082326,415.143000
602.146018,-1044.648821,388.547000
558.238033,-1022.413861,361.951000
542.722612,-1068.196985,335.246000
559.874069,-1031.897805,434.000000
615.488368,-1036.974342,337.424000
621.574030,-1022.732705,329.584000
593.450180,-994.342816,353.776000
598.004999,-1015.873596,345.968000
610.001187,-1018.496726,358.000000
656.900196,-984.786227,335.746000
655.385138,-981.342160,333.062000
628.473850,-965.342362,330.367000
609.676734,-996.402690,327.683000
621.445949,-974.897583,337.000000
672.762031,-946.496093,343.185000
673.994943,-944.243110,333.669000
659.657205,-937.806778,363.153000
640.287726,-959.822730,353.598000
655.366178,-952.128967,366.000000
449.715360,-1084.758240,328.945000
452.690844,-1081.024665,328.700000
417.540416,-1047.761777,328.456000
398.619208,-1080.990415,328.212000
404.457491,-1060.436811,329.000000
462.660856,-1040.055200,358.810000
450.529504,-1017.192710,342.950000
447.467354,-1018.902908,392.025000
429.211459,-1041.715620,376.165000
442.757391,-1039.578658,393.000000
529.488733,-1019.164990,326.192000
520.792835,-998.623812,374.576000
518.266720,-998.656927,358.960000
498.539555,-1020.402787,343.280000
517.693017,-1027.947491,390.000000
512.327612,-995.076442,354.117000
506.083999,-973.851643,342.112000
503.918868,-972.290239,330.156000
479.448391,-996.574956,367.151000
491.401486,-995.596599,377.000000
553.010524,-1001.047543,330.108000
529.924069,-961.097232,355.812000
505.679741,-969.890239,347.482000
508.830238,-974.773913,339.186000
540.946747,-1004.979855,362.000000
602.962638,-958.062206,330.955000
601.605281,-924.205262,329.735000
553.169609,-954.633981,328.510000
551.246606,-958.947437,332.290000
567.354548,-960.034677,333.000000
578.427555,-931.145561,335.897000
588.174848,-906.736800,378.932000
543.504692,-937.550626,365.024000
538.340397,-942.126338,351.059000
554.427279,-947.452489,386.000000
651.275013,-913.001103,339.700000
648.807544,-873.829349,335.290000
605.287960,-892.336505,330.898000
626.240463,-931.768174,344.506000
612.394503,-905.574311,346.000000
695.073112,-854.998744,351.807000
698.450271,-822.224572,452.355000
660.107418,-838.276820,419.770000
672.742623,-869.929056,387.318000
672.205458,-864.419215,461.000000
729.820967,-811.433068,377.921000
729.141343,-790.373576,361.016000
708.069298,-794.304714,344.180000
718.327461,-816.744937,396.275000
708.190891,-803.551984,398.000000
763.900000,-686.026000,345.662000
751.762000,-675.500000,382.657000
742.900000,-688.990000,370.701000
760.561000,-694.500000,358.745000
758.440000,-676.013000,383.000000
738.612663,-711.157579,360.680000
732.320026,-685.332423,350.920000
709.303939,-676.987135,341.120000
726.927980,-708.865099,331.360000
724.007120,-677.240612,370.000000
766.000000,-628.276000,345.656000
730.303000,-578.200000,336.872000
693.000000,-626.638000,364.088000
747.896000,-656.200000,355.268000
742.713000,-587.248000,371.000000
765.700000,-565.040000,350.520000
739.000000,-537.600000,345.620000
705.700000,-560.680000,340.740000
748.180000,-577.600000,335.860000
714.820000,-544.000000,354.000000
708.600000,-567.102000,402.325000
691.758000,-536.400000,349.865000
666.600000,-558.744000,512.190000
694.488000,-578.400000,459.730000
420.906895,-1023.731969,364.360000
427.966837,-995.505656,354.600000
396.761423,-980.233369,344.840000
403.943214,-1013.509424,335.040000
405.201373,-979.262596,369.000000
466.102525,-979.772762,361.948000
475.278133,-949.458770,341.858000
439.557014,-927.923598,403.850000
446.356009,-964.591425,383.760000
463.543576,-949.866410,410.000000
490.846576,-955.300828,332.715000
502.557306,-928.575087,331.495000
470.221742,-907.664510,330.270000
472.918257,-939.644382,329.050000
472.768545,-907.853980,333.000000
529.455079,-926.520142,338.912000
563.335925,-881.789925,333.788000
517.481558,-859.010534,349.664000
505.794751,-906.073438,344.519000
535.290990,-883.577555,350.000000
584.863607,-884.124358,329.030000
625.874734,-844.004304,340.355000
595.873029,-836.606317,336.695000
572.090604,-872.927378,333.020000
608.937223,-863.703462,344.000000
560.375874,-860.721477,330.717000
581.048248,-838.769942,329.009000
558.492444,-823.643861,327.294000
548.917090,-846.761739,332.586000
562.198812,-837.897950,334.000000
596.605302,-809.007991,329.100000
596.880432,-807.262959,355.560000
583.922908,-802.550117,346.985000
567.471215,-821.794103,338.445000
584.138516,-817.714982,362.000000
636.746156,-785.597589,344.880000
638.082846,-783.331340,337.040000
622.063785,-771.751947,329.232000
607.439966,-791.571991,353.392000
618.360626,-784.735960,358.000000
682.011605,-796.566375,328.666000
684.845907,-794.121938,339.236000
645.398336,-751.583160,335.820000
635.553747,-779.332646,332.404000
666.182374,-798.861513,341.000000
728.533985,-750.719142,351.088000
706.502942,-706.923746,343.524000
701.031410,-708.652310,335.929000
665.506602,-751.638426,359.365000
685.318255,-742.543767,362.000000
435.341052,-918.135069,332.186000
405.269513,-869.568431,345.794000
400.759914,-866.359230,341.402000
383.174321,-894.720661,336.992000
415.381362,-918.342289,347.000000
462.108531,-894.192437,341.433000
443.607324,-858.855685,336.778000
439.874166,-854.293290,332.142000
420.321265,-877.770269,346.506000
430.412660,-877.647099,347.000000
514.483137,-853.735378,331.776000
511.664918,-820.985498,343.872000
463.406871,-852.633057,339.952000
463.229381,-856.513535,336.048000
487.048933,-864.953224,344.000000
478.831019,-830.493696,351.715000
478.764501,-806.428539,344.151000
444.980237,-827.023289,336.587000
442.704079,-830.225303,328.992000
451.089523,-828.623120,359.000000
545.867092,-824.010190,335.555000
545.818117,-807.002859,328.450000
524.614394,-818.058614,350.374000
533.161085,-834.276150,343.298000
532.330276,-827.629838,356.000000
531.820624,-802.959825,331.944000
527.248986,-776.386985,330.480000
501.447695,-783.805513,329.010000
517.778397,-812.362254,327.546000
502.667836,-789.554935,333.000000
570.652642,-801.512305,330.589000
557.468824,-762.159138,327.417000
526.015677,-760.453033,337.245000
555.261851,-807.104225,334.060000
545.404158,-792.928828,339.000000
584.195960,-748.833409,331.298000
590.363753,-732.957990,329.828000
570.881137,-741.600906,328.364000
572.753405,-755.703461,326.894000
587.668277,-729.718339,332.000000
618.590491,-741.493667,329.120000
620.669033,-716.792943,326.680000
595.677827,-718.871670,334.230000
605.027328,-745.147518,331.790000
622.113853,-720.769989,335.000000
583.173412,-729.120054,355.053000
607.561355,-699.430870,347.001000
572.358835,-718.576133,338.916000
562.921314,-741.234971,330.864000
599.056351,-697.651761,357.000000
663.887042,-720.282187,334.420000
676.627647,-672.995159,329.520000
628.249595,-670.648489,344.640000
637.868540,-720.472593,339.740000
669.488216,-677.049725,345.000000
321.409955,-1031.762833,325.000000
309.872695,-967.103979,334.072000
241.592523,-922.685174,331.132000
284.671326,-1007.488588,328.204000
337.935918,-1014.558696,337.000000
350.872164,-989.084761,344.515000
386.245177,-948.151707,335.975000
348.161012,-959.111220,327.400000
331.492605,-993.358028,353.860000
371.266013,-954.812866,361.000000
334.789312,-966.522691,331.298000
344.499380,-910.382988,347.908000
278.573661,-869.214917,342.540000
298.272370,-939.104234,337.150000
351.205147,-941.660156,352.000000
366.885845,-878.898377,404.616000
380.310883,-840.881515,372.276000
334.734190,-812.287585,340.068000
341.651239,-858.290475,439.860000
356.006024,-831.194202,459.000000
392.573519,-848.926391,329.574000
403.734755,-820.664012,346.206000
366.494799,-792.838947,340.816000
371.395921,-828.399351,335.448000
399.550591,-832.467689,349.000000
450.505236,-798.881241,336.044000
462.344792,-773.730400,332.628000
425.776251,-742.987563,329.212000
429.220373,-775.728574,339.782000
436.702358,-759.268904,341.000000
483.435255,-771.833120,326.000000
499.442314,-746.855098,326.000000
462.237453,-714.366707,326.000000
461.757339,-746.399486,326.000000
488.062724,-753.308723,326.000000
585.126383,-681.540079,336.280000
583.493410,-678.832304,332.376000
562.883557,-664.809456,328.456000
552.375394,-686.486210,340.552000
562.090805,-674.936119,341.000000
561.902790,-703.012791,326.170000
561.442582,-699.679593,329.950000
533.484613,-674.554995,328.730000
523.977869,-699.495982,327.505000
544.773266,-703.656118,330.000000
545.238484,-663.323954,337.224000
548.467187,-660.204992,333.304000
534.590048,-653.932253,329.400000
509.049970,-679.856459,325.496000
522.473654,-667.599048,341.000000
595.449770,-636.974279,330.618000
580.888647,-612.093684,324.274000
577.983620,-613.804267,343.904000
562.489898,-635.472925,337.560000
579.015598,-638.497008,349.000000
290.458237,-835.097797,355.770000
277.670167,-810.809187,347.230000
275.608634,-810.093138,338.690000
265.270784,-824.483076,330.115000
269.413741,-819.918230,362.000000
269.085005,-852.916198,324.928000
223.018389,-780.916108,321.498000
216.055937,-773.708451,332.082000
197.196249,-807.889582,328.652000
233.241678,-836.027791,334.000000
329.163429,-796.380136,326.000000
306.950965,-754.272832,326.000000
277.268468,-767.481907,326.000000
280.739212,-772.735345,326.000000
286.273184,-767.103740,326.000000
294.678137,-705.872541,325.640000
295.746217,-690.682077,324.664000
270.529130,-710.368587,327.684000
269.580953,-712.454069,326.708000
278.993278,-712.610219,328.000000
351.099026,-708.117679,331.580000
351.134088,-697.750226,329.865000
337.016799,-707.458245,328.157000
335.686812,-709.016040,326.442000
337.973937,-707.096600,332.000000
338.969277,-695.076556,326.345000
341.373184,-686.056808,325.120000
328.146548,-695.499368,328.900000
330.670578,-702.500520,327.680000
330.007354,-698.626899,329.000000
367.560419,-689.486712,327.992000
363.084646,-667.764698,327.016000
342.805778,-672.401511,326.036000
356.817895,-696.077923,325.060000
358.817545,-696.027861,328.000000
402.978771,-676.930340,328.108000
397.653133,-655.958215,327.132000
381.064788,-678.078487,326.156000
394.647563,-692.352486,329.176000
386.716543,-688.358725,330.000000
429.393571,-652.260619,327.083000
428.120126,-625.460481,341.428000
402.261770,-640.173127,336.792000
415.610890,-663.476232,332.156000
439.441253,-634.830389,345.000000
402.707183,-604.926237,351.714000
381.911089,-626.951758,339.758000
366.897226,-647.980923,327.753000
396.591883,-614.123041,364.797000
379.576736,-630.037097,372.000000
555.800624,-597.480322,324.760000
576.329481,-568.599890,342.904000
544.520012,-583.448548,337.048000
537.913476,-606.826565,331.168000
575.962666,-577.319728,346.000000
562.900000,-547.580000,337.480000
544.820000,-533.300000,331.600000
522.900000,-545.543000,325.744000
551.500000,-554.300000,343.888000
536.220000,-536.534000,346.000000
500.171844,-657.181055,330.046000
512.502462,-632.454071,351.970000
487.776717,-632.335805,344.865000
487.061973,-656.585610,337.789000
510.873090,-641.293428,354.000000
478.998196,-613.253104,321.000000
491.910976,-586.120351,321.000000
463.748165,-578.214060,321.000000
464.080026,-607.347782,321.000000
476.967576,-580.751231,321.000000
470.500000,-568.891000,321.000000
467.310000,-563.200000,321.000000
460.500000,-566.350000,321.000000
466.320000,-570.200000,321.000000
467.950000,-565.202000,321.000000
449.260274,-586.350267,321.000000
452.622880,-571.046122,321.000000
443.128103,-575.023379,321.000000
444.006923,-586.960335,321.000000
445.640305,-574.602738,321.000000
426.484753,-596.890950,322.164000
433.489565,-570.662065,321.188000
421.777924,-577.908994,324.208000
420.223748,-597.741620,323.232000
428.719929,-580.892747,325.000000
479.100000,-555.950000,321.000000
471.288000,-546.500000,321.000000
437.100000,-549.680000,321.000000
455.958000,-556.500000,321.000000
443.694000,-550.690000,321.000000
403.249113,-586.802077,321.000000
415.918387,-549.256559,321.000000
404.032331,-556.438794,321.000000
397.541831,-585.073080,321.000000
407.206372,-565.805408,321.000000
401.305956,-544.415941,321.000000
400.685609,-543.233235,321.000000
390.139677,-546.157906,321.000000
386.812056,-567.021907,321.000000
388.626771,-553.602206,321.000000
1358.806798,-486.463203,326.904000
1361.541781,-483.674624,313.184000
1344.133749,-470.586172,355.520000
1313.135823,-495.355900,341.800000
1334.519438,-489.577409,360.000000
1269.500000,-498.290000,335.264000
1268.915000,-494.600000,328.404000
1204.500000,-498.800000,321.572000
1222.180000,-524.600000,314.740000
1207.100000,-512.510000,337.000000
1269.000000,-422.713000,316.807000
1242.945000,-416.200000,311.683000
1242.000000,-419.944000,327.538000
1248.156000,-455.200000,322.414000
1255.770000,-441.199000,328.000000
1188.300000,-503.152000,323.944000
1140.460000,-496.400000,320.528000
1136.300000,-498.064000,317.112000
1145.816000,-528.400000,313.682000
1187.312000,-518.320000,324.000000
1131.300000,-496.840000,314.578000
1109.400000,-486.600000,313.843000
1106.300000,-486.920000,313.111000
1109.775000,-526.600000,315.379000
1117.600000,-515.760000,316.000000
1190.100000,-455.100000,312.440000
1126.868000,-449.700000,318.488000
1114.100000,-467.034000,316.528000
1121.320000,-467.700000,314.576000
1184.172000,-463.632000,320.000000
1203.900000,-419.784000,327.856000
1129.922000,-407.400000,319.560000
1109.900000,-440.484000,311.264000
1114.600000,-443.400000,336.934000
1146.842000,-436.848000,342.000000
963.800000,-505.124000,324.342000
938.538000,-496.200000,326.607000
929.800000,-516.325000,325.875000
930.004000,-519.200000,325.143000
959.176000,-516.026000,327.000000
1005.000000,-446.590000,338.718000
956.070000,-433.600000,332.374000
935.000000,-458.500000,326.004000
1002.340000,-463.600000,345.660000
958.450000,-460.810000,348.000000
912.300000,-509.210000,342.200000
879.550000,-494.900000,417.800000
862.300000,-518.480000,393.400000
908.200000,-524.900000,368.900000
902.550000,-523.430000,425.000000
911.700000,-465.140000,339.550000
895.840000,-444.300000,333.425000
885.700000,-473.980000,327.325000
908.398000,-484.300000,346.200000
892.876000,-484.100000,347.000000
914.100000,-419.180000,345.024000
885.800000,-402.200000,423.648000
864.100000,-423.110000,398.168000
905.550000,-432.200000,372.792000
901.450000,-403.370000,425.000000
864.200000,-484.690000,391.040000
831.836000,-473.100000,371.764000
802.200000,-485.507000,352.409000
850.870000,-492.100000,333.133000
815.654000,-474.696000,410.000000
863.600000,-445.626000,353.910000
834.026000,-433.200000,334.555000
801.600000,-444.771000,394.279000
847.480000,-452.200000,374.924000
844.256000,-435.632000,410.000000
772.000000,-485.156000,404.253000
772.000000,-403.294000,355.533000
722.638000,-400.000000,382.938000
658.000000,-468.930000,361.710000
658.000000,-404.758000,393.639000
737.344000,-522.000000,340.482000
676.126000,-420.984000,420.000000
756.610000,-509.190000,420.000000
634.400000,-490.132000,347.968000
611.449000,-398.000000,331.864000
575.400000,-462.480000,381.694000
613.868000,-522.000000,365.590000
612.511000,-424.908000,391.000000
574.200000,-496.101000,355.876000
554.592000,-399.300000,345.586000
517.200000,-457.848000,335.338000
551.856000,-522.300000,325.048000
522.900000,-431.403000,361.000000
480.900000,-502.109000,330.396000
471.900000,-469.700000,323.536000
450.900000,-486.548000,344.704000
467.790000,-508.700000,337.872000
468.030000,-481.595000,347.000000
405.300000,-512.492000,324.488000
398.644000,-475.700000,322.536000
379.300000,-491.954000,320.576000
392.794000,-517.700000,318.624000
380.366000,-490.400000,325.000000
499.500000,-454.620000,316.070000
489.748000,-398.500000,316.558000
453.500000,-419.423000,315.046000
475.350000,-459.500000,315.536000
477.052000,-422.534000,315.000000
1271.200000,-361.172000,391.575000
1265.355000,-290.800000,370.750000
1236.200000,-312.627000,350.010000
1251.250000,-363.800000,329.270000
1270.605000,-322.774000,392.000000
1217.300000,-316.107000,358.588000
1211.150000,-315.900000,337.360000
1167.300000,-321.765000,316.045000
1186.600000,-338.900000,381.817000
1190.000000,-326.986000,400.000000
1167.900000,-281.565000,317.611000
1164.740000,-276.000000,383.383000
1127.900000,-298.050000,362.155000
1141.580000,-381.000000,340.840000
1164.860000,-331.335000,400.000000
1100.100000,-304.365000,405.114000
1096.700000,-300.000000,366.404000
1043.300000,-300.000000,397.056000
1000.100000,-307.470000,327.852000
1029.800000,-345.000000,447.142000
1063.500000,-345.000000,466.260000
1039.600000,-325.695000,471.000000
997.200000,-354.635000,331.208000
937.800000,-349.700000,413.612000
937.200000,-353.970000,386.907000
952.380000,-384.700000,360.311000
989.160000,-371.225000,428.000000
998.100000,-265.510000,388.869000
941.340000,-259.000000,362.273000
938.100000,-261.695000,335.677000
950.640000,-294.000000,417.972000
958.260000,-282.100000,428.000000
879.400000,-364.190000,337.141000
858.654000,-358.900000,390.746000
856.400000,-359.659000,373.422000
860.195000,-381.900000,356.027000
874.961000,-375.092000,396.000000
830.200000,-358.868000,378.400000
802.776000,-350.100000,360.832000
798.200000,-381.748000,343.192000
802.040000,-382.100000,397.624000
807.096000,-374.036000,400.000000
889.700000,-313.707000,341.778000
838.481000,-296.800000,403.770000
826.700000,-346.832000,383.680000
831.488000,-349.800000,363.672000
873.824000,-338.776000,405.000000
918.300000,-273.316000,331.349000
844.476000,-261.700000,328.654000
822.300000,-290.500000,325.970000
825.372000,-293.700000,323.275000
843.324000,-288.484000,334.000000
775.600000,-329.845000,360.392000
744.468000,-315.600000,333.687000
732.600000,-345.560000,416.091000
775.041000,-350.600000,389.495000
762.270000,-346.435000,438.000000
769.600000,-284.896000,398.713000
741.040000,-263.200000,376.997000
727.600000,-302.176000,355.192000
767.206000,-311.200000,333.476000
734.320000,-307.600000,415.000000
706.400000,-285.148000,328.536000
675.236000,-253.900000,324.632000
657.400000,-302.221000,336.728000
701.451000,-316.900000,332.808000
688.319000,-315.010000,339.000000
646.650000,-318.380000,368.180000
567.042300,-247.100000,354.705000
511.950000,-342.536000,341.285000
627.118500,-379.100000,327.865000
525.689400,-248.948000,375.000000
523.399500,-274.688000,375.000000
502.100000,-325.472000,327.630000
432.631000,-247.800000,316.406000
375.100000,-338.107000,351.136000
477.970000,-380.800000,339.912000
447.744000,-255.514000,355.000000
427.424000,-333.851000,355.000000
1095.100000,-210.894000,356.360000
1022.668000,-156.800000,346.600000
951.100000,-211.324000,336.840000
1061.404000,-242.800000,327.040000
957.292000,-165.658000,359.000000
1057.660000,-164.110000,359.000000
921.400000,-210.575000,441.464000
921.400000,-209.075000,339.307000
886.975000,-160.100000,379.969000
855.400000,-160.100000,394.276000
846.400000,-204.350000,569.725000
846.400000,-191.000000,449.245000
900.550000,-235.100000,508.481000
917.275000,-235.100000,504.214000
994.700000,-83.249400,327.937000
975.242000,-70.200000,325.741000
947.700000,-80.137200,323.536000
979.519000,-88.400000,321.340000
993.995000,-73.676200,328.000000
998.355151,-58.245647,334.094000
985.780388,-42.334864,327.506000
958.132853,-45.358212,320.918000
982.436107,-59.105125,341.303000
977.768200,-44.779384,347.000000
850.886153,-118.978536,324.092000
849.328335,-100.211439,339.947000
824.657016,-94.066103,334.823000
836.697162,-113.928952,329.678000
853.997964,-109.442912,344.000000
884.521409,-92.934550,324.486000
881.020586,-66.190602,323.022000
838.464056,-51.529848,321.552000
858.984650,-81.310892,326.088000
860.156726,-62.513734,327.000000
916.817368,-30.341548,321.760000
914.999148,-4.110263,333.856000
880.023955,-2.356277,329.936000
895.115825,-25.733506,326.032000
916.014982,-15.002092,336.000000
869.525270,-12.464757,323.320000
878.490260,25.194622,320.135000
858.093037,18.293987,316.963000
857.919159,-11.029148,326.778000
863.575975,12.494487,328.000000
783.200000,-237.601000,339.013000
777.280000,-191.400000,397.148000
743.200000,-204.560000,378.360000
759.680000,-238.400000,359.572000
775.560000,-212.879000,403.000000
712.800000,-188.850000,324.188000
708.120000,-187.500000,322.724000
667.800000,-199.300000,321.254000
684.315000,-237.500000,325.790000
680.355000,-212.550000,326.000000
638.700000,-197.240000,322.612000
634.260000,-195.800000,344.507000
564.700000,-199.620000,337.431000
588.602000,-215.800000,330.326000
620.200000,-206.700000,345.000000
423.000000,-194.140000,372.373000
422.472000,-189.500000,350.568000
390.000000,-195.380000,328.852000
399.207000,-229.500000,307.136000
397.293000,-213.100000,394.000000
776.400000,-75.500000,321.574000
722.995000,-65.900000,319.378000
721.400000,-72.080000,326.173000
734.270000,-125.900000,323.977000
759.405000,-103.940000,328.000000
769.250000,-6.900000,351.120000
669.597500,1.300000,339.408000
661.750000,-1.060000,327.696000
682.175000,-38.700000,315.936000
679.165000,-25.820000,360.000000
507.800000,-5.752000,310.935000
454.820000,6.200000,305.300000
447.800000,5.528000,322.688000
456.560000,-41.800000,317.076000
485.780000,-28.504000,326.000000
244.398414,-578.250828,322.874000
236.305577,-561.456335,322.630000
219.496235,-573.454523,322.385000
220.550531,-575.399773,322.141000
224.054952,-571.984448,323.000000
296.500000,-334.088000,312.403000
289.354000,-326.000000,312.159000
287.500000,-348.224000,312.915000
288.013000,-350.000000,312.670000
292.666000,-345.464000,313.000000
283.000000,-313.938000,312.933000
265.000000,-310.500000,312.688000
259.000000,-318.429000,312.444000
259.312000,-319.500000,312.200000
260.080000,-318.204000,313.000000
167.490194,-562.030815,325.696000
170.172771,-529.761844,323.744000
135.136417,-534.745165,329.784000
146.483810,-571.377210,327.832000
142.027186,-553.819836,330.000000
139.904699,-301.844039,314.982000
131.854288,-277.176619,314.494000
109.446074,-282.805189,314.006000
128.654630,-309.332299,313.516000
131.179001,-309.876772,315.000000
115.721606,-617.248957,368.327000
131.470288,-580.558600,347.012000
86.888620,-612.140817,325.784000
88.992970,-639.904658,391.469000
82.425362,-632.115170,410.000000
21.022251,-483.471230,320.500000
94.532767,-550.376288,328.060000
44.340458,-438.590668,325.610000
-14.237863,-415.926275,323.170000
72.953742,-557.622017,330.000000
141.590449,-444.243689,332.738000
166.154357,-390.814102,327.370000
107.023227,-410.564802,321.980000
108.323001,-458.887530,338.612000
158.674238,-392.419931,342.000000
69.603148,-337.673703,317.706000
118.439694,-371.779783,343.376000
95.888028,-319.215642,335.080000
55.633275,-308.429918,326.750000
102.872054,-370.800448,348.000000
36.395431,-306.859403,333.054000
49.756921,-253.673659,324.969000
-3.041329,-255.786495,316.917000
8.145101,-308.228362,341.865000
31.819036,-251.699417,345.000000
364.000000,-202.892000,305.839000
318.970000,-131.500000,318.691000
250.000000,-182.619000,314.526000
325.126000,-228.500000,310.378000
342.340000,-151.870000,320.000000
355.336000,-133.828000,320.000000
285.376729,-68.547518,312.744000
308.119735,-34.313349,309.328000
276.360049,-35.177693,305.912000
269.066368,-66.819647,316.482000
290.873102,-34.141110,317.000000
209.000000,-78.375000,310.226000
197.334000,0.000000,310.981000
171.000000,-41.610000,310.737000
192.660000,-95.000000,310.493000
199.576000,-28.405000,311.000000
170.000000,-186.835000,323.305000
125.290000,0.000000,320.621000
0.000000,-84.710000,317.926000
89.420000,-215.000000,315.242000
37.740000,-73.745000,326.000000
154.020000,-72.455000,326.000000
102.680000,-130.290000,326.000000
68.510000,-17.845000,326.000000
