1522.700000,-1094.937000,305.598000
1513.367000,-1072.200000,305.110000
1505.700000,-1098.720000,304.620000
1519.504000,-1111.200000,304.132000
1508.743000,-1074.423000,306.000000
1493.900000,-1084.662000,307.544000
1489.364000,-1052.600000,307.056000
1469.900000,-1063.514000,306.566000
1480.748000,-1086.600000,306.078000
1474.820000,-1066.744000,308.000000
1570.100000,-969.440000,306.215000
1543.572000,-963.400000,304.507000
1538.100000,-982.620000,302.799000
1541.044000,-983.400000,301.084000
1545.524000,-978.920000,308.000000
1526.200000,-972.760000,315.380000
1519.150000,-952.900000,310.480000
1511.200000,-970.930000,305.600000
1522.195000,-982.900000,320.700000
1515.085000,-956.980000,321.000000
1508.400000,-956.916000,307.228000
1503.780000,-956.300000,305.032000
1466.400000,-963.076000,302.827000
1482.066000,-984.300000,309.631000
1478.412000,-970.160000,310.000000
1497.368372,-731.868570,317.955000
1473.277873,-731.345012,311.367000
1506.072876,-762.496747,304.752000
1510.997641,-765.964315,325.164000
1508.589166,-756.955484,327.000000
1427.300000,-611.237000,319.484000
1417.916000,-569.000000,315.092000
1403.300000,-598.754000,310.700000
1418.996000,-626.000000,324.290000
1411.436000,-581.255000,326.000000
1390.800000,-623.414000,312.896000
1388.940000,-622.000000,310.936000
1330.800000,-624.282000,308.984000
1348.440000,-636.000000,315.032000
1352.760000,-630.036000,316.000000
1366.100000,-595.760000,314.435000
1354.693000,-574.600000,311.751000
1349.100000,-611.538000,309.056000
1364.978000,-620.600000,317.372000
1355.781000,-617.564000,319.000000
1347.700000,-614.220000,309.116000
1339.900000,-580.600000,308.628000
1322.700000,-598.763000,308.138000
1337.075000,-621.600000,309.650000
1333.175000,-592.654000,310.000000
1448.900000,-1084.560000,308.655000
1413.676000,-1079.700000,307.435000
1411.900000,-1081.968000,306.215000
1419.855000,-1106.700000,309.990000
1428.402000,-1097.331000,311.000000
1344.200000,-1092.226000,308.000000
1332.360000,-1073.900000,308.000000
1324.200000,-1098.516000,308.000000
1341.300000,-1107.900000,308.000000
1333.660000,-1074.342000,308.000000
1442.100000,-1060.180000,310.648000
1434.178000,-1042.200000,306.744000
1408.100000,-1049.480000,318.824000
1424.964000,-1062.200000,314.920000
1425.100000,-1049.660000,319.000000
1434.000000,-1011.698000,312.020000
1356.303000,-1006.000000,307.140000
1345.000000,-1006.088000,322.240000
1357.104000,-1028.000000,317.360000
1391.814000,-1022.104000,323.000000
1344.900000,-1045.762000,313.225000
1313.094000,-1009.300000,309.060000
1282.900000,-1047.355000,321.912000
1331.012000,-1068.300000,317.747000
1317.186000,-1014.728000,323.000000
1446.100000,-975.552000,307.572000
1442.404000,-942.300000,304.142000
1422.100000,-951.990000,314.726000
1432.108000,-976.300000,311.310000
1436.020000,-957.668000,316.000000
1399.000000,-965.954000,304.113000
1363.270000,-954.800000,303.381000
1354.000000,-985.325000,305.646000
1356.565000,-987.800000,304.914000
1381.315000,-981.563000,306.000000
1337.700000,-974.301000,305.376000
1330.756000,-951.300000,304.400000
1321.700000,-969.978000,307.420000
1332.852000,-984.300000,306.444000
1331.828000,-956.943000,308.000000
1430.300000,-916.426000,315.038000
1426.775000,-915.400000,304.993000
1383.300000,-919.108000,335.989000
1399.186000,-933.400000,325.944000
1414.320000,-924.958000,343.000000
1308.000000,-866.524000,321.968000
1295.130000,-836.500000,310.208000
1290.000000,-897.412000,346.496000
1307.604000,-908.500000,334.784000
1302.366000,-900.580000,356.000000
1302.100000,-773.376000,314.656000
1296.775000,-753.200000,307.580000
1287.100000,-765.862000,329.475000
1296.370000,-779.200000,322.399000
1297.810000,-759.700000,336.000000
1356.800000,-781.840000,313.873000
1285.088000,-779.800000,335.797000
1284.800000,-781.705000,328.721000
1303.448000,-794.800000,321.616000
1338.080000,-788.950000,336.000000
1451.000000,-769.040000,307.596000
1384.220000,-761.600000,334.776000
1346.000000,-773.105000,325.992000
1440.395000,-776.600000,317.172000
1426.535000,-776.135000,336.000000
1446.700000,-754.835000,306.624000
1442.836000,-723.200000,333.804000
1432.700000,-738.296000,325.020000
1440.246000,-760.200000,316.236000
1443.816000,-735.373000,336.000000
1445.200000,-709.125000,307.536000
1368.172000,-705.900000,343.824000
1361.200000,-706.620000,332.064000
1376.320000,-720.900000,320.352000
1430.080000,-716.235000,348.000000
1359.800000,-722.775000,317.460000
1350.888000,-701.500000,349.212000
1343.800000,-726.956000,338.964000
1356.920000,-738.500000,328.674000
1357.352000,-703.313000,354.000000
1342.600000,-712.176000,316.368000
1335.311000,-699.100000,348.078000
1305.600000,-703.706000,337.830000
1322.620000,-713.100000,327.540000
1337.938000,-704.812000,354.000000
1302.800000,-712.608000,315.234000
1288.554000,-703.200000,346.944000
1285.800000,-734.208000,336.696000
1287.517000,-735.200000,326.448000
1301.117000,-727.776000,354.000000
1268.400000,-1078.870000,307.850000
1256.450000,-1042.900000,320.702000
1243.400000,-1076.395000,316.537000
1261.925000,-1097.900000,312.389000
1266.575000,-1049.940000,324.000000
1228.600000,-1073.903000,307.115000
1227.420000,-1073.500000,310.895000
1218.600000,-1081.250000,309.675000
1222.410000,-1104.500000,308.450000
1228.140000,-1088.597000,312.000000
1220.900000,-1098.230000,311.991000
1197.371000,-1094.500000,311.256000
1189.900000,-1103.400000,310.524000
1190.582000,-1104.500000,309.789000
1220.311000,-1102.970000,312.000000
1216.600000,-1067.695000,307.970000
1213.408000,-1056.700000,307.725000
1208.600000,-1064.650000,307.481000
1213.896000,-1071.700000,307.237000
1208.664000,-1059.805000,308.000000
1195.000000,-1054.312000,311.829000
1194.610000,-1051.000000,311.097000
1185.000000,-1057.156000,310.362000
1188.020000,-1087.000000,309.630000
1185.340000,-1071.376000,312.000000
1187.000000,-1089.452000,320.076000
1176.815000,-1077.700000,317.392000
1172.000000,-1098.786000,314.708000
1186.145000,-1103.700000,312.013000
1172.915000,-1101.776000,321.000000
1148.400000,-1097.900000,311.000000
1132.400000,-1077.600000,311.000000
1098.400000,-1088.875000,311.000000
1127.550000,-1102.600000,311.000000
1102.800000,-1084.750000,311.000000
1231.100000,-1001.762000,310.726000
1209.980000,-998.000000,310.238000
1209.100000,-1000.024000,309.748000
1214.006000,-1020.000000,309.260000
1211.630000,-1012.190000,311.000000
1206.100000,-1026.471000,313.180000
1197.700000,-1004.700000,311.960000
1192.100000,-1034.712000,310.735000
1204.196000,-1045.700000,309.515000
1194.074000,-1004.905000,314.000000
1143.300000,-1041.777000,323.326000
1134.142000,-999.900000,319.910000
1105.300000,-1017.384000,316.494000
1124.452000,-1046.900000,313.064000
1111.684000,-1017.055000,326.000000
1268.000000,-927.700000,313.481000
1242.451000,-925.200000,311.766000
1239.000000,-925.330000,310.058000
1243.176000,-935.200000,308.350000
1244.655000,-932.440000,315.000000
1238.900000,-967.430000,313.024000
1232.127000,-947.300000,312.048000
1225.900000,-968.849000,311.068000
1236.105000,-980.300000,310.092000
1228.786000,-950.072000,314.000000
1224.200000,-976.560000,312.916000
1222.256000,-949.400000,311.940000
1212.200000,-957.604000,310.960000
1217.300000,-977.400000,313.984000
1215.176000,-961.832000,314.000000
1179.800000,-969.248000,312.808000
1161.354000,-965.300000,311.832000
1156.800000,-976.508000,310.856000
1158.295000,-977.300000,313.876000
1163.125000,-974.936000,314.000000
1190.200000,-955.470000,321.492000
1161.028000,-934.800000,317.327000
1124.200000,-952.020000,313.179000
1170.796000,-964.800000,326.031000
1144.132000,-939.690000,327.000000
1268.300000,-854.578000,312.245000
1267.138000,-853.500000,311.025000
1254.300000,-858.208000,309.800000
1259.144000,-875.500000,313.580000
1258.906000,-865.006000,314.000000
1257.000000,-838.668000,312.244000
1248.324000,-830.100000,311.756000
1245.000000,-848.055000,311.266000
1256.832000,-851.100000,312.778000
1249.260000,-848.622000,313.000000
1157.500000,-865.640000,316.000000
1152.781000,-842.600000,316.000000
1144.500000,-857.450000,316.000000
1152.638000,-872.600000,316.000000
1149.466000,-849.860000,316.000000
1145.100000,-859.620000,316.000000
1144.960000,-857.700000,316.000000
1110.100000,-859.725000,316.000000
1119.445000,-872.700000,316.000000
1124.415000,-866.730000,316.000000
1259.300000,-794.483000,310.458000
1246.420000,-790.100000,310.702000
1239.300000,-797.084000,310.947000
1257.440000,-799.100000,310.191000
1248.020000,-798.749000,310.000000
1213.100000,-800.767000,313.000000
1209.408000,-749.100000,313.000000
1200.100000,-774.476000,313.000000
1207.211000,-810.100000,313.000000
1206.106000,-768.681000,313.000000
1200.200000,-761.127000,321.313000
1188.175000,-748.500000,317.148000
1187.200000,-751.916000,313.000000
1189.644000,-809.500000,325.835000
1193.557000,-790.041000,330.000000
1142.500000,-795.716000,321.234000
1121.595000,-781.000000,319.519000
1105.500000,-799.122000,324.811000
1136.136000,-807.000000,323.103000
1124.592000,-782.040000,325.000000
1270.600000,-751.838000,313.740000
1260.350000,-739.800000,312.764000
1220.600000,-744.181000,315.784000
1244.000000,-752.800000,314.808000
1247.750000,-745.000000,316.000000
1238.100000,-701.484000,323.936000
1200.876000,-688.900000,319.788000
1194.100000,-731.888000,332.640000
1198.896000,-732.900000,328.475000
1219.136000,-722.340000,334.000000
1172.300000,-717.272000,317.764000
1159.664000,-696.600000,317.274000
1146.300000,-716.376000,318.786000
1165.774000,-728.600000,318.296000
1161.796000,-700.408000,319.000000
1138.700000,-685.575000,320.065000
1135.172000,-685.500000,319.330000
1110.700000,-689.370000,321.598000
1121.592000,-700.500000,320.866000
1128.144000,-692.685000,322.000000
1202.900000,-649.530000,325.544000
1140.006000,-641.500000,319.932000
1120.900000,-661.256000,337.297000
1123.360000,-663.500000,331.685000
1174.200000,-659.958000,341.000000
1148.800000,-631.700000,318.107000
1132.520000,-599.800000,316.399000
1108.800000,-623.516000,321.691000
1135.600000,-643.800000,319.976000
1135.840000,-608.512000,323.000000
1251.400000,-591.532000,313.025000
1246.794000,-587.500000,310.330000
1153.400000,-596.092000,318.646000
1183.780000,-635.500000,315.951000
1222.294000,-614.284000,321.000000
1253.000000,-573.324000,313.936000
1194.520000,-564.000000,306.096000
1168.000000,-581.199000,330.288000
1248.835000,-585.000000,322.480000
1230.050000,-583.278000,338.000000
994.600000,-1089.536000,330.807000
976.888000,-1062.200000,381.459000
940.600000,-1077.840000,365.044000
972.514000,-1096.200000,348.696000
981.424000,-1071.618000,383.000000
1076.100000,-1007.002000,315.492000
1043.188000,-998.200000,329.100000
1042.100000,-1003.600000,324.708000
1049.954000,-1052.200000,320.298000
1068.722000,-1032.598000,330.000000
1024.800000,-1023.542000,319.512000
965.118000,-995.300000,326.307000
926.800000,-1035.260000,324.111000
1012.256000,-1049.300000,321.906000
1006.180000,-1049.138000,327.000000
995.200000,-968.786000,329.011000
979.513000,-931.700000,382.616000
932.200000,-947.702000,365.292000
964.456000,-973.700000,347.968000
984.931000,-946.652000,390.000000
1073.100000,-896.232000,316.596000
1017.982000,-885.100000,327.180000
1011.100000,-886.066000,323.750000
1020.524000,-931.100000,320.334000
1064.606000,-918.036000,329.000000
1021.800000,-851.690000,320.522000
1004.310000,-824.600000,325.058000
988.800000,-854.345000,323.594000
1014.969000,-869.600000,322.124000
1018.170000,-828.020000,326.000000
1078.200000,-803.348000,320.867000
1073.100000,-751.400000,356.352000
1048.200000,-767.654000,344.884000
1061.190000,-805.400000,333.369000
1075.710000,-774.890000,365.000000
1028.200000,-773.508000,320.748000
992.560000,-758.100000,337.380000
984.200000,-803.316000,331.990000
987.412000,-806.100000,326.622000
1025.736000,-796.260000,342.000000
986.200000,-784.060000,324.147000
960.944000,-743.200000,340.023000
930.200000,-778.120000,334.878000
970.184000,-803.200000,329.754000
984.520000,-752.500000,345.000000
1023.800000,-681.942000,344.600000
1015.428000,-679.400000,339.720000
931.800000,-693.164000,334.840000
964.368000,-741.400000,329.940000
1023.524000,-711.268000,345.000000
1083.800000,-628.600000,325.678000
1050.905000,-604.600000,323.963000
1038.800000,-656.380000,322.255000
1083.530000,-664.600000,320.540000
1039.880000,-657.040000,326.000000
987.100000,-651.240000,325.854000
980.404000,-606.400000,325.366000
969.100000,-636.077000,324.876000
980.530000,-665.400000,324.388000
970.018000,-620.206000,326.000000
965.000000,-630.640000,341.300000
964.808000,-626.200000,337.152000
949.000000,-631.491000,332.987000
953.400000,-663.200000,328.839000
950.232000,-648.141000,343.000000
1066.900000,-567.866000,337.714000
978.228000,-542.000000,333.322000
930.900000,-584.336000,328.930000
1055.340000,-596.000000,324.520000
945.044000,-593.462000,340.000000
813.700000,-1093.799000,328.317000
803.738000,-1059.400000,325.622000
779.700000,-1076.784000,322.938000
798.604000,-1100.400000,320.254000
784.154000,-1072.233000,330.000000
892.700000,-1009.197000,337.120000
824.591000,-988.700000,333.216000
819.700000,-995.292000,329.296000
834.008000,-1091.700000,325.392000
831.234000,-1057.916000,340.000000
809.800000,-1029.280000,334.309000
793.183000,-995.800000,331.137000
780.800000,-1038.100000,327.952000
805.044000,-1055.800000,324.780000
786.136000,-997.720000,337.000000
773.400000,-1095.150000,334.256000
762.272000,-1072.200000,330.352000
721.400000,-1080.825000,326.448000
746.204000,-1097.200000,322.528000
732.372000,-1082.000000,338.000000
772.800000,-1015.768000,404.920000
751.450000,-1000.200000,378.460000
747.800000,-1055.360000,352.108000
750.725000,-1056.200000,325.756000
753.750000,-1042.312000,433.000000
840.300000,-954.661000,378.614000
812.636000,-920.900000,359.582000
784.300000,-954.078000,340.472000
826.692000,-973.900000,399.440000
799.140000,-926.783000,401.000000
844.200000,-890.002000,344.406000
835.830000,-824.200000,339.282000
782.200000,-841.756000,334.137000
806.876000,-890.200000,350.013000
800.242000,-855.286000,351.000000
769.300000,-842.193000,371.580000
755.350000,-824.700000,356.145000
751.300000,-869.094000,340.773000
751.984000,-873.700000,388.338000
757.024000,-865.419000,393.000000
745.471051,-860.811263,369.879000
752.931425,-829.491391,354.444000
734.183564,-847.250780,339.072000
735.472954,-869.906931,386.700000
745.887037,-835.408467,393.000000
869.700000,-744.372000,335.908000
866.900000,-742.700000,331.516000
819.700000,-746.814000,327.106000
835.650000,-764.700000,340.714000
838.300000,-754.800000,343.000000
907.900000,-762.260000,335.422000
883.540000,-736.100000,331.030000
872.900000,-785.720000,326.620000
906.465000,-796.100000,340.228000
886.830000,-790.700000,343.000000
826.245489,-803.030717,441.388000
827.456073,-767.839967,393.368000
792.313210,-770.709101,345.544000
806.451222,-802.006498,493.524000
812.955869,-772.443412,529.000000
909.000000,-635.615000,339.624000
847.512000,-630.500000,333.744000
846.000000,-634.064000,327.888000
861.120000,-663.500000,346.032000
874.476000,-651.257000,351.000000
840.600000,-653.645000,367.427000
808.516000,-641.800000,349.615000
788.600000,-659.004000,331.730000
834.360000,-664.800000,386.918000
813.508000,-664.547000,404.000000
897.700000,-624.064000,426.480000
876.626000,-592.600000,374.020000
862.112000,-592.600000,387.995000
815.700000,-606.604000,536.560000
858.340000,-628.600000,483.885000
856.700000,-628.600000,482.165000
906.700000,-551.062000,331.690000
797.266000,-541.000000,328.015000
784.700000,-542.247000,339.355000
804.342000,-584.000000,335.680000
849.604000,-571.444000,340.000000
549.773541,-1143.857550,337.570000
545.124063,-1117.077153,330.220000
519.373224,-1126.337667,352.900000
536.507228,-1151.070217,345.580000
546.683817,-1120.835974,355.000000
524.850918,-1177.489282,388.328000
530.180457,-1148.897381,349.532000
532.282067,-1150.314935,443.978000
481.031185,-1126.215751,469.577000
493.991940,-1158.262021,430.781000
481.220616,-1149.647655,354.620000
510.723423,-1150.194988,485.000000
503.533020,-1095.799192,348.265000
501.077814,-1078.841131,333.381000
478.344077,-1093.035123,379.497000
478.184950,-1095.063239,364.552000
488.823565,-1098.723945,387.000000
577.219750,-1079.101305,361.951000
592.947871,-1033.290055,335.246000
545.912498,-1032.394882,417.650000
551.920759,-1079.555751,390.945000
589.432914,-1043.198148,434.000000
625.780890,-1028.639623,335.984000
623.200823,-1024.741627,328.144000
594.037703,-993.867049,352.336000
596.378206,-1013.864674,344.528000
610.744677,-1020.616156,358.000000
643.960716,-995.264411,329.135000
642.322334,-965.210941,326.451000
606.441762,-983.183596,334.756000
601.992732,-986.913738,332.072000
620.987780,-1000.788904,337.000000
653.569635,-962.037789,337.062000
671.021404,-940.571096,327.546000
650.872347,-944.920616,357.030000
643.261265,-963.494745,347.475000
665.633085,-946.845308,366.000000
449.715360,-1084.758240,328.232000
452.721681,-1081.062745,328.987000
417.540416,-1047.761777,328.743000
398.588371,-1080.952335,328.498000
426.411417,-1087.614391,329.000000
454.802357,-1046.418888,341.325000
455.716363,-1023.597947,390.400000
430.457183,-1032.677472,374.540000
440.386930,-1055.516178,358.680000
439.300358,-1051.377704,393.000000
514.262890,-1031.494635,337.392000
529.926162,-1009.902531,385.776000
509.401039,-1005.836214,370.096000
503.880597,-1026.998425,354.480000
524.025684,-1017.640191,390.000000
513.769218,-993.909052,335.399000
505.316858,-972.904302,372.443000
502.477262,-973.457628,360.487000
480.215532,-997.522297,348.482000
498.357826,-1001.239339,377.000000
547.920218,-1005.169591,332.250000
538.861677,-972.134259,357.920000
510.770047,-965.768190,349.624000
533.875931,-1005.702768,341.294000
553.144142,-990.725044,362.000000
575.562026,-980.250784,328.490000
613.951288,-939.451312,332.270000
580.570221,-932.445403,331.045000
560.276095,-970.097927,329.825000
597.929904,-956.887655,333.000000
583.499987,-927.037987,333.047000
587.030114,-905.323172,376.139000
538.432260,-941.658200,362.174000
539.485131,-943.539966,348.266000
560.023935,-943.992278,386.000000
642.546110,-920.069630,328.792000
654.726302,-881.138406,342.400000
614.016863,-885.267978,338.008000
620.321705,-924.459116,333.598000
662.722763,-899.851319,346.000000
674.711888,-871.486938,330.394000
709.992007,-836.477429,430.809000
680.468643,-821.788625,398.357000
661.200887,-855.676200,365.905000
694.269778,-853.847807,461.000000
732.929551,-808.915786,397.379000
726.405687,-786.995323,380.543000
704.941285,-796.837729,363.638000
704.071466,-799.140250,346.802000
723.518909,-816.084721,398.000000
763.900000,-688.952000,381.236000
755.017000,-675.500000,369.280000
742.900000,-686.045000,357.275000
757.306000,-694.500000,345.319000
743.173000,-678.958000,383.000000
746.438523,-704.820322,367.480000
745.630153,-701.769060,357.720000
716.243852,-671.367304,347.960000
713.617854,-692.428462,338.160000
712.252905,-676.915276,370.000000
766.000000,-611.584000,367.796000
714.608000,-578.200000,358.976000
693.000000,-643.408000,350.192000
763.591000,-656.200000,341.408000
697.891000,-648.478000,371.000000
765.700000,-569.080000,351.680000
745.060000,-537.600000,346.800000
705.700000,-556.640000,341.900000
742.120000,-577.600000,337.020000
711.340000,-548.040000,354.000000
708.600000,-542.574000,510.255000
667.230000,-536.400000,457.795000
666.600000,-541.272000,405.120000
677.016000,-578.400000,352.660000
427.155149,-1018.672233,362.200000
419.702602,-985.300175,352.440000
390.489855,-985.311984,342.680000
412.207450,-1023.714905,332.880000
389.823743,-995.119920,369.000000
464.933698,-980.719260,393.928000
476.964082,-951.540744,373.838000
440.725842,-926.977100,353.830000
444.670060,-962.509451,333.822000
448.384956,-933.536953,410.000000
505.721150,-943.255635,331.885000
482.481985,-903.784131,330.665000
478.661548,-900.830091,329.440000
461.527558,-925.578040,328.220000
469.528784,-921.157590,333.000000
544.469539,-914.361672,344.750000
551.177455,-866.775465,339.626000
502.420469,-871.206763,334.481000
517.953221,-921.087898,329.357000
539.855014,-858.418532,350.000000
585.190009,-883.860044,339.860000
625.742577,-843.841103,336.185000
595.546628,-836.870632,332.525000
572.222761,-873.090578,343.850000
595.632545,-846.606166,344.000000
576.486110,-847.675665,331.879000
567.983556,-822.636392,330.164000
542.382209,-836.689673,328.456000
543.102170,-839.580911,333.748000
551.860653,-839.861563,334.000000
581.087252,-821.574260,350.450000
593.804314,-803.464269,341.910000
574.572288,-810.122100,333.335000
570.547333,-825.592793,359.795000
588.531675,-803.970196,362.000000
638.120927,-784.484321,346.576000
637.315075,-782.383222,338.768000
620.689014,-772.865214,330.960000
608.195151,-792.504566,355.120000
619.055731,-782.783375,358.000000
676.264610,-801.220199,335.638000
657.616472,-760.496387,332.208000
628.608097,-765.179628,328.792000
626.282599,-767.883732,339.362000
642.258090,-781.068254,341.000000
701.955593,-772.241900,349.290000
724.438573,-729.072406,341.695000
680.981044,-724.888776,334.131000
679.036990,-768.347064,357.567000
707.271744,-728.562122,362.000000
438.290321,-915.746798,339.134000
439.839340,-912.258613,334.742000
397.810646,-868.747500,330.332000
387.622358,-900.213529,343.940000
403.308754,-897.403544,347.000000
457.422341,-897.987238,338.184000
449.271208,-865.849999,333.548000
421.245978,-869.378099,328.912000
442.976799,-905.747523,343.257000
430.540771,-887.387068,347.000000
490.422698,-873.219138,336.160000
522.380985,-834.218739,332.240000
487.513939,-833.111538,328.336000
473.280886,-868.926111,340.416000
503.947704,-839.676452,344.000000
484.478539,-825.920425,342.973000
476.227082,-803.295087,335.378000
472.749994,-804.535783,358.814000
445.241499,-833.358756,351.250000
461.011386,-829.328224,359.000000
542.782600,-826.507963,340.224000
547.471971,-809.045198,333.148000
527.698887,-815.560841,355.043000
531.507231,-832.233811,347.967000
548.393627,-810.869802,356.000000
521.026066,-811.701085,329.574000
537.134351,-788.594394,328.110000
512.242252,-775.064253,332.646000
507.893032,-800.154845,331.176000
523.641348,-789.808351,333.000000
575.851748,-797.302152,331.239000
549.086277,-751.807554,328.054000
544.130949,-745.783575,337.882000
525.885176,-770.827052,334.697000
548.753063,-786.433866,339.000000
582.172272,-750.472159,328.256000
591.183128,-733.969834,326.786000
572.904825,-739.962156,331.322000
571.934030,-754.691617,329.858000
590.111505,-736.873271,332.000000
609.054910,-749.215429,328.490000
628.885440,-726.939360,326.050000
605.213408,-711.149909,333.600000
596.810921,-735.001100,331.160000
613.826843,-730.033607,335.000000
596.304848,-718.486428,334.626000
604.955968,-696.213486,326.574000
559.227400,-729.209759,351.522000
556.086895,-732.795165,343.437000
570.577716,-732.660867,357.000000
662.068520,-721.754797,330.920000
678.124800,-674.843990,326.020000
630.068116,-669.175879,341.140000
636.371387,-718.623763,336.240000
674.387690,-686.818368,345.000000
343.966616,-1013.496809,328.228000
339.947916,-1004.243785,325.300000
254.007429,-912.631781,334.360000
254.596104,-970.348783,331.432000
302.667242,-996.390034,337.000000
369.135871,-974.295103,334.470000
381.053284,-941.740253,360.930000
329.952482,-973.856197,352.355000
336.684498,-999.769482,343.815000
338.812554,-990.325659,361.000000
335.418801,-966.012942,334.730000
343.451562,-909.089040,351.362000
277.944172,-869.724666,345.994000
299.320188,-940.398182,340.604000
340.867468,-927.607083,352.000000
389.158071,-860.862684,351.948000
348.593136,-801.713359,451.608000
344.324948,-804.521142,419.400000
328.012607,-841.448168,387.060000
364.494381,-861.286495,459.000000
401.526240,-841.676620,330.564000
389.235213,-802.758569,347.196000
357.542078,-800.088718,341.806000
385.895463,-846.304794,336.438000
383.527528,-842.045864,349.000000
451.953059,-797.708817,328.890000
459.819958,-770.612491,339.474000
424.328428,-744.159987,336.044000
431.782336,-778.892335,332.628000
457.123561,-781.526654,341.000000
500.405791,-758.090651,326.000000
471.957375,-712.914026,326.000000
467.804150,-709.858885,326.000000
452.741695,-735.266093,326.000000
484.941566,-760.836534,326.000000
572.460458,-691.796743,326.312000
576.051067,-669.641776,338.392000
553.012249,-672.803084,334.488000
559.817737,-695.676738,330.584000
582.547911,-680.014864,341.000000
542.137637,-719.018297,325.275000
558.371498,-695.887121,329.055000
530.735071,-676.781530,327.830000
527.074125,-703.319540,326.610000
552.053915,-707.025034,330.000000
538.788950,-668.546684,325.448000
541.357126,-651.424797,337.544000
507.622306,-675.770300,333.624000
507.349547,-677.756611,329.720000
522.499826,-680.818610,341.000000
583.984692,-646.225431,323.026000
590.139799,-623.558762,342.682000
566.879647,-622.764044,336.338000
571.449675,-646.576899,329.968000
595.418951,-636.104825,349.000000
293.053311,-833.280707,361.125000
291.376349,-830.383645,352.550000
273.013560,-811.910228,344.010000
268.214952,-828.687783,335.470000
269.480490,-814.490318,362.000000
265.060051,-856.117790,333.272000
231.238695,-791.250449,329.856000
191.124389,-793.539900,326.426000
188.975943,-797.555241,323.010000
193.969946,-794.918110,334.000000
317.825336,-805.463661,326.000000
322.563275,-773.760179,326.000000
288.606561,-758.398381,326.000000
299.480861,-796.128746,326.000000
298.498942,-754.419630,326.000000
300.443645,-700.589426,327.580000
302.508875,-698.062223,326.600000
289.831050,-692.681635,325.624000
271.609751,-714.668112,324.644000
280.507973,-702.688154,328.000000
349.908323,-709.208757,331.076000
351.708340,-698.376912,329.361000
338.207502,-706.367167,327.653000
341.868462,-715.762127,325.945000
337.255651,-708.731354,332.000000
333.365969,-700.211042,328.205000
343.269566,-688.126345,326.985000
333.749856,-690.364882,325.760000
328.774196,-700.430982,324.540000
336.653078,-689.005301,329.000000
372.564222,-685.288023,327.256000
357.790647,-661.455555,326.280000
355.420998,-661.816084,325.300000
343.471054,-680.171777,324.324000
348.610421,-673.701497,328.000000
402.584643,-677.941225,329.152000
398.230782,-656.183431,328.172000
381.471629,-677.034993,327.196000
394.069914,-692.127270,326.216000
394.178701,-654.904119,330.000000
421.572841,-662.829729,340.459000
436.209337,-631.446183,335.804000
410.082500,-629.604017,331.168000
407.521679,-657.490530,326.532000
415.208981,-633.255597,345.000000
401.930414,-604.274450,358.966000
369.744405,-641.451447,347.010000
365.375862,-646.704347,335.005000
372.726465,-642.564739,323.049000
375.806673,-637.619751,372.000000
556.710685,-596.716690,338.968000
576.063367,-568.282747,333.112000
543.609952,-584.212180,327.256000
538.179590,-607.143707,345.376000
570.023182,-568.393127,346.000000
562.900000,-553.712000,338.344000
556.540000,-533.300000,332.464000
522.900000,-539.411000,326.608000
539.780000,-554.300000,344.728000
534.780000,-542.666000,346.000000
510.681974,-648.362009,343.966000
505.716553,-624.366940,336.861000
477.266587,-641.154851,329.785000
476.492616,-643.989542,351.709000
486.241137,-645.044012,354.000000
481.094305,-611.615444,321.000000
490.156957,-583.875308,321.000000
461.652056,-579.851720,321.000000
465.834045,-609.592825,321.000000
480.794925,-581.329458,321.000000
470.500000,-563.564000,321.000000
469.700000,-563.200000,321.000000
460.500000,-564.684000,321.000000
463.930000,-570.200000,321.000000
464.270000,-566.875000,321.000000
452.332457,-578.933362,321.000000
448.511616,-569.343181,321.000000
440.055920,-582.440284,321.000000
448.118187,-588.663277,321.000000
443.561079,-584.535109,321.000000
427.837802,-593.233183,323.188000
432.138067,-570.162131,322.208000
420.424875,-581.566761,321.232000
421.575246,-598.241554,324.256000
427.442200,-576.261825,325.000000
479.100000,-547.810000,321.000000
479.058000,-546.500000,321.000000
437.100000,-547.830000,321.000000
448.188000,-556.500000,321.000000
456.294000,-552.540000,321.000000
410.318610,-568.093197,321.000000
411.250521,-547.492720,321.000000
396.962835,-575.147675,321.000000
402.209697,-586.836919,321.000000
398.789836,-584.005285,321.000000
394.169407,-565.260094,321.000000
398.935351,-542.633988,321.000000
388.530455,-550.858058,321.000000
388.552853,-567.617915,321.000000
394.143325,-550.239833,321.000000
1353.265207,-489.534957,328.640000
1352.694490,-467.713689,314.920000
1349.633358,-467.537689,357.256000
1311.802111,-492.949822,343.592000
1328.704219,-492.056514,360.000000
1269.500000,-511.670000,320.564000
1232.970000,-494.600000,313.732000
1204.500000,-515.420000,334.872000
1258.125000,-524.600000,328.040000
1241.160000,-495.890000,337.000000
1269.000000,-452.431000,315.106000
1263.519000,-416.200000,309.982000
1242.000000,-429.226000,325.858000
1254.582000,-455.200000,320.713000
1257.957000,-431.917000,328.000000
1188.300000,-505.648000,315.040000
1144.464000,-496.400000,311.610000
1136.300000,-527.600000,322.194000
1141.812000,-528.400000,318.764000
1168.436000,-520.784000,324.000000
1131.300000,-512.520000,313.999000
1119.225000,-486.600000,313.267000
1106.300000,-511.200000,315.532000
1124.950000,-526.600000,314.800000
1122.425000,-491.480000,316.000000
1190.100000,-449.844000,314.448000
1180.676000,-449.700000,312.496000
1114.100000,-454.290000,318.536000
1143.512000,-467.700000,316.584000
1165.096000,-458.376000,320.000000
1203.900000,-420.648000,317.486000
1132.084000,-407.400000,309.190000
1109.900000,-439.620000,334.894000
1112.438000,-443.400000,326.564000
1175.512000,-437.676000,342.000000
963.800000,-512.921000,324.759000
950.064000,-496.200000,324.024000
929.800000,-508.528000,326.292000
952.478000,-519.200000,325.560000
954.450000,-500.823000,327.000000
1005.000000,-436.210000,327.876000
1001.850000,-433.600000,347.532000
935.000000,-438.880000,341.162000
956.560000,-463.600000,334.818000
987.640000,-450.430000,348.000000
912.300000,-508.310000,344.900000
878.050000,-494.900000,420.500000
862.300000,-519.380000,396.000000
909.700000,-524.900000,371.600000
901.200000,-522.500000,425.000000
911.700000,-476.540000,326.300000
903.250000,-444.300000,345.200000
885.700000,-462.580000,339.100000
900.988000,-484.300000,332.975000
906.630000,-455.500000,347.000000
914.100000,-407.180000,336.184000
865.800000,-402.200000,414.704000
864.100000,-405.110000,389.328000
875.550000,-432.200000,363.952000
905.700000,-421.400000,425.000000
864.200000,-483.094000,340.401000
826.628000,-473.100000,400.125000
802.200000,-487.103000,380.770000
856.078000,-492.100000,361.494000
855.458000,-492.081000,410.000000
863.600000,-450.015000,338.268000
848.348000,-433.200000,397.992000
801.600000,-440.382000,378.637000
833.158000,-452.200000,359.361000
856.470000,-440.021000,410.000000
772.000000,-429.890000,338.655000
772.000000,-518.462000,380.763000
670.882000,-400.000000,404.427000
658.000000,-402.196000,383.199000
658.000000,-411.590000,418.869000
675.100000,-522.000000,361.884000
761.968000,-487.718000,420.000000
723.550000,-502.480000,420.000000
634.400000,-473.020000,327.574000
603.307000,-398.000000,377.404000
575.400000,-479.592000,361.300000
622.010000,-522.000000,345.196000
630.801000,-407.672000,391.000000
574.200000,-517.872000,319.504000
564.681000,-399.300000,351.256000
517.200000,-436.077000,340.966000
541.710000,-522.300000,330.718000
572.262000,-453.174000,361.000000
480.900000,-482.336000,346.580000
456.660000,-469.700000,339.748000
450.900000,-506.321000,332.888000
453.030000,-508.700000,326.056000
480.660000,-500.822000,347.000000
405.300000,-504.428000,324.672000
393.652000,-475.700000,322.712000
379.300000,-500.018000,320.760000
397.786000,-517.700000,318.800000
379.794000,-482.336000,325.000000
499.500000,-401.123000,315.136000
495.452000,-398.500000,315.626000
453.500000,-411.920000,316.114000
469.646000,-459.500000,316.602000
455.616000,-430.037000,315.000000
1271.200000,-320.219000,383.925000
1245.685000,-290.800000,363.185000
1236.200000,-353.580000,342.360000
1270.920000,-363.800000,321.620000
1238.755000,-354.821000,392.000000
1217.300000,-333.449000,389.386000
1198.850000,-315.900000,368.158000
1167.300000,-327.400000,346.930000
1198.900000,-338.900000,325.615000
1172.250000,-321.351000,400.000000
1167.900000,-288.810000,387.124000
1167.540000,-276.000000,365.809000
1127.900000,-290.805000,344.581000
1138.780000,-381.000000,323.266000
1132.940000,-338.580000,400.000000
1100.100000,-321.690000,443.350000
1035.100000,-300.000000,404.640000
1032.600000,-300.000000,331.170000
1000.100000,-335.145000,366.088000
1091.400000,-345.000000,327.536000
1074.100000,-345.000000,400.374000
1015.400000,-343.020000,471.000000
997.200000,-379.170000,405.982000
979.800000,-349.700000,379.386000
937.200000,-364.435000,352.681000
970.380000,-384.700000,326.085000
948.000000,-360.760000,428.000000
998.100000,-266.035000,403.039000
942.300000,-259.000000,376.443000
938.100000,-261.170000,349.847000
949.680000,-294.000000,323.142000
950.460000,-282.625000,428.000000
879.400000,-371.803000,377.895000
866.290000,-358.900000,360.500000
856.400000,-375.046000,343.176000
875.582000,-381.900000,325.781000
861.759000,-359.705000,396.000000
830.200000,-379.572000,379.696000
823.448000,-350.100000,362.056000
798.200000,-361.044000,344.488000
813.368000,-382.100000,398.920000
806.520000,-362.740000,400.000000
889.700000,-311.640000,379.662000
836.087000,-296.800000,359.654000
826.700000,-348.899000,339.564000
833.882000,-349.800000,401.556000
844.718000,-336.762000,405.000000
918.300000,-282.180000,330.304000
871.164000,-261.700000,327.620000
822.300000,-281.636000,324.936000
894.780000,-293.700000,333.241000
852.348000,-265.348000,334.000000
775.600000,-350.600000,398.542000
769.924000,-315.600000,371.837000
732.600000,-324.805000,345.241000
749.585000,-350.600000,427.536000
747.220000,-332.190000,438.000000
769.600000,-280.432000,380.379000
737.176000,-263.200000,358.574000
727.600000,-306.592000,336.858000
729.070000,-311.200000,404.142000
743.014000,-303.184000,415.000000
706.400000,-299.197000,332.344000
686.212000,-253.900000,328.440000
657.400000,-288.172000,324.520000
690.524000,-316.900000,336.616000
676.657000,-266.059000,339.000000
646.650000,-257.528000,350.635000
639.510900,-247.100000,337.215000
511.950000,-271.388000,323.795000
554.515200,-379.100000,365.320000
568.524000,-320.096000,375.000000
565.425900,-297.128000,375.000000
502.100000,-306.054000,333.426000
414.089000,-247.800000,322.156000
375.100000,-357.525000,310.932000
496.512000,-380.800000,345.662000
431.869000,-369.096000,355.000000
491.178000,-266.952000,355.000000
1095.100000,-225.428000,339.160000
1047.148000,-156.800000,329.400000
951.100000,-196.790000,319.600000
1036.924000,-242.800000,349.840000
1019.356000,-180.192000,359.000000
1013.164000,-235.060000,359.000000
921.400000,-171.950000,444.727000
921.400000,-220.550000,369.176000
848.350000,-160.100000,383.483000
866.875000,-160.100000,424.145000
846.400000,-167.975000,572.988000
846.400000,-179.525000,479.114000
864.175000,-235.100000,511.744000
905.800000,-235.100000,534.083000
994.700000,-79.609400,323.050000
965.842000,-70.200000,320.854000
947.700000,-83.777200,327.658000
988.919000,-88.400000,325.453000
972.469000,-88.236200,328.000000
997.956370,-60.171289,331.448000
990.551161,-43.322843,324.833000
958.531635,-43.432570,345.245000
977.665334,-58.117145,338.630000
981.437559,-47.564960,347.000000
856.634202,-110.227967,331.337000
832.397887,-89.090213,326.213000
829.010986,-87.437816,342.068000
823.872868,-105.504965,336.944000
839.378608,-109.328101,344.000000
887.819097,-87.657147,323.220000
867.880928,-57.980033,321.756000
835.166368,-56.807251,326.286000
872.124307,-89.521462,324.822000
874.317909,-64.024596,327.000000
916.261331,-31.920502,325.488000
917.572259,-5.016398,321.584000
880.579993,-0.777322,333.680000
892.542713,-24.827370,329.760000
905.789025,-13.175731,336.000000
878.009661,11.627980,319.121000
866.150078,29.540286,315.936000
849.608645,-5.798750,325.764000
850.451665,-8.399428,322.592000
864.839640,-4.337954,328.000000
783.200000,-223.125000,348.330000
764.960000,-191.400000,329.542000
743.200000,-219.036000,387.677000
771.960000,-238.400000,368.889000
770.720000,-198.403000,403.000000
712.800000,-189.250000,321.578000
708.480000,-187.500000,320.114000
667.800000,-198.900000,324.644000
683.955000,-237.500000,323.180000
699.930000,-212.950000,326.000000
638.700000,-203.700000,322.844000
584.162000,-195.800000,344.768000
564.700000,-213.160000,337.692000
564.700000,-215.800000,330.587000
619.534000,-213.180000,345.000000
423.000000,-219.700000,323.690000
410.559000,-189.500000,390.885000
390.000000,-209.860000,369.169000
411.120000,-229.500000,347.453000
415.344000,-198.620000,394.000000
776.400000,-72.740000,320.647000
775.465000,-65.900000,327.451000
721.400000,-74.840000,325.246000
736.800000,-125.900000,323.050000
765.125000,-101.180000,328.000000
769.250000,-17.660000,319.488000
698.515000,1.300000,355.776000
661.750000,-30.260000,344.016000
760.757500,-38.700000,332.304000
750.007500,-36.620000,360.000000
507.800000,-33.832000,305.990000
489.920000,6.200000,323.355000
447.800000,-14.440000,317.743000
481.460000,-41.800000,312.108000
498.680000,-8.536000,326.000000
245.883339,-576.765904,322.103000
234.820653,-559.971411,322.858000
232.860553,-560.090205,322.614000
222.035455,-576.884698,322.370000
236.988642,-581.948289,323.000000
296.500000,-339.272000,312.076000
291.289000,-326.000000,312.832000
287.500000,-343.040000,312.587000
295.078000,-350.000000,312.343000
295.618000,-326.648000,313.000000
283.000000,-318.717000,312.049000
277.744000,-310.500000,312.805000
259.000000,-313.659000,312.560000
270.568000,-319.500000,312.316000
281.272000,-313.974000,313.000000
172.978794,-559.234234,322.184000
167.463809,-524.445208,328.224000
129.647817,-537.541746,326.272000
131.487142,-541.944592,324.312000
155.288557,-566.278177,330.000000
137.040916,-304.707821,314.992000
135.838835,-281.161165,314.502000
112.309857,-279.941406,314.014000
124.670083,-305.347753,313.526000
145.893893,-294.963890,315.000000
91.436731,-641.533832,407.303000
139.565247,-588.653558,386.075000
111.173495,-587.855942,364.760000
80.898011,-631.809700,343.532000
101.449363,-597.885545,410.000000
40.507257,-513.475508,329.420000
102.171378,-545.415716,326.980000
24.855452,-408.586390,324.540000
15.025031,-396.922729,322.090000
31.713878,-421.975001,330.000000
134.286559,-450.324743,340.152000
169.440583,-394.761153,334.762000
114.327117,-404.483749,329.394000
105.036776,-454.940478,324.004000
141.050984,-386.106505,342.000000
102.517987,-376.900081,344.226000
108.070517,-380.480556,335.896000
120.117007,-348.090614,327.600000
66.002453,-299.729145,319.304000
97.820689,-325.949598,348.000000
48.993245,-294.261589,340.446000
37.945409,-241.862148,332.394000
-15.639143,-268.384309,324.309000
19.956612,-320.039874,316.257000
-13.803494,-277.047781,345.000000
364.000000,-208.130000,317.195000
325.012000,-131.500000,313.047000
250.000000,-177.381000,308.899000
318.970000,-228.500000,304.734000
266.188000,-157.108000,320.000000
290.470000,-135.477000,320.000000
309.530454,-47.551004,314.326000
295.245167,-19.502853,310.896000
290.545571,-22.846408,307.480000
261.537501,-58.158675,304.050000
274.440735,-43.810263,317.000000
209.000000,-48.355000,310.782000
185.364000,0.000000,310.537000
171.000000,-71.630000,310.293000
204.630000,-95.000000,310.049000
178.448000,-93.385000,311.000000
170.000000,-186.835000,323.305000
125.290000,0.000000,320.621000
0.000000,-84.710000,317.926000
89.420000,-215.000000,315.242000
37.740000,-73.745000,326.000000
154.020000,-72.455000,326.000000
102.680000,-130.290000,326.000000
68.510000,-17.845000,326.000000
