1522.700000,-1096.653000,304.552000
1514.115000,-1072.200000,304.064000
1505.700000,-1097.004000,305.576000
1518.756000,-1111.200000,305.086000
1517.617000,-1076.139000,306.000000
1493.900000,-1062.222000,307.850000
1473.524000,-1052.600000,307.360000
1469.900000,-1085.920000,306.872000
1472.588000,-1086.600000,306.382000
1471.172000,-1078.338000,308.000000
1570.100000,-982.180000,305.011000
1563.924000,-963.400000,303.296000
1538.100000,-969.880000,301.588000
1552.692000,-983.400000,306.880000
1551.060000,-971.660000,308.000000
1526.200000,-970.750000,305.420000
1518.145000,-952.900000,320.520000
1511.200000,-972.940000,315.640000
1523.200000,-982.900000,310.760000
1522.555000,-954.970000,321.000000
1508.400000,-963.328000,308.821000
1471.398000,-956.300000,306.625000
1466.400000,-956.636000,304.420000
1472.448000,-984.300000,302.224000
1470.978000,-976.600000,310.000000
1518.650869,-748.199204,313.959000
1479.350268,-723.431312,307.371000
1484.790379,-746.166113,300.756000
1516.491713,-758.804301,321.168000
1491.082019,-739.977329,327.000000
1427.300000,-601.091000,310.970000
1413.644000,-569.000000,324.578000
1403.300000,-608.900000,320.168000
1423.268000,-626.000000,315.776000
1422.788000,-571.052000,326.000000
1390.800000,-625.066000,314.504000
1336.020000,-622.000000,312.552000
1330.800000,-622.630000,310.600000
1341.360000,-636.000000,308.640000
1340.640000,-631.688000,316.000000
1366.100000,-614.804000,313.082000
1361.731000,-574.600000,310.387000
1349.100000,-592.494000,318.703000
1357.940000,-620.600000,316.008000
1357.872000,-590.608000,319.000000
1347.700000,-602.330000,308.220000
1332.675000,-580.600000,309.730000
1322.700000,-610.653000,309.242000
1344.300000,-621.600000,308.752000
1344.400000,-580.764000,310.000000
1448.900000,-1084.722000,309.790000
1413.935000,-1079.700000,308.565000
1411.900000,-1081.779000,307.345000
1419.596000,-1106.700000,306.125000
1420.040000,-1097.520000,311.000000
1344.200000,-1102.528000,308.000000
1338.420000,-1073.900000,308.000000
1324.200000,-1088.214000,308.000000
1335.240000,-1107.900000,308.000000
1335.640000,-1084.644000,308.000000
1442.100000,-1052.160000,303.864000
1420.578000,-1042.200000,315.960000
1408.100000,-1057.500000,312.040000
1438.564000,-1062.200000,308.136000
1439.516000,-1061.640000,319.000000
1434.000000,-1009.388000,317.040000
1347.047000,-1006.000000,312.160000
1345.000000,-1008.398000,307.260000
1366.360000,-1028.000000,322.380000
1369.475000,-1019.816000,323.000000
1344.900000,-1057.090000,311.950000
1324.998000,-1009.300000,307.802000
1282.900000,-1036.027000,320.654000
1319.170000,-1068.300000,316.489000
1321.774000,-1026.056000,323.000000
1446.100000,-958.144000,315.972000
1430.116000,-942.300000,312.556000
1422.100000,-969.398000,309.140000
1444.396000,-976.300000,305.710000
1445.596000,-974.260000,316.000000
1399.000000,-958.826000,304.941000
1398.550000,-954.800000,304.206000
1354.000000,-959.453000,303.474000
1366.285000,-987.800000,305.739000
1368.895000,-974.468000,306.000000
1337.700000,-976.974000,305.180000
1332.036000,-951.300000,304.200000
1321.700000,-967.305000,307.224000
1331.572000,-984.300000,306.248000
1332.628000,-959.616000,308.000000
1430.300000,-923.212000,340.663000
1397.494000,-915.400000,330.618000
1383.300000,-930.322000,320.614000
1428.467000,-933.400000,310.610000
1384.945000,-931.744000,343.000000
1308.000000,-842.980000,336.368000
1307.244000,-836.500000,324.656000
1290.000000,-848.956000,312.896000
1295.490000,-908.500000,349.184000
1296.966000,-877.108000,356.000000
1302.100000,-772.596000,313.931000
1296.310000,-753.200000,335.855000
1287.100000,-766.642000,328.750000
1296.835000,-779.200000,321.674000
1298.170000,-758.920000,336.000000
1356.800000,-785.830000,332.723000
1304.240000,-779.800000,325.647000
1284.800000,-792.715000,318.571000
1356.296000,-794.800000,311.466000
1291.280000,-792.925000,336.000000
1451.000000,-762.470000,319.260000
1443.230000,-761.600000,310.476000
1346.000000,-764.675000,301.692000
1381.385000,-776.600000,328.872000
1392.410000,-769.565000,336.000000
1446.700000,-749.618000,306.624000
1440.848000,-723.200000,333.804000
1432.700000,-743.550000,325.020000
1442.234000,-760.200000,316.200000
1443.816000,-730.119000,336.000000
1445.200000,-711.435000,339.936000
1381.192000,-705.900000,328.176000
1361.200000,-719.310000,316.464000
1363.300000,-720.900000,304.752000
1373.464000,-718.545000,348.000000
1359.800000,-702.425000,332.160000
1358.104000,-701.500000,321.870000
1343.800000,-710.306000,353.622000
1349.704000,-738.500000,343.374000
1351.768000,-719.963000,354.000000
1342.600000,-708.634000,317.376000
1325.950000,-699.100000,349.128000
1305.600000,-707.248000,338.838000
1331.981000,-713.100000,328.590000
1337.050000,-701.270000,354.000000
1302.800000,-713.984000,344.592000
1289.302000,-703.200000,334.344000
1285.800000,-732.832000,324.054000
1286.769000,-735.200000,313.806000
1289.217000,-729.152000,354.000000
1268.400000,-1097.515000,314.208000
1264.950000,-1042.900000,310.060000
1243.400000,-1057.750000,322.895000
1253.425000,-1097.900000,318.747000
1257.225000,-1068.585000,324.000000
1228.600000,-1093.619000,307.360000
1223.780000,-1073.500000,311.140000
1218.600000,-1092.534000,309.920000
1226.050000,-1104.500000,308.695000
1227.650000,-1077.313000,312.000000
1220.900000,-1097.550000,311.163000
1195.294000,-1094.500000,310.428000
1189.900000,-1104.080000,309.696000
1192.690000,-1104.500000,311.961000
1197.867000,-1102.290000,312.000000
1216.600000,-1071.115000,307.369000
1215.232000,-1056.700000,307.124000
1208.600000,-1061.230000,307.880000
1212.072000,-1071.700000,307.635000
1213.472000,-1063.225000,308.000000
1195.000000,-1073.212000,309.051000
1189.850000,-1051.000000,311.316000
1185.000000,-1074.256000,310.584000
1192.780000,-1087.000000,309.852000
1194.610000,-1054.276000,312.000000
1187.000000,-1084.798000,317.315000
1174.115000,-1077.700000,314.631000
1172.000000,-1103.440000,311.936000
1173.830000,-1103.700000,320.252000
1176.695000,-1097.122000,321.000000
1148.400000,-1100.825000,311.000000
1138.250000,-1077.600000,311.000000
1098.400000,-1085.950000,311.000000
1121.700000,-1102.600000,311.000000
1131.650000,-1087.675000,311.000000
1231.100000,-1010.870000,310.922000
1219.066000,-998.000000,310.434000
1209.100000,-1012.916000,309.944000
1226.920000,-1020.000000,309.456000
1209.452000,-999.298000,311.000000
1206.100000,-1014.581000,312.045000
1193.626000,-1004.700000,310.825000
1192.100000,-1005.602000,309.605000
1194.256000,-1045.700000,313.380000
1197.252000,-1034.015000,314.000000
1143.300000,-1042.059000,315.598000
1134.370000,-999.900000,312.182000
1105.300000,-1017.102000,322.766000
1124.224000,-1046.900000,319.336000
1132.660000,-1017.337000,326.000000
1268.000000,-930.730000,314.342000
1251.209000,-925.200000,312.627000
1239.000000,-932.300000,310.919000
1263.418000,-935.200000,309.204000
1241.088000,-925.460000,315.000000
1238.900000,-954.197000,312.216000
1226.901000,-947.300000,311.236000
1225.900000,-949.115000,310.260000
1228.318000,-980.300000,313.284000
1231.412000,-969.806000,314.000000
1224.200000,-973.592000,310.808000
1220.996000,-949.400000,313.828000
1212.200000,-960.572000,312.852000
1218.560000,-977.400000,311.876000
1221.512000,-958.864000,314.000000
1179.800000,-971.540000,313.400000
1165.747000,-965.300000,312.424000
1156.800000,-974.216000,311.444000
1176.902000,-977.300000,310.468000
1159.744000,-977.228000,314.000000
1190.200000,-940.080000,318.466000
1127.170000,-934.800000,314.318000
1124.200000,-937.410000,310.153000
1138.588000,-964.800000,323.005000
1155.814000,-954.300000,327.000000
1268.300000,-871.804000,309.730000
1264.114000,-853.500000,313.510000
1254.300000,-862.982000,312.285000
1262.168000,-875.500000,311.065000
1265.934000,-860.232000,314.000000
1257.000000,-840.348000,312.588000
1249.284000,-830.100000,312.100000
1245.000000,-846.375000,311.612000
1255.872000,-851.100000,311.122000
1247.196000,-850.302000,313.000000
1157.500000,-846.920000,316.000000
1144.669000,-842.600000,316.000000
1144.500000,-846.170000,316.000000
1147.750000,-872.600000,316.000000
1151.455000,-861.140000,316.000000
1145.100000,-869.700000,316.000000
1133.515000,-857.700000,316.000000
1110.100000,-864.645000,316.000000
1130.925000,-872.700000,316.000000
1141.145000,-861.810000,316.000000
1259.300000,-794.204000,310.261000
1245.800000,-790.100000,310.506000
1239.300000,-797.363000,310.750000
1258.080000,-799.100000,310.994000
1244.080000,-798.470000,310.000000
1213.100000,-755.932000,313.000000
1212.840000,-749.100000,313.000000
1200.100000,-758.311000,313.000000
1203.779000,-810.100000,313.000000
1207.783000,-784.846000,313.000000
1200.200000,-795.348000,313.595000
1195.468000,-748.500000,326.447000
1187.200000,-778.695000,322.282000
1195.351000,-809.500000,318.134000
1199.446000,-763.262000,330.000000
1142.500000,-792.024000,322.781000
1116.304000,-781.000000,321.073000
1105.500000,-802.814000,319.358000
1141.427000,-807.000000,324.650000
1116.378000,-804.348000,325.000000
1270.600000,-740.840000,313.324000
1268.000000,-739.800000,312.348000
1220.600000,-742.179000,315.372000
1236.350000,-752.800000,314.392000
1252.900000,-747.002000,316.000000
1238.100000,-721.284000,333.643000
1220.676000,-688.900000,329.495000
1194.100000,-712.088000,325.347000
1223.096000,-732.900000,321.182000
1238.012000,-698.140000,334.000000
1172.300000,-709.144000,318.256000
1153.060000,-696.600000,317.766000
1146.300000,-724.472000,317.278000
1146.378000,-728.600000,318.788000
1155.400000,-724.312000,319.000000
1138.700000,-686.220000,319.828000
1136.348000,-685.500000,319.093000
1110.700000,-688.725000,321.361000
1120.416000,-700.500000,320.629000
1130.356000,-693.315000,322.000000
1202.900000,-656.988000,339.252000
1167.804000,-641.500000,333.640000
1120.900000,-653.820000,328.005000
1177.562000,-663.500000,322.393000
1125.328000,-645.394000,341.000000
1148.800000,-615.596000,320.004000
1117.920000,-599.800000,318.296000
1108.800000,-639.576000,316.581000
1110.200000,-643.800000,321.873000
1125.040000,-636.452000,323.000000
1251.400000,-588.220000,312.420000
1240.032000,-587.500000,320.736000
1153.400000,-599.404000,318.041000
1190.542000,-635.500000,315.357000
1227.586000,-610.972000,321.000000
1253.000000,-578.091000,333.776000
1213.900000,-564.000000,325.968000
1168.000000,-576.432000,318.160000
1229.455000,-585.000000,310.320000
1177.265000,-567.045000,338.000000
994.600000,-1073.318000,350.572000
951.184000,-1062.200000,334.224000
940.600000,-1094.024000,317.876000
944.218000,-1096.200000,368.461000
965.494000,-1089.434000,383.000000
1076.100000,-1051.282000,314.970000
1071.068000,-998.200000,328.560000
1042.100000,-1013.320000,324.168000
1056.074000,-1052.200000,319.758000
1069.742000,-1022.878000,330.000000
1024.800000,-1029.806000,325.317000
976.584000,-995.300000,323.112000
926.800000,-1028.996000,320.916000
1000.790000,-1049.300000,318.720000
942.970000,-1001.402000,327.000000
995.200000,-944.090000,351.731000
942.532000,-931.700000,334.336000
932.200000,-972.356000,388.012000
938.500000,-973.700000,370.688000
964.771000,-963.998000,390.000000
1073.100000,-928.846000,316.526000
1061.940000,-885.100000,327.110000
1011.100000,-899.452000,323.680000
1038.628000,-931.100000,320.264000
1064.978000,-904.650000,329.000000
1021.800000,-851.915000,324.542000
1004.475000,-824.600000,323.078000
988.800000,-854.120000,321.608000
1014.804000,-869.600000,320.144000
996.060000,-828.245000,326.000000
1078.200000,-765.602000,337.035000
1052.130000,-751.400000,325.567000
1048.200000,-751.400000,361.052000
1052.160000,-805.400000,349.584000
1065.360000,-791.198000,365.000000
1028.200000,-802.212000,321.166000
1018.828000,-758.100000,337.798000
984.200000,-774.612000,332.430000
1005.144000,-806.100000,327.040000
1024.856000,-776.964000,342.000000
986.200000,-777.700000,338.742000
955.008000,-743.200000,333.597000
930.200000,-784.480000,328.473000
976.120000,-803.200000,344.328000
945.656000,-746.140000,345.000000
1023.800000,-693.722000,332.000000
940.908000,-679.400000,327.100000
931.800000,-681.384000,342.220000
946.888000,-741.400000,337.320000
989.576000,-723.110000,345.000000
1083.800000,-657.820000,325.986000
1072.775000,-604.600000,324.271000
1038.800000,-627.160000,322.563000
1061.660000,-664.600000,320.855000
1082.900000,-626.260000,326.000000
987.100000,-638.437000,325.292000
976.498000,-606.400000,324.804000
969.100000,-648.880000,324.314000
984.436000,-665.400000,325.826000
975.076000,-607.344000,326.000000
965.000000,-633.563000,330.998000
950.072000,-626.200000,326.850000
949.000000,-628.605000,339.685000
952.136000,-663.200000,335.537000
959.944000,-651.064000,343.000000
1066.900000,-588.116000,338.956000
1029.228000,-542.000000,334.564000
930.900000,-564.086000,330.154000
1004.340000,-596.000000,325.762000
935.660000,-559.712000,340.000000
813.700000,-1080.310000,325.490000
792.586000,-1059.400000,322.806000
779.700000,-1090.273000,320.122000
809.756000,-1100.400000,328.427000
792.858000,-1099.744000,330.000000
892.700000,-1005.798000,327.808000
822.255000,-988.700000,339.904000
819.700000,-998.691000,336.000000
836.344000,-1091.700000,332.080000
873.647000,-1054.620000,340.000000
809.800000,-1045.120000,335.531000
800.839000,-995.800000,332.346000
780.800000,-1022.260000,329.174000
797.388000,-1055.800000,325.989000
783.439000,-1013.560000,337.000000
773.400000,-1084.150000,330.560000
739.444000,-1072.200000,326.640000
721.400000,-1091.825000,322.736000
769.032000,-1097.200000,334.832000
744.436000,-1096.000000,338.000000
772.800000,-1007.704000,344.764000
747.875000,-1000.200000,426.304000
747.800000,-1007.424000,399.952000
754.300000,-1056.200000,373.600000
767.675000,-1034.248000,433.000000
840.300000,-962.770000,387.818000
821.204000,-920.900000,368.786000
784.300000,-945.969000,349.676000
818.124000,-973.900000,330.644000
792.532000,-934.892000,401.000000
844.200000,-853.636000,340.059000
801.730000,-824.200000,334.935000
782.200000,-878.122000,350.790000
841.038000,-890.200000,345.666000
813.076000,-884.920000,351.000000
769.300000,-829.698000,338.001000
768.760000,-824.700000,385.629000
751.300000,-832.589000,370.257000
756.574000,-873.700000,354.822000
766.600000,-852.924000,393.000000
744.681294,-862.482008,378.825000
753.524503,-829.771737,363.453000
734.973321,-845.580035,348.081000
734.879876,-869.626585,332.646000
743.028738,-836.101416,393.000000
869.700000,-751.808000,332.632000
833.800000,-742.700000,328.222000
819.700000,-761.378000,341.830000
868.750000,-764.700000,337.420000
847.400000,-762.236000,343.000000
907.900000,-740.300000,326.296000
905.730000,-736.100000,339.886000
872.900000,-747.680000,335.494000
884.275000,-796.100000,331.102000
904.610000,-768.740000,343.000000
827.515640,-800.580346,474.120000
824.659455,-766.390337,426.100000
791.043058,-773.159472,378.276000
809.247840,-803.456127,526.452000
807.554088,-766.534640,529.000000
909.000000,-643.106000,335.832000
861.750000,-630.500000,329.976000
846.000000,-659.573000,348.096000
846.819000,-663.500000,342.240000
884.430000,-658.748000,351.000000
840.600000,-642.674000,332.168000
835.712000,-641.800000,387.356000
788.600000,-646.975000,369.471000
807.164000,-664.800000,351.659000
838.572000,-653.553000,404.000000
897.700000,-617.584000,467.760000
861.784000,-592.600000,415.300000
863.424000,-592.600000,424.760000
815.700000,-613.120000,362.625000
873.182000,-628.600000,525.165000
855.306000,-628.600000,518.930000
906.700000,-556.050000,329.680000
811.296000,-541.000000,326.020000
784.700000,-580.302000,337.360000
790.190000,-584.000000,333.685000
865.830000,-576.389000,340.000000
560.642574,-1127.743547,353.830000
557.078785,-1125.140715,346.480000
526.957557,-1115.093430,339.160000
524.552506,-1143.006656,331.810000
523.372641,-1121.472321,355.000000
529.422879,-1170.711071,422.831000
514.445324,-1138.283900,383.876000
494.399195,-1124.762616,373.382000
476.459224,-1132.993962,345.080000
509.727073,-1168.875503,465.125000
519.103488,-1175.199974,443.024000
503.655697,-1135.565708,485.000000
503.445979,-1095.869676,341.677000
501.123125,-1078.897086,326.732000
478.431118,-1092.964639,372.848000
478.128311,-1094.993296,357.964000
489.971251,-1100.319189,387.000000
562.997979,-1090.617868,423.645000
603.555696,-1046.389628,397.049000
560.134269,-1020.878319,370.344000
541.312935,-1066.456178,343.748000
555.264204,-1030.082293,434.000000
619.285504,-1033.899483,343.696000
611.280866,-1010.021706,335.888000
589.653045,-997.417675,328.048000
608.298164,-1028.584596,352.240000
608.001023,-1008.262798,358.000000
647.702674,-992.234234,328.211000
640.100204,-962.466839,336.527000
602.699804,-986.213773,333.832000
604.194095,-989.632194,331.148000
626.474214,-999.912975,337.000000
648.281934,-966.319685,360.111000
672.814967,-942.785962,350.595000
656.160048,-940.638720,341.079000
641.477142,-961.291536,331.524000
654.766459,-944.237805,366.000000
433.852257,-1097.603927,328.497000
436.840781,-1061.451466,328.253000
400.763389,-1061.347546,328.009000
414.469271,-1100.563614,328.764000
434.985882,-1063.899302,329.000000
460.223727,-1042.028749,337.490000
452.133012,-1019.172877,386.565000
449.904484,-1016.929359,370.705000
427.607950,-1039.735452,354.780000
445.687105,-1048.179707,393.000000
512.383751,-1033.016332,376.816000
531.055163,-1011.296731,361.136000
511.280178,-1004.314517,345.520000
502.751596,-1025.604225,329.904000
513.244808,-1008.169158,390.000000
503.569177,-1002.168882,349.658000
510.730272,-979.589311,337.653000
485.477194,-987.224012,374.697000
489.276487,-1008.711645,362.741000
511.160327,-982.289392,377.000000
554.312244,-999.993431,331.060000
527.647188,-958.285518,356.764000
523.806671,-955.211341,348.434000
511.107119,-977.585627,340.138000
541.296934,-1002.750699,362.000000
577.126421,-978.983962,331.690000
613.245191,-938.579354,330.470000
579.005826,-933.712225,329.245000
560.982192,-970.969885,328.025000
585.778890,-938.683714,333.000000
570.984829,-937.172563,351.002000
589.843806,-908.797791,337.094000
550.947419,-931.523624,380.129000
547.369886,-953.276828,366.221000
591.592075,-911.538304,386.000000
661.011098,-905.116977,328.612000
642.237439,-865.715945,342.220000
637.475791,-866.271313,337.828000
604.491150,-904.910009,333.418000
639.547029,-919.197700,346.000000
680.307339,-866.955831,418.839000
706.820233,-832.560613,386.254000
674.834334,-826.351198,353.802000
664.372662,-859.593015,454.217000
685.256654,-831.197162,461.000000
729.995825,-811.291470,351.839000
728.988418,-790.184730,334.934000
707.894440,-794.446311,387.098000
718.480386,-816.933784,370.262000
714.788593,-811.341939,398.000000
763.900000,-678.464000,381.971000
743.425000,-675.500000,369.966000
742.900000,-677.533000,358.010000
747.898000,-694.500000,346.054000
763.879000,-687.470000,383.000000
735.452788,-713.716395,355.080000
738.408701,-692.851310,345.320000
712.463814,-674.428319,335.520000
720.839306,-701.346212,365.760000
724.840282,-684.730420,370.000000
766.000000,-614.704000,344.900000
717.601000,-578.200000,336.116000
693.000000,-640.210000,363.296000
760.598000,-656.200000,354.512000
744.246000,-651.676000,371.000000
765.700000,-542.560000,352.460000
765.280000,-537.600000,347.580000
705.700000,-543.160000,342.680000
721.900000,-577.600000,337.800000
708.940000,-561.520000,354.000000
708.600000,-569.160000,448.765000
693.858000,-536.400000,396.305000
666.600000,-556.686000,343.845000
692.388000,-578.400000,506.170000
428.810470,-1017.331781,337.800000
417.544033,-982.634564,368.000000
388.857849,-986.633557,358.240000
414.396855,-1026.418596,348.440000
410.296973,-1017.065320,369.000000
484.182049,-965.132253,399.176000
485.035116,-961.507641,379.086000
446.346162,-922.425855,359.078000
436.599026,-952.542554,338.988000
440.468875,-935.253170,410.000000
493.551044,-953.110793,330.580000
498.907248,-924.067641,329.355000
467.517275,-909.854545,328.135000
476.568315,-944.151829,331.915000
488.885689,-922.274891,333.000000
552.955972,-907.489493,332.444000
544.305276,-858.289032,348.320000
493.980664,-878.041182,343.175000
524.825400,-929.574332,338.051000
523.830726,-916.714416,350.000000
626.456459,-850.443131,341.180000
627.894853,-846.498942,337.520000
600.908935,-832.528321,333.845000
570.070485,-870.432739,330.185000
588.608832,-848.896811,344.000000
566.903900,-855.435186,330.220000
575.743077,-832.218602,328.512000
551.964418,-828.930152,333.797000
554.222261,-853.313080,332.089000
570.048411,-834.243665,334.000000
588.373772,-815.673752,330.780000
591.407232,-800.504120,357.240000
567.285767,-816.022608,348.700000
564.763249,-818.450044,340.125000
575.514290,-823.895805,362.000000
638.030778,-784.557322,350.192000
637.352834,-782.429850,342.384000
620.779163,-772.792213,334.576000
608.157391,-792.457937,326.736000
617.565855,-781.081776,358.000000
669.503440,-806.695286,332.670000
668.566647,-774.018727,329.240000
635.369267,-759.704540,339.824000
651.833007,-799.435858,336.394000
665.794813,-777.830586,341.000000
720.793611,-756.987173,332.643000
711.726301,-713.374057,356.048000
662.096397,-740.181262,348.484000
660.283242,-745.188114,340.920000
696.378257,-771.932989,362.000000
415.414253,-934.271473,341.618000
435.625411,-907.054844,337.208000
395.040897,-870.990398,332.816000
391.836287,-905.417298,346.424000
400.694037,-888.511385,347.000000
453.039238,-901.536606,334.631000
454.623578,-872.459625,329.995000
425.629081,-865.828732,344.340000
437.624429,-899.137897,339.704000
454.796097,-878.631478,347.000000
514.483137,-853.735378,343.952000
511.685685,-821.011144,340.048000
463.453500,-852.595298,336.128000
463.208614,-856.487889,332.224000
491.965754,-871.120334,344.000000
458.379646,-847.054891,347.995000
488.023063,-817.861911,340.431000
465.431611,-810.462093,332.836000
448.549207,-837.443435,356.272000
465.867869,-820.361719,359.000000
541.166914,-827.816320,335.497000
548.355537,-810.136311,328.421000
529.314573,-814.252484,350.345000
530.623665,-831.142698,343.240000
548.624366,-814.458306,356.000000
535.644182,-799.863569,332.652000
523.739895,-772.053619,331.182000
497.624136,-786.901769,329.718000
499.890594,-790.272657,328.248000
503.966561,-783.340769,333.000000
560.231114,-809.951491,333.670000
574.384956,-783.048821,330.485000
536.437204,-752.013846,327.313000
538.383479,-786.261171,337.128000
549.385833,-771.484016,339.000000
582.912115,-749.873046,327.428000
590.883572,-733.599913,331.958000
572.164982,-740.561269,330.494000
572.233586,-755.061539,329.030000
592.067195,-737.775604,332.000000
626.260922,-735.282275,333.860000
614.023409,-708.586281,331.420000
611.321776,-706.203451,328.970000
591.534699,-728.485508,326.530000
596.924373,-721.650458,335.000000
569.804947,-739.945624,341.622000
610.223380,-702.718198,333.570000
585.727300,-707.750563,325.485000
560.259289,-737.947643,350.433000
589.482481,-713.260195,357.000000
668.829690,-716.279709,328.640000
672.558461,-667.970134,343.760000
623.306946,-674.650967,338.860000
641.937726,-725.497619,333.980000
685.486765,-686.700147,345.000000
338.685910,-1017.773041,334.960000
267.818360,-915.171200,332.032000
259.288136,-908.355549,329.104000
241.767408,-954.506662,326.164000
249.639997,-941.704201,337.000000
344.416413,-994.312526,342.730000
388.085939,-950.424859,334.190000
354.671941,-953.838774,360.650000
329.651843,-991.084876,352.075000
365.557468,-961.076173,361.000000
346.162066,-957.313217,332.794000
325.568794,-887.005660,349.404000
267.200907,-878.424391,344.036000
317.202957,-962.481562,338.646000
315.861908,-960.568084,352.000000
387.883552,-861.894769,429.300000
350.405578,-803.951539,396.960000
345.599467,-803.489057,364.752000
326.200164,-839.209987,332.544000
336.699439,-829.503435,459.000000
393.669295,-848.039049,336.306000
401.922312,-818.425832,330.916000
365.375709,-793.745169,347.548000
373.208364,-830.637531,342.180000
389.153118,-817.339696,349.000000
459.674781,-791.455889,327.994000
446.156154,-753.739097,338.578000
416.606706,-750.412915,335.148000
445.409010,-795.719876,331.732000
446.275786,-795.245732,341.000000
502.028472,-756.776630,326.000000
469.365834,-709.713738,326.000000
466.181469,-711.172906,326.000000
455.333237,-738.466380,326.000000
464.262391,-731.982014,326.000000
567.389581,-695.903058,330.872000
579.874189,-674.362937,326.968000
558.083127,-668.696768,339.064000
555.994615,-690.955576,335.144000
572.617422,-678.120058,341.000000
552.932972,-710.276407,325.075000
546.313719,-680.997004,328.855000
519.939736,-685.523420,327.635000
539.106731,-718.178571,326.410000
541.293756,-717.745783,330.000000
544.904311,-663.594562,335.624000
548.564103,-660.324673,331.704000
534.924221,-653.661646,327.800000
508.953055,-679.736779,339.880000
523.020529,-668.957660,341.000000
581.411820,-648.301476,331.112000
592.215845,-626.131634,324.742000
569.452519,-620.687998,344.398000
569.373630,-644.004027,338.054000
587.200691,-631.184465,349.000000
287.007969,-837.513701,360.600000
281.562456,-816.367953,352.025000
264.314165,-818.001610,343.485000
278.028845,-842.703475,334.945000
263.684654,-819.079643,362.000000
273.573263,-849.346076,328.512000
272.990752,-843.739978,325.096000
211.567679,-777.278572,321.666000
206.362777,-819.413487,332.250000
222.590380,-813.424640,334.000000
317.750415,-805.523684,326.000000
322.632051,-773.846027,326.000000
288.681483,-758.338358,326.000000
299.412084,-796.042899,326.000000
321.292271,-783.023895,326.000000
292.948484,-707.457476,327.616000
296.343439,-691.333830,326.640000
272.258782,-708.783652,325.660000
268.983732,-711.802315,324.684000
272.924985,-709.460358,328.000000
355.581672,-704.010090,328.864000
355.728102,-702.763712,327.156000
346.542422,-698.729620,325.448000
337.848700,-711.375327,330.733000
345.057109,-705.855111,332.000000
334.878862,-698.824731,325.005000
342.754090,-687.563803,328.780000
332.236963,-691.751194,327.560000
329.289671,-700.993525,326.335000
341.192616,-690.921992,329.000000
369.251845,-688.067437,327.396000
361.276484,-665.609814,326.416000
341.114352,-673.820786,325.440000
339.985216,-676.017518,324.460000
344.664257,-675.725590,328.000000
409.144961,-661.114881,327.988000
407.249553,-659.699703,327.008000
387.625105,-661.252143,326.032000
385.051143,-688.610998,329.056000
393.447668,-672.801091,330.000000
426.522956,-656.140032,328.755000
431.080731,-627.651214,343.119000
405.132385,-636.293713,338.464000
412.650286,-661.285500,333.828000
434.541799,-637.161268,345.000000
402.107370,-604.422934,361.857000
372.480109,-638.191162,349.901000
367.499337,-648.486154,337.896000
369.990760,-645.825024,325.940000
373.857561,-640.297318,372.000000
541.322385,-609.629007,332.584000
580.379043,-573.425970,326.728000
558.998252,-571.299862,344.848000
533.863914,-602.000485,338.992000
557.712549,-584.973265,346.000000
562.900000,-546.761000,324.136000
543.300000,-533.300000,342.280000
522.900000,-546.362000,336.424000
553.020000,-554.300000,330.544000
558.420000,-535.715000,346.000000
511.620378,-647.574594,346.373000
505.109119,-623.643028,339.297000
476.328182,-641.942266,332.221000
477.100050,-644.713454,325.116000
485.721699,-642.519208,354.000000
473.895827,-617.239512,321.000000
496.125179,-591.514284,321.000000
468.850534,-574.227652,321.000000
459.865823,-601.953848,321.000000
479.109079,-594.009374,321.000000
470.500000,-567.463000,321.000000
465.280000,-563.200000,321.000000
460.500000,-567.778000,321.000000
468.350000,-570.200000,321.000000
469.940000,-563.781000,321.000000
453.338149,-576.505407,321.000000
447.162752,-568.784463,321.000000
439.050228,-584.868239,321.000000
440.228256,-585.395160,321.000000
443.568982,-581.693856,321.000000
426.276592,-597.453683,322.320000
433.695900,-570.738391,321.344000
421.986086,-577.346260,324.364000
420.027729,-597.669110,323.388000
428.119730,-581.310461,325.000000
479.100000,-552.270000,321.000000
455.832000,-546.500000,321.000000
437.100000,-553.360000,321.000000
471.456000,-556.500000,321.000000
479.058000,-547.010000,321.000000
413.952331,-558.476832,321.000000
408.837075,-546.580755,321.000000
407.468107,-547.346278,321.000000
395.268702,-584.214136,321.000000
401.179417,-573.918799,321.000000
393.828322,-566.256322,321.000000
399.304325,-542.760315,321.000000
388.871540,-549.861831,321.000000
388.183880,-567.491587,321.000000
395.618724,-551.857983,321.000000
1339.201322,-497.330696,355.688000
1356.105126,-473.866639,341.968000
1321.757478,-482.989541,328.304000
1318.572478,-505.163886,314.584000
1351.662674,-467.733394,360.000000
1269.500000,-500.630000,324.988000
1208.985000,-494.600000,318.128000
1204.500000,-496.460000,311.296000
1217.110000,-524.600000,332.464000
1230.955000,-514.850000,337.000000
1269.000000,-449.623000,311.599000
1261.575000,-416.200000,327.454000
1242.000000,-432.034000,322.330000
1256.526000,-455.200000,317.206000
1262.493000,-429.109000,328.000000
1188.300000,-512.816000,322.138000
1156.112000,-496.400000,318.722000
1136.300000,-520.400000,315.292000
1182.164000,-528.400000,311.876000
1142.072000,-527.984000,324.000000
1131.300000,-493.360000,314.545000
1107.225000,-486.600000,313.813000
1106.300000,-490.360000,313.078000
1111.950000,-526.600000,315.346000
1117.850000,-512.280000,316.000000
1190.100000,-464.550000,313.304000
1166.768000,-449.700000,319.352000
1114.100000,-457.602000,317.392000
1157.420000,-467.700000,315.440000
1175.964000,-455.064000,320.000000
1203.900000,-424.680000,335.574000
1142.706000,-407.400000,327.278000
1109.900000,-435.588000,318.982000
1195.816000,-443.400000,310.652000
1125.504000,-441.744000,342.000000
963.800000,-499.328000,325.380000
929.970000,-496.200000,324.645000
929.800000,-499.121000,326.913000
938.572000,-519.200000,326.178000
947.412000,-510.230000,327.000000
1005.000000,-457.360000,324.808000
981.270000,-433.600000,344.438000
935.000000,-447.730000,338.094000
977.140000,-463.600000,331.724000
995.900000,-441.580000,348.000000
912.300000,-508.340000,400.600000
878.150000,-494.900000,376.100000
862.300000,-519.350000,351.700000
909.600000,-524.900000,327.300000
873.400000,-522.560000,425.000000
911.700000,-448.460000,332.100000
910.998000,-444.300000,326.000000
885.700000,-450.660000,344.875000
893.240000,-484.300000,338.775000
900.624000,-467.420000,347.000000
914.100000,-425.000000,326.408000
895.550000,-402.200000,405.032000
864.100000,-417.290000,379.552000
895.800000,-432.200000,354.176000
910.400000,-409.220000,425.000000
864.200000,-481.004000,386.300000
819.870000,-473.100000,367.024000
802.200000,-489.193000,347.669000
862.836000,-492.100000,407.393000
819.374000,-490.010000,410.000000
863.600000,-434.568000,358.492000
859.942000,-433.200000,339.216000
801.600000,-436.829000,398.940000
821.626000,-452.200000,379.585000
840.598000,-443.574000,410.000000
772.000000,-488.816000,419.652000
772.000000,-448.068000,355.968000
725.944000,-400.000000,398.424000
658.000000,-465.270000,377.196000
658.000000,-481.984000,394.074000
734.038000,-522.000000,355.881000
769.834000,-424.644000,420.000000
756.040000,-432.086000,420.000000
634.400000,-445.616000,367.570000
590.268000,-398.000000,351.400000
575.400000,-506.996000,335.296000
576.049000,-522.000000,385.126000
595.047000,-504.392000,391.000000
574.200000,-404.220000,331.306000
568.956000,-399.300000,321.016000
517.200000,-426.729000,352.768000
537.435000,-522.300000,342.520000
556.245000,-462.522000,361.000000
480.900000,-496.844000,345.348000
467.820000,-469.700000,338.488000
450.900000,-491.813000,331.656000
471.870000,-508.700000,324.824000
452.010000,-476.330000,347.000000
405.300000,-490.484000,321.712000
385.020000,-475.700000,319.760000
379.300000,-513.962000,317.800000
380.418000,-517.700000,323.848000
389.414000,-510.392000,325.000000
499.500000,-398.988000,316.526000
493.796000,-398.500000,315.014000
453.500000,-414.055000,315.504000
471.302000,-459.500000,315.992000
487.540000,-427.902000,315.000000
1271.200000,-339.272000,382.225000
1254.820000,-290.800000,361.485000
1236.200000,-334.527000,340.660000
1261.785000,-363.800000,319.920000
1239.420000,-300.801000,392.000000
1217.300000,-323.260000,359.371000
1176.700000,-315.900000,338.143000
1167.300000,-337.612000,316.915000
1171.050000,-338.900000,382.600000
1189.500000,-334.139000,400.000000
1167.900000,-378.375000,328.834000
1161.660000,-276.000000,394.519000
1127.900000,-306.240000,373.291000
1144.660000,-381.000000,351.976000
1159.740000,-323.145000,400.000000
1100.100000,-328.395000,444.140000
1050.100000,-300.000000,405.430000
1059.000000,-300.000000,468.630000
1000.100000,-328.440000,366.878000
1076.400000,-345.000000,328.168000
1047.800000,-345.000000,379.834000
1014.900000,-304.725000,471.000000
997.200000,-359.745000,371.102000
946.560000,-349.700000,344.397000
937.200000,-383.860000,426.801000
943.620000,-384.700000,400.205000
967.200000,-376.335000,428.000000
998.100000,-292.005000,332.734000
986.820000,-259.000000,415.138000
938.100000,-270.200000,388.433000
965.160000,-294.000000,361.837000
989.220000,-273.595000,428.000000
879.400000,-372.677000,379.954000
867.164000,-358.900000,362.630000
856.400000,-374.172000,345.235000
874.685000,-381.900000,327.911000
861.069000,-360.579000,396.000000
830.200000,-358.260000,358.384000
802.168000,-350.100000,340.816000
798.200000,-350.356000,395.176000
802.648000,-382.100000,377.608000
815.960000,-373.428000,400.000000
889.700000,-345.083000,328.740000
875.840000,-296.800000,390.732000
826.700000,-315.456000,370.724000
857.129000,-349.800000,350.634000
883.841000,-317.205000,405.000000
918.300000,-279.844000,330.898000
864.156000,-261.700000,328.214000
822.300000,-283.972000,325.530000
901.788000,-293.700000,333.835000
847.164000,-263.012000,334.000000
775.600000,-323.405000,369.003000
736.513000,-315.600000,342.298000
732.600000,-317.000000,424.702000
739.996000,-350.600000,397.997000
758.873000,-339.995000,438.000000
769.600000,-305.392000,327.335000
758.974000,-263.200000,394.530000
727.600000,-281.632000,372.814000
749.272000,-311.200000,351.098000
768.046000,-280.144000,415.000000
706.400000,-287.605000,333.608000
677.147000,-253.900000,329.704000
657.400000,-299.764000,325.784000
699.540000,-316.900000,337.880000
672.835000,-254.467000,339.000000
646.650000,-272.312000,337.105000
519.897300,-247.100000,323.685000
511.950000,-256.604000,365.210000
539.428800,-379.100000,351.790000
601.794900,-334.880000,375.000000
544.951500,-323.264000,375.000000
502.100000,-360.451000,353.114000
465.905000,-247.800000,341.890000
375.100000,-303.128000,330.620000
444.696000,-380.800000,319.396000
377.386000,-290.493000,355.000000
455.618000,-305.788000,355.000000
1095.100000,-200.058000,343.280000
1004.524000,-156.800000,333.520000
951.100000,-222.160000,323.760000
1079.548000,-242.800000,353.960000
1004.380000,-240.822000,359.000000
954.412000,-182.084000,359.000000
921.400000,-172.025000,389.005000
921.400000,-181.400000,503.963000
848.425000,-160.100000,327.761000
902.725000,-160.100000,558.932000
846.400000,-167.900000,517.517000
846.400000,-218.675000,362.901000
864.100000,-235.100000,456.022000
869.950000,-235.100000,417.870000
994.700000,-85.033000,327.136000
979.801000,-70.200000,324.931000
947.700000,-78.371800,322.735000
974.960000,-88.400000,320.530000
951.178000,-75.441600,328.000000
999.364241,-53.372937,334.904000
973.812327,-39.856397,328.289000
957.120296,-50.247667,321.701000
994.404168,-61.583591,342.113000
974.116933,-56.404388,347.000000
857.755526,-108.520914,327.200000
858.879607,-106.485452,343.055000
827.889662,-89.144869,337.931000
827.145890,-107.654938,332.807000
846.361616,-111.471455,344.000000
885.404255,-91.521702,326.088000
877.502882,-63.992497,324.624000
837.581210,-52.942696,323.154000
862.502354,-83.508998,321.690000
847.227412,-52.470091,327.000000
920.906936,-18.728590,327.936000
896.074328,2.554218,324.032000
875.934388,-13.969234,320.112000
914.040644,-32.397987,332.208000
895.116505,-23.214722,336.000000
881.032992,20.213192,316.872000
881.580257,24.106462,326.700000
860.203921,24.288167,323.515000
854.829162,-9.940988,320.343000
871.269891,3.047492,328.000000
783.200000,-226.650000,386.984000
767.960000,-191.400000,368.196000
743.200000,-215.511000,349.408000
768.960000,-238.400000,330.543000
750.600000,-201.928000,403.000000
712.800000,-207.800000,322.646000
680.175000,-187.500000,321.176000
667.800000,-230.350000,325.712000
712.260000,-237.500000,324.242000
691.965000,-231.500000,326.000000
638.700000,-197.040000,318.581000
633.594000,-195.800000,340.476000
564.700000,-199.820000,333.400000
589.342000,-215.800000,326.295000
630.486000,-206.520000,345.000000
423.000000,-218.220000,370.593000
409.338000,-189.500000,348.788000
390.000000,-211.300000,327.072000
412.341000,-229.500000,305.356000
397.953000,-197.180000,394.000000
776.400000,-88.340000,322.465000
734.710000,-65.900000,320.269000
721.400000,-119.240000,327.064000
722.555000,-125.900000,324.868000
754.015000,-116.780000,328.000000
769.250000,0.100000,313.584000
758.285000,1.300000,349.872000
661.750000,-8.020000,338.112000
700.987500,-38.700000,326.400000
763.337500,-18.860000,360.000000
507.800000,-26.728000,318.663000
481.040000,6.200000,313.051000
447.800000,-21.496000,307.416000
490.340000,-41.800000,324.804000
465.560000,-1.480000,326.000000
243.670802,-578.978441,322.329000
237.018341,-562.169099,322.085000
220.223848,-572.726910,322.841000
219.837767,-574.687010,322.596000
231.405327,-580.790048,323.000000
296.500000,-349.952000,312.977000
295.294000,-326.000000,312.733000
287.500000,-332.360000,312.489000
291.073000,-350.000000,312.244000
296.500000,-337.328000,313.000000
283.000000,-316.386000,312.626000
271.528000,-310.500000,312.381000
259.000000,-315.981000,312.137000
276.784000,-319.500000,312.892000
267.448000,-311.643000,313.000000
171.624464,-559.924299,324.192000
168.118918,-525.730930,322.232000
131.002147,-536.851681,328.280000
130.832033,-540.658869,326.328000
149.525755,-558.228020,330.000000
131.136575,-310.612163,314.844000
144.104913,-289.427244,314.354000
118.196521,-274.054742,313.866000
116.404005,-297.081674,313.378000
117.089898,-277.933223,315.000000
110.324967,-622.645596,372.590000
133.286138,-582.374450,351.362000
92.285259,-606.744178,330.047000
87.177120,-638.088808,395.819000
127.057942,-585.819474,410.000000
47.439422,-524.150107,322.180000
104.902090,-543.642371,329.740000
17.923286,-397.911791,327.290000
12.294319,-398.696074,324.850000
11.929354,-449.999621,330.000000
119.273008,-462.824686,339.052000
176.289446,-402.987251,333.684000
129.340668,-391.983805,328.316000
98.187912,-446.714380,322.926000
127.542341,-400.413976,342.000000
72.917489,-341.623582,331.476000
119.861473,-370.586769,323.180000
92.573687,-315.265763,314.884000
54.211497,-309.622932,340.554000
116.138845,-366.399230,348.000000
57.888649,-285.366185,317.379000
29.573265,-233.490004,342.294000
23.548715,-229.196451,334.242000
-16.926077,-283.157184,326.157000
26.725039,-299.785507,345.000000
364.000000,-218.897000,316.787000
337.780000,-131.500000,312.622000
250.000000,-166.614000,308.474000
306.202000,-228.500000,304.326000
269.038000,-167.875000,320.000000
334.360000,-205.317000,320.000000
293.926381,-61.115418,309.426000
303.569769,-29.079212,305.996000
267.810397,-42.609793,316.580000
273.636738,-72.077256,313.164000
304.278772,-32.295220,317.000000
209.000000,-20.235000,310.107000
174.078000,0.000000,310.863000
171.000000,-4.750000,310.618000
177.916000,-95.000000,310.374000
204.098000,-65.265000,311.000000
170.000000,-186.835000,323.305000
125.290000,0.000000,320.621000
0.000000,-84.710000,317.926000
89.420000,-215.000000,315.242000
37.740000,-73.745000,326.000000
154.020000,-72.455000,326.000000
102.680000,-130.290000,326.000000
68.510000,-17.845000,326.000000
