1522.700000,-1075.710000,305.970000
1522.700000,-1101.021000,304.682000
1521.986000,-1072.200000,305.482000
1509.219000,-1072.200000,305.120000
1505.700000,-1078.986000,304.994000
1505.700000,-1084.914000,305.558000
1510.885000,-1111.200000,304.504000
1520.303000,-1111.200000,305.996000
1522.564000,-1094.157000,306.000000
1519.011000,-1095.912000,306.000000
1493.900000,-1070.348000,306.792000
1493.900000,-1078.304000,306.150000
1479.284000,-1052.600000,306.302000
1475.252000,-1052.600000,306.588000
1469.900000,-1077.794000,307.814000
1469.900000,-1063.140000,307.026000
1490.828000,-1086.600000,307.326000
1490.108000,-1086.600000,307.464000
1483.868000,-1086.464000,308.000000
1471.076000,-1073.850000,308.000000
1570.100000,-982.500000,306.642000
1570.100000,-978.840000,306.663000
1564.436000,-963.400000,304.934000
1545.780000,-963.400000,301.196000
1538.100000,-969.560000,303.219000
1538.100000,-969.260000,302.729000
1552.180000,-983.400000,301.511000
1564.532000,-983.400000,304.262000
1543.572000,-971.980000,308.000000
1548.180000,-976.220000,308.000000
1526.200000,-964.510000,305.340000
1526.200000,-976.570000,311.860000
1515.040000,-952.900000,320.440000
1515.040000,-952.900000,316.240000
1511.200000,-979.180000,315.560000
1511.200000,-961.210000,320.620000
1511.305000,-982.900000,310.680000
1523.335000,-982.900000,305.000000
1522.615000,-978.730000,321.000000
1519.915000,-972.640000,321.000000
1508.400000,-979.260000,306.643000
1508.400000,-978.840000,303.493000
1495.338000,-956.300000,304.447000
1477.866000,-956.300000,305.464000
1466.400000,-968.704000,302.242000
1466.400000,-963.580000,307.435000
1490.508000,-984.300000,309.046000
1499.706000,-984.300000,309.406000
1481.100000,-964.532000,310.000000
1501.974000,-975.172000,310.000000
1492.189362,-727.894576,301.026000
1515.211682,-745.560223,300.297000
1471.785799,-733.289521,321.411000
1473.728965,-730.757137,306.210000
1470.790866,-735.423909,314.823000
1480.258745,-742.688868,312.123000
1512.489715,-764.019806,308.235000
1519.822855,-754.463072,318.036000
1510.673897,-743.515197,327.000000
1499.651832,-754.863472,327.000000
1427.300000,-608.045000,316.064000
1427.300000,-616.766000,321.410000
1416.596000,-569.000000,311.672000
1410.644000,-569.000000,325.352000
1403.300000,-601.946000,325.262000
1403.300000,-581.939000,311.294000
1420.316000,-626.000000,320.870000
1421.540000,-626.000000,315.236000
1415.996000,-578.063000,326.000000
1412.420000,-609.299000,326.000000
1390.800000,-623.652000,314.872000
1390.800000,-633.970000,311.832000
1390.020000,-622.000000,312.912000
1350.120000,-622.000000,313.584000
1330.800000,-624.030000,310.960000
1330.800000,-624.954000,315.336000
1347.420000,-636.000000,309.008000
1375.380000,-636.000000,309.088000
1337.940000,-630.288000,316.000000
1369.560000,-632.136000,316.000000
1366.100000,-599.946000,310.959000
1366.100000,-614.666000,310.343000
1356.223000,-574.600000,308.275000
1354.863000,-574.600000,312.752000
1349.100000,-607.352000,316.580000
1349.100000,-583.524000,315.161000
1363.448000,-620.600000,313.896000
1361.459000,-620.600000,317.559000
1361.136000,-575.750000,319.000000
1364.604000,-608.640000,319.000000
1347.700000,-620.903000,309.360000
1347.700000,-617.008000,309.894000
1344.000000,-580.600000,308.870000
1331.575000,-580.600000,308.332000
1322.700000,-592.080000,308.382000
1322.700000,-587.898000,308.768000
1332.975000,-621.600000,309.894000
1340.450000,-621.600000,309.206000
1330.150000,-599.337000,310.000000
1327.150000,-611.637000,310.000000
1448.900000,-1090.932000,306.450000
1448.900000,-1104.108000,309.405000
1422.408000,-1079.700000,310.230000
1425.664000,-1079.700000,310.495000
1411.900000,-1102.569000,309.005000
1411.900000,-1084.047000,306.590000
1448.123000,-1106.700000,307.785000
1437.578000,-1106.700000,307.685000
1444.719000,-1103.730000,311.000000
1428.328000,-1100.571000,311.000000
1344.200000,-1102.766000,308.000000
1344.200000,-1105.214000,308.000000
1338.540000,-1073.900000,308.000000
1331.960000,-1073.900000,308.000000
1324.200000,-1087.976000,308.000000
1324.200000,-1078.830000,308.000000
1335.120000,-1107.900000,308.000000
1337.740000,-1107.900000,308.000000
1333.740000,-1084.882000,308.000000
1338.400000,-1100.760000,308.000000
1442.100000,-1047.820000,317.576000
1442.100000,-1060.940000,305.368000
1413.200000,-1042.200000,313.672000
1421.870000,-1042.200000,308.872000
1408.100000,-1061.840000,309.752000
1408.100000,-1044.760000,312.376000
1411.942000,-1062.200000,305.848000
1430.574000,-1062.200000,315.880000
1410.344000,-1057.300000,319.000000
1441.284000,-1058.320000,319.000000
1434.000000,-1021.708000,309.440000
1434.000000,-1026.988000,320.640000
1396.798000,-1006.000000,304.540000
1382.469000,-1006.000000,305.020000
1345.000000,-1018.078000,319.660000
1345.000000,-1008.464000,309.400000
1405.609000,-1028.000000,314.760000
1402.316000,-1028.000000,313.780000
1403.384000,-1010.136000,323.000000
1366.538000,-1024.106000,323.000000
1344.900000,-1017.973000,318.444000
1344.900000,-1066.530000,316.472000
1283.830000,-1009.300000,314.296000
1310.056000,-1009.300000,320.195000
1282.900000,-1016.144000,310.131000
1282.900000,-1014.905000,306.918000
1298.276000,-1068.300000,322.983000
1321.836000,-1068.300000,310.641000
1298.090000,-1045.880000,323.000000
1314.396000,-1058.801000,323.000000
1446.100000,-961.986000,304.002000
1446.100000,-975.858000,306.900000
1432.852000,-942.300000,314.572000
1432.996000,-942.300000,309.966000
1422.100000,-965.556000,311.156000
1422.100000,-944.986000,313.032000
1441.660000,-976.300000,307.726000
1436.764000,-976.300000,302.098000
1442.140000,-944.102000,316.000000
1440.676000,-971.404000,316.000000
1399.000000,-955.196000,304.659000
1399.000000,-954.899000,303.252000
1393.600000,-954.800000,303.927000
1375.195000,-954.800000,303.909000
1354.000000,-963.083000,303.192000
1354.000000,-956.846000,304.566000
1371.235000,-987.800000,305.460000
1380.775000,-987.800000,305.223000
1373.080000,-970.838000,306.000000
1355.800000,-983.576000,306.000000
1337.700000,-965.985000,307.856000
1337.700000,-951.960000,307.272000
1326.708000,-951.300000,306.876000
1329.492000,-951.300000,304.148000
1321.700000,-978.294000,305.900000
1321.700000,-952.818000,305.024000
1336.900000,-984.300000,304.920000
1330.948000,-984.300000,305.900000
1321.924000,-981.594000,308.000000
1326.596000,-980.637000,308.000000
1430.300000,-931.186000,317.334000
1430.300000,-916.048000,324.632000
1418.362000,-915.400000,307.330000
1406.988000,-915.400000,333.611000
1383.300000,-922.348000,338.285000
1383.300000,-915.922000,342.590000
1407.599000,-933.400000,328.281000
1409.714000,-933.400000,310.569000
1411.688000,-921.718000,343.000000
1410.184000,-931.690000,343.000000
1308.000000,-858.820000,345.680000
1308.000000,-840.316000,321.728000
1293.204000,-836.500000,333.920000
1299.360000,-836.500000,332.240000
1290.000000,-905.116000,322.208000
1290.000000,-837.436000,342.752000
1291.530000,-908.500000,310.448000
1299.810000,-908.500000,353.264000
1293.474000,-892.948000,356.000000
1305.084000,-902.884000,356.000000
1302.100000,-772.518000,312.655000
1302.100000,-754.994000,307.580000
1296.265000,-753.200000,334.579000
1295.155000,-753.200000,313.931000
1287.100000,-766.746000,327.474000
1287.100000,-779.096000,320.282000
1296.880000,-779.200000,320.398000
1295.035000,-779.200000,326.633000
1298.845000,-758.816000,336.000000
1288.660000,-777.588000,336.000000
1356.800000,-782.425000,324.574000
1356.800000,-781.090000,328.866000
1287.968000,-779.800000,317.469000
1324.616000,-779.800000,335.217000
1284.800000,-781.120000,310.393000
1284.800000,-794.500000,312.568000
1300.568000,-794.800000,332.288000
1321.664000,-794.800000,318.919000
1311.584000,-789.535000,336.000000
1311.440000,-794.125000,336.000000
1451.000000,-770.720000,300.576000
1451.000000,-763.130000,317.568000
1395.980000,-761.600000,327.792000
1405.850000,-761.600000,325.452000
1346.000000,-771.425000,318.972000
1346.000000,-776.045000,333.336000
1428.635000,-776.600000,310.188000
1398.080000,-776.600000,305.220000
1447.010000,-762.830000,336.000000
1412.780000,-776.165000,336.000000
1446.700000,-724.717000,315.336000
1446.700000,-727.603000,307.992000
1445.426000,-723.200000,306.552000
1440.904000,-723.200000,315.876000
1432.700000,-731.451000,333.768000
1432.700000,-758.239000,323.760000
1437.656000,-760.200000,324.948000
1439.406000,-760.200000,331.644000
1440.414000,-742.218000,336.000000
1445.328000,-759.756000,336.000000
1445.200000,-712.995000,340.176000
1445.200000,-707.925000,345.888000
1389.928000,-705.900000,328.464000
1411.852000,-705.900000,308.400000
1361.200000,-717.750000,316.704000
1361.200000,-719.850000,318.912000
1438.564000,-720.900000,304.992000
1400.092000,-720.900000,329.424000
1373.044000,-720.105000,348.000000
1375.312000,-705.960000,348.000000
1359.800000,-735.022000,322.374000
1359.800000,-707.124000,340.980000
1356.184000,-701.500000,312.126000
1353.704000,-701.500000,350.178000
1343.800000,-714.709000,343.878000
1343.800000,-735.318000,317.376000
1351.624000,-738.500000,333.588000
1350.936000,-738.500000,326.574000
1355.480000,-715.560000,354.000000
1350.744000,-702.277000,354.000000
1342.600000,-703.832000,339.636000
1342.600000,-701.452000,329.808000
1313.259000,-699.100000,329.388000
1329.132000,-699.100000,339.006000
1305.600000,-712.050000,319.098000
1305.600000,-711.658000,348.204000
1307.672000,-713.100000,350.850000
1321.510000,-713.100000,315.402000
1317.440000,-710.468000,354.000000
1331.500000,-699.618000,354.000000
1302.800000,-727.872000,314.856000
1302.800000,-709.120000,318.636000
1296.680000,-703.200000,346.608000
1296.884000,-703.200000,327.834000
1285.800000,-718.944000,336.360000
1285.800000,-731.392000,337.032000
1296.391000,-735.200000,326.070000
1292.821000,-735.200000,346.230000
1301.253000,-711.040000,354.000000
1302.222000,-704.928000,354.000000
1268.400000,-1054.120000,315.143000
1268.400000,-1053.955000,322.164000
1245.200000,-1042.900000,310.995000
1260.125000,-1042.900000,308.887000
1243.400000,-1046.145000,323.830000
1243.400000,-1090.420000,312.610000
1248.175000,-1097.900000,319.682000
1253.325000,-1097.900000,316.333000
1255.875000,-1080.190000,324.000000
1249.200000,-1046.750000,324.000000
1228.600000,-1093.216000,311.445000
1228.600000,-1080.258000,310.130000
1223.650000,-1073.500000,310.225000
1225.450000,-1073.500000,311.225000
1218.600000,-1092.937000,309.005000
1218.600000,-1099.788000,307.320000
1226.180000,-1104.500000,307.780000
1222.400000,-1104.500000,308.415000
1219.480000,-1076.910000,312.000000
1223.580000,-1076.197000,312.000000
1220.900000,-1095.190000,309.900000
1220.900000,-1096.840000,310.080000
1218.978000,-1094.500000,309.165000
1211.662000,-1094.500000,310.737000
1189.900000,-1096.440000,311.433000
1189.900000,-1102.810000,311.394000
1200.006000,-1104.500000,310.701000
1201.184000,-1104.500000,309.051000
1210.918000,-1099.930000,312.000000
1213.584000,-1095.530000,312.000000
1216.600000,-1064.230000,307.710000
1216.600000,-1060.465000,307.094000
1211.560000,-1056.700000,307.466000
1214.344000,-1056.700000,307.313000
1208.600000,-1068.115000,307.222000
1208.600000,-1068.925000,307.532000
1215.744000,-1071.700000,307.977000
1211.376000,-1071.700000,307.751000
1210.736000,-1071.340000,308.000000
1208.840000,-1058.500000,308.000000
1195.000000,-1084.624000,309.363000
1195.000000,-1060.612000,311.484000
1193.030000,-1051.000000,311.628000
1192.350000,-1051.000000,309.141000
1185.000000,-1062.844000,310.896000
1185.000000,-1079.728000,309.798000
1189.600000,-1087.000000,310.164000
1188.310000,-1087.000000,310.455000
1193.570000,-1065.688000,312.000000
1187.960000,-1055.896000,312.000000
1187.000000,-1087.242000,315.841000
1187.000000,-1085.084000,316.182000
1175.540000,-1077.700000,313.157000
1183.265000,-1077.700000,318.591000
1172.000000,-1100.996000,310.473000
1172.000000,-1098.032000,310.000000
1172.420000,-1103.700000,318.778000
1176.725000,-1103.700000,312.409000
1178.690000,-1099.566000,321.000000
1180.430000,-1081.678000,321.000000
1148.400000,-1097.600000,311.000000
1148.400000,-1085.100000,311.000000
1131.800000,-1077.600000,311.000000
1136.800000,-1077.600000,311.000000
1098.400000,-1089.175000,311.000000
1098.400000,-1096.725000,311.000000
1128.150000,-1102.600000,311.000000
1113.300000,-1102.600000,311.000000
1100.200000,-1084.450000,311.000000
1139.800000,-1081.825000,311.000000
1231.100000,-1003.104000,309.704000
1231.100000,-1004.974000,309.060000
1211.322000,-998.000000,309.216000
1226.348000,-998.000000,309.498000
1209.100000,-998.682000,310.728000
1209.100000,-1014.478000,309.936000
1212.664000,-1020.000000,310.238000
1215.304000,-1020.000000,310.374000
1222.850000,-1013.532000,311.000000
1211.168000,-1002.092000,311.000000
1206.100000,-1031.965000,312.815000
1206.100000,-1018.353000,312.820000
1199.562000,-1004.700000,311.590000
1203.314000,-1004.700000,313.915000
1192.100000,-1029.218000,310.370000
1192.100000,-1034.712000,310.010000
1202.320000,-1045.700000,309.150000
1195.810000,-1045.700000,311.105000
1195.110000,-1010.399000,314.000000
1197.140000,-1012.982000,314.000000
1143.300000,-1004.506000,314.422000
1143.300000,-1016.350000,318.972000
1142.008000,-999.900000,325.006000
1136.346000,-999.900000,322.038000
1105.300000,-1007.655000,321.576000
1105.300000,-1033.552000,325.104000
1116.586000,-1046.900000,318.160000
1114.762000,-1046.900000,314.170000
1135.852000,-1026.784000,326.000000
1129.088000,-1010.193000,326.000000
1268.000000,-930.500000,312.088000
1268.000000,-928.860000,309.624000
1250.571000,-925.200000,310.373000
1263.186000,-925.200000,311.157000
1239.000000,-932.530000,308.665000
1239.000000,-932.190000,312.690000
1264.056000,-935.200000,313.957000
1245.728000,-935.200000,314.223000
1250.426000,-925.240000,315.000000
1264.868000,-927.550000,315.000000
1238.900000,-979.079000,313.976000
1238.900000,-959.939000,313.864000
1236.703000,-947.300000,313.000000
1236.950000,-947.300000,310.740000
1225.900000,-957.200000,312.020000
1225.900000,-969.839000,311.616000
1231.516000,-980.300000,311.044000
1228.708000,-980.300000,312.492000
1238.679000,-961.721000,314.000000
1227.954000,-955.616000,314.000000
1224.200000,-960.488000,311.620000
1224.200000,-960.572000,312.800000
1215.368000,-949.400000,310.640000
1222.604000,-949.400000,313.676000
1212.200000,-973.676000,313.664000
1212.200000,-968.048000,310.552000
1224.188000,-977.400000,312.688000
1214.588000,-977.400000,311.428000
1219.076000,-973.732000,314.000000
1217.288000,-956.904000,314.000000
1179.800000,-975.236000,313.260000
1179.800000,-970.292000,311.736000
1172.831000,-965.300000,312.284000
1177.109000,-965.300000,312.612000
1156.800000,-970.520000,311.304000
1156.800000,-973.100000,313.488000
1169.818000,-977.300000,310.328000
1161.009000,-977.300000,310.364000
1160.526000,-968.924000,314.000000
1172.670000,-968.720000,314.000000
1190.200000,-942.630000,313.842000
1190.200000,-947.760000,312.856000
1132.714000,-934.800000,326.677000
1183.600000,-934.800000,316.579000
1124.200000,-934.860000,322.529000
1124.200000,-953.790000,320.302000
1133.044000,-964.800000,318.381000
1135.156000,-964.800000,324.025000
1173.832000,-956.850000,327.000000
1187.362000,-943.830000,327.000000
1268.300000,-868.768000,312.180000
1268.300000,-863.378000,313.510000
1262.168000,-853.500000,310.960000
1267.124000,-853.500000,309.605000
1254.300000,-866.040000,309.735000
1254.300000,-867.074000,310.700000
1264.114000,-875.500000,313.515000
1256.400000,-875.500000,311.790000
1259.074000,-857.174000,314.000000
1257.422000,-860.496000,314.000000
1257.000000,-832.746000,311.094000
1257.000000,-839.865000,312.272000
1256.940000,-830.100000,312.604000
1256.196000,-830.100000,312.710000
1245.000000,-832.977000,312.116000
1245.000000,-842.700000,311.148000
1248.216000,-851.100000,311.628000
1246.596000,-851.100000,311.584000
1256.172000,-842.700000,313.000000
1250.868000,-837.114000,313.000000
1157.500000,-859.370000,316.000000
1157.500000,-857.060000,316.000000
1150.051000,-842.600000,316.000000
1156.837000,-842.600000,316.000000
1144.500000,-863.720000,316.000000
1144.500000,-860.120000,316.000000
1155.368000,-872.600000,316.000000
1146.021000,-872.600000,316.000000
1151.260000,-843.590000,316.000000
1154.315000,-853.130000,316.000000
1145.100000,-872.580000,316.000000
1145.100000,-865.170000,316.000000
1140.200000,-857.700000,316.000000
1143.875000,-857.700000,316.000000
1110.100000,-861.780000,316.000000
1110.100000,-866.205000,316.000000
1124.205000,-872.700000,316.000000
1113.600000,-872.700000,316.000000
1113.950000,-864.675000,316.000000
1110.835000,-863.205000,316.000000
1259.300000,-793.916000,310.722000
1259.300000,-794.735000,310.163000
1245.160000,-790.100000,310.966000
1258.940000,-790.100000,310.944000
1239.300000,-797.651000,310.211000
1239.300000,-795.059000,310.725000
1258.700000,-799.100000,310.455000
1240.980000,-799.100000,310.506000
1253.280000,-798.182000,310.000000
1245.040000,-793.556000,310.000000
1213.100000,-801.377000,313.000000
1213.100000,-781.491000,313.000000
1209.525000,-749.100000,313.000000
1213.074000,-749.100000,313.000000
1200.100000,-773.866000,313.000000
1200.100000,-781.674000,313.000000
1207.094000,-810.100000,313.000000
1200.971000,-810.100000,313.000000
1203.857000,-769.291000,313.000000
1207.289000,-773.500000,313.000000
1200.200000,-766.129000,314.683000
1200.200000,-781.928000,318.185000
1189.254000,-748.500000,327.535000
1187.395000,-748.500000,321.908000
1187.200000,-807.914000,323.370000
1187.200000,-780.098000,325.631000
1188.565000,-809.500000,319.222000
1187.863000,-809.500000,329.354000
1198.614000,-795.043000,330.000000
1197.847000,-773.937000,330.000000
1142.500000,-799.772000,321.570000
1142.500000,-795.664000,318.273000
1127.367000,-781.000000,319.855000
1106.647000,-781.000000,319.806000
1105.500000,-795.066000,318.147000
1105.500000,-794.026000,321.339000
1130.364000,-807.000000,323.432000
1106.758000,-807.000000,322.872000
1122.816000,-786.096000,325.000000
1108.645000,-792.258000,325.000000
1270.600000,-741.815000,315.680000
1270.600000,-747.353000,315.092000
1221.750000,-739.800000,314.704000
1223.000000,-739.800000,315.968000
1220.600000,-741.204000,313.724000
1220.600000,-746.105000,312.844000
1232.600000,-752.800000,312.748000
1221.500000,-752.800000,313.720000
1223.450000,-747.977000,316.000000
1238.150000,-745.650000,316.000000
1238.100000,-714.728000,322.627000
1238.100000,-715.168000,325.619000
1214.164000,-688.900000,318.462000
1196.916000,-688.900000,329.342000
1194.100000,-718.644000,331.314000
1194.100000,-709.492000,333.065000
1229.608000,-732.900000,327.149000
1194.144000,-732.900000,319.788000
1222.568000,-691.584000,334.000000
1221.248000,-709.404000,334.000000
1172.300000,-697.240000,318.482000
1172.300000,-716.248000,317.482000
1169.414000,-696.600000,317.994000
1148.406000,-696.600000,317.920000
1146.300000,-704.376000,317.504000
1146.300000,-711.064000,318.358000
1156.050000,-728.600000,317.016000
1171.910000,-728.600000,318.796000
1152.462000,-712.408000,319.000000
1169.258000,-712.056000,319.000000
1138.700000,-692.295000,319.456000
1138.700000,-694.950000,321.925000
1119.688000,-685.500000,321.721000
1113.416000,-685.500000,319.582000
1110.700000,-697.650000,320.989000
1110.700000,-692.025000,320.239000
1137.076000,-700.500000,320.254000
1137.804000,-700.500000,320.896000
1133.828000,-699.405000,322.000000
1114.872000,-692.985000,322.000000
1202.900000,-660.970000,330.926000
1202.900000,-655.734000,334.307000
1182.728000,-641.500000,325.314000
1130.248000,-641.500000,339.344000
1120.900000,-649.816000,319.679000
1120.900000,-650.718000,321.381000
1162.638000,-663.500000,337.067000
1198.964000,-663.500000,326.418000
1155.012000,-649.398000,341.000000
1154.930000,-652.852000,341.000000
1148.800000,-613.792000,322.811000
1148.800000,-628.972000,319.101000
1116.280000,-599.800000,321.096000
1114.000000,-599.800000,320.634000
1108.800000,-641.380000,319.388000
1108.800000,-617.488000,322.167000
1111.880000,-643.800000,317.673000
1146.200000,-643.800000,316.700000
1109.000000,-634.648000,323.000000
1136.040000,-623.208000,323.000000
1251.400000,-623.548000,314.213000
1251.400000,-620.140000,311.947000
1214.062000,-587.500000,311.529000
1167.806000,-587.500000,314.356000
1153.400000,-612.076000,319.834000
1153.400000,-606.028000,316.765000
1216.512000,-635.500000,317.150000
1243.462000,-635.500000,319.174000
1211.710000,-598.300000,321.000000
1246.206000,-613.852000,321.000000
1253.000000,-567.843000,331.376000
1253.000000,-578.616000,335.152000
1172.420000,-564.000000,323.568000
1181.855000,-564.000000,310.160000
1168.000000,-565.680000,315.760000
1168.000000,-571.749000,317.168000
1185.935000,-585.000000,307.920000
1244.670000,-585.000000,324.176000
1183.640000,-577.797000,338.000000
1186.105000,-575.865000,338.000000
994.600000,-1083.144000,329.668000
994.600000,-1086.442000,359.215000
966.736000,-1062.200000,380.320000
950.320000,-1062.200000,373.888000
940.600000,-1084.198000,363.905000
940.600000,-1074.202000,321.561000
982.666000,-1096.200000,347.557000
988.444000,-1096.200000,336.234000
982.396000,-1065.260000,383.000000
966.466000,-1081.988000,383.000000
1076.100000,-1000.846000,323.052000
1076.100000,-1037.566000,318.822000
1073.278000,-998.200000,318.660000
1048.764000,-998.200000,322.764000
1042.100000,-1009.756000,314.268000
1042.100000,-1016.344000,326.706000
1053.864000,-1052.200000,327.858000
1071.646000,-1052.200000,312.648000
1054.442000,-1026.442000,330.000000
1067.430000,-1030.492000,330.000000
1024.800000,-1021.274000,318.225000
1024.800000,-1035.584000,319.017000
961.100000,-995.300000,325.029000
947.674000,-995.300000,320.988000
926.800000,-1037.528000,322.824000
926.800000,-1012.580000,322.959000
1016.274000,-1049.300000,320.628000
1010.394000,-1049.300000,324.930000
1020.194000,-1046.870000,327.000000
927.878000,-1028.510000,327.000000
928.270000,-1030.346000,327.000000
995.200000,-970.088000,349.885000
995.200000,-963.704000,379.137000
981.466000,-931.700000,332.561000
946.627000,-931.700000,323.686000
932.200000,-946.358000,386.237000
932.200000,-944.426000,339.235000
962.503000,-973.700000,368.842000
984.868000,-973.700000,354.784000
966.346000,-947.996000,390.000000
949.651000,-958.202000,390.000000
1073.100000,-901.062000,326.844000
1073.100000,-920.934000,323.134000
1024.430000,-885.100000,323.428000
1026.352000,-885.100000,326.200000
1011.100000,-927.236000,319.998000
1011.100000,-898.302000,315.266000
1014.076000,-931.100000,316.582000
1061.940000,-931.100000,318.332000
1019.284000,-922.820000,329.000000
1044.766000,-914.908000,329.000000
1021.800000,-859.655000,321.536000
1021.800000,-860.375000,321.890000
1010.184000,-824.600000,320.072000
997.446000,-824.600000,323.204000
988.800000,-846.380000,324.608000
988.800000,-836.750000,324.518000
1009.095000,-869.600000,323.138000
1015.299000,-869.600000,325.832000
1012.593000,-835.985000,326.000000
1015.497000,-854.480000,326.000000
1078.200000,-762.848000,349.349000
1078.200000,-795.248000,320.303000
1050.600000,-751.400000,337.834000
1056.570000,-751.400000,330.596000
1048.200000,-754.154000,326.366000
1048.200000,-765.116000,340.889000
1053.690000,-805.400000,361.898000
1071.810000,-805.400000,351.182000
1057.530000,-788.444000,365.000000
1050.450000,-788.174000,365.000000
1028.200000,-789.060000,321.694000
1028.200000,-797.844000,337.226000
1006.772000,-758.100000,338.326000
997.180000,-758.100000,320.044000
984.200000,-787.812000,332.958000
984.200000,-769.476000,324.862000
1017.200000,-806.100000,327.568000
1018.080000,-806.100000,329.680000
1023.800000,-763.764000,342.000000
999.204000,-791.556000,342.000000
986.200000,-747.820000,334.248000
986.200000,-793.900000,334.857000
983.176000,-743.200000,329.103000
947.672000,-743.200000,339.456000
930.200000,-754.360000,344.979000
930.200000,-756.460000,344.055000
947.952000,-803.200000,339.855000
972.424000,-803.200000,327.654000
957.640000,-776.260000,345.000000
964.192000,-786.040000,345.000000
1023.800000,-711.020000,342.960000
1023.800000,-732.782000,330.020000
966.576000,-679.400000,338.080000
961.976000,-679.400000,334.400000
931.800000,-726.086000,333.200000
931.800000,-692.048000,338.780000
1013.220000,-741.400000,328.300000
999.604000,-741.400000,343.160000
939.068000,-740.408000,345.000000
1012.116000,-724.660000,345.000000
937.136000,-734.208000,345.000000
1083.800000,-661.180000,321.163000
1083.800000,-657.280000,325.895000
1075.295000,-604.600000,319.448000
1054.325000,-604.600000,320.428000
1038.800000,-623.860000,324.740000
1038.800000,-615.880000,321.961000
1059.140000,-664.600000,323.032000
1071.245000,-664.600000,323.494000
1068.905000,-629.560000,326.000000
1045.055000,-649.420000,326.000000
987.100000,-628.525000,325.438000
987.100000,-659.146000,325.438000
973.492000,-606.400000,324.950000
975.598000,-606.400000,325.876000
969.100000,-658.792000,324.462000
969.100000,-616.489000,324.314000
969.442000,-665.400000,325.972000
981.772000,-665.400000,324.752000
973.744000,-656.491000,326.000000
976.390000,-651.417000,326.000000
965.000000,-656.096000,328.210000
965.000000,-659.907000,333.701000
959.816000,-626.200000,341.045000
955.048000,-626.200000,337.424000
949.000000,-643.035000,336.897000
949.000000,-631.935000,341.147000
958.392000,-663.200000,332.749000
960.008000,-663.200000,327.870000
962.568000,-636.634000,343.000000
959.736000,-655.060000,343.000000
1066.900000,-554.960000,331.720000
1066.900000,-592.058000,325.366000
945.724000,-542.000000,327.328000
984.484000,-542.000000,329.308000
930.900000,-543.242000,322.936000
930.900000,-549.452000,333.250000
951.844000,-596.000000,336.526000
1022.156000,-596.000000,337.192000
990.332000,-580.556000,340.000000
1058.332000,-584.984000,340.000000
1019.844000,-566.084000,340.000000
813.700000,-1086.993000,329.461000
813.700000,-1098.104000,329.131000
798.128000,-1059.400000,326.766000
793.674000,-1059.400000,320.540000
779.700000,-1083.590000,324.082000
779.700000,-1064.402000,322.949000
804.214000,-1100.400000,321.398000
801.970000,-1100.400000,325.358000
780.618000,-1065.427000,330.000000
786.602000,-1092.733000,330.000000
892.700000,-999.618000,329.776000
892.700000,-1087.580000,334.480000
890.802000,-988.700000,325.872000
850.871000,-988.700000,337.984000
819.700000,-1004.871000,337.952000
819.700000,-999.515000,325.488000
840.797000,-1091.700000,334.048000
866.274000,-1091.700000,328.992000
864.668000,-1048.440000,340.000000
853.937000,-1074.087000,340.000000
889.269000,-1012.081000,340.000000
809.800000,-1028.080000,334.036000
809.800000,-1054.420000,329.057000
792.603000,-995.800000,330.851000
793.676000,-995.800000,331.904000
780.800000,-1039.300000,327.679000
780.800000,-1001.140000,334.751000
805.624000,-1055.800000,324.507000
798.838000,-1055.800000,324.598000
786.774000,-996.520000,337.000000
802.115000,-1046.560000,337.000000
773.400000,-1096.475000,324.912000
773.400000,-1097.025000,323.968000
765.080000,-1072.200000,337.008000
745.320000,-1072.200000,327.472000
721.400000,-1079.500000,333.088000
721.400000,-1074.000000,330.976000
743.448000,-1097.200000,329.184000
752.860000,-1097.200000,334.480000
762.740000,-1083.325000,338.000000
721.452000,-1093.750000,338.000000
772.800000,-1022.824000,389.044000
772.800000,-1000.760000,417.556000
772.800000,-1034.640000,420.364000
754.600000,-1000.200000,362.584000
759.725000,-1000.200000,333.208000
747.800000,-1048.304000,336.232000
747.800000,-1003.336000,356.860000
747.800000,-1041.808000,351.136000
772.575000,-1056.200000,417.880000
762.525000,-1056.200000,380.512000
757.425000,-1049.368000,433.000000
754.500000,-1049.424000,433.000000
840.300000,-965.208000,323.234000
840.300000,-922.278000,369.098000
823.780000,-920.900000,382.202000
811.908000,-920.900000,386.180000
784.300000,-943.531000,363.092000
784.300000,-922.967000,325.262000
815.548000,-973.900000,344.060000
816.332000,-973.900000,342.344000
838.844000,-937.330000,401.000000
814.204000,-968.335000,401.000000
844.200000,-841.954000,338.694000
844.200000,-827.038000,336.825000
790.756000,-824.200000,333.549000
813.820000,-824.200000,341.424000
782.200000,-889.804000,349.425000
782.200000,-825.718000,346.023000
790.012000,-890.200000,344.301000
816.672000,-890.200000,350.601000
817.168000,-873.238000,351.000000
831.800000,-884.392000,351.000000
769.300000,-859.098000,381.912000
769.300000,-827.591000,333.717000
761.560000,-824.700000,366.540000
760.768000,-824.700000,347.514000
751.300000,-852.189000,351.105000
751.300000,-824.994000,361.248000
763.774000,-873.700000,335.733000
761.002000,-873.700000,375.045000
754.054000,-833.324000,393.000000
752.488000,-870.172000,393.000000
756.414831,-837.659518,344.805000
757.505449,-835.352299,379.959000
744.512609,-825.511834,392.370000
752.323882,-829.204206,330.693000
742.043529,-830.622894,376.998000
725.853504,-864.873157,344.490000
729.426450,-867.048762,361.563000
733.230829,-868.847084,358.287000
743.784268,-854.757768,393.000000
731.502159,-865.353198,393.000000
869.700000,-755.174000,336.610000
869.700000,-744.724000,334.486000
841.450000,-742.700000,332.218000
847.650000,-742.700000,338.410000
819.700000,-758.012000,327.808000
819.700000,-764.106000,342.352000
861.100000,-764.700000,341.416000
845.000000,-764.700000,328.294000
836.300000,-743.602000,343.000000
849.600000,-763.842000,343.000000
907.900000,-796.100000,326.008000
907.900000,-742.640000,329.680000
903.280000,-736.100000,339.598000
893.060000,-736.100000,333.622000
872.900000,-751.880000,335.206000
872.900000,-793.520000,337.564000
886.725000,-796.100000,330.796000
890.050000,-796.100000,341.506000
905.170000,-764.540000,343.000000
903.140000,-794.780000,343.000000
832.927590,-790.139637,424.336000
838.578843,-779.237264,527.824000
825.251457,-804.948398,497.640000
812.953609,-760.322603,376.512000
824.579551,-766.348919,374.748000
807.759889,-757.630434,434.724000
785.631109,-783.600181,524.492000
783.624638,-787.471056,417.672000
791.576890,-772.129606,372.004000
820.953686,-809.523861,476.668000
801.417309,-799.397165,460.596000
789.991125,-793.474394,505.088000
804.665824,-796.845921,529.000000
787.824326,-792.080906,529.000000
909.000000,-659.045000,348.048000
909.000000,-635.186000,344.472000
892.179000,-630.500000,342.168000
884.367000,-630.500000,349.728000
846.000000,-643.634000,336.312000
846.000000,-660.992000,330.984000
879.390000,-663.500000,330.432000
874.791000,-663.500000,336.240000
852.363000,-641.687000,351.000000
870.948000,-630.863000,351.000000
840.600000,-648.654000,351.951000
840.600000,-645.434000,364.726000
797.232000,-641.800000,334.139000
821.100000,-641.800000,380.713000
788.600000,-663.995000,389.254000
788.600000,-662.661000,396.700000
793.644000,-664.800000,371.442000
811.480000,-664.800000,339.687000
824.480000,-659.533000,404.000000
823.024000,-642.421000,404.000000
897.700000,-618.880000,475.070000
897.700000,-598.900000,367.140000
897.700000,-611.356000,409.495000
864.818000,-592.600000,422.395000
868.344000,-592.600000,414.225000
884.744000,-592.600000,340.480000
893.108000,-592.600000,488.615000
883.842000,-592.600000,531.185000
815.700000,-611.788000,369.935000
815.700000,-624.676000,461.310000
815.700000,-622.696000,486.680000
870.148000,-628.600000,532.260000
850.468000,-628.600000,508.395000
857.930000,-628.600000,417.665000
883.186000,-628.600000,497.000000
835.216000,-628.600000,339.190000
906.700000,-548.009000,326.620000
906.700000,-549.213000,338.950000
788.482000,-541.000000,337.960000
864.976000,-541.000000,327.235000
784.700000,-545.300000,334.285000
784.700000,-578.582000,330.520000
813.004000,-584.000000,330.625000
834.354000,-584.000000,333.805000
890.840000,-568.391000,340.000000
808.368000,-543.580000,340.000000
789.458000,-570.971000,340.000000
549.736634,-1143.912267,340.570000
556.896540,-1133.297270,344.920000
545.182096,-1117.116297,333.220000
551.304538,-1121.245937,351.490000
519.410130,-1126.282950,325.900000
515.885538,-1131.508374,328.060000
536.449195,-1151.031074,348.550000
524.610539,-1143.045799,334.630000
543.763732,-1118.906157,355.000000
543.645121,-1119.144594,355.000000
539.334015,-1156.017209,473.711000
536.265164,-1160.566967,389.282000
534.222015,-1151.623447,434.915000
523.121202,-1144.135854,424.103000
513.583125,-1137.702340,425.375000
521.989566,-1143.372556,399.935000
482.205490,-1124.474772,395.960000
472.717105,-1138.541881,458.924000
489.950382,-1155.535956,357.164000
490.381482,-1155.826736,334.745000
515.654692,-1172.873732,482.456000
475.454660,-1145.758468,406.136000
480.665449,-1132.453686,485.000000
523.551124,-1147.566832,485.000000
500.312527,-1098.407096,346.740000
505.099746,-1094.530482,334.052000
502.742995,-1080.897459,331.795000
507.036219,-1086.199149,347.411000
481.564570,-1090.427220,377.911000
481.064088,-1090.832502,360.770000
487.836207,-1106.981550,362.966000
481.311414,-1098.924100,374.129000
485.897594,-1101.695553,387.000000
507.859695,-1092.110226,387.000000
566.743045,-1087.585173,406.750000
596.940606,-1063.131671,419.394000
562.903167,-1090.694645,395.632000
600.736341,-1042.908014,380.154000
599.397147,-1041.254247,334.265000
584.313596,-1022.627613,360.643000
556.341797,-1023.949402,353.449000
535.578011,-1040.763585,358.136000
555.725520,-1024.448453,325.654000
544.132290,-1069.937792,326.853000
538.493579,-1062.974564,382.007000
528.661078,-1050.832436,399.774000
564.519177,-1033.756836,434.000000
577.001258,-1025.810803,434.000000
622.582157,-1031.229906,331.120000
623.147919,-1030.771760,345.200000
602.318714,-998.954370,355.312000
618.468334,-1018.897490,352.208000
586.356392,-1000.087252,347.504000
587.933998,-998.809732,327.216000
587.682257,-1003.126071,339.664000
595.283818,-1012.513217,334.224000
612.012231,-1028.721843,358.000000
610.494049,-1012.231277,358.000000
631.126150,-1005.657638,332.281000
647.527816,-992.375831,329.674000
649.923266,-974.597310,329.597000
652.623050,-977.931266,332.083000
619.276327,-972.790369,326.902000
609.799032,-980.464931,334.492000
615.138606,-1003.147540,335.218000
608.326842,-994.735712,336.901000
637.206024,-975.553655,337.000000
647.747901,-983.280365,337.000000
669.264875,-949.328035,365.259000
666.019513,-951.956077,329.652000
665.735113,-934.043070,355.743000
672.475134,-942.366303,338.193000
663.154362,-934.974837,346.227000
643.933988,-950.539189,346.734000
639.107750,-958.365582,336.672000
639.947893,-959.403072,355.275000
655.965897,-960.020129,366.000000
660.773357,-937.983815,366.000000
432.970973,-1098.317577,328.392000
442.795653,-1090.361708,328.802000
437.704208,-1062.517711,328.148000
446.862708,-1073.827516,328.021000
401.644672,-1060.633896,328.903000
398.282739,-1063.356336,328.240000
413.605844,-1099.497369,328.659000
398.341677,-1080.647694,328.459000
437.373289,-1068.649448,329.000000
426.164228,-1061.080844,329.000000
465.097986,-1038.081652,380.130000
458.060152,-1043.780777,362.840000
465.288326,-1035.418337,364.270000
463.357571,-1033.034053,377.075000
445.030224,-1020.876456,348.410000
432.098515,-1031.348348,391.310000
430.814967,-1043.695787,332.485000
429.522343,-1042.099530,340.545000
439.811314,-1030.957402,393.000000
454.576668,-1032.817878,393.000000
522.502191,-1024.822580,339.632000
525.706364,-1022.227892,343.280000
524.990402,-1003.807375,388.016000
531.720984,-1012.118951,357.296000
501.161738,-1012.508269,372.336000
502.727687,-1011.240188,371.312000
508.816357,-1033.093581,356.720000
499.219850,-1021.242882,385.328000
507.681332,-1029.869340,390.000000
526.749096,-1017.062566,390.000000
493.858739,-1010.032241,358.527000
508.791598,-997.939849,328.196000
515.912096,-985.988331,346.571000
516.621340,-986.864175,338.927000
495.187633,-979.360653,334.615000
485.613195,-987.113881,349.658000
484.109138,-1002.330499,371.610000
480.533969,-997.915533,360.389000
498.815553,-986.899618,377.000000
499.617368,-979.324981,377.000000
551.708805,-1002.101655,329.156000
551.048231,-1002.636577,353.092000
532.200950,-963.908946,354.826000
553.712380,-990.473349,360.538000
506.981461,-968.836127,346.530000
511.488907,-965.186069,333.984000
506.553357,-971.962199,338.234000
512.296535,-979.054433,341.430000
540.596560,-1007.209012,362.000000
532.727637,-974.808501,362.000000
581.392952,-975.528993,330.220000
599.454602,-960.902958,330.360000
611.340867,-936.227710,329.000000
615.983993,-941.961493,331.455000
574.739295,-937.167194,332.780000
566.016609,-944.230686,332.550000
562.886516,-973.321529,331.555000
554.028202,-962.382422,328.645000
596.336108,-942.997096,333.000000
598.218656,-946.678868,333.000000
585.822876,-925.156948,377.735000
576.246884,-932.911434,340.742000
586.505890,-904.675809,363.770000
595.064648,-915.244994,353.225000
583.515275,-905.150695,349.862000
555.071732,-928.183821,365.708000
540.020053,-944.200540,335.954000
540.030751,-944.213752,378.191000
553.969940,-931.766649,386.000000
581.579785,-926.799194,386.000000
641.538929,-920.885229,332.770000
650.519628,-913.612803,344.920000
655.377649,-881.942752,328.378000
666.280625,-895.406806,330.862000
615.024044,-884.452379,341.986000
614.310624,-885.030095,334.804000
619.670358,-923.654770,337.576000
603.188457,-903.301317,338.746000
655.456990,-892.938201,346.000000
632.908513,-880.624191,346.000000
709.838886,-843.041656,417.908000
695.461685,-854.684083,417.642000
687.418225,-861.197549,442.380000
712.128550,-839.115840,385.323000
711.423711,-838.245436,446.769000
684.198943,-818.767887,352.871000
667.412590,-832.361208,342.896000
664.109720,-835.035819,356.994000
659.064344,-853.037789,453.419000
655.407993,-848.522571,372.023000
676.046229,-838.970874,461.000000
688.437574,-835.601975,461.000000
729.646110,-811.574665,334.934000
730.539827,-810.850946,357.152000
729.277276,-790.541440,387.098000
738.673659,-802.145006,372.263000
708.244156,-794.163117,370.262000
711.177882,-791.787432,387.374000
718.191528,-816.577074,353.357000
705.447790,-800.839868,333.485000
718.584840,-816.744971,398.000000
728.259352,-802.830767,398.000000
763.900000,-693.569000,358.353000
763.900000,-684.772000,340.958000
760.099000,-675.500000,346.348000
762.955000,-675.500000,351.689000
742.900000,-681.428000,334.392000
742.900000,-686.463000,362.420000
752.224000,-694.500000,371.436000
745.210000,-694.500000,373.151000
753.001000,-683.575000,383.000000
763.522000,-682.283000,383.000000
741.787304,-708.586805,366.280000
739.985880,-710.045570,365.040000
726.259671,-677.848507,356.520000
746.649652,-703.028037,333.800000
706.129297,-679.557909,346.760000
710.839579,-675.743598,342.560000
704.668918,-681.377447,336.960000
707.019430,-684.280087,351.320000
708.451269,-681.730906,370.000000
720.623994,-682.180572,370.000000
766.000000,-641.848000,346.448000
766.000000,-618.838000,356.960000
742.932000,-578.200000,337.628000
765.124000,-578.200000,364.844000
693.000000,-613.066000,364.844000
693.000000,-620.632000,336.728000
735.267000,-656.200000,356.060000
698.621000,-656.200000,344.612000
741.180000,-600.820000,371.000000
730.522000,-608.620000,371.000000
694.387000,-617.980000,371.000000
765.700000,-547.560000,348.560000
765.700000,-559.120000,340.880000
712.720000,-537.600000,343.680000
706.000000,-537.600000,345.260000
705.700000,-538.160000,338.780000
705.700000,-558.720000,349.640000
714.460000,-577.600000,353.900000
709.360000,-577.600000,334.020000
720.640000,-566.480000,354.000000
752.500000,-553.880000,354.000000
708.600000,-565.002000,355.885000
708.600000,-559.668000,342.770000
708.600000,-536.652000,533.475000
689.700000,-536.400000,518.210000
667.482000,-536.400000,389.855000
680.334000,-536.400000,464.675000
666.600000,-560.844000,465.750000
666.600000,-557.862000,436.940000
666.600000,-551.142000,395.660000
696.546000,-578.400000,413.290000
668.448000,-578.400000,484.025000
667.860000,-578.400000,326.645000
436.317700,-1011.252546,350.960000
425.663029,-1019.880528,361.480000
438.420478,-1008.414827,341.200000
409.310634,-972.467164,330.240000
404.664997,-973.833180,331.400000
396.598222,-980.365526,339.000000
393.489573,-1000.600253,361.640000
385.687889,-990.965974,347.760000
407.628092,-998.419635,369.000000
407.501563,-991.208155,369.000000
472.866804,-974.295158,406.720000
471.872057,-975.100688,372.772000
465.485278,-937.365602,386.630000
452.535752,-921.374269,390.730000
432.792736,-933.401203,366.622000
438.711480,-928.608299,408.688000
456.148864,-976.684594,346.614000
426.124617,-939.607737,344.646000
450.747014,-920.182331,410.000000
459.992180,-953.769108,410.000000
488.165422,-957.471983,329.850000
496.908314,-950.392129,329.400000
506.207364,-933.082534,328.630000
481.758267,-902.890413,330.495000
472.902896,-905.493355,332.405000
468.752937,-908.853926,331.590000
469.268199,-935.136936,331.185000
487.518490,-957.674168,332.685000
488.062640,-932.270389,333.000000
495.108579,-941.877139,333.000000
552.582942,-907.791567,345.401000
542.884161,-915.645486,329.294000
544.607350,-858.662062,340.256000
537.319820,-849.662711,333.893000
494.353694,-877.739109,335.132000
513.284970,-862.408864,338.492000
524.523326,-929.201302,330.008000
524.334530,-928.968158,343.070000
500.160255,-888.246547,350.000000
515.424578,-869.246062,350.000000
589.852884,-880.084122,331.865000
599.551666,-872.230203,340.220000
623.835736,-841.486351,343.205000
612.338053,-827.287894,343.505000
590.837124,-840.684313,339.530000
590.370836,-841.061906,331.790000
574.129602,-875.445331,335.870000
581.908002,-885.050855,335.060000
610.386003,-855.195734,344.000000
593.944664,-852.721128,344.000000
577.138912,-847.147036,331.214000
568.372706,-854.245770,330.374000
567.473807,-822.006904,329.499000
566.982937,-821.400730,331.907000
541.729406,-837.218302,327.791000
555.111859,-826.381405,333.433000
543.611919,-840.210399,333.076000
559.244238,-859.514704,327.966000
554.307019,-841.547800,334.000000
564.686868,-843.449308,334.000000
579.968162,-822.480482,327.420000
580.962909,-821.674952,334.560000
594.172466,-803.918900,353.880000
590.564572,-799.463522,342.190000
575.691378,-809.215879,345.305000
579.595759,-806.054173,349.855000
570.179180,-825.138162,336.765000
572.175384,-827.603269,357.520000
592.762742,-811.534160,362.000000
583.501087,-818.097339,362.000000
635.461533,-786.637855,339.536000
623.201279,-796.566014,356.368000
626.213863,-768.674367,331.696000
628.001133,-770.881461,331.376000
623.348407,-770.711680,355.888000
617.533801,-775.420255,338.384000
606.709954,-790.670502,348.048000
615.016984,-800.928828,345.392000
619.177933,-788.371894,358.000000
615.769870,-781.352317,358.000000
671.959999,-804.706005,338.662000
669.075233,-807.042042,336.562000
664.624584,-769.150684,335.246000
654.623424,-756.800281,339.628000
632.912709,-761.693822,331.816000
640.237310,-755.762477,328.694000
655.775069,-804.303900,328.400000
658.585614,-807.774634,331.760000
652.570085,-756.522609,341.000000
651.646322,-779.436377,341.000000
736.274359,-744.451111,338.564000
703.121312,-771.297919,343.927000
732.745602,-739.330732,361.969000
711.034049,-712.519197,350.716000
693.291036,-714.920341,354.405000
689.047819,-718.356431,357.505000
670.729961,-758.088737,346.810000
686.211243,-777.206528,333.294000
705.802366,-752.012942,362.000000
700.010135,-754.966272,362.000000
429.647681,-922.745470,340.772000
422.056519,-928.892672,331.718000
413.970496,-880.313251,336.380000
409.834603,-875.205848,335.660000
380.807469,-882.516401,331.970000
393.450857,-872.277988,339.602000
413.491202,-932.158891,345.578000
409.940576,-927.774233,343.544000
391.076470,-899.969375,347.000000
424.388285,-924.850410,347.000000
447.863445,-905.727879,329.235000
450.684485,-903.443446,344.815000
460.910488,-880.223314,343.580000
446.099433,-861.933183,329.976000
430.804873,-861.637459,338.944000
432.600080,-860.183728,334.137000
431.365838,-891.409180,334.289000
440.541329,-902.739968,338.298000
457.663019,-892.754677,347.000000
432.187592,-874.356854,347.000000
514.529765,-853.697619,335.600000
492.940651,-871.180139,337.904000
511.644150,-820.959852,331.696000
512.931740,-822.549893,341.408000
463.406871,-852.633057,343.776000
494.181851,-827.711969,328.912000
463.250149,-856.539181,339.872000
478.638920,-875.542731,332.416000
482.106251,-858.849520,344.000000
488.815698,-853.501243,344.000000
465.898533,-840.966216,355.466000
464.327921,-842.238073,338.943000
484.624733,-813.665322,347.871000
479.262923,-807.044039,345.732000
457.912723,-816.550768,340.307000
466.066539,-809.947938,352.521000
451.947537,-841.640023,332.712000
454.318817,-844.568309,328.310000
469.761870,-809.796683,359.000000
465.246839,-834.421917,359.000000
550.567271,-820.204061,335.584000
537.327035,-830.925792,329.523000
543.280698,-803.869406,328.508000
545.874756,-807.072802,335.874000
540.897156,-804.873093,350.403000
537.288091,-807.795657,342.225000
524.382066,-823.434964,343.327000
530.872876,-831.450448,348.576000
537.019127,-823.809720,356.000000
529.188144,-815.211846,356.000000
527.973751,-806.074961,331.242000
522.984474,-810.115198,331.926000
530.758076,-780.720351,329.772000
526.756857,-775.779257,327.240000
505.294567,-780.690377,328.308000
514.876777,-772.930856,328.554000
514.269307,-808.028888,332.838000
514.033941,-807.738235,329.868000
524.638779,-776.881945,333.000000
511.125023,-789.225164,333.000000
581.097484,-793.054239,327.521000
562.469295,-808.139049,333.215000
578.349675,-787.944841,337.349000
555.580863,-759.827700,336.062000
538.885214,-750.031487,334.164000
538.791956,-750.107006,338.909000
534.381001,-781.318522,330.992000
549.711246,-800.249798,328.756000
564.797936,-795.521778,339.000000
549.272568,-785.549945,339.000000
585.479805,-747.793772,329.162000
577.167452,-754.524983,327.734000
589.843934,-732.316067,327.698000
589.676535,-732.109347,329.048000
569.597292,-742.640544,326.234000
582.196382,-732.438002,330.362000
573.273223,-756.345384,330.764000
571.696146,-754.397856,331.676000
570.319757,-750.162088,332.000000
578.564294,-750.421428,332.000000
610.896746,-747.723939,334.380000
611.689435,-747.082033,325.230000
627.294518,-724.974735,331.940000
618.534378,-714.156863,327.420000
603.371572,-712.641399,329.490000
607.171816,-709.564022,329.610000
598.401843,-736.965725,327.050000
603.194747,-742.884469,331.800000
603.827387,-713.919340,335.000000
596.662644,-722.232989,335.000000
596.589283,-718.256096,335.484000
570.516036,-739.369796,348.981000
604.899329,-696.143543,327.432000
606.296421,-697.868807,356.208000
558.942964,-729.440091,352.380000
594.355174,-700.763848,330.435000
556.143534,-732.865109,344.295000
562.317167,-740.488910,337.662000
570.616717,-732.127449,357.000000
570.750812,-726.961895,357.000000
658.944394,-724.284664,340.180000
652.696140,-729.344400,334.820000
680.696832,-678.020185,335.300000
670.447091,-665.362809,339.200000
633.192243,-666.646011,330.400000
648.626362,-654.147708,343.580000
633.799355,-715.447567,325.520000
636.486553,-718.765981,327.960000
653.489667,-667.399302,345.000000
644.762541,-706.962216,345.000000
339.070597,-1017.461527,327.028000
313.995982,-1037.766550,327.700000
266.883819,-914.017139,336.100000
293.730627,-947.170185,330.328000
258.903449,-908.667062,333.172000
255.895894,-911.102532,332.956000
242.701949,-955.660724,330.232000
283.991660,-1006.649270,335.584000
306.217061,-1010.712988,337.000000
309.996474,-1023.460321,337.000000
280.791938,-994.474787,337.000000
357.383093,-983.812315,346.300000
340.719529,-997.306203,359.565000
384.404415,-945.878555,337.760000
382.831114,-943.935690,332.230000
341.705261,-964.338984,329.185000
369.238765,-942.042792,339.895000
333.333367,-995.631180,355.645000
331.807265,-993.746601,347.560000
376.935114,-948.613669,361.000000
334.865878,-975.185290,361.000000
365.382440,-941.748865,351.780000
328.242635,-971.824086,345.246000
363.429967,-933.760316,346.412000
327.385012,-889.248504,350.064000
289.946415,-860.005442,341.044000
293.387617,-857.218812,332.882000
279.341783,-915.726906,335.654000
301.555534,-943.158604,337.700000
344.582503,-956.735528,352.000000
293.992919,-918.288512,352.000000
332.756362,-953.028929,352.000000
377.719260,-870.125650,379.932000
362.775520,-882.226852,383.364000
384.888432,-864.320170,358.680000
364.859809,-821.801028,347.724000
367.940962,-825.605934,412.272000
375.190733,-834.558656,448.308000
323.900775,-821.060311,447.384000
345.121523,-803.876089,441.180000
345.567604,-803.514859,405.936000
357.057002,-877.315008,415.176000
345.049569,-862.487063,338.088000
351.030630,-869.873058,363.696000
343.481487,-858.661303,459.000000
353.252181,-861.866754,459.000000
391.454429,-849.832612,344.842000
390.218767,-850.833231,330.542000
405.547197,-822.902193,339.474000
392.369228,-806.628756,335.360000
367.613890,-791.932726,334.106000
373.442484,-787.212823,340.178000
369.583479,-826.161171,328.716000
375.285121,-833.202113,344.996000
372.226600,-801.013552,349.000000
391.875859,-846.634738,349.000000
462.339614,-789.297950,330.108000
448.994464,-800.104639,339.530000
441.403527,-747.870091,340.678000
450.166184,-758.691072,328.596000
413.941872,-752.570854,337.262000
431.441645,-738.399818,331.662000
413.031735,-755.737271,333.846000
434.084390,-781.735135,334.728000
443.334004,-786.164199,341.000000
423.116074,-762.527141,341.000000
487.379270,-768.639319,326.000000
504.958312,-754.404092,326.000000
493.054712,-738.967067,326.000000
486.448107,-730.808588,326.000000
458.270900,-717.578758,326.000000
467.691463,-709.950136,326.000000
468.144941,-754.287518,326.000000
467.524431,-753.521252,326.000000
475.348510,-729.497641,326.000000
466.940662,-747.500990,326.000000
580.325953,-685.427391,325.688000
584.743250,-681.850334,330.808000
570.120981,-662.318729,337.768000
576.968616,-670.774854,334.312000
567.683988,-660.922144,333.864000
567.729062,-660.885643,337.816000
548.756172,-682.016843,329.960000
555.552832,-690.410020,325.320000
568.538847,-692.714138,341.000000
561.097390,-692.694914,341.000000
548.357913,-713.981216,327.265000
562.150700,-702.812038,325.485000
551.398628,-687.276344,326.045000
551.071381,-686.872228,326.580000
524.514794,-681.818610,329.825000
537.699076,-671.142190,327.675000
534.021822,-711.899232,328.600000
529.364852,-706.148352,328.770000
548.230238,-689.584704,330.000000
518.072695,-688.425020,330.000000
545.572657,-663.053346,338.824000
546.541758,-662.268584,338.296000
548.379082,-660.096192,334.904000
544.599384,-655.428653,325.800000
534.222458,-654.229922,331.000000
539.903395,-649.629590,329.304000
509.138075,-679.965260,327.096000
511.182108,-682.489430,332.808000
521.960195,-666.213375,341.000000
511.273132,-678.092208,341.000000
586.918669,-643.858010,330.124000
596.939328,-635.772357,337.690000
587.772378,-620.624785,323.780000
590.576861,-624.100419,343.384000
563.945671,-625.131464,343.436000
558.371115,-629.629564,323.078000
573.817096,-649.510875,337.066000
567.406849,-641.566569,328.772000
570.812293,-645.786982,349.000000
569.295803,-641.644703,349.000000
279.149024,-843.016593,350.975000
291.844243,-834.127306,337.465000
290.411594,-829.005831,342.400000
286.070194,-822.805669,345.130000
272.173110,-812.498718,333.860000
262.397350,-819.343779,352.795000
269.163074,-830.041842,360.320000
270.227632,-831.562188,360.460000
275.144718,-820.790897,362.000000
276.120166,-838.941992,362.000000
264.625704,-856.463286,321.330000
272.617698,-850.106166,320.462000
232.184917,-792.440013,331.914000
251.227640,-816.379997,323.528000
191.558736,-793.194404,328.484000
189.271172,-795.014014,326.594000
188.029721,-796.365677,325.068000
216.416388,-832.052609,329.660000
243.921933,-858.607910,334.000000
193.697247,-802.539752,334.000000
315.602671,-807.244352,326.000000
332.909495,-793.378971,326.000000
325.623837,-777.580386,326.000000
322.391333,-773.545561,326.000000
290.829227,-756.617690,326.000000
278.467209,-766.521534,326.000000
296.420298,-792.308540,326.000000
292.878298,-787.887401,326.000000
310.581828,-774.056569,326.000000
289.095580,-783.165797,326.000000
296.382722,-704.310576,327.664000
299.115072,-701.806839,326.004000
295.140212,-690.020739,326.688000
299.443722,-694.717196,326.880000
293.891974,-688.960484,325.708000
271.030478,-709.909185,327.756000
270.186958,-713.115406,324.732000
272.927152,-716.105803,324.632000
276.253830,-706.198444,328.000000
299.087837,-695.184364,328.000000
346.630388,-712.212431,327.289000
353.984730,-705.473419,326.645000
353.295977,-700.109514,325.574000
353.795914,-700.655099,328.178000
341.485437,-703.363493,330.866000
336.904733,-707.560935,329.711000
340.280825,-714.029526,329.158000
338.449976,-712.031504,331.244000
351.640928,-702.887485,332.000000
355.069908,-702.973497,332.000000
343.059692,-691.328382,327.685000
342.233204,-692.085718,328.845000
344.726138,-689.715915,326.465000
343.104046,-687.945712,324.940000
338.064403,-686.411329,325.240000
327.642251,-695.961472,326.035000
327.322352,-698.846573,324.020000
328.003347,-699.589749,327.130000
332.825632,-693.490432,329.000000
340.076900,-686.048340,329.000000
365.851374,-690.920771,324.592000
372.158984,-685.628058,326.812000
364.874166,-669.897365,327.612000
369.385250,-675.273465,327.688000
344.514823,-670.967451,326.636000
341.695779,-673.332910,324.564000
355.028375,-693.945256,325.660000
346.845046,-684.192744,325.440000
371.950037,-679.367727,328.000000
363.692670,-670.850902,328.000000
396.825295,-692.713189,328.232000
406.653057,-667.506283,327.748000
406.690538,-659.481752,327.256000
403.429619,-658.210373,328.624000
387.230977,-662.263028,326.276000
379.907833,-681.045924,329.500000
385.610158,-688.828949,329.300000
385.181580,-688.661854,326.372000
392.686498,-671.339774,330.000000
402.504811,-660.967791,330.000000
432.264186,-648.381206,344.411000
436.558806,-642.577359,329.249000
425.159521,-623.269749,339.756000
434.717379,-630.342192,333.410000
399.391155,-644.052540,335.120000
399.571981,-643.808167,337.552000
418.571495,-665.666964,330.465000
404.421203,-655.196299,341.713000
398.448195,-645.765663,345.000000
438.447489,-637.782266,345.000000
403.309294,-605.431468,341.571000
401.916625,-604.262880,367.345000
391.306073,-615.755253,329.615000
391.054100,-616.055542,329.076000
366.295115,-647.475692,366.610000
367.235051,-648.264392,339.758000
387.160903,-625.362445,354.654000
380.285647,-633.556056,350.489000
387.630041,-621.662341,372.000000
373.538607,-637.471086,372.000000
570.278864,-585.331636,340.960000
571.188925,-584.568004,337.336000
572.279919,-563.773810,335.080000
578.955911,-571.729947,342.568000
530.041772,-595.597234,329.224000
537.322259,-589.488180,323.824000
530.392861,-597.863845,323.344000
533.007721,-600.980113,329.080000
541.276207,-590.587922,346.000000
570.660853,-572.933481,346.000000
562.900000,-548.378000,326.800000
562.900000,-539.180000,330.928000
546.340000,-533.300000,344.944000
552.780000,-533.300000,336.184000
522.900000,-544.745000,339.064000
522.900000,-549.806000,341.440000
549.980000,-554.300000,333.208000
535.620000,-554.300000,322.696000
553.980000,-537.332000,346.000000
552.980000,-536.429000,346.000000
515.534866,-644.289949,342.719000
511.647190,-647.552096,328.074000
502.557895,-620.602598,335.614000
515.487568,-636.011582,334.425000
499.225251,-622.729344,328.538000
481.610059,-637.510245,340.776000
479.651274,-647.753884,350.433000
480.657880,-648.953510,347.127000
491.867117,-641.838833,354.000000
498.116633,-624.294013,354.000000
484.100566,-609.266696,321.000000
491.547268,-603.448695,321.000000
487.696773,-580.726417,321.000000
495.168441,-590.289716,321.000000
458.645795,-582.200468,321.000000
456.632427,-583.773483,321.000000
468.294228,-612.741716,321.000000
456.312225,-597.405450,321.000000
497.605547,-596.649486,321.000000
478.850193,-579.749906,321.000000
470.500000,-563.312000,321.000000
470.500000,-565.503000,321.000000
469.340000,-563.200000,321.000000
468.470000,-563.200000,321.000000
460.500000,-564.929000,321.000000
460.500000,-568.352000,321.000000
464.290000,-570.200000,321.000000
463.190000,-570.200000,321.000000
465.960000,-566.630000,321.000000
466.000000,-564.586000,321.000000
452.070701,-579.565296,321.000000
452.780196,-577.852423,321.000000
448.853451,-569.484774,321.000000
453.435894,-571.382883,321.000000
440.317676,-581.808350,321.000000
440.965176,-580.245146,321.000000
447.776352,-588.521684,321.000000
441.364628,-585.865861,321.000000
440.830215,-584.124821,321.000000
451.982625,-574.969778,321.000000
426.692915,-596.328217,322.012000
432.094703,-581.725286,321.168000
433.283229,-570.585739,321.032000
434.108572,-570.891042,322.044000
421.569763,-578.471727,324.056000
418.228773,-587.503598,322.920000
420.430083,-597.817946,323.076000
417.572336,-596.760833,323.796000
429.330445,-580.478849,325.000000
423.987357,-574.536026,325.000000
479.100000,-549.640000,321.000000
479.100000,-550.290000,321.000000
444.744000,-546.500000,321.000000
472.632000,-546.500000,321.000000
437.100000,-555.990000,321.000000
437.100000,-553.370000,321.000000
440.502000,-556.500000,321.000000
446.298000,-556.500000,321.000000
450.330000,-554.380000,321.000000
451.716000,-548.980000,321.000000
406.684889,-577.709561,321.000000
411.661814,-564.538509,321.000000
413.645258,-548.397615,321.000000
415.965159,-549.274233,321.000000
400.582417,-565.568728,321.000000
398.419151,-571.293645,321.000000
399.814960,-585.932023,321.000000
395.652234,-584.359060,321.000000
413.238112,-557.651065,321.000000
409.903209,-558.272370,321.000000
400.037819,-548.119865,321.000000
398.000055,-554.071688,321.000000
392.596579,-540.463741,321.000000
400.458549,-543.155495,321.000000
391.407814,-542.453982,321.000000
386.422725,-557.014236,321.000000
385.430772,-566.548988,321.000000
385.156407,-566.455052,321.000000
391.105132,-558.588844,321.000000
398.010448,-550.336683,321.000000
1336.388545,-498.889843,354.120000
1344.113187,-494.608005,358.768000
1356.787253,-475.097229,340.400000
1361.022550,-482.737907,315.032000
1324.570255,-481.430393,326.736000
1325.158000,-481.104601,327.296000
1317.890351,-503.933296,313.016000
1311.649396,-492.674316,339.560000
1349.134965,-469.806818,360.000000
1340.918220,-475.874092,360.000000
1269.500000,-495.950000,317.540000
1269.500000,-507.950000,328.936000
1263.845000,-494.600000,310.708000
1263.780000,-494.600000,335.068000
1204.500000,-501.170000,331.848000
1204.500000,-513.230000,313.200000
1227.250000,-524.600000,325.016000
1214.445000,-524.600000,319.332000
1248.245000,-510.140000,337.000000
1231.280000,-504.020000,337.000000
1269.000000,-434.803000,322.015000
1269.000000,-434.179000,316.366000
1251.342000,-416.200000,316.891000
1267.083000,-416.200000,320.965000
1242.000000,-446.854000,311.767000
1242.000000,-439.756000,325.564000
1266.759000,-455.200000,327.622000
1245.699000,-455.200000,309.163000
1249.074000,-453.289000,328.000000
1260.306000,-429.070000,328.000000
1188.300000,-525.520000,311.764000
1188.300000,-511.696000,312.520000
1176.756000,-496.400000,322.348000
1185.440000,-496.400000,315.586000
1136.300000,-507.696000,318.918000
1136.300000,-515.216000,318.652000
1161.520000,-528.400000,315.502000
1142.540000,-528.400000,321.718000
1180.604000,-508.688000,324.000000
1185.388000,-507.504000,324.000000
1131.300000,-500.280000,314.608000
1131.300000,-506.360000,315.742000
1111.575000,-486.600000,313.876000
1130.350000,-486.600000,313.399000
1106.300000,-523.440000,313.144000
1106.300000,-509.440000,314.056000
1107.600000,-526.600000,315.409000
1108.900000,-526.600000,314.713000
1117.325000,-519.240000,316.000000
1111.550000,-501.120000,316.000000
1190.100000,-463.650000,319.576000
1190.100000,-458.898000,317.184000
1163.044000,-449.700000,317.624000
1188.428000,-449.700000,318.936000
1114.100000,-458.484000,315.664000
1114.100000,-459.690000,312.688000
1161.144000,-467.700000,313.712000
1120.712000,-467.700000,314.440000
1116.456000,-454.182000,320.000000
1150.276000,-456.540000,320.000000
1203.900000,-414.888000,320.138000
1203.900000,-426.372000,320.988000
1117.044000,-407.400000,311.842000
1203.430000,-407.400000,328.434000
1109.900000,-409.380000,337.546000
1109.900000,-426.768000,335.880000
1127.478000,-443.400000,329.216000
1116.574000,-443.400000,309.326000
1168.180000,-431.952000,342.000000
1179.648000,-421.656000,342.000000
963.800000,-510.920000,326.304000
963.800000,-508.712000,324.348000
947.106000,-496.200000,325.572000
930.174000,-496.200000,325.005000
929.800000,-510.529000,324.837000
929.800000,-508.206000,325.662000
955.436000,-519.200000,324.105000
931.636000,-519.200000,326.319000
936.940000,-498.822000,327.000000
930.072000,-505.699000,327.000000
1005.000000,-435.790000,326.628000
1005.000000,-450.400000,344.100000
1000.940000,-433.600000,346.284000
936.960000,-433.600000,323.794000
935.000000,-439.300000,339.940000
935.000000,-448.750000,329.488000
957.540000,-463.600000,333.570000
937.660000,-463.600000,335.182000
990.930000,-450.010000,348.000000
954.180000,-446.470000,348.000000
912.300000,-510.080000,383.900000
912.300000,-512.210000,383.400000
881.000000,-494.900000,359.400000
864.500000,-494.900000,405.300000
889.700000,-494.900000,365.500000
862.300000,-517.610000,335.000000
862.300000,-509.570000,327.200000
906.750000,-524.900000,410.600000
863.350000,-524.900000,349.100000
902.800000,-524.900000,401.400000
881.750000,-524.300000,425.000000
889.300000,-508.280000,425.000000
911.700000,-481.820000,346.975000
911.700000,-468.020000,329.950000
906.682000,-444.300000,340.875000
887.286000,-444.300000,335.425000
885.700000,-457.300000,334.775000
885.700000,-463.180000,340.900000
897.556000,-484.300000,328.650000
885.830000,-484.300000,346.375000
911.128000,-460.780000,347.000000
906.656000,-462.780000,347.000000
914.100000,-413.330000,363.640000
914.100000,-420.500000,326.408000
876.050000,-402.200000,338.160000
867.950000,-402.200000,349.184000
880.550000,-402.200000,332.128000
864.100000,-428.960000,416.784000
864.100000,-415.880000,371.960000
865.300000,-432.200000,391.408000
913.500000,-432.200000,394.736000
865.550000,-432.200000,369.464000
892.500000,-427.550000,425.000000
867.700000,-416.570000,425.000000
864.200000,-488.376000,395.780000
864.200000,-484.994000,393.094000
843.864000,-473.100000,376.504000
808.028000,-473.100000,331.395000
802.200000,-481.821000,357.228000
802.200000,-481.441000,348.696000
838.842000,-492.100000,337.873000
862.464000,-492.100000,365.997000
811.934000,-478.382000,410.000000
823.156000,-482.505000,410.000000
863.600000,-437.684000,349.249000
863.600000,-445.417000,372.080000
808.110000,-433.200000,408.894000
808.420000,-433.200000,389.381000
801.600000,-433.713000,389.618000
801.600000,-441.237000,406.682000
811.396000,-452.200000,370.342000
860.810000,-452.200000,344.983000
847.914000,-446.690000,410.000000
839.048000,-442.928000,410.000000
772.000000,-481.618000,388.767000
772.000000,-480.398000,355.098000
772.000000,-482.960000,418.347000
772.000000,-411.956000,363.972000
719.218000,-400.000000,367.539000
672.478000,-400.000000,374.151000
658.114000,-400.000000,390.420000
658.000000,-472.468000,346.311000
658.000000,-449.532000,393.204000
658.000000,-482.716000,362.580000
658.000000,-481.618000,367.365000
740.764000,-522.000000,411.996000
765.046000,-522.000000,412.257000
698.698000,-522.000000,334.653000
696.304000,-417.446000,420.000000
757.180000,-464.416000,420.000000
692.428000,-517.608000,420.000000
722.524000,-468.808000,420.000000
634.400000,-410.648000,328.432000
634.400000,-481.824000,390.208000
634.400000,-468.680000,379.912000
632.630000,-398.000000,378.262000
583.837000,-398.000000,338.662000
575.400000,-417.964000,362.158000
575.400000,-446.360000,353.116000
575.400000,-495.588000,337.540000
592.687000,-522.000000,346.054000
629.798000,-522.000000,367.570000
630.034000,-469.300000,391.000000
583.424000,-465.580000,391.000000
602.009000,-504.020000,391.000000
574.200000,-464.982000,338.404000
574.200000,-484.416000,349.324000
574.200000,-456.003000,347.686000
540.171000,-399.300000,328.156000
526.320000,-399.300000,358.522000
517.200000,-488.967000,359.866000
517.200000,-445.179000,325.720000
517.200000,-509.631000,320.722000
566.220000,-522.300000,349.618000
568.842000,-522.300000,334.918000
546.555000,-400.284000,361.000000
540.114000,-468.303000,361.000000
551.400000,-491.058000,361.000000
480.900000,-507.413000,343.444000
480.900000,-497.351000,331.768000
475.950000,-469.700000,336.584000
456.180000,-469.700000,337.900000
450.900000,-481.244000,329.752000
450.900000,-483.623000,344.032000
463.740000,-508.700000,322.920000
477.570000,-508.700000,322.164000
454.050000,-486.899000,347.000000
470.940000,-492.242000,347.000000
405.300000,-492.500000,319.264000
405.300000,-506.150000,318.520000
386.268000,-475.700000,317.312000
384.318000,-475.700000,320.272000
379.300000,-511.946000,323.352000
379.300000,-489.980000,322.024000
405.170000,-517.700000,321.400000
401.998000,-517.700000,323.776000
397.344000,-512.366000,325.000000
403.584000,-500.648000,325.000000
499.500000,-449.252000,315.612000
499.500000,-443.762000,315.152000
485.746000,-398.500000,316.102000
463.114000,-398.500000,316.714000
453.500000,-424.791000,316.590000
453.500000,-418.264000,316.276000
479.352000,-459.500000,315.078000
492.876000,-459.500000,315.838000
466.564000,-417.166000,315.000000
462.700000,-435.771000,315.000000
1271.200000,-310.145000,315.840000
1271.200000,-346.134000,362.930000
1271.200000,-292.552000,314.395000
1240.855000,-290.800000,380.100000
1244.110000,-290.800000,381.545000
1236.200000,-363.654000,359.275000
1236.200000,-313.211000,315.160000
1236.200000,-315.182000,344.825000
1240.750000,-363.800000,338.535000
1265.600000,-363.800000,333.775000
1266.755000,-344.747000,392.000000
1252.510000,-336.571000,392.000000
1217.300000,-331.954000,357.805000
1217.300000,-333.725000,347.104000
1195.600000,-315.900000,336.490000
1179.400000,-315.900000,366.157000
1167.300000,-328.918000,315.262000
1167.300000,-322.593000,385.210000
1202.150000,-338.900000,381.034000
1208.450000,-338.900000,317.263000
1190.450000,-319.833000,400.000000
1203.950000,-330.712000,400.000000
1167.900000,-289.650000,393.475000
1167.900000,-359.055000,323.962000
1167.900000,-360.525000,381.643000
1167.860000,-276.000000,372.247000
1138.260000,-276.000000,343.015000
1127.900000,-289.965000,350.932000
1127.900000,-304.770000,362.068000
1127.900000,-334.065000,325.789000
1138.460000,-381.000000,329.704000
1160.180000,-381.000000,381.034000
1129.980000,-339.420000,400.000000
1167.860000,-345.300000,400.000000
1100.100000,-325.335000,366.088000
1100.100000,-336.360000,448.880000
1100.100000,-331.320000,414.120000
1043.200000,-300.000000,327.378000
1027.600000,-300.000000,325.482000
1001.800000,-300.000000,363.402000
1089.200000,-300.000000,468.946000
1082.400000,-300.000000,428.814000
1000.100000,-331.500000,446.826000
1000.100000,-311.610000,360.084000
1000.100000,-329.790000,470.684000
1083.300000,-345.000000,408.116000
1079.100000,-345.000000,394.528000
1034.200000,-345.000000,420.124000
1087.700000,-345.000000,317.108000
1024.700000,-345.000000,445.720000
1064.300000,-301.665000,471.000000
1026.600000,-330.465000,471.000000
997.200000,-384.560000,400.314000
997.200000,-378.540000,383.746000
989.040000,-349.700000,373.718000
954.720000,-349.700000,407.617000
991.620000,-349.700000,337.530000
937.200000,-359.080000,347.013000
937.200000,-358.135000,322.379000
961.140000,-384.700000,320.417000
983.640000,-384.700000,346.250000
964.200000,-384.700000,376.661000
951.060000,-366.115000,428.000000
969.060000,-373.955000,428.000000
998.100000,-273.980000,336.113000
998.100000,-288.435000,354.752000
955.920000,-259.000000,418.408000
956.580000,-259.000000,378.514000
985.980000,-259.000000,321.289000
938.100000,-288.225000,391.812000
938.100000,-266.875000,402.385000
996.060000,-294.000000,365.107000
983.520000,-294.000000,426.256000
971.700000,-294.000000,360.420000
987.360000,-290.570000,428.000000
985.920000,-283.850000,428.000000
879.400000,-378.703000,365.257000
879.400000,-378.611000,329.402000
873.167000,-358.900000,347.933000
863.875000,-358.900000,344.880000
856.400000,-368.146000,330.538000
856.400000,-363.684000,360.429000
868.682000,-381.900000,384.214000
873.443000,-381.900000,375.978000
865.830000,-366.605000,396.000000
857.849000,-375.598000,396.000000
830.200000,-359.476000,398.416000
830.200000,-378.068000,385.240000
803.384000,-350.100000,380.776000
809.112000,-350.100000,329.008000
798.200000,-381.140000,363.208000
798.200000,-356.244000,344.776000
801.432000,-382.100000,345.568000
821.368000,-382.100000,360.544000
830.200000,-374.644000,400.000000
808.728000,-373.876000,400.000000
889.700000,-335.278000,354.816000
889.700000,-343.970000,366.378000
864.185000,-296.800000,334.808000
849.254000,-296.800000,384.336000
856.310000,-296.800000,370.068000
826.700000,-325.261000,396.718000
826.700000,-306.075000,402.294000
868.784000,-349.800000,376.710000
871.304000,-349.800000,338.252000
882.644000,-349.800000,399.424000
863.807000,-307.400000,405.000000
864.185000,-337.027000,405.000000
918.300000,-266.788000,331.789000
918.300000,-290.724000,325.893000
824.892000,-261.700000,329.094000
858.204000,-261.700000,328.302000
822.300000,-265.028000,326.410000
822.300000,-266.788000,330.711000
844.956000,-293.700000,323.715000
888.636000,-293.700000,333.120000
839.484000,-281.956000,334.000000
904.956000,-286.532000,334.000000
775.600000,-336.285000,351.781000
775.600000,-347.905000,437.673000
752.380000,-315.600000,434.185000
749.413000,-315.600000,352.544000
732.600000,-339.120000,407.480000
732.600000,-320.570000,376.415000
767.129000,-350.600000,380.884000
761.625000,-350.600000,400.286000
765.667000,-317.875000,438.000000
738.061000,-343.320000,438.000000
769.600000,-264.352000,381.180000
769.600000,-308.320000,391.059000
765.106000,-263.200000,359.375000
744.694000,-263.200000,410.550000
727.600000,-274.672000,337.659000
727.600000,-269.248000,341.041000
743.182000,-311.200000,404.854000
755.236000,-311.200000,360.532000
742.636000,-287.104000,415.000000
744.106000,-302.032000,415.000000
706.400000,-282.691000,323.480000
706.400000,-314.128000,330.440000
673.325000,-253.900000,335.576000
678.176000,-253.900000,333.944000
657.400000,-304.678000,331.656000
657.400000,-260.767000,337.448000
703.362000,-316.900000,327.752000
688.858000,-316.900000,324.952000
703.852000,-312.553000,339.000000
689.691000,-305.875000,339.000000
646.650000,-364.448000,344.255000
646.650000,-375.536000,330.945000
646.650000,-326.564000,328.195000
614.052600,-247.100000,330.780000
571.218000,-247.100000,342.990000
636.278100,-247.100000,365.595000
511.950000,-296.468000,372.360000
511.950000,-259.376000,355.035000
511.950000,-346.892000,347.940000
579.973500,-379.100000,358.885000
596.137500,-379.100000,367.080000
570.409800,-379.100000,330.285000
584.283900,-295.016000,375.000000
636.547500,-358.244000,375.000000
529.865100,-364.184000,375.000000
571.487400,-356.132000,375.000000
581.051100,-312.704000,375.000000
502.100000,-290.626000,348.146000
502.100000,-379.337000,351.918000
502.100000,-313.369000,309.000000
399.357000,-247.800000,336.922000
433.139000,-247.800000,315.992000
478.478000,-247.800000,340.280000
375.100000,-372.953000,325.652000
375.100000,-257.908000,326.066000
375.100000,-362.845000,325.514000
384.371000,-380.800000,314.428000
452.443000,-380.800000,336.140000
444.188000,-380.800000,310.748000
391.229000,-353.668000,355.000000
399.357000,-361.914000,355.000000
410.914000,-351.141000,355.000000
443.680000,-345.555000,355.000000
420.058000,-284.242000,355.000000
1095.100000,-221.730000,329.480000
1095.100000,-157.316000,345.680000
1040.812000,-156.800000,319.680000
1019.212000,-156.800000,354.440000
1052.620000,-156.800000,340.240000
951.100000,-200.488000,349.920000
951.100000,-161.960000,323.200000
1043.260000,-242.800000,340.120000
1036.348000,-242.800000,331.960000
1045.132000,-242.800000,354.560000
1054.204000,-176.494000,359.000000
1016.908000,-232.050000,359.000000
1013.164000,-214.248000,359.000000
1043.116000,-212.098000,359.000000
921.400000,-174.125000,493.672000
921.400000,-161.750000,425.651000
921.400000,-180.650000,501.202000
921.400000,-166.550000,371.184000
921.400000,-232.700000,513.501000
850.600000,-160.100000,432.428000
883.150000,-160.100000,480.620000
891.025000,-160.100000,420.882000
899.050000,-160.100000,501.704000
916.375000,-160.100000,526.804000
846.400000,-165.800000,370.933000
846.400000,-163.325000,535.589000
846.400000,-166.400000,340.311000
846.400000,-211.175000,380.973000
846.400000,-167.675000,540.358000
861.925000,-235.100000,560.689000
889.600000,-235.100000,339.558000
903.625000,-235.100000,510.740000
851.275000,-235.100000,511.493000
856.600000,-235.100000,553.661000
994.700000,-81.484000,319.738000
994.700000,-70.909800,320.215000
970.636000,-70.200000,326.542000
971.482000,-70.200000,322.186000
947.700000,-81.902600,324.346000
947.700000,-70.691400,324.157000
984.125000,-88.400000,322.141000
973.973000,-88.400000,326.128000
989.765000,-71.910800,328.000000
994.183000,-86.725600,328.000000
1000.813724,-46.373648,333.311000
1000.806789,-46.407137,343.463000
997.748449,-44.813330,326.723000
981.379761,-41.423537,322.376000
959.141943,-40.485501,320.108000
959.835476,-37.136559,328.289000
970.468046,-56.626659,340.520000
978.734645,-58.338589,334.202000
977.992930,-49.907606,347.000000
967.153508,-54.613076,347.000000
854.128901,-114.041923,341.963000
858.301036,-107.690456,335.663000
839.806818,-93.956971,336.839000
845.311445,-97.572836,340.262000
821.414267,-99.002716,331.715000
819.232231,-102.324548,323.861000
846.218680,-120.183420,326.570000
834.822613,-112.697603,328.460000
821.787653,-103.232634,344.000000
835.269859,-111.692525,344.000000
883.638564,-94.347398,322.884000
894.414472,-77.102340,323.022000
884.486558,-68.356382,321.420000
872.588443,-60.921615,324.336000
839.346901,-50.117000,325.950000
831.141632,-63.248177,325.650000
855.518678,-79.145112,324.486000
857.225798,-80.211840,326.964000
873.086040,-72.557377,327.000000
872.113537,-88.272467,327.000000
921.687183,-16.512960,331.584000
923.893397,-10.248075,321.136000
892.422170,3.840346,327.680000
907.072305,-1.318781,324.640000
875.154141,-16.184864,323.776000
874.714692,-17.432748,328.144000
876.191005,-19.069025,335.856000
894.866814,-25.645815,331.648000
886.443311,-17.641385,336.000000
876.797699,-18.538418,336.000000
871.649772,-6.431904,316.755000
880.665290,19.169045,325.465000
875.420070,26.275806,326.583000
874.172186,26.715255,315.312000
855.968534,12.261134,323.398000
849.649501,-5.682733,318.159000
860.989349,-12.110332,320.226000
858.335120,-11.175631,321.006000
875.703354,15.004771,328.000000
855.341694,-9.686799,328.000000
783.200000,-201.552000,367.965000
783.200000,-197.886000,367.503000
746.560000,-191.400000,349.177000
767.400000,-191.400000,384.366000
743.200000,-193.609000,330.389000
743.200000,-235.016000,401.229000
750.360000,-238.400000,388.524000
761.640000,-238.400000,341.092000
760.480000,-223.830000,403.000000
766.600000,-191.729000,403.000000
712.800000,-219.950000,325.736000
712.800000,-195.200000,321.638000
691.065000,-187.500000,324.266000
695.790000,-187.500000,322.952000
667.800000,-218.250000,322.802000
667.800000,-233.050000,324.266000
701.370000,-237.500000,321.338000
687.780000,-237.500000,325.580000
668.790000,-193.600000,326.000000
706.095000,-188.650000,326.000000
638.700000,-197.420000,326.614000
638.700000,-199.220000,316.203000
635.000000,-195.800000,319.538000
611.912000,-195.800000,322.554000
564.700000,-199.440000,341.462000
564.700000,-213.700000,328.905000
587.862000,-215.800000,334.357000
596.372000,-215.800000,335.256000
609.914000,-206.900000,345.000000
573.358000,-196.600000,345.000000
423.000000,-210.060000,374.153000
423.000000,-196.980000,370.949000
402.606000,-189.500000,352.348000
411.615000,-189.500000,390.440000
390.000000,-219.460000,330.632000
390.000000,-224.620000,320.931000
419.073000,-229.500000,308.916000
403.563000,-229.500000,340.422000
396.633000,-229.020000,394.000000
402.639000,-191.740000,394.000000
776.400000,-122.720000,320.683000
776.400000,-78.140000,323.275000
766.225000,-65.900000,327.487000
758.305000,-65.900000,325.246000
721.400000,-84.920000,325.291000
721.400000,-117.620000,327.217000
746.040000,-125.900000,323.086000
743.125000,-125.900000,320.188000
764.850000,-91.100000,328.000000
757.095000,-70.280000,328.000000
769.250000,-13.860000,340.704000
769.250000,-7.500000,322.032000
688.410000,1.300000,328.944000
735.710000,1.300000,332.544000
692.172500,1.300000,340.464000
661.750000,-34.060000,317.232000
661.750000,-32.500000,343.056000
663.362500,-38.700000,353.520000
702.385000,-38.700000,353.568000
669.812500,-38.700000,357.696000
702.600000,-32.820000,360.000000
760.112500,-2.260000,360.000000
507.800000,-32.776000,303.184000
507.800000,-5.176000,324.689000
488.600000,6.200000,320.572000
490.040000,6.200000,306.726000
447.800000,-15.448000,314.960000
447.800000,-33.592000,311.763000
482.780000,-41.800000,309.325000
469.520000,-41.800000,316.800000
505.940000,-7.528000,326.000000
458.660000,1.112000,326.000000
245.126027,-577.523215,322.419000
244.992384,-577.656858,322.677000
235.577964,-560.728722,322.174000
244.606304,-569.757061,322.896000
233.617864,-559.332893,322.930000
221.842415,-571.108342,322.115000
221.278144,-576.127386,322.686000
224.173746,-579.022989,322.334000
231.538970,-578.013240,323.000000
238.726004,-567.499977,323.000000
296.500000,-342.248000,312.829000
296.500000,-332.480000,312.411000
292.414000,-326.000000,312.585000
294.133000,-326.000000,312.630000
287.500000,-340.064000,312.340000
287.500000,-345.104000,312.849000
293.953000,-350.000000,312.096000
290.461000,-350.000000,312.068000
288.832000,-329.624000,313.000000
293.917000,-329.336000,313.000000
283.000000,-311.490000,312.240000
283.000000,-313.074000,312.145000
282.472000,-310.500000,312.995000
277.072000,-310.500000,312.364000
259.000000,-311.877000,312.751000
259.000000,-317.511000,312.583000
265.840000,-319.500000,312.507000
266.488000,-319.500000,312.802000
276.712000,-315.756000,313.000000
282.496000,-311.895000,313.000000
163.355924,-564.137331,327.200000
171.873946,-559.797182,329.032000
172.244329,-533.827506,325.248000
178.600650,-546.302489,322.784000
139.270688,-532.638649,323.288000
137.773797,-533.401353,324.536000
144.412251,-567.311548,329.336000
134.567921,-547.990962,326.288000
170.186812,-531.199123,330.000000
163.175070,-531.182585,330.000000
130.977476,-310.771262,313.122000
142.574027,-299.174710,314.226000
144.352400,-289.674731,314.632000
142.916974,-288.239304,314.664000
118.373297,-273.877965,314.144000
110.276925,-281.974338,313.102000
116.181266,-296.858936,313.656000
112.691694,-293.369364,313.540000
138.221785,-299.418662,315.000000
132.787669,-284.756803,315.000000
121.169157,-611.801406,363.977000
124.834798,-608.135765,353.189000
131.962435,-601.008128,398.777000
129.654438,-578.742750,342.749000
138.597925,-587.686236,372.242000
81.441069,-617.588368,408.434000
87.805030,-611.224407,391.295000
116.773781,-582.255656,343.010000
90.808820,-641.720508,387.206000
78.522133,-629.433821,323.348000
88.653558,-627.550088,410.000000
127.719794,-597.681898,410.000000
-5.301243,-442.936604,328.820000
40.413579,-513.331257,320.810000
84.126542,-557.134169,326.370000
80.067377,-559.770222,323.000000
70.663952,-479.125294,323.930000
43.497357,-437.292406,325.190000
-3.831638,-409.168394,321.490000
7.534025,-401.787445,327.380000
77.332300,-497.149245,330.000000
87.963224,-509.318486,330.000000
54.739781,-499.925982,330.000000
163.907890,-425.662693,326.424000
157.415543,-431.068073,337.930000
156.019268,-378.640952,321.056000
177.333668,-404.241454,320.748000
84.705786,-429.145799,337.666000
104.520969,-412.648126,325.566000
87.776412,-434.209236,332.298000
91.093350,-438.193175,330.384000
122.177526,-440.731936,342.000000
145.083341,-398.239032,342.000000
66.231662,-333.655723,337.902000
84.574828,-355.516257,332.666000
117.017916,-372.972797,329.572000
110.203185,-378.691035,340.112000
99.259513,-323.233621,321.276000
92.230824,-314.857155,347.558000
57.055054,-307.236904,346.946000
68.723443,-297.445963,320.970000
114.061542,-354.564362,348.000000
102.454359,-355.716192,348.000000
63.033558,-280.221276,315.729000
50.339577,-292.915257,321.339000
24.730997,-228.647736,340.677000
63.740664,-267.657403,328.566000
18.403806,-234.341360,332.592000
-7.513072,-260.258238,335.760000
-12.083810,-287.999451,324.540000
-14.753845,-285.329416,342.987000
34.087434,-296.858085,345.000000
49.488220,-279.466086,345.000000
364.000000,-186.887000,311.908000
364.000000,-172.046000,303.289000
300.046000,-131.500000,307.743000
350.890000,-131.500000,307.012000
250.000000,-198.624000,303.595000
250.000000,-194.259000,310.718000
343.936000,-228.500000,316.430000
270.520000,-228.500000,314.441000
301.756000,-135.865000,320.000000
262.312000,-159.339000,320.000000
267.898000,-222.098000,320.000000
262.198000,-166.129000,320.000000
315.127984,-42.685146,316.076000
298.603769,-57.049427,313.514000
312.669701,-39.547487,312.660000
313.281805,-40.251631,316.566000
284.948041,-27.712267,309.230000
270.685841,-40.110208,305.632000
264.516402,-61.585509,305.814000
259.884822,-56.257486,308.698000
277.429093,-36.020328,317.000000
290.853659,-37.990346,317.000000
209.000000,-41.420000,310.345000
209.000000,-42.845000,310.484000
182.590000,0.000000,310.100000
205.884000,0.000000,310.703000
171.000000,-78.565000,310.856000
171.000000,-58.330000,310.922000
207.404000,-95.000000,310.611000
176.586000,-95.000000,310.141000
195.054000,-86.450000,311.000000
195.320000,-30.400000,311.000000
170.000000,-186.835000,323.305000
170.000000,-100.620000,317.398000
125.290000,0.000000,320.621000
158.950000,0.000000,319.807000
0.000000,-84.710000,317.926000
0.000000,-128.570000,322.216000
89.420000,-215.000000,315.242000
22.270000,-215.000000,324.625000
37.740000,-73.745000,326.000000
154.020000,-72.455000,326.000000
102.680000,-130.290000,326.000000
68.510000,-17.845000,326.000000
124.610000,-178.020000,326.000000
163.540000,-138.675000,326.000000
155.210000,-143.190000,326.000000
59.160000,-12.040000,326.000000
91.970000,-78.690000,326.000000
