1522.700000,-1096.497000,305.834000
1514.047000,-1072.200000,305.346000
1505.700000,-1097.160000,304.858000
1518.824000,-1111.200000,304.368000
1506.720000,-1075.983000,306.000000
1493.900000,-1066.880000,307.028000
1476.836000,-1052.600000,306.540000
1469.900000,-1081.262000,306.050000
1493.276000,-1086.600000,307.562000
1481.036000,-1082.996000,308.000000
1570.100000,-967.760000,301.777000
1540.852000,-963.400000,307.062000
1538.100000,-964.300000,305.354000
1543.764000,-983.400000,303.639000
1565.844000,-977.240000,308.000000
1526.200000,-953.380000,315.140000
1524.460000,-952.900000,310.260000
1511.200000,-960.340000,305.360000
1516.885000,-982.900000,320.480000
1515.250000,-967.570000,321.000000
1508.400000,-979.064000,303.736000
1495.044000,-956.300000,301.531000
1466.400000,-968.900000,308.335000
1490.802000,-984.300000,306.139000
1494.708000,-964.336000,310.000000
1506.674407,-739.009342,324.300000
1475.926594,-727.893132,317.712000
1496.766842,-755.355975,311.124000
1519.915387,-754.342482,304.509000
1474.716061,-736.591745,327.000000
1427.300000,-592.256000,316.946000
1409.948000,-569.000000,312.554000
1403.300000,-617.735000,308.144000
1426.964000,-626.000000,321.752000
1414.820000,-619.274000,326.000000
1390.800000,-624.884000,308.752000
1335.240000,-622.000000,314.792000
1330.800000,-622.798000,312.840000
1342.140000,-636.000000,310.888000
1383.840000,-631.520000,316.000000
1366.100000,-574.738000,315.590000
1363.924000,-574.600000,312.906000
1349.100000,-586.560000,310.222000
1355.747000,-620.600000,318.527000
1353.979000,-596.542000,319.000000
1347.700000,-613.441000,308.574000
1339.425000,-580.600000,308.086000
1322.700000,-599.542000,309.596000
1337.550000,-621.600000,309.108000
1339.975000,-591.875000,310.000000
1448.900000,-1095.846000,310.420000
1429.179000,-1079.700000,309.195000
1411.900000,-1097.655000,307.975000
1441.352000,-1106.700000,306.750000
1415.378000,-1081.644000,311.000000
1344.200000,-1087.364000,308.000000
1329.480000,-1073.900000,308.000000
1324.200000,-1103.378000,308.000000
1344.180000,-1107.900000,308.000000
1334.140000,-1103.480000,308.000000
1442.100000,-1046.080000,304.232000
1410.208000,-1042.200000,316.312000
1408.100000,-1043.600000,312.408000
1414.934000,-1062.200000,308.504000
1438.734000,-1055.540000,319.000000
1434.000000,-1027.802000,316.480000
1421.540000,-1006.000000,311.580000
1345.000000,-1011.984000,306.700000
1380.956000,-1028.000000,321.800000
1372.056000,-1016.230000,323.000000
1344.900000,-1055.851000,310.590000
1323.634000,-1009.300000,306.442000
1282.900000,-1037.266000,319.277000
1320.472000,-1068.300000,315.129000
1326.734000,-1024.758000,323.000000
1446.100000,-962.224000,314.138000
1433.020000,-942.300000,310.708000
1422.100000,-965.318000,307.292000
1441.492000,-976.300000,303.876000
1424.764000,-944.340000,316.000000
1399.000000,-967.472000,304.389000
1365.340000,-954.800000,303.657000
1354.000000,-983.807000,305.925000
1354.495000,-987.800000,305.190000
1377.130000,-983.114000,306.000000
1337.700000,-957.273000,304.240000
1322.500000,-951.300000,307.264000
1321.700000,-954.006000,306.284000
1325.108000,-984.300000,305.308000
1336.388000,-972.915000,308.000000
1430.300000,-933.022000,328.937000
1423.109000,-915.400000,318.892000
1383.300000,-920.512000,308.888000
1402.852000,-933.400000,339.843000
1398.387000,-923.554000,343.000000
1308.000000,-892.372000,320.144000
1301.610000,-836.500000,308.432000
1290.000000,-871.564000,344.672000
1301.124000,-908.500000,332.960000
1303.032000,-854.500000,356.000000
1302.100000,-768.124000,331.650000
1293.730000,-753.200000,324.574000
1287.100000,-771.114000,317.469000
1299.415000,-779.200000,310.393000
1289.020000,-754.448000,336.000000
1356.800000,-785.365000,319.963000
1302.080000,-779.800000,312.858000
1284.800000,-793.180000,334.782000
1286.456000,-794.800000,327.677000
1323.032000,-792.475000,336.000000
1451.000000,-764.135000,301.548000
1349.885000,-761.600000,328.764000
1346.000000,-763.010000,319.944000
1369.730000,-776.600000,311.160000
1444.070000,-771.245000,336.000000
1446.700000,-758.979000,323.040000
1444.390000,-723.200000,314.220000
1432.700000,-734.189000,305.436000
1438.692000,-760.200000,332.652000
1437.432000,-739.480000,336.000000
1445.200000,-717.360000,311.328000
1414.372000,-705.900000,347.616000
1361.200000,-713.385000,335.904000
1414.204000,-720.900000,324.144000
1423.444000,-709.470000,348.000000
1359.800000,-722.294000,346.986000
1350.680000,-701.500000,336.738000
1343.800000,-727.437000,326.448000
1357.128000,-738.500000,316.200000
1346.120000,-702.795000,354.000000
1342.600000,-704.126000,330.060000
1314.036000,-699.100000,319.770000
1305.600000,-711.756000,351.522000
1306.895000,-713.100000,341.232000
1325.876000,-710.762000,354.000000
1302.800000,-708.224000,313.092000
1286.225000,-703.200000,344.844000
1285.800000,-706.592000,334.596000
1289.846000,-735.200000,324.306000
1301.967000,-723.392000,354.000000
1268.400000,-1095.370000,317.591000
1263.975000,-1042.900000,313.443000
1243.400000,-1059.895000,309.278000
1254.400000,-1097.900000,322.130000
1252.275000,-1066.440000,324.000000
1228.600000,-1096.812000,308.100000
1224.800000,-1073.500000,311.875000
1218.600000,-1089.341000,310.655000
1225.030000,-1104.500000,309.430000
1226.180000,-1080.506000,312.000000
1220.900000,-1099.990000,311.448000
1202.858000,-1094.500000,310.716000
1189.900000,-1101.640000,309.981000
1216.095000,-1104.500000,309.249000
1194.891000,-1094.730000,312.000000
1216.600000,-1061.905000,307.413000
1210.320000,-1056.700000,307.168000
1208.600000,-1070.440000,307.924000
1208.984000,-1071.700000,307.680000
1213.120000,-1069.015000,308.000000
1195.000000,-1056.184000,309.027000
1185.130000,-1051.000000,311.295000
1185.000000,-1055.284000,310.563000
1187.500000,-1087.000000,309.828000
1194.680000,-1073.248000,312.000000
1187.000000,-1102.192000,316.666000
1184.150000,-1077.700000,313.982000
1172.000000,-1086.046000,311.287000
1178.795000,-1103.700000,319.603000
1177.580000,-1088.516000,321.000000
1148.400000,-1096.100000,311.000000
1128.800000,-1077.600000,311.000000
1098.400000,-1090.675000,311.000000
1131.150000,-1102.600000,311.000000
1137.150000,-1082.925000,311.000000
1231.100000,-1009.814000,310.598000
1218.032000,-998.000000,310.110000
1209.100000,-1013.972000,309.622000
1227.954000,-1020.000000,309.132000
1213.016000,-998.242000,311.000000
1206.100000,-1018.435000,310.980000
1194.942000,-1004.700000,309.760000
1192.100000,-1042.748000,313.535000
1192.940000,-1045.700000,312.315000
1200.248000,-1037.869000,314.000000
1143.300000,-1006.104000,325.902000
1105.338000,-999.900000,322.472000
1105.300000,-1006.057000,319.056000
1115.256000,-1046.900000,315.626000
1142.730000,-1028.382000,326.000000
1268.000000,-934.500000,312.123000
1262.142000,-925.200000,310.415000
1239.000000,-928.530000,308.700000
1252.485000,-935.200000,313.992000
1250.252000,-929.240000,315.000000
1238.900000,-971.291000,310.744000
1233.648000,-947.300000,313.764000
1225.900000,-964.988000,312.788000
1234.571000,-980.300000,311.812000
1236.196000,-953.933000,314.000000
1224.200000,-964.100000,313.128000
1216.916000,-949.400000,312.152000
1212.200000,-970.064000,311.176000
1222.640000,-977.400000,310.196000
1214.540000,-977.372000,314.000000
1179.800000,-969.164000,311.516000
1161.193000,-965.300000,310.540000
1156.800000,-976.592000,313.560000
1158.456000,-977.300000,312.584000
1170.577000,-974.852000,314.000000
1190.200000,-938.400000,326.592000
1189.408000,-934.800000,322.427000
1124.200000,-939.090000,318.279000
1142.350000,-964.800000,314.131000
1124.332000,-952.620000,327.000000
1268.300000,-873.696000,311.860000
1265.304000,-853.500000,310.640000
1254.300000,-861.112000,309.420000
1260.978000,-875.500000,313.195000
1259.970000,-862.102000,314.000000
1257.000000,-845.115000,311.338000
1252.008000,-830.100000,312.850000
1245.000000,-841.608000,312.360000
1253.160000,-851.100000,311.872000
1254.708000,-834.069000,313.000000
1157.500000,-857.990000,316.000000
1149.453000,-842.600000,316.000000
1144.500000,-865.100000,316.000000
1155.966000,-872.600000,316.000000
1147.256000,-872.180000,316.000000
1145.100000,-862.350000,316.000000
1116.365000,-857.700000,316.000000
1110.100000,-871.995000,316.000000
1113.040000,-872.700000,316.000000
1131.625000,-869.460000,316.000000
1259.300000,-791.072000,310.041000
1258.820000,-790.100000,310.286000
1239.300000,-791.495000,310.530000
1245.040000,-799.100000,310.774000
1239.680000,-795.338000,310.000000
1213.100000,-804.305000,313.000000
1210.162000,-749.100000,313.000000
1200.100000,-770.938000,313.000000
1206.457000,-810.100000,313.000000
1205.586000,-772.219000,313.000000
1200.200000,-791.383000,315.584000
1194.623000,-748.500000,328.436000
1187.200000,-782.660000,324.271000
1196.196000,-809.500000,320.123000
1197.925000,-759.297000,330.000000
1142.500000,-794.000000,323.243000
1119.153000,-781.000000,321.528000
1105.500000,-800.838000,319.820000
1138.578000,-807.000000,318.112000
1113.973000,-806.324000,325.000000
1270.600000,-743.674000,313.380000
1228.900000,-739.800000,312.404000
1220.600000,-752.345000,315.428000
1225.450000,-752.800000,314.448000
1252.200000,-749.836000,316.000000
1238.100000,-693.080000,333.014000
1236.516000,-688.900000,328.866000
1194.100000,-696.292000,324.701000
1207.256000,-732.900000,320.553000
1195.684000,-713.936000,334.000000
1172.300000,-725.176000,318.078000
1166.086000,-696.600000,317.588000
1146.300000,-708.440000,317.100000
1159.352000,-728.600000,318.610000
1157.714000,-708.344000,319.000000
1138.700000,-695.865000,319.405000
1126.352000,-685.500000,321.673000
1110.700000,-694.095000,320.938000
1130.412000,-700.500000,320.206000
1134.276000,-687.960000,322.000000
1202.900000,-652.236000,334.836000
1150.174000,-641.500000,329.201000
1120.900000,-658.550000,323.589000
1195.274000,-663.500000,340.977000
1141.072000,-662.664000,341.000000
1148.800000,-612.384000,318.296000
1114.960000,-599.800000,316.588000
1108.800000,-642.788000,321.880000
1113.160000,-643.800000,320.165000
1134.760000,-633.240000,323.000000
1251.400000,-591.484000,320.175000
1246.696000,-587.500000,317.491000
1153.400000,-596.140000,314.796000
1183.878000,-635.500000,312.112000
1158.496000,-614.236000,321.000000
1253.000000,-582.501000,322.704000
1231.665000,-564.000000,314.864000
1168.000000,-572.022000,307.056000
1211.690000,-585.000000,331.248000
1206.760000,-571.455000,338.000000
994.600000,-1085.252000,323.906000
970.138000,-1062.200000,374.558000
940.600000,-1082.090000,358.210000
979.264000,-1096.200000,341.795000
986.986000,-1067.368000,383.000000
1076.100000,-1023.904000,324.870000
1053.796000,-998.200000,320.478000
1042.100000,-1040.698000,316.068000
1073.346000,-1052.200000,329.676000
1051.042000,-1049.500000,330.000000
1024.800000,-1010.042000,320.808000
940.716000,-995.300000,318.603000
926.800000,-1048.760000,325.407000
938.658000,-1049.300000,323.202000
992.068000,-1035.638000,327.000000
995.200000,-934.682000,383.468000
991.357000,-931.700000,366.144000
932.200000,-939.764000,348.749000
952.612000,-973.700000,331.425000
936.547000,-954.590000,390.000000
1073.100000,-925.074000,322.070000
1056.794000,-885.100000,318.640000
1011.100000,-903.270000,315.224000
1043.712000,-931.100000,325.808000
1040.426000,-900.832000,329.000000
1021.800000,-854.570000,320.606000
1006.455000,-824.600000,325.142000
988.800000,-851.465000,323.678000
1012.857000,-869.600000,322.208000
1017.708000,-830.900000,326.000000
1078.200000,-776.456000,350.806000
1058.160000,-751.400000,339.338000
1048.200000,-794.546000,327.823000
1076.130000,-805.400000,363.355000
1056.570000,-801.998000,365.000000
1028.200000,-770.628000,326.490000
989.920000,-758.100000,321.100000
984.200000,-758.196000,337.732000
990.052000,-806.100000,332.364000
1014.252000,-793.380000,342.000000
986.200000,-746.740000,342.711000
982.112000,-743.200000,337.587000
930.200000,-755.440000,332.463000
949.016000,-803.200000,327.318000
935.016000,-775.180000,345.000000
1023.800000,-732.472000,334.760000
998.500000,-679.400000,329.880000
931.800000,-704.634000,344.980000
981.296000,-741.400000,340.100000
976.880000,-699.860000,345.000000
1083.800000,-643.840000,319.595000
1062.290000,-604.600000,324.880000
1038.800000,-641.140000,323.172000
1072.145000,-664.600000,321.457000
1078.985000,-612.280000,326.000000
987.100000,-633.009000,325.362000
974.860000,-606.400000,324.874000
969.100000,-654.308000,324.384000
986.074000,-665.400000,325.896000
974.428000,-660.975000,326.000000
965.000000,-635.413000,330.726000
950.872000,-626.200000,326.561000
949.000000,-626.718000,339.413000
951.336000,-663.200000,335.265000
960.200000,-652.951000,343.000000
1066.900000,-544.484000,337.750000
1055.340000,-542.000000,333.340000
930.900000,-553.718000,328.948000
978.228000,-596.000000,324.538000
944.908000,-570.080000,340.000000
813.700000,-1094.004000,324.181000
803.908000,-1059.400000,321.497000
779.700000,-1076.579000,329.802000
798.434000,-1100.400000,327.118000
796.904000,-1072.438000,330.000000
892.700000,-1054.826000,325.088000
856.930000,-988.700000,337.168000
819.700000,-1052.766000,333.264000
874.669000,-1091.700000,329.360000
886.130000,-1000.545000,340.000000
809.800000,-1022.140000,332.632000
789.732000,-995.800000,329.460000
780.800000,-1045.240000,326.288000
808.524000,-1055.800000,336.103000
789.877000,-1050.580000,337.000000
773.400000,-1078.125000,326.176000
726.860000,-1072.200000,322.272000
721.400000,-1072.850000,334.352000
729.616000,-1097.200000,330.448000
758.684000,-1089.950000,338.000000
772.800000,-1002.104000,417.664000
770.375000,-1000.200000,391.204000
747.800000,-1013.024000,364.852000
756.800000,-1056.200000,338.392000
750.800000,-1028.648000,433.000000
840.300000,-964.996000,358.412000
823.500000,-920.900000,339.380000
784.300000,-943.743000,398.270000
815.828000,-973.900000,379.238000
813.588000,-937.118000,401.000000
844.200000,-865.714000,331.071000
813.076000,-824.200000,346.947000
782.200000,-866.044000,341.802000
829.630000,-890.200000,336.678000
839.674000,-830.998000,351.000000
769.300000,-845.623000,370.824000
756.610000,-824.700000,355.389000
751.300000,-865.664000,340.017000
768.724000,-873.700000,387.582000
757.240000,-868.849000,393.000000
754.722494,-841.239684,345.372000
745.814487,-826.127230,330.000000
743.735867,-827.042727,377.565000
728.124571,-866.433367,362.193000
741.947278,-858.269557,393.000000
869.700000,-743.184000,340.138000
864.200000,-742.700000,335.728000
819.700000,-748.002000,331.336000
838.350000,-764.700000,326.944000
826.550000,-753.612000,343.000000
907.900000,-785.240000,332.866000
896.980000,-736.100000,328.474000
872.900000,-762.740000,342.082000
893.025000,-796.100000,337.672000
891.800000,-753.680000,343.000000
829.522111,-796.709471,339.664000
820.304720,-764.133057,487.840000
789.036587,-777.030347,439.820000
813.602575,-805.713407,391.996000
836.967420,-776.870132,529.000000
909.000000,-644.195000,342.144000
863.829000,-630.500000,336.264000
846.000000,-658.517000,330.408000
907.740000,-663.500000,348.528000
867.861000,-659.804000,351.000000
840.600000,-646.676000,347.571000
792.812000,-641.800000,402.759000
788.600000,-642.973000,384.947000
798.064000,-664.800000,367.062000
827.600000,-657.578000,404.000000
897.700000,-592.960000,502.160000
887.696000,-592.600000,449.700000
817.668000,-592.600000,330.805000
815.700000,-601.708000,397.025000
847.270000,-628.600000,344.565000
819.144000,-628.600000,424.975000
906.700000,-575.701000,331.315000
867.172000,-541.000000,327.640000
784.700000,-560.608000,338.980000
856.314000,-584.000000,335.305000
852.654000,-553.083000,340.000000
549.570554,-1144.158491,325.510000
545.443242,-1117.292443,348.190000
519.576211,-1126.036726,340.840000
536.188048,-1150.854928,333.520000
558.116372,-1128.985187,355.000000
533.478146,-1164.698890,423.626000
500.488476,-1128.869888,384.671000
531.258206,-1149.624332,483.887000
472.403957,-1139.006142,345.875000
523.683921,-1178.289515,466.079000
482.298365,-1150.374605,394.529000
491.784125,-1152.584842,485.000000
505.991910,-1093.808022,338.810000
499.786448,-1077.246428,384.926000
497.645274,-1077.405322,370.042000
479.464988,-1096.643954,355.097000
493.038259,-1098.901012,387.000000
561.860237,-1091.539193,412.963000
604.401503,-1047.434112,386.367000
561.272011,-1019.956994,359.662000
540.467128,-1065.411694,333.066000
557.580172,-1035.268595,434.000000
617.479416,-1035.362023,338.928000
616.161245,-1016.048472,331.088000
591.459132,-995.955134,355.280000
603.417784,-1022.557829,347.472000
610.602066,-1015.167692,358.000000
636.931431,-1000.956614,326.000000
646.475849,-970.340104,334.316000
613.436075,-977.519712,331.632000
618.586023,-1007.404745,328.937000
654.883793,-985.442427,337.000000
663.697401,-953.836486,350.283000
667.613634,-936.362850,340.767000
640.744581,-953.121920,331.212000
637.238669,-956.057458,360.696000
644.592942,-957.359409,366.000000
447.202070,-1086.793462,328.194000
424.228571,-1045.876684,328.949000
420.053706,-1045.726555,328.705000
396.244782,-1078.058244,328.460000
425.102562,-1091.070228,329.000000
442.019860,-1056.769950,379.350000
464.126600,-1033.983725,363.490000
443.239680,-1022.326410,347.565000
431.976693,-1045.130399,331.705000
441.798206,-1029.749918,393.000000
515.419283,-1030.558206,350.768000
529.231392,-1009.044562,335.088000
508.244646,-1006.772643,383.472000
504.575367,-1027.856394,367.856000
522.171408,-1012.985896,390.000000
503.161176,-1002.499276,376.167000
510.961862,-979.875301,364.211000
485.885196,-986.893619,352.255000
489.044898,-1008.425655,340.250000
517.381587,-990.806241,377.000000
551.261946,-1002.463514,347.720000
532.982566,-964.874161,339.424000
507.428320,-968.474268,331.094000
505.771741,-970.996984,356.798000
521.594819,-984.657499,362.000000
610.405365,-952.035205,328.885000
598.245968,-920.056857,332.660000
593.132786,-922.272439,331.440000
554.584521,-963.069419,330.220000
583.676985,-964.973205,333.000000
550.126231,-954.063522,373.061000
594.551122,-914.610843,359.153000
571.806016,-914.632665,345.245000
542.662569,-947.463776,331.280000
566.545773,-923.354809,386.000000
636.628921,-924.861275,334.660000
658.719340,-886.069397,330.268000
619.934052,-880.476333,343.858000
616.328667,-919.528125,339.466000
647.601763,-893.277204,346.000000
691.070811,-858.239744,456.611000
700.718971,-825.026183,424.026000
664.109720,-835.035819,391.574000
670.473923,-867.127445,358.989000
689.725824,-814.787710,461.000000
732.599264,-809.183247,367.847000
726.694545,-787.352033,351.011000
705.271572,-796.570267,334.106000
703.782608,-798.783540,386.270000
713.452406,-804.328957,398.000000
763.900000,-678.597000,341.840000
743.572000,-675.500000,378.835000
742.900000,-677.400000,366.879000
747.772000,-694.500000,354.923000
760.078000,-687.603000,383.000000
733.252687,-715.498001,360.240000
742.599975,-698.027102,350.480000
714.663914,-672.646713,340.720000
716.648032,-696.170420,330.920000
718.973424,-681.953765,370.000000
766.000000,-637.324000,347.708000
738.771000,-578.200000,338.924000
693.000000,-617.590000,366.104000
739.428000,-656.200000,357.320000
738.552000,-596.296000,371.000000
765.700000,-559.840000,353.000000
731.140000,-537.600000,348.100000
705.700000,-565.880000,343.220000
756.040000,-577.600000,338.340000
707.380000,-538.800000,354.000000
708.600000,-551.226000,443.390000
675.924000,-536.400000,390.930000
666.600000,-574.620000,338.470000
668.322000,-578.400000,500.795000
435.455068,-1011.951092,334.720000
408.724737,-971.743641,364.960000
405.527629,-973.134635,355.160000
392.348616,-999.191287,345.400000
419.315997,-1014.616802,369.000000
462.894467,-982.370597,388.680000
479.905526,-955.173124,368.590000
442.765073,-925.325763,348.582000
441.728616,-958.877071,328.492000
448.641486,-938.023319,410.000000
493.597673,-953.073034,329.680000
498.844316,-923.989926,328.460000
467.470646,-909.892304,332.235000
476.631247,-944.229543,331.015000
494.564735,-929.192588,333.000000
546.474575,-912.738025,348.593000
549.591567,-864.817058,343.448000
500.462062,-872.792650,338.324000
519.539109,-923.046306,333.200000
534.941243,-848.346210,350.000000
613.353778,-861.053473,336.935000
614.339291,-829.759218,333.275000
567.382858,-859.677203,329.615000
564.765314,-863.881399,340.940000
580.830202,-866.081808,344.000000
580.356297,-844.541650,327.882000
564.849541,-818.766205,333.174000
561.826401,-820.944077,331.459000
546.236185,-843.451097,329.751000
566.515533,-849.997863,334.000000
574.347842,-827.031727,352.305000
596.029591,-806.212257,343.730000
581.311698,-804.664634,335.190000
568.322056,-822.844805,361.650000
581.333795,-808.912347,362.000000
622.119491,-797.442028,336.208000
633.652430,-777.860232,328.400000
614.153216,-778.157799,352.592000
611.857795,-797.027556,344.752000
629.669524,-782.526696,358.000000
672.951637,-803.902992,339.824000
663.018558,-767.167408,336.408000
631.921071,-762.496835,332.978000
657.381095,-806.287177,329.562000
650.568675,-752.023490,341.000000
721.306527,-756.571822,346.903000
711.380175,-712.946627,339.308000
661.630109,-740.558854,331.744000
660.629369,-745.615544,355.149000
682.370176,-753.681039,362.000000
437.700468,-916.224453,330.962000
440.736751,-913.366823,344.570000
398.400499,-868.269846,340.160000
386.724947,-899.105319,335.768000
420.393992,-919.708120,347.000000
446.674412,-906.690740,341.414000
462.326459,-881.971892,336.759000
431.993906,-860.674598,332.123000
429.921547,-889.625630,346.487000
438.321239,-871.300762,347.000000
495.178831,-869.367697,332.848000
520.283460,-831.628512,328.928000
482.757806,-836.962979,341.024000
475.378411,-871.516338,337.104000
512.956096,-841.171455,344.000000
473.216916,-835.039906,355.869000
481.301921,-809.561992,348.305000
450.594340,-822.477078,340.710000
455.270349,-845.743354,333.146000
443.451526,-830.670029,359.000000
547.503762,-822.684842,341.384000
544.923224,-805.897757,334.279000
522.956742,-819.400954,327.203000
522.728212,-821.392625,349.127000
531.711047,-823.475783,356.000000
539.397797,-796.823951,327.552000
541.691889,-794.222485,332.088000
517.184900,-771.061775,330.624000
503.356891,-794.553177,329.154000
525.886139,-802.734246,333.000000
560.674088,-809.592779,334.957000
573.629772,-782.116246,331.785000
535.994231,-752.372559,328.600000
539.100904,-787.147117,338.428000
546.113957,-766.490177,339.000000
580.257385,-752.022805,327.716000
591.967261,-734.938158,326.246000
574.819713,-738.411511,330.782000
571.149896,-753.723294,329.312000
588.989561,-739.403121,332.000000
620.105926,-740.266493,333.820000
619.339908,-715.151610,331.380000
594.162393,-720.098845,328.930000
606.356453,-746.788850,326.490000
590.829792,-726.709282,335.000000
598.011460,-717.104440,339.807000
604.616135,-695.793827,331.722000
557.520787,-730.591747,356.670000
556.426728,-733.214824,348.618000
570.811719,-729.460358,357.000000
689.952517,-699.174781,326.520000
693.556994,-693.901163,341.620000
648.812877,-653.996671,336.740000
620.939193,-699.566590,331.840000
664.088409,-712.426874,345.000000
314.625471,-1037.256800,333.064000
326.354596,-987.457432,330.136000
248.377007,-917.191207,327.196000
268.189425,-987.135135,336.268000
273.974530,-949.445067,337.000000
353.796564,-986.716629,335.415000
385.411327,-947.121988,326.840000
345.291789,-961.434671,353.300000
332.326454,-994.387746,344.760000
378.241552,-957.560293,361.000000
347.379077,-956.327701,349.030000
323.612866,-884.590291,343.662000
265.983896,-879.409907,338.294000
319.158884,-964.896931,332.904000
265.456397,-895.834063,352.000000
384.283035,-864.810410,387.984000
355.525729,-810.274399,355.776000
317.337000,-826.375551,455.436000
321.080014,-832.887128,423.228000
347.249423,-849.958640,459.000000
411.038507,-833.973738,328.298000
411.550914,-830.316165,344.908000
371.320876,-788.930868,339.540000
363.579762,-818.747198,334.150000
396.952309,-839.126865,349.000000
451.344553,-798.201575,336.170000
460.896726,-771.942187,332.754000
424.936933,-743.667229,329.324000
430.668439,-777.516787,339.908000
437.207506,-758.176574,341.000000
489.880903,-766.613537,326.000000
489.003147,-733.963801,326.000000
455.791804,-719.586290,326.000000
472.196506,-759.290783,326.000000
491.734328,-744.663480,326.000000
574.601495,-690.062965,338.584000
574.436861,-667.648396,334.664000
550.871212,-674.536861,330.760000
561.431944,-697.670117,326.840000
549.119119,-680.437462,341.000000
556.944599,-707.027855,327.225000
541.807785,-675.432639,326.005000
515.928109,-688.771971,329.780000
518.439850,-692.657098,328.560000
534.481073,-701.130321,330.000000
546.140751,-662.593313,325.672000
548.238115,-659.922111,337.752000
533.687782,-654.662894,333.848000
509.279043,-680.139340,329.944000
529.737091,-674.723799,341.000000
579.042070,-650.213624,339.588000
594.109781,-628.478815,333.244000
571.822269,-618.775850,326.900000
567.479693,-641.656845,346.530000
578.875967,-625.716533,349.000000
283.380764,-840.053497,335.225000
285.654351,-822.211784,361.685000
267.941371,-815.461814,353.110000
273.920317,-836.835889,344.570000
286.861630,-828.517735,362.000000
262.338140,-858.282896,331.648000
236.797751,-798.239140,328.218000
193.846300,-791.374794,324.802000
242.555778,-864.914325,321.372000
198.108146,-805.707558,334.000000
329.488088,-796.120035,326.000000
306.469529,-753.671901,326.000000
276.918836,-767.762015,326.000000
281.186260,-773.293353,326.000000
302.166350,-786.225131,326.000000
301.195668,-699.900324,324.100000
302.245395,-697.774685,327.124000
289.079027,-693.370737,326.144000
271.873231,-714.955651,325.168000
288.900921,-710.337659,328.000000
344.192949,-714.445932,329.354000
354.464748,-701.385004,327.639000
343.922876,-701.129992,325.931000
339.112054,-712.754036,331.216000
347.224506,-702.933182,332.000000
335.523243,-698.234265,325.090000
342.541280,-687.331560,328.870000
331.592583,-692.341659,327.645000
329.502482,-701.225767,326.425000
341.751872,-690.238630,329.000000
367.560419,-689.486712,327.260000
363.066005,-667.742482,326.280000
342.805778,-672.401511,325.304000
356.836536,-696.100139,324.328000
343.606619,-677.900185,328.000000
406.131792,-668.843260,327.644000
393.050579,-654.163754,326.668000
390.638274,-653.523765,329.692000
380.616293,-686.881923,328.712000
392.018374,-681.146997,330.000000
440.559584,-637.170618,326.152000
439.915921,-634.188911,340.516000
413.699023,-624.716567,335.861000
403.815095,-654.747802,331.225000
429.146281,-651.132192,345.000000
403.302400,-605.425683,352.645000
391.234081,-615.841050,340.640000
366.302009,-647.481477,328.684000
387.232895,-625.276648,365.728000
379.524023,-631.308716,372.000000
555.262861,-597.931559,326.824000
576.468323,-568.765355,344.968000
545.057776,-582.997311,339.112000
537.774634,-606.661099,333.232000
574.429868,-576.585128,346.000000
562.900000,-542.645000,341.152000
535.460000,-533.300000,335.296000
522.900000,-550.478000,329.416000
560.860000,-554.300000,323.560000
530.100000,-552.599000,346.000000
513.068202,-646.359725,336.455000
504.154579,-622.505452,329.350000
501.691914,-620.659568,351.274000
478.054590,-645.851030,344.169000
493.122379,-648.398677,354.000000
499.049130,-597.587597,321.000000
498.106993,-594.050891,321.000000
471.250027,-572.352963,321.000000
457.884009,-599.417242,321.000000
485.684699,-607.371683,321.000000
470.500000,-569.066000,321.000000
467.570000,-563.200000,321.000000
460.500000,-566.175000,321.000000
466.070000,-570.200000,321.000000
464.400000,-565.384000,321.000000
450.782589,-582.675074,321.000000
450.581106,-570.200392,321.000000
441.605788,-578.698571,321.000000
446.048697,-587.806066,321.000000
452.500293,-573.118998,321.000000
431.355730,-583.722989,324.124000
428.661313,-568.876040,323.148000
416.906948,-591.076954,322.168000
425.052000,-599.527645,321.192000
418.127615,-593.991471,325.000000
479.100000,-548.810000,321.000000
441.258000,-546.500000,321.000000
437.100000,-546.820000,321.000000
443.988000,-556.500000,321.000000
462.300000,-553.550000,321.000000
416.850825,-550.806191,321.000000
416.283210,-549.394415,321.000000
404.569613,-555.016919,321.000000
397.177008,-584.935224,321.000000
400.822565,-565.018066,321.000000
394.379306,-564.647030,321.000000
398.708291,-542.556247,321.000000
388.320557,-551.471122,321.000000
388.779914,-567.695655,321.000000
393.369295,-549.289896,321.000000
1335.926746,-499.145823,313.408000
1356.909425,-475.317633,355.688000
1325.032055,-481.174414,342.024000
1317.768179,-503.712892,328.304000
1356.074754,-483.415617,360.000000
1269.500000,-507.230000,330.392000
1223.285000,-494.600000,323.560000
1204.500000,-519.860000,316.700000
1267.810000,-524.600000,309.868000
1218.345000,-521.450000,337.000000
1269.000000,-424.702000,314.581000
1244.349000,-416.200000,309.436000
1242.000000,-417.955000,325.312000
1246.752000,-455.200000,320.188000
1258.659000,-443.188000,328.000000
1188.300000,-496.912000,323.398000
1182.268000,-496.400000,319.982000
1136.300000,-504.304000,316.566000
1156.008000,-528.400000,313.136000
1137.340000,-512.080000,324.000000
1131.300000,-519.160000,314.662000
1123.350000,-486.600000,313.930000
1106.300000,-504.560000,313.195000
1120.825000,-526.600000,315.463000
1116.875000,-498.080000,316.000000
1190.100000,-460.698000,313.208000
1150.580000,-449.700000,319.248000
1114.100000,-461.436000,317.296000
1173.608000,-467.700000,315.344000
1176.952000,-451.230000,320.000000
1203.900000,-422.124000,333.398000
1135.938000,-407.400000,325.102000
1109.900000,-438.144000,316.806000
1202.584000,-443.400000,308.476000
1131.520000,-439.188000,342.000000
963.800000,-500.938000,325.032000
932.350000,-496.200000,324.300000
929.800000,-497.511000,326.565000
936.192000,-519.200000,325.833000
951.356000,-511.840000,327.000000
1005.000000,-433.720000,346.466000
996.040000,-433.600000,340.096000
935.000000,-441.370000,333.752000
962.370000,-463.600000,327.382000
937.590000,-447.940000,348.000000
912.300000,-518.930000,378.700000
895.800000,-494.900000,354.300000
862.300000,-508.760000,329.800000
891.950000,-524.900000,405.400000
884.300000,-503.150000,425.000000
911.700000,-468.260000,325.350000
897.842000,-444.300000,344.225000
885.700000,-470.860000,338.125000
906.396000,-484.300000,332.025000
907.644000,-447.220000,347.000000
914.100000,-414.080000,396.920000
877.350000,-402.200000,371.544000
864.100000,-428.210000,346.168000
914.000000,-432.200000,424.688000
876.450000,-428.300000,425.000000
864.200000,-476.786000,356.833000
806.044000,-473.100000,337.557000
802.200000,-474.411000,397.202000
814.662000,-492.100000,377.926000
842.500000,-485.792000,410.000000
863.600000,-452.048000,403.996000
854.920000,-433.200000,384.641000
801.600000,-438.368000,365.365000
826.586000,-452.200000,346.089000
804.948000,-442.035000,410.000000
772.000000,-496.258000,378.240000
772.000000,-412.566000,400.773000
733.012000,-400.000000,357.012000
658.000000,-457.828000,335.784000
658.000000,-517.364000,351.879000
727.084000,-522.000000,401.469000
710.098000,-432.086000,420.000000
697.330000,-518.584000,420.000000
634.400000,-470.788000,332.722000
602.245000,-398.000000,382.618000
575.400000,-481.824000,366.448000
623.072000,-522.000000,350.344000
626.199000,-405.440000,391.000000
574.200000,-446.532000,348.988000
531.621000,-399.300000,338.698000
517.200000,-507.417000,328.450000
517.770000,-522.300000,360.160000
532.248000,-504.834000,361.000000
480.900000,-476.798000,327.680000
452.400000,-469.700000,320.848000
450.900000,-472.859000,341.988000
457.290000,-508.700000,335.156000
470.910000,-495.284000,347.000000
405.300000,-516.818000,324.256000
401.348000,-475.700000,322.296000
379.300000,-487.628000,320.344000
390.090000,-517.700000,318.392000
381.146000,-494.726000,325.000000
499.500000,-445.897000,315.992000
483.170000,-398.500000,316.482000
453.500000,-428.146000,316.970000
481.928000,-459.500000,315.460000
475.304000,-413.811000,315.000000
1271.200000,-332.702000,315.500000
1251.705000,-290.800000,379.760000
1236.200000,-341.097000,358.935000
1264.900000,-363.800000,338.195000
1266.895000,-294.304000,392.000000
1217.300000,-324.456000,373.639000
1179.300000,-315.900000,352.324000
1167.300000,-336.393000,331.096000
1168.450000,-338.900000,396.868000
1181.350000,-335.358000,400.000000
1167.900000,-293.745000,338.491000
1129.420000,-276.000000,317.263000
1127.900000,-285.870000,383.035000
1136.900000,-381.000000,361.720000
1155.260000,-343.515000,400.000000
1100.100000,-343.515000,453.620000
1083.600000,-300.000000,415.068000
1002.600000,-300.000000,454.410000
1000.100000,-313.320000,376.358000
1042.900000,-345.000000,337.806000
1004.100000,-345.000000,365.614000
1008.900000,-319.845000,471.000000
997.200000,-376.475000,372.083000
975.180000,-349.700000,345.378000
937.200000,-367.165000,427.782000
975.000000,-384.700000,401.077000
966.660000,-358.030000,428.000000
998.100000,-278.670000,328.047000
963.960000,-259.000000,410.451000
938.100000,-283.535000,383.746000
988.080000,-294.000000,357.150000
991.740000,-260.260000,428.000000
879.400000,-367.180000,373.280000
861.644000,-358.900000,355.956000
856.400000,-379.669000,338.561000
857.205000,-381.900000,392.237000
863.254000,-378.082000,396.000000
830.200000,-355.124000,347.944000
799.032000,-350.100000,330.304000
798.200000,-353.492000,384.736000
805.784000,-382.100000,367.096000
820.632000,-370.292000,400.000000
889.700000,-347.415000,394.586000
878.549000,-296.800000,374.578000
826.700000,-313.124000,354.488000
854.420000,-349.800000,334.480000
833.252000,-319.537000,405.000000
918.300000,-285.764000,328.170000
881.916000,-261.700000,325.475000
822.300000,-278.052000,333.791000
883.932000,-293.700000,331.107000
871.068000,-268.932000,334.000000
775.600000,-334.850000,336.194000
750.574000,-315.600000,418.598000
732.600000,-340.555000,392.002000
768.935000,-350.600000,365.297000
771.773000,-316.440000,438.000000
769.600000,-279.856000,385.007000
736.672000,-263.200000,363.291000
727.600000,-307.168000,341.486000
729.574000,-311.200000,408.770000
740.830000,-302.608000,415.000000
706.400000,-263.035000,327.160000
658.037000,-253.900000,323.240000
657.400000,-261.334000,335.336000
669.650000,-316.900000,331.416000
692.582000,-292.897000,339.000000
646.650000,-371.444000,367.080000
621.191700,-247.100000,353.660000
511.950000,-289.472000,340.185000
572.834400,-379.100000,326.765000
528.248700,-302.012000,375.000000
587.786100,-267.428000,375.000000
502.100000,-346.220000,329.838000
452.443000,-247.800000,318.614000
375.100000,-317.359000,353.344000
458.285000,-380.800000,342.120000
441.775000,-276.262000,355.000000
447.998000,-304.591000,355.000000
1095.100000,-203.068000,321.000000
1009.564000,-156.800000,351.200000
951.100000,-219.150000,341.440000
1074.508000,-242.800000,331.640000
1084.732000,-157.746000,359.000000
1035.340000,-217.000000,359.000000
921.400000,-185.225000,487.146000
921.400000,-167.900000,457.277000
861.700000,-160.100000,425.902000
889.225000,-160.100000,512.246000
846.400000,-229.700000,364.407000
846.400000,-232.250000,567.215000
850.825000,-235.100000,554.163000
883.525000,-235.100000,371.184000
994.700000,-72.620600,321.187000
947.747000,-70.200000,327.982000
947.700000,-72.566000,325.786000
960.014000,-88.400000,323.590000
982.245000,-81.247400,328.000000
997.772584,-61.058759,342.653000
992.730911,-43.774248,336.065000
958.715421,-42.545100,329.477000
975.485584,-57.665741,322.862000
964.144792,-44.909330,347.000000
851.674111,-117.778985,332.156000
847.007465,-98.686913,327.032000
823.869058,-95.265654,342.887000
839.018032,-115.453478,337.763000
843.360101,-100.738000,344.000000
888.740891,-86.181967,321.198000
864.208032,-55.684953,325.728000
834.244574,-58.282431,324.264000
875.797204,-91.816542,322.794000
879.741738,-94.252470,327.000000
921.938297,-15.799884,330.064000
891.260120,4.249569,326.160000
874.903027,-16.897940,322.256000
877.353056,-19.478247,334.336000
890.628127,-18.342209,336.000000
880.678908,19.207717,317.938000
882.095257,23.925102,327.766000
860.558005,25.293642,324.581000
854.314162,-9.759628,321.409000
869.311385,2.607023,328.000000
783.200000,-234.546000,389.371000
774.640000,-191.400000,370.506000
743.200000,-207.615000,351.718000
762.280000,-238.400000,332.853000
749.400000,-209.824000,403.000000
712.800000,-223.300000,322.514000
694.080000,-187.500000,321.050000
667.800000,-214.900000,325.580000
698.355000,-237.500000,324.116000
692.910000,-196.950000,326.000000
638.700000,-206.060000,316.464000
592.968000,-195.800000,338.359000
564.700000,-210.800000,331.283000
629.968000,-215.800000,324.207000
635.888000,-215.540000,345.000000
423.000000,-201.940000,359.468000
395.907000,-189.500000,337.752000
390.000000,-227.580000,316.036000
392.772000,-229.500000,383.231000
402.045000,-220.860000,394.000000
776.400000,-72.380000,320.881000
775.135000,-65.900000,327.685000
721.400000,-75.200000,325.480000
737.130000,-125.900000,323.284000
763.695000,-100.820000,328.000000
769.250000,-34.940000,350.688000
744.955000,1.300000,338.928000
661.750000,-12.980000,327.216000
714.317500,-38.700000,315.504000
680.240000,-13.900000,360.000000
507.800000,-27.544000,312.246000
482.120000,6.200000,306.634000
447.800000,-20.680000,324.022000
489.260000,-41.800000,318.387000
482.300000,-2.296000,326.000000
241.309772,-581.339470,322.999000
239.379370,-564.530128,322.755000
222.584877,-570.365880,322.510000
232.325980,-587.175223,322.266000
233.959397,-588.066177,323.000000
296.500000,-333.152000,312.596000
289.003000,-326.000000,312.351000
287.500000,-349.160000,312.107000
288.364000,-350.000000,312.862000
290.938000,-344.528000,313.000000
283.000000,-311.364000,312.192000
282.136000,-310.500000,312.948000
259.000000,-312.003000,312.703000
266.176000,-319.500000,312.459000
277.840000,-315.630000,313.000000
150.846192,-570.511358,328.312000
178.459005,-546.024495,326.352000
151.780419,-526.264622,324.400000
138.197575,-555.114559,322.448000
155.233704,-532.777752,330.000000
135.997934,-305.750804,313.770000
137.299010,-282.621341,313.282000
113.352839,-278.898424,314.794000
123.209908,-303.887577,314.304000
135.198903,-286.354865,315.000000
117.045310,-615.925253,408.434000
131.029054,-580.117365,387.206000
85.514004,-613.515433,365.891000
89.434204,-640.345893,344.663000
92.879229,-639.921629,410.000000
46.596321,-522.851845,325.790000
104.569976,-543.858048,323.340000
18.766388,-399.210053,320.900000
12.626433,-398.480397,328.460000
24.370794,-440.074276,330.000000
176.689697,-415.020849,323.850000
180.896305,-408.520501,340.482000
139.552588,-383.481592,335.114000
93.581054,-441.181130,329.724000
138.552683,-434.406027,342.000000
56.231494,-321.737987,340.248000
112.703554,-376.592976,331.952000
109.259682,-335.151358,323.622000
61.369416,-303.616724,315.326000
105.752800,-341.227350,348.000000
37.020513,-306.234321,324.177000
49.168608,-253.085347,316.092000
-3.666411,-256.411577,341.040000
8.733414,-308.816675,332.955000
44.617669,-263.247885,345.000000
364.000000,-177.672000,319.405000
289.330000,-131.500000,315.257000
250.000000,-207.839000,311.092000
354.652000,-228.500000,306.944000
251.368000,-223.650000,320.000000
349.294000,-181.746000,320.000000
304.776388,-51.683651,310.868000
297.775193,-22.413315,307.438000
256.960390,-52.041560,304.022000
259.007474,-55.248213,314.606000
274.687978,-53.773691,317.000000
209.000000,-6.745000,310.158000
206.720000,0.000000,310.914000
171.000000,-18.240000,310.670000
183.274000,-95.000000,310.425000
202.122000,-51.775000,311.000000
170.000000,-186.835000,323.305000
125.290000,0.000000,320.621000
0.000000,-84.710000,317.926000
89.420000,-215.000000,315.242000
37.740000,-73.745000,326.000000
154.020000,-72.455000,326.000000
102.680000,-130.290000,326.000000
68.510000,-17.845000,326.000000
