1522.700000,-1085.811000,304.076000
1509.389000,-1072.200000,305.588000
1505.700000,-1107.846000,305.100000
1506.482000,-1111.200000,304.610000
1521.663000,-1104.297000,306.000000
1493.900000,-1055.354000,307.526000
1492.700000,-1052.600000,307.036000
1469.900000,-1058.788000,306.548000
1477.412000,-1086.600000,306.060000
1475.060000,-1071.470000,308.000000
1570.100000,-979.680000,304.409000
1559.924000,-963.400000,302.701000
1538.100000,-972.380000,307.986000
1556.692000,-983.400000,306.278000
1553.780000,-969.140000,308.000000
1526.200000,-969.280000,305.240000
1517.410000,-952.900000,320.340000
1511.200000,-974.410000,315.460000
1523.935000,-982.900000,310.560000
1522.690000,-953.500000,321.000000
1508.400000,-964.084000,309.424000
1472.574000,-956.300000,307.228000
1466.400000,-983.880000,305.023000
1471.272000,-984.300000,302.827000
1468.164000,-977.356000,310.000000
1482.397795,-720.381242,317.820000
1480.553181,-721.863646,311.232000
1480.582433,-742.937242,304.644000
1515.288800,-760.371967,325.029000
1493.676421,-745.392787,327.000000
1427.300000,-611.351000,314.930000
1417.988000,-569.000000,310.520000
1403.300000,-598.640000,324.128000
1418.924000,-626.000000,319.736000
1417.532000,-581.369000,326.000000
1390.800000,-628.664000,308.872000
1351.440000,-622.000000,314.920000
1330.800000,-633.018000,312.960000
1385.940000,-636.000000,311.008000
1382.880000,-635.286000,316.000000
1366.100000,-584.168000,317.174000
1350.392000,-574.600000,314.479000
1349.100000,-577.130000,311.795000
1352.279000,-620.600000,309.111000
1351.548000,-605.972000,319.000000
1347.700000,-619.140000,309.116000
1342.925000,-580.600000,308.628000
1322.700000,-593.843000,308.138000
1334.050000,-621.600000,309.650000
1333.175000,-597.574000,310.000000
1448.900000,-1097.871000,307.415000
1431.917000,-1079.700000,306.190000
1411.900000,-1095.630000,309.970000
1438.614000,-1106.700000,308.745000
1437.615000,-1083.669000,311.000000
1344.200000,-1087.670000,308.000000
1329.680000,-1073.900000,308.000000
1324.200000,-1103.072000,308.000000
1343.980000,-1107.900000,308.000000
1343.620000,-1103.786000,308.000000
1442.100000,-1044.960000,314.696000
1408.304000,-1042.200000,310.792000
1408.100000,-1044.720000,306.888000
1416.838000,-1062.200000,318.968000
1416.464000,-1054.420000,319.000000
1434.000000,-1025.140000,312.120000
1410.682000,-1006.000000,307.220000
1345.000000,-1014.646000,322.340000
1391.725000,-1028.000000,317.460000
1391.458000,-1013.568000,323.000000
1344.900000,-1044.818000,309.060000
1312.102000,-1009.300000,321.912000
1282.900000,-1048.299000,317.747000
1332.004000,-1068.300000,313.599000
1332.314000,-1013.784000,323.000000
1446.100000,-953.690000,314.670000
1426.972000,-942.300000,311.240000
1422.100000,-973.852000,307.824000
1423.540000,-976.300000,304.394000
1423.852000,-969.806000,316.000000
1399.000000,-957.011000,304.887000
1396.120000,-954.800000,304.155000
1354.000000,-961.268000,303.420000
1368.760000,-987.800000,305.688000
1369.705000,-972.653000,306.000000
1337.700000,-977.667000,305.412000
1332.388000,-951.300000,304.436000
1321.700000,-966.612000,307.460000
1331.220000,-984.300000,306.480000
1331.684000,-960.309000,308.000000
1430.300000,-924.976000,305.198000
1402.100000,-915.400000,336.153000
1383.300000,-928.558000,326.149000
1423.861000,-933.400000,316.145000
1425.600000,-915.508000,343.000000
1308.000000,-855.508000,346.496000
1292.394000,-836.500000,334.784000
1290.000000,-908.428000,323.024000
1292.340000,-908.500000,311.312000
1293.150000,-889.636000,356.000000
1302.100000,-779.122000,322.283000
1300.075000,-753.200000,315.178000
1287.100000,-760.116000,308.102000
1293.070000,-779.200000,329.997000
1293.865000,-765.446000,336.000000
1356.800000,-790.735000,314.279000
1327.856000,-779.800000,307.203000
1284.800000,-787.810000,329.098000
1332.752000,-794.800000,322.022000
1337.144000,-782.845000,336.000000
1451.000000,-768.515000,335.100000
1380.650000,-761.600000,326.316000
1346.000000,-773.630000,317.532000
1443.965000,-776.600000,308.712000
1346.210000,-775.625000,336.000000
1446.700000,-730.378000,325.200000
1433.568000,-723.200000,316.380000
1432.700000,-725.753000,307.596000
1435.514000,-760.200000,334.812000
1436.592000,-747.916000,336.000000
1445.200000,-719.790000,320.352000
1427.980000,-705.900000,308.640000
1361.200000,-710.955000,344.880000
1400.512000,-720.900000,333.168000
1407.652000,-711.900000,348.000000
1359.800000,-725.883000,318.258000
1352.232000,-701.500000,349.968000
1343.800000,-723.848000,339.720000
1355.576000,-738.500000,329.430000
1357.064000,-706.384000,354.000000
1342.600000,-704.574000,348.666000
1315.183000,-699.100000,338.418000
1305.600000,-711.308000,328.128000
1305.748000,-713.100000,317.880000
1309.485000,-711.210000,354.000000
1302.800000,-707.136000,337.074000
1302.664000,-703.200000,326.826000
1285.800000,-707.680000,316.578000
1290.407000,-735.200000,348.288000
1292.260000,-722.304000,354.000000
1268.400000,-1089.980000,312.474000
1261.500000,-1042.900000,308.326000
1243.400000,-1065.285000,321.161000
1256.875000,-1097.900000,317.013000
1259.800000,-1061.050000,324.000000
1228.600000,-1091.728000,307.230000
1223.170000,-1073.500000,311.010000
1218.600000,-1094.425000,309.790000
1226.660000,-1104.500000,308.565000
1227.910000,-1075.422000,312.000000
1220.900000,-1097.710000,311.313000
1195.759000,-1094.500000,310.578000
1189.900000,-1103.930000,309.846000
1192.194000,-1104.500000,309.114000
1196.317000,-1102.440000,312.000000
1216.600000,-1057.495000,307.495000
1215.968000,-1056.700000,307.251000
1208.600000,-1059.850000,307.006000
1211.336000,-1071.700000,307.762000
1212.456000,-1064.605000,308.000000
1195.000000,-1079.260000,309.660000
1191.540000,-1051.000000,311.925000
1185.000000,-1068.208000,311.193000
1191.090000,-1087.000000,310.458000
1192.580000,-1060.324000,312.000000
1187.000000,-1091.168000,320.384000
1177.790000,-1077.700000,317.700000
1172.000000,-1097.070000,315.005000
1185.155000,-1103.700000,312.321000
1172.510000,-1103.492000,321.000000
1148.400000,-1083.850000,311.000000
1104.350000,-1077.600000,311.000000
1098.400000,-1077.925000,311.000000
1105.600000,-1102.600000,311.000000
1113.850000,-1095.700000,311.000000
1231.100000,-1019.626000,309.786000
1227.822000,-998.000000,309.296000
1209.100000,-1004.182000,310.808000
1218.164000,-1020.000000,310.320000
1221.970000,-1008.032000,311.000000
1206.100000,-1034.015000,309.585000
1200.262000,-1004.700000,313.365000
1192.100000,-1027.168000,312.140000
1201.620000,-1045.700000,310.920000
1204.140000,-1012.449000,314.000000
1143.300000,-1020.909000,323.788000
1117.308000,-999.900000,320.358000
1105.300000,-1038.252000,316.942000
1141.286000,-1046.900000,313.512000
1110.468000,-1043.187000,326.000000
1268.000000,-927.000000,311.962000
1240.392000,-925.200000,310.254000
1239.000000,-926.030000,308.539000
1245.235000,-935.200000,313.831000
1250.948000,-931.740000,315.000000
1238.900000,-977.396000,311.160000
1236.053000,-947.300000,310.184000
1225.900000,-958.883000,313.208000
1232.179000,-980.300000,312.228000
1234.831000,-960.038000,314.000000
1224.200000,-967.432000,310.060000
1218.356000,-949.400000,313.080000
1212.200000,-966.732000,312.104000
1221.200000,-977.400000,311.128000
1223.756000,-952.704000,314.000000
1179.800000,-969.824000,312.956000
1162.435000,-965.300000,311.980000
1156.800000,-975.932000,311.000000
1157.214000,-977.300000,310.024000
1162.274000,-975.512000,314.000000
1190.200000,-938.070000,317.888000
1188.748000,-934.800000,313.723000
1124.200000,-939.420000,326.575000
1143.010000,-964.800000,322.410000
1158.124000,-952.290000,327.000000
1268.300000,-872.024000,309.940000
1264.240000,-853.500000,313.720000
1254.300000,-862.762000,312.495000
1262.042000,-875.500000,311.275000
1265.360000,-860.430000,314.000000
1257.000000,-842.154000,312.824000
1250.304000,-830.100000,312.336000
1245.000000,-844.569000,311.848000
1254.852000,-851.100000,311.358000
1245.780000,-831.108000,313.000000
1157.500000,-851.780000,316.000000
1146.775000,-842.600000,316.000000
1144.500000,-871.310000,316.000000
1145.644000,-872.600000,316.000000
1148.933000,-866.000000,316.000000
1145.100000,-858.285000,316.000000
1141.845000,-857.700000,316.000000
1110.100000,-861.060000,316.000000
1122.560000,-872.700000,316.000000
1131.660000,-865.395000,316.000000
1259.300000,-797.039000,310.914000
1252.100000,-790.100000,310.159000
1239.300000,-794.528000,310.403000
1251.760000,-799.100000,310.647000
1257.140000,-792.305000,310.000000
1213.100000,-779.844000,313.000000
1204.936000,-749.100000,313.000000
1200.100000,-795.460000,313.000000
1211.683000,-810.100000,313.000000
1202.271000,-808.697000,313.000000
1200.200000,-762.896000,322.095000
1188.552000,-748.500000,317.930000
1187.200000,-750.147000,313.782000
1189.267000,-809.500000,326.617000
1192.959000,-791.810000,330.000000
1142.500000,-806.168000,319.813000
1136.469000,-781.000000,318.105000
1105.500000,-788.670000,323.390000
1121.262000,-807.000000,321.682000
1132.103000,-792.492000,325.000000
1270.600000,-748.913000,315.932000
1249.050000,-739.800000,314.956000
1220.600000,-747.106000,313.980000
1255.300000,-752.800000,313.000000
1270.300000,-742.075000,316.000000
1238.100000,-707.952000,329.036000
1207.388000,-688.900000,324.871000
1194.100000,-725.420000,320.723000
1236.384000,-732.900000,333.575000
1205.980000,-728.808000,334.000000
1172.300000,-701.912000,317.864000
1147.184000,-696.600000,317.376000
1146.300000,-699.736000,318.886000
1152.254000,-728.600000,318.398000
1160.470000,-717.048000,319.000000
1138.700000,-698.970000,319.471000
1132.148000,-685.500000,321.736000
1110.700000,-690.975000,321.004000
1124.616000,-700.500000,320.269000
1133.688000,-691.080000,322.000000
1202.900000,-655.360000,338.263000
1161.818000,-641.500000,332.651000
1120.900000,-655.426000,327.016000
1183.548000,-663.500000,321.404000
1128.854000,-643.788000,341.000000
1148.800000,-615.772000,320.235000
1118.040000,-599.800000,318.527000
1108.800000,-639.400000,316.819000
1110.080000,-643.800000,322.104000
1123.680000,-636.628000,323.000000
1251.400000,-592.060000,313.630000
1247.872000,-587.500000,310.935000
1153.400000,-595.564000,319.251000
1182.800000,-635.500000,316.567000
1216.904000,-614.812000,321.000000
1253.000000,-581.367000,307.728000
1227.160000,-564.000000,331.920000
1168.000000,-573.156000,324.080000
1216.195000,-585.000000,316.272000
1246.455000,-570.321000,338.000000
994.600000,-1081.240000,368.193000
963.712000,-1062.200000,351.778000
940.600000,-1086.102000,335.430000
985.690000,-1096.200000,319.015000
951.346000,-1063.356000,383.000000
1076.100000,-1013.968000,321.054000
1047.574000,-998.200000,316.662000
1042.100000,-1050.634000,312.252000
1045.568000,-1052.200000,325.860000
1058.250000,-1039.564000,330.000000
1024.800000,-996.650000,320.043000
1014.314000,-995.300000,326.847000
926.800000,-1008.152000,324.651000
963.060000,-1049.300000,322.446000
1000.300000,-1022.192000,327.000000
995.200000,-963.494000,386.592000
971.575000,-931.700000,369.197000
932.200000,-952.952000,351.873000
972.394000,-973.700000,334.549000
933.838000,-941.402000,390.000000
1073.100000,-907.594000,324.464000
1033.296000,-885.100000,321.048000
1011.100000,-920.704000,317.618000
1067.210000,-931.100000,328.202000
1029.762000,-929.398000,329.000000
1021.800000,-834.590000,322.406000
991.770000,-824.600000,320.936000
988.800000,-826.445000,325.472000
994.509000,-869.600000,324.002000
1007.841000,-855.920000,326.000000
1078.200000,-802.916000,323.875000
1072.890000,-751.400000,359.407000
1048.200000,-768.086000,347.892000
1061.400000,-805.400000,336.424000
1073.790000,-774.512000,365.000000
1028.200000,-791.076000,338.678000
1008.620000,-758.100000,333.310000
984.200000,-785.748000,327.942000
1015.352000,-806.100000,322.552000
989.832000,-765.780000,342.000000
986.200000,-768.340000,336.054000
946.272000,-743.200000,330.909000
930.200000,-793.840000,325.785000
984.856000,-803.200000,341.661000
952.824000,-796.780000,345.000000
1023.800000,-688.762000,330.960000
933.640000,-679.400000,326.080000
931.800000,-686.344000,341.200000
954.156000,-741.400000,336.300000
994.268000,-718.150000,345.000000
1083.800000,-657.640000,319.161000
1072.640000,-604.600000,324.446000
1038.800000,-627.340000,322.738000
1061.795000,-664.600000,321.030000
1081.775000,-626.080000,326.000000
987.100000,-642.744000,325.494000
977.830000,-606.400000,325.006000
969.100000,-644.573000,324.516000
983.104000,-665.400000,324.028000
973.240000,-611.710000,326.000000
965.000000,-639.113000,334.024000
952.472000,-626.200000,329.859000
949.000000,-660.055000,342.711000
949.736000,-663.200000,338.546000
957.096000,-656.614000,343.000000
1066.900000,-546.374000,325.528000
1059.964000,-542.000000,339.136000
930.900000,-551.828000,334.726000
973.604000,-596.000000,330.334000
1037.252000,-571.970000,340.000000
813.700000,-1092.733000,329.120000
802.888000,-1059.400000,326.436000
779.700000,-1077.850000,323.752000
799.454000,-1100.400000,321.057000
781.638000,-1071.167000,330.000000
892.700000,-1044.938000,334.320000
849.922000,-988.700000,330.400000
819.700000,-1062.551000,326.496000
881.677000,-1091.700000,338.592000
844.009000,-990.760000,340.000000
809.800000,-1012.480000,328.797000
785.063000,-995.800000,325.625000
780.800000,-1054.900000,335.440000
784.193000,-1055.800000,332.268000
798.432000,-1040.920000,337.000000
773.400000,-1072.450000,323.504000
767.108000,-1072.200000,335.584000
721.400000,-1078.525000,331.680000
741.368000,-1097.200000,327.760000
767.368000,-1084.300000,338.000000
772.800000,-1041.808000,413.344000
763.075000,-1000.200000,386.992000
747.800000,-1029.320000,360.532000
764.100000,-1056.200000,334.180000
751.800000,-1012.352000,433.000000
840.300000,-946.075000,365.276000
803.564000,-920.900000,346.244000
784.300000,-962.664000,327.212000
835.764000,-973.900000,386.102000
808.660000,-971.197000,401.000000
844.200000,-837.928000,335.607000
786.912000,-824.200000,330.462000
782.200000,-827.830000,346.338000
793.794000,-890.200000,341.214000
826.282000,-869.212000,351.000000
769.300000,-870.760000,392.433000
765.862000,-824.700000,377.061000
751.300000,-840.527000,361.626000
759.490000,-873.700000,346.254000
769.048000,-844.986000,393.000000
746.298416,-859.060960,375.108000
752.294951,-829.190531,359.673000
733.356199,-849.001084,344.301000
736.109428,-870.207791,391.866000
745.513780,-833.090631,393.000000
869.700000,-751.610000,332.920000
833.350000,-742.700000,328.528000
819.700000,-761.576000,342.118000
869.200000,-764.700000,337.726000
846.600000,-762.038000,343.000000
907.900000,-744.320000,327.952000
873.110000,-736.100000,341.560000
872.900000,-743.660000,337.168000
881.895000,-796.100000,332.758000
901.355000,-772.760000,343.000000
824.864889,-805.694163,507.244000
830.412498,-769.372432,459.224000
793.693809,-768.045655,411.400000
803.494797,-800.474032,363.576000
798.169909,-768.113124,529.000000
909.000000,-650.366000,341.712000
875.610000,-630.500000,335.856000
846.000000,-652.313000,329.976000
895.959000,-663.500000,348.120000
868.932000,-633.008000,351.000000
840.600000,-649.482000,355.674000
799.156000,-641.800000,337.789000
788.600000,-663.167000,392.977000
791.720000,-664.800000,375.165000
821.880000,-660.384000,404.000000
897.700000,-595.012000,338.330000
892.370000,-592.600000,500.870000
842.760000,-592.600000,366.495000
815.700000,-599.656000,448.195000
842.596000,-628.600000,395.735000
876.052000,-628.600000,460.665000
906.700000,-575.357000,336.805000
866.196000,-541.000000,333.130000
784.700000,-560.952000,329.470000
857.290000,-584.000000,325.795000
808.002000,-552.739000,340.000000
550.917650,-1142.161339,340.330000
543.325051,-1115.863705,333.010000
518.210662,-1128.061236,325.660000
538.306239,-1152.283666,348.340000
545.176878,-1117.311803,355.000000
535.638868,-1161.495489,363.365000
492.998122,-1123.817580,483.569000
524.522276,-1145.080890,359.708000
470.243236,-1142.209544,444.773000
477.286833,-1146.994284,405.818000
488.980408,-1154.881700,429.350000
514.314300,-1163.120811,485.000000
488.670880,-1107.834315,384.560000
508.814678,-1088.395363,369.615000
493.206217,-1081.000000,354.731000
481.764524,-1099.483645,339.847000
488.992819,-1084.828853,387.000000
574.565019,-1081.251063,399.556000
594.921420,-1035.727185,372.960000
548.567228,-1030.245124,346.255000
549.947211,-1077.118621,428.659000
574.584471,-1030.289926,434.000000
621.113351,-1032.419321,339.088000
606.311752,-1003.885361,331.248000
587.825198,-998.897837,355.440000
613.267278,-1034.720940,347.600000
603.208067,-1020.852846,358.000000
650.885086,-989.657167,327.463000
638.189587,-960.107423,335.779000
634.453988,-960.499742,333.084000
606.104712,-991.991610,330.400000
631.124561,-999.077150,337.000000
648.701592,-965.979852,360.423000
672.663930,-942.599447,350.907000
655.740390,-940.978553,341.391000
641.618739,-961.466394,331.836000
655.110599,-943.804715,366.000000
431.861209,-1099.216246,328.582000
438.752656,-1063.812436,328.337000
402.754437,-1059.735227,328.093000
412.557396,-1098.202644,328.849000
430.404551,-1062.312888,329.000000
456.791850,-1044.807828,347.890000
454.391014,-1021.961277,332.030000
428.467689,-1034.288532,381.105000
425.349949,-1036.947052,365.245000
439.620894,-1047.705653,393.000000
531.319689,-1017.682311,327.984000
534.167152,-1015.139718,376.304000
516.435764,-1000.139606,360.688000
499.654081,-1021.779113,345.008000
519.133165,-1025.982204,390.000000
495.681146,-1008.556484,364.995000
514.942313,-984.790749,353.039000
493.365225,-980.836410,341.034000
485.064446,-1003.510207,329.078000
498.741818,-983.082321,377.000000
547.181929,-1005.767446,344.286000
540.119059,-973.686996,335.990000
511.508336,-965.170336,361.694000
532.618549,-1004.150031,353.364000
540.341782,-976.425010,362.000000
603.531509,-957.601543,329.020000
601.348518,-923.888187,332.795000
552.600738,-955.094644,331.575000
551.481972,-959.238090,330.355000
576.225413,-969.826124,333.000000
593.739662,-918.746062,381.896000
595.406998,-915.667762,367.988000
575.598489,-911.561582,354.023000
541.806694,-946.406858,340.115000
561.142447,-924.339724,386.000000
635.999432,-925.371025,339.754000
659.115812,-886.558999,335.344000
620.563541,-879.966583,330.952000
615.932195,-919.038523,344.542000
638.957879,-883.890000,346.000000
693.052533,-856.634977,378.141000
699.617661,-823.666178,345.689000
662.127998,-836.640586,446.104000
671.575234,-868.487451,413.652000
665.845714,-860.697027,461.000000
734.852988,-807.358218,335.969000
724.723514,-784.918012,388.133000
722.465927,-782.646554,371.297000
705.753640,-801.217561,354.392000
723.536843,-812.213780,398.000000
763.900000,-694.158000,374.474000
760.771000,-675.500000,362.469000
742.900000,-680.839000,350.513000
751.552000,-694.500000,338.557000
746.092000,-684.164000,383.000000
736.885068,-712.556558,352.000000
735.633398,-689.424096,342.240000
711.016768,-675.600113,332.480000
723.614609,-704.773426,362.680000
728.439604,-686.216464,370.000000
766.000000,-613.066000,344.900000
715.995000,-578.200000,336.080000
693.000000,-641.848000,363.296000
762.204000,-656.200000,354.512000
744.319000,-650.038000,371.000000
765.700000,-544.760000,353.980000
708.580000,-537.600000,349.100000
705.700000,-540.960000,344.200000
718.600000,-577.600000,339.320000
764.380000,-563.720000,354.000000
708.600000,-574.704000,481.660000
699.360000,-536.400000,428.985000
666.600000,-551.142000,376.525000
686.886000,-578.400000,538.850000
423.961079,-1021.258740,346.920000
423.958067,-990.555236,337.160000
393.707239,-982.706598,367.360000
407.951985,-1018.459844,357.600000
421.731194,-993.430393,369.000000
477.094478,-970.871655,342.104000
459.387163,-929.835057,404.096000
428.540193,-936.844844,384.088000
426.375716,-939.917818,363.998000
458.336700,-971.759071,410.000000
508.448932,-941.046721,332.485000
510.266481,-938.095125,331.260000
475.933765,-903.039005,330.040000
465.209082,-930.124344,328.820000
468.480644,-914.285800,333.000000
532.579205,-923.990274,342.041000
560.843816,-878.712427,336.917000
514.357431,-861.540402,331.772000
508.286860,-909.150936,347.648000
532.788992,-874.100003,350.000000
602.489278,-869.851372,334.190000
618.719361,-835.168154,330.515000
578.247359,-850.879304,341.855000
579.245977,-881.763527,338.180000
620.068307,-841.410329,344.000000
576.462795,-847.694545,327.490000
568.021316,-822.683021,332.782000
542.405523,-836.670793,331.067000
543.083290,-839.557596,329.359000
563.674856,-854.498558,334.000000
596.679908,-808.947576,354.790000
596.864070,-807.242753,346.250000
583.848302,-802.610532,337.710000
567.487577,-821.814309,329.135000
578.208147,-810.239041,362.000000
621.285614,-798.117289,342.608000
634.118127,-778.435320,334.768000
614.987094,-777.482538,326.960000
611.392098,-796.452468,351.152000
626.330952,-780.108916,358.000000
673.582680,-803.391984,330.402000
661.996542,-765.905323,340.986000
631.290028,-763.007843,337.556000
658.403111,-807.549262,334.140000
653.190876,-800.052814,341.000000
725.643002,-753.060214,361.008000
708.453835,-709.332898,353.413000
703.922393,-706.311238,345.849000
663.555708,-749.229273,338.254000
672.436240,-732.451602,362.000000
416.106690,-933.710749,341.456000
434.532911,-905.705718,337.064000
394.348460,-871.551123,332.654000
392.928788,-906.766424,346.262000
401.737634,-888.384308,347.000000
451.896833,-902.461706,335.904000
456.011229,-874.173232,331.268000
426.771485,-864.903631,345.632000
436.236778,-897.424290,340.977000
451.727972,-877.178512,347.000000
508.607913,-858.493040,330.256000
514.281632,-824.216871,342.336000
469.328724,-847.837635,338.432000
481.380240,-878.927979,334.528000
483.120768,-872.210644,344.000000
485.046632,-825.460391,354.815000
475.970319,-802.978011,347.251000
472.181900,-804.995816,339.656000
445.498262,-833.675831,332.092000
455.794767,-821.724665,359.000000
535.312673,-832.556991,344.110000
551.504657,-814.025150,337.005000
535.168814,-809.511814,329.929000
527.474546,-827.253859,351.824000
539.438089,-815.041351,356.000000
527.367577,-806.565831,328.884000
531.314396,-781.407348,327.420000
505.900741,-780.199507,331.950000
513.712987,-807.341891,330.486000
532.420188,-787.730617,333.000000
573.496996,-799.208992,326.507000
552.899958,-756.517058,336.322000
523.171322,-762.756345,333.150000
522.071494,-766.117547,329.965000
560.142668,-805.313574,339.000000
593.618078,-741.203528,330.578000
595.359298,-739.126975,329.114000
583.219106,-731.609816,327.644000
567.757859,-749.534477,326.180000
576.387566,-741.015035,332.000000
612.645324,-746.307968,329.870000
625.804287,-723.134454,327.430000
601.622994,-714.057369,334.990000
599.892073,-738.806007,332.540000
614.638179,-723.694271,335.000000
585.875549,-726.931907,330.996000
607.023286,-698.766410,355.911000
569.609293,-720.802668,347.859000
563.459383,-741.899430,339.807000
608.649545,-703.973362,357.000000
681.093054,-706.349033,343.720000
662.462274,-655.502381,338.840000
611.043583,-684.581642,333.940000
613.645369,-690.559468,329.060000
622.176409,-678.784644,345.000000
345.225593,-1012.477310,332.932000
336.974377,-1000.571770,329.992000
252.748453,-913.651280,327.064000
257.569643,-974.020797,336.124000
270.622583,-954.243970,337.000000
350.485923,-989.397534,339.475000
386.355308,-948.287707,330.935000
348.602431,-958.753766,357.360000
331.382474,-993.222027,348.820000
373.105881,-957.987474,361.000000
347.588906,-956.157785,332.398000
323.263593,-884.158975,349.030000
265.774067,-879.579824,343.662000
319.578012,-965.414510,338.272000
318.476276,-960.879127,352.000000
386.545307,-862.978459,437.088000
352.353954,-806.357583,404.748000
346.937713,-802.405367,372.540000
324.251789,-836.803943,340.332000
332.655978,-827.311611,459.000000
390.894884,-850.285723,339.276000
406.415659,-823.974654,333.908000
368.173435,-791.479615,328.518000
368.715016,-825.088709,345.150000
381.220138,-813.263739,349.000000
455.562125,-794.786253,330.962000
453.433615,-762.726013,327.532000
420.719362,-747.082551,338.116000
438.131549,-786.732961,334.686000
455.274531,-771.863903,341.000000
495.875807,-761.758959,326.000000
479.293992,-721.973993,326.000000
449.796901,-724.440867,326.000000
481.905661,-771.280591,326.000000
484.134642,-769.102438,326.000000
582.061320,-684.022119,336.696000
568.812624,-660.703043,332.792000
565.948621,-662.327416,328.888000
550.081521,-683.653513,340.968000
558.566967,-676.851619,341.000000
543.354648,-718.032781,327.280000
557.012166,-694.208486,326.055000
529.518060,-677.767046,329.835000
528.408285,-704.967090,328.615000
543.176626,-693.574097,330.000000
528.128839,-677.179072,327.880000
544.167670,-654.895531,339.976000
518.282418,-667.137912,336.056000
513.349487,-685.165921,332.152000
543.917797,-660.736454,341.000000
590.935960,-640.616464,346.530000
584.530833,-616.607494,340.160000
559.928379,-628.373010,333.816000
558.847713,-630.959115,327.446000
563.356699,-628.326934,349.000000
292.094903,-833.951791,349.015000
292.440907,-831.903991,340.475000
273.971968,-811.239144,331.900000
267.133760,-827.143682,358.360000
274.292093,-823.370449,362.000000
252.406060,-866.183229,324.942000
257.082390,-823.740426,321.526000
203.778380,-783.474460,332.110000
222.271138,-839.413038,328.680000
245.400957,-826.113086,334.000000
322.570353,-801.662186,326.000000
316.029489,-765.604682,326.000000
283.861544,-762.199857,326.000000
306.014646,-804.284244,326.000000
332.267723,-786.845734,326.000000
295.856306,-704.792948,327.208000
295.324649,-690.222016,326.232000
269.350960,-711.448180,325.256000
270.002522,-712.914130,324.276000
276.728639,-707.773460,328.000000
356.142003,-703.496642,328.689000
355.464622,-702.476174,326.974000
345.982092,-699.243068,325.266000
338.112181,-711.662865,330.558000
345.793093,-705.533355,332.000000
334.360556,-699.299671,325.255000
342.929068,-687.754758,324.035000
332.741261,-691.289090,327.810000
329.114693,-700.802570,326.590000
340.447132,-691.120888,329.000000
367.260896,-689.738042,327.904000
363.382899,-668.120142,326.924000
343.105301,-672.150181,325.948000
356.519642,-695.722479,324.968000
340.305920,-674.574854,328.000000
406.742054,-667.278019,328.800000
392.156155,-653.815033,327.824000
390.028012,-655.089006,326.844000
381.510716,-687.230644,329.868000
387.262094,-677.489428,330.000000
420.510487,-664.265417,334.056000
437.281682,-632.239677,329.420000
411.144854,-628.168328,343.784000
406.449334,-656.697037,339.129000
421.979409,-640.487238,345.000000
402.893332,-605.082434,330.301000
384.826774,-623.476981,367.296000
366.711077,-647.824725,355.340000
393.640202,-617.640717,343.384000
395.529180,-611.403757,372.000000
565.314896,-589.496900,342.952000
573.656770,-565.414677,337.096000
534.964374,-591.466681,331.216000
540.586187,-610.011777,325.360000
535.381711,-593.560216,346.000000
562.900000,-536.177000,336.352000
523.100000,-533.300000,330.472000
522.900000,-535.946000,324.616000
533.220000,-554.300000,342.736000
538.100000,-546.131000,346.000000
496.284169,-660.443202,334.338000
515.036331,-635.473818,327.262000
491.664392,-629.073658,349.157000
484.528104,-653.565863,342.081000
504.416836,-641.494461,354.000000
483.576539,-609.676110,321.000000
488.106804,-581.251232,321.000000
459.169822,-581.791053,321.000000
467.884198,-612.216900,321.000000
496.512033,-596.329991,321.000000
470.500000,-565.538000,321.000000
462.530000,-563.200000,321.000000
460.500000,-569.703000,321.000000
461.110000,-570.200000,321.000000
462.570000,-568.856000,321.000000
454.708921,-573.196070,321.000000
454.563027,-571.849757,321.000000
444.567758,-571.547744,321.000000
442.066776,-586.156700,321.000000
446.658170,-579.096310,321.000000
427.546376,-594.021010,321.880000
432.426937,-570.268987,324.900000
420.716301,-580.778934,323.924000
421.286376,-598.134698,322.944000
430.524361,-578.297580,325.000000
479.100000,-551.810000,321.000000
453.900000,-546.500000,321.000000
437.100000,-553.820000,321.000000
473.346000,-556.500000,321.000000
438.528000,-546.550000,321.000000
413.514023,-559.636783,321.000000
409.127063,-546.690332,321.000000
393.767422,-583.604089,321.000000
394.978715,-584.104558,321.000000
400.362360,-574.892872,321.000000
392.892525,-568.989562,321.000000
400.316636,-543.106907,321.000000
389.807338,-547.128590,321.000000
387.171569,-567.144996,321.000000
393.566546,-554.209001,321.000000
1331.518663,-501.589263,310.552000
1357.978430,-477.246169,352.888000
1329.440138,-478.730973,339.168000
1316.699173,-501.784355,325.504000
1352.175721,-486.777408,360.000000
1269.500000,-508.430000,332.576000
1225.885000,-494.600000,325.716000
1204.500000,-518.660000,318.884000
1265.210000,-524.600000,312.024000
1213.340000,-522.650000,337.000000
1269.000000,-423.727000,318.886000
1243.674000,-416.200000,313.762000
1242.000000,-418.930000,308.617000
1247.427000,-455.200000,324.493000
1253.097000,-442.213000,328.000000
1188.300000,-526.032000,314.060000
1177.588000,-496.400000,310.644000
1136.300000,-507.216000,321.228000
1160.688000,-528.400000,317.798000
1172.024000,-509.168000,324.000000
1131.300000,-512.920000,313.045000
1119.450000,-486.600000,315.313000
1106.300000,-510.800000,314.578000
1124.725000,-526.600000,313.846000
1130.375000,-491.880000,316.000000
1190.100000,-456.720000,317.912000
1133.784000,-449.700000,315.960000
1114.100000,-465.414000,314.008000
1114.404000,-467.700000,312.048000
1132.188000,-465.252000,320.000000
1203.900000,-411.828000,323.776000
1203.054000,-407.400000,315.446000
1109.900000,-412.440000,341.150000
1135.468000,-443.400000,332.854000
1158.216000,-428.892000,342.000000
963.800000,-515.865000,324.564000
954.416000,-496.200000,326.832000
929.800000,-505.584000,326.097000
948.126000,-519.200000,325.365000
956.626000,-503.767000,327.000000
1005.000000,-451.240000,345.738000
966.920000,-433.600000,339.368000
935.000000,-453.880000,333.024000
991.490000,-463.600000,326.654000
939.550000,-435.430000,348.000000
912.300000,-504.500000,388.700000
871.700000,-494.900000,364.300000
862.300000,-523.190000,339.800000
866.050000,-524.900000,415.400000
879.350000,-518.720000,425.000000
911.700000,-446.380000,331.025000
909.646000,-444.300000,324.925000
885.700000,-452.740000,343.825000
894.592000,-484.300000,337.700000
901.716000,-465.340000,347.000000
914.100000,-425.750000,329.944000
896.750000,-402.200000,408.464000
864.100000,-416.540000,383.088000
894.600000,-432.200000,357.712000
908.700000,-409.970000,425.000000
864.200000,-482.923000,394.990000
826.132000,-473.100000,375.714000
802.200000,-487.274000,356.359000
856.636000,-492.100000,337.083000
812.554000,-491.929000,410.000000
863.600000,-437.931000,373.265000
808.916000,-433.200000,353.910000
801.600000,-433.466000,334.634000
810.590000,-452.200000,394.279000
829.066000,-446.937000,410.000000
772.000000,-519.804000,355.533000
772.000000,-458.194000,382.068000
754.900000,-400.000000,334.305000
658.000000,-434.282000,399.990000
658.000000,-471.736000,333.174000
705.082000,-522.000000,378.762000
739.966000,-455.632000,420.000000
721.840000,-442.212000,420.000000
634.400000,-486.536000,389.878000
609.797000,-398.000000,373.774000
575.400000,-466.076000,357.670000
615.520000,-522.000000,341.500000
634.046000,-421.312000,391.000000
574.200000,-454.281000,348.736000
535.155000,-399.300000,338.446000
517.200000,-499.668000,328.198000
571.236000,-522.300000,359.950000
532.590000,-512.460000,361.000000
480.900000,-476.681000,331.096000
452.310000,-469.700000,324.264000
450.900000,-472.976000,345.404000
457.380000,-508.700000,338.572000
467.250000,-495.167000,347.000000
405.300000,-513.962000,318.256000
399.580000,-475.700000,324.296000
379.300000,-490.484000,322.344000
391.858000,-517.700000,320.384000
400.646000,-491.870000,325.000000
499.500000,-437.784000,315.238000
477.052000,-398.500000,315.726000
453.500000,-436.259000,316.216000
488.046000,-459.500000,316.704000
457.962000,-405.698000,315.000000
1271.200000,-318.248000,358.425000
1244.775000,-290.800000,337.685000
1236.200000,-355.551000,316.945000
1236.830000,-363.800000,381.120000
1249.220000,-352.850000,392.000000
1217.300000,-318.407000,341.710000
1216.150000,-315.900000,320.395000
1167.300000,-319.442000,386.167000
1181.600000,-338.900000,364.939000
1199.700000,-329.286000,400.000000
1167.900000,-364.305000,317.698000
1156.260000,-276.000000,383.470000
1127.900000,-320.310000,362.242000
1150.060000,-381.000000,340.927000
1164.820000,-309.075000,400.000000
1100.100000,-325.785000,436.082000
1044.300000,-300.000000,397.372000
1010.700000,-300.000000,446.036000
1000.100000,-331.050000,358.820000
1082.200000,-345.000000,320.268000
1096.000000,-345.000000,357.240000
1020.000000,-302.115000,471.000000
997.200000,-360.410000,373.827000
947.640000,-349.700000,347.231000
937.200000,-383.195000,320.526000
942.540000,-384.700000,402.930000
965.640000,-377.000000,428.000000
998.100000,-260.330000,343.852000
992.520000,-259.000000,426.147000
938.100000,-266.875000,399.551000
959.460000,-294.000000,372.846000
983.100000,-276.920000,428.000000
879.400000,-376.633000,392.592000
871.097000,-358.900000,375.268000
856.400000,-370.239000,357.873000
870.752000,-381.900000,340.549000
856.998000,-364.512000,396.000000
830.200000,-366.196000,376.672000
810.072000,-350.100000,359.104000
798.200000,-374.420000,341.536000
826.744000,-382.100000,395.896000
807.832000,-381.364000,400.000000
889.700000,-309.255000,355.882000
833.252000,-296.800000,335.792000
826.700000,-298.284000,397.784000
836.717000,-349.800000,377.776000
863.051000,-334.377000,405.000000
918.300000,-292.676000,324.375000
902.556000,-261.700000,332.691000
822.300000,-271.140000,329.996000
863.292000,-293.700000,327.312000
904.092000,-275.844000,334.000000
775.600000,-340.100000,421.650000
757.067000,-315.600000,394.945000
732.600000,-335.305000,368.349000
762.485000,-350.600000,341.644000
738.104000,-321.690000,438.000000
769.600000,-283.936000,377.086000
740.242000,-263.200000,355.370000
727.600000,-303.088000,333.565000
768.004000,-311.200000,400.849000
744.568000,-306.688000,415.000000
706.400000,-264.295000,327.768000
659.017000,-253.900000,323.864000
657.400000,-260.074000,335.960000
668.670000,-316.900000,332.040000
690.671000,-294.157000,339.000000
646.650000,-365.504000,321.265000
615.130200,-247.100000,362.790000
511.950000,-295.412000,349.370000
578.895900,-379.100000,335.950000
640.588500,-296.072000,375.000000
525.689400,-308.480000,375.000000
502.100000,-331.590000,343.362000
438.346000,-247.800000,332.138000
375.100000,-331.989000,320.868000
472.255000,-380.800000,309.644000
404.310000,-261.632000,355.000000
471.874000,-282.513000,355.000000
1095.100000,-187.932000,337.880000
984.364000,-156.800000,328.080000
951.100000,-234.286000,358.320000
955.852000,-242.800000,348.520000
1023.964000,-228.696000,359.000000
1012.012000,-161.702000,359.000000
921.400000,-167.150000,374.196000
921.400000,-233.825000,335.291000
918.625000,-160.100000,563.952000
880.225000,-160.100000,390.260000
846.400000,-172.775000,502.457000
846.400000,-166.250000,445.229000
868.900000,-235.100000,441.213000
892.525000,-235.100000,500.198000
994.700000,-85.251400,327.280000
980.365000,-70.200000,325.084000
947.700000,-78.135200,322.888000
974.396000,-88.400000,320.683000
950.379000,-75.678200,328.000000
999.059087,-54.846471,337.415000
977.472662,-40.614416,330.800000
957.428918,-48.757388,324.212000
990.743834,-60.825572,344.624000
973.451130,-40.357870,347.000000
856.078591,-111.073804,330.749000
834.034398,-90.165200,325.625000
819.464578,-101.970835,341.480000
822.236357,-104.429978,336.356000
839.636477,-110.686280,344.000000
895.245385,-75.772601,321.564000
889.970037,-71.782840,326.094000
840.723102,-47.914619,324.630000
850.035199,-75.718654,323.160000
883.090645,-81.871274,327.000000
918.055001,-26.827100,333.088000
909.271900,-2.093380,329.184000
878.786323,-5.870724,325.264000
900.843073,-27.750388,321.360000
887.869342,-1.140161,336.000000
875.653643,4.937702,322.046000
869.576806,28.333544,318.874000
851.964664,0.891529,315.702000
866.832613,-14.168070,325.517000
858.007086,-9.451796,328.000000
783.200000,-201.787000,346.559000
746.800000,-191.400000,327.771000
743.200000,-193.374000,385.906000
750.120000,-238.400000,367.118000
771.640000,-224.065000,403.000000
712.800000,-235.200000,325.946000
704.790000,-187.500000,324.482000
667.800000,-203.000000,323.018000
687.645000,-237.500000,321.548000
712.170000,-208.850000,326.000000
638.700000,-209.520000,336.764000
605.696000,-195.800000,329.659000
564.700000,-207.340000,322.583000
617.166000,-215.800000,344.507000
584.088000,-199.000000,345.000000
423.000000,-206.220000,344.160000
399.471000,-189.500000,322.444000
390.000000,-223.300000,389.639000
422.208000,-229.500000,367.923000
407.721000,-225.180000,394.000000
776.400000,-74.960000,320.485000
722.445000,-65.900000,327.280000
721.400000,-72.620000,325.084000
734.820000,-125.900000,322.879000
766.115000,-103.400000,328.000000
769.250000,-34.020000,354.672000
742.590000,1.300000,342.960000
661.750000,-13.900000,331.200000
716.682500,-38.700000,319.488000
671.317500,-12.980000,360.000000
507.800000,-23.368000,317.099000
476.840000,6.200000,311.487000
447.800000,-24.904000,305.875000
494.540000,-41.800000,323.240000
469.640000,1.928000,326.000000
243.581706,-579.067536,322.338000
237.107436,-562.258194,322.093000
220.312943,-572.637814,322.849000
219.748672,-574.597914,322.605000
231.197438,-580.760350,323.000000
296.500000,-327.920000,312.062000
296.041000,-326.000000,312.818000
287.500000,-330.392000,312.573000
290.326000,-350.000000,312.329000
295.735000,-339.296000,313.000000
283.000000,-317.817000,312.787000
275.344000,-310.500000,312.542000
259.000000,-314.550000,312.298000
272.968000,-319.500000,312.053000
263.584000,-313.083000,313.000000
163.249003,-564.191810,326.088000
172.297446,-533.931754,324.136000
139.377608,-532.584170,322.176000
144.376840,-567.242049,328.224000
172.558680,-536.118497,330.000000
143.316489,-298.432248,313.470000
127.077782,-272.400112,314.982000
106.034284,-286.216979,314.494000
108.682399,-289.360068,314.004000
128.552099,-300.426289,315.000000
141.432009,-591.538554,406.520000
139.870717,-588.959029,385.205000
112.089906,-586.939532,363.977000
80.592541,-631.504229,342.749000
100.634776,-599.005602,410.000000
3.879192,-457.073235,326.840000
87.742890,-554.785686,324.400000
61.483516,-464.988663,321.950000
-7.447986,-411.516877,329.510000
79.243139,-516.006808,330.000000
150.246911,-437.036515,328.998000
162.192459,-386.055507,323.608000
98.366765,-417.771976,340.240000
112.284900,-463.646125,334.850000
105.021538,-447.770405,342.000000
94.746428,-367.638298,318.522000
129.250114,-362.708764,344.226000
127.888567,-357.352398,335.896000
69.336278,-296.931733,327.600000
71.459838,-332.170031,348.000000
24.518865,-318.735969,340.281000
60.980119,-264.896858,332.229000
8.835237,-243.909929,324.177000
-3.078098,-297.005163,316.092000
9.986407,-253.619919,345.000000
364.000000,-196.684000,312.894000
311.560000,-131.500000,308.729000
250.000000,-188.827000,304.581000
332.422000,-228.500000,317.433000
295.144000,-145.662000,320.000000
355.450000,-223.650000,320.000000
299.792286,-56.016265,307.284000
300.448043,-25.488077,303.868000
261.944493,-47.708946,314.438000
276.738060,-75.644919,311.022000
274.906752,-64.091529,317.000000
209.000000,-13.015000,310.031000
171.190000,0.000000,310.786000
171.000000,-12.065000,310.542000
180.804000,-95.000000,310.298000
206.986000,-57.950000,311.000000
170.000000,-186.835000,323.305000
125.290000,0.000000,320.621000
0.000000,-84.710000,317.926000
89.420000,-215.000000,315.242000
37.740000,-73.745000,326.000000
154.020000,-72.455000,326.000000
102.680000,-130.290000,326.000000
68.510000,-17.845000,326.000000
