1522.700000,-1109.523000,305.106000
1519.742000,-1072.200000,304.616000
1505.700000,-1084.134000,304.128000
1513.129000,-1111.200000,305.640000
1512.925000,-1089.009000,306.000000
1493.900000,-1069.634000,307.878000
1478.756000,-1052.600000,307.388000
1469.900000,-1078.508000,306.900000
1491.356000,-1086.600000,306.410000
1470.836000,-1085.750000,308.000000
1570.100000,-964.300000,303.268000
1567.316000,-963.400000,301.560000
1538.100000,-967.760000,306.852000
1549.300000,-983.400000,305.137000
1558.996000,-973.780000,308.000000
1526.200000,-970.570000,315.200000
1518.055000,-952.900000,310.320000
1511.200000,-973.120000,305.420000
1523.290000,-982.900000,320.540000
1515.205000,-954.790000,321.000000
1508.400000,-960.024000,301.864000
1466.442000,-956.300000,308.668000
1466.400000,-959.940000,306.463000
1477.404000,-984.300000,304.267000
1503.402000,-973.268000,310.000000
1509.304373,-741.027386,313.014000
1476.689981,-726.898266,306.426000
1494.136875,-753.337931,326.811000
1519.152000,-755.337347,320.223000
1482.192377,-732.293903,327.000000
1427.300000,-581.540000,323.624000
1405.436000,-569.000000,319.214000
1403.300000,-571.451000,314.822000
1407.476000,-626.000000,310.430000
1405.940000,-608.558000,326.000000
1390.800000,-632.696000,310.032000
1368.780000,-622.000000,308.072000
1330.800000,-628.986000,314.120000
1368.600000,-636.000000,312.160000
1374.240000,-625.332000,316.000000
1366.100000,-588.768000,315.040000
1352.092000,-574.600000,312.345000
1349.100000,-618.530000,309.661000
1350.579000,-620.600000,317.966000
1354.846000,-610.572000,319.000000
1347.700000,-615.532000,308.050000
1340.700000,-580.600000,309.562000
1322.700000,-597.451000,309.074000
1336.275000,-621.600000,308.584000
1346.500000,-593.966000,310.000000
1448.900000,-1090.392000,308.055000
1421.668000,-1079.700000,306.835000
1411.900000,-1103.109000,310.610000
1448.863000,-1106.700000,309.390000
1432.842000,-1103.190000,311.000000
1344.200000,-1105.860000,308.000000
1340.360000,-1073.900000,308.000000
1324.200000,-1084.882000,308.000000
1333.300000,-1107.900000,308.000000
1327.820000,-1087.942000,308.000000
1442.100000,-1051.860000,305.928000
1420.068000,-1042.200000,318.024000
1408.100000,-1057.800000,314.104000
1439.074000,-1062.200000,310.200000
1435.130000,-1061.340000,319.000000
1434.000000,-1006.594000,314.380000
1424.744000,-1006.000000,309.480000
1345.000000,-1011.192000,304.600000
1377.663000,-1028.000000,319.720000
1381.401000,-1017.022000,323.000000
1344.900000,-1042.989000,322.235000
1310.180000,-1009.300000,318.070000
1282.900000,-1050.128000,313.922000
1333.926000,-1068.300000,309.757000
1284.326000,-1011.955000,323.000000
1446.100000,-946.210000,306.760000
1445.692000,-942.300000,303.344000
1422.100000,-947.332000,313.928000
1428.820000,-976.300000,310.498000
1437.388000,-962.326000,316.000000
1399.000000,-976.547000,305.178000
1377.715000,-954.800000,304.446000
1354.000000,-974.732000,303.714000
1387.120000,-987.800000,305.979000
1365.295000,-959.189000,306.000000
1337.700000,-957.999000,304.448000
1322.836000,-951.300000,307.472000
1321.700000,-953.280000,306.492000
1324.772000,-984.300000,305.516000
1335.540000,-973.641000,308.000000
1430.300000,-928.846000,322.418000
1412.205000,-915.400000,312.414000
1383.300000,-924.688000,302.369000
1413.756000,-933.400000,333.365000
1405.860000,-919.360000,343.000000
1308.000000,-857.380000,350.432000
1292.862000,-836.500000,338.672000
1290.000000,-906.556000,326.960000
1291.872000,-908.500000,315.248000
1291.692000,-891.508000,356.000000
1302.100000,-774.884000,314.830000
1297.645000,-753.200000,307.725000
1287.100000,-764.354000,329.649000
1295.500000,-779.200000,322.573000
1297.720000,-761.208000,336.000000
1356.800000,-785.470000,326.024000
1302.584000,-779.800000,318.919000
1284.800000,-793.075000,311.843000
1285.952000,-794.800000,333.738000
1307.984000,-792.580000,336.000000
1451.000000,-775.430000,301.476000
1428.950000,-761.600000,328.692000
1346.000000,-766.715000,319.908000
1395.665000,-776.600000,311.088000
1444.280000,-767.540000,336.000000
1446.700000,-740.442000,315.372000
1437.376000,-723.200000,306.588000
1432.700000,-752.689000,333.768000
1445.706000,-760.200000,324.984000
1440.400000,-757.980000,336.000000
1445.200000,-706.050000,339.024000
1434.952000,-705.900000,327.312000
1361.200000,-709.695000,315.552000
1393.540000,-720.900000,303.840000
1374.976000,-713.160000,348.000000
1359.800000,-721.998000,320.358000
1350.552000,-701.500000,352.110000
1343.800000,-727.733000,341.820000
1357.256000,-738.500000,331.572000
1356.264000,-702.499000,354.000000
1342.600000,-700.458000,336.570000
1341.342000,-699.100000,326.280000
1305.600000,-701.424000,316.032000
1316.589000,-713.100000,347.784000
1320.141000,-707.094000,354.000000
1302.800000,-723.712000,352.782000
1294.470000,-703.200000,342.492000
1285.800000,-723.104000,332.244000
1298.601000,-735.200000,321.996000
1285.919000,-706.880000,354.000000
1268.400000,-1053.075000,313.069000
1244.750000,-1042.900000,308.904000
1243.400000,-1047.190000,321.756000
1248.625000,-1097.900000,317.591000
1258.925000,-1079.145000,324.000000
1228.600000,-1096.099000,310.710000
1224.570000,-1073.500000,309.490000
1218.600000,-1090.054000,308.270000
1225.260000,-1104.500000,307.045000
1220.950000,-1079.793000,312.000000
1220.900000,-1097.230000,309.384000
1194.271000,-1094.500000,311.652000
1189.900000,-1104.400000,310.917000
1193.682000,-1104.500000,310.185000
1216.219000,-1101.970000,312.000000
1216.600000,-1068.955000,307.514000
1214.080000,-1056.700000,307.270000
1208.600000,-1063.390000,307.025000
1213.224000,-1071.700000,307.781000
1212.304000,-1061.065000,308.000000
1195.000000,-1063.996000,311.700000
1187.290000,-1051.000000,310.968000
1185.000000,-1083.472000,310.233000
1185.340000,-1087.000000,309.501000
1185.780000,-1081.024000,312.000000
1187.000000,-1101.204000,313.146000
1183.595000,-1077.700000,310.451000
1172.000000,-1087.034000,318.767000
1179.350000,-1103.700000,316.083000
1182.380000,-1087.528000,321.000000
1148.400000,-1088.800000,311.000000
1114.250000,-1077.600000,311.000000
1098.400000,-1097.975000,311.000000
1145.700000,-1102.600000,311.000000
1113.700000,-1100.650000,311.000000
1231.100000,-1019.824000,309.116000
1228.042000,-998.000000,310.626000
1209.100000,-1003.962000,310.138000
1217.944000,-1020.000000,309.648000
1229.340000,-1008.252000,311.000000
1206.100000,-1026.676000,311.215000
1197.756000,-1004.700000,309.995000
1192.100000,-1034.507000,313.775000
1204.126000,-1045.700000,312.550000
1199.576000,-1005.110000,314.000000
1143.300000,-1003.660000,323.606000
1141.324000,-999.900000,320.190000
1105.300000,-1008.501000,316.760000
1117.270000,-1046.900000,313.344000
1110.924000,-1025.938000,326.000000
1268.000000,-931.440000,309.505000
1253.268000,-925.200000,314.797000
1239.000000,-931.590000,313.082000
1261.359000,-935.200000,311.374000
1261.127000,-926.180000,315.000000
1238.900000,-952.844000,312.404000
1226.368000,-947.300000,311.428000
1225.900000,-950.435000,310.448000
1228.851000,-980.300000,313.472000
1230.801000,-968.453000,314.000000
1224.200000,-969.308000,313.948000
1219.160000,-949.400000,312.968000
1212.200000,-964.856000,311.992000
1220.396000,-977.400000,311.016000
1224.092000,-954.580000,314.000000
1179.800000,-968.360000,311.492000
1159.652000,-965.300000,310.512000
1156.800000,-965.396000,313.536000
1159.997000,-977.300000,312.556000
1170.715000,-974.048000,314.000000
1190.200000,-958.770000,322.886000
1168.288000,-934.800000,318.738000
1124.200000,-948.720000,314.590000
1163.470000,-964.800000,310.425000
1138.654000,-942.990000,327.000000
1268.300000,-861.046000,309.720000
1257.254000,-853.500000,313.500000
1254.300000,-873.740000,312.280000
1255.028000,-875.500000,311.055000
1265.962000,-871.474000,314.000000
1257.000000,-848.727000,312.060000
1254.060000,-830.100000,311.572000
1245.000000,-837.996000,311.082000
1251.096000,-851.100000,312.594000
1250.364000,-837.681000,313.000000
1157.500000,-855.530000,316.000000
1148.387000,-842.600000,316.000000
1144.500000,-867.560000,316.000000
1157.032000,-872.600000,316.000000
1145.306000,-869.750000,316.000000
1145.100000,-872.325000,316.000000
1139.605000,-857.700000,316.000000
1110.100000,-862.020000,316.000000
1124.800000,-872.700000,316.000000
1133.760000,-864.420000,316.000000
1259.300000,-794.762000,310.312000
1247.040000,-790.100000,310.557000
1239.300000,-796.805000,310.801000
1256.820000,-799.100000,310.045000
1245.100000,-799.028000,310.000000
1213.100000,-752.882000,313.000000
1212.203000,-749.100000,313.000000
1200.100000,-761.361000,313.000000
1204.416000,-810.100000,313.000000
1211.852000,-781.796000,313.000000
1200.200000,-785.466000,320.803000
1193.375000,-748.500000,316.655000
1187.200000,-788.577000,329.507000
1197.444000,-809.500000,325.342000
1193.934000,-753.380000,330.000000
1142.500000,-784.900000,323.915000
1106.166000,-781.000000,322.207000
1105.500000,-783.938000,320.492000
1114.565000,-807.000000,318.784000
1110.384000,-797.224000,325.000000
1270.600000,-748.822000,312.924000
1248.700000,-739.800000,315.948000
1220.600000,-747.197000,314.968000
1255.650000,-752.800000,313.992000
1257.900000,-741.984000,316.000000
1238.100000,-699.372000,327.489000
1198.764000,-688.900000,323.341000
1194.100000,-690.000000,319.176000
1201.008000,-732.900000,332.028000
1209.984000,-720.228000,334.000000
1172.300000,-721.624000,317.006000
1163.200000,-696.600000,318.516000
1146.300000,-711.992000,318.028000
1162.238000,-728.600000,317.540000
1171.650000,-704.760000,319.000000
1138.700000,-690.375000,320.167000
1116.132000,-685.500000,319.432000
1110.700000,-699.570000,321.700000
1112.632000,-700.500000,320.965000
1127.192000,-697.485000,322.000000
1202.900000,-660.618000,335.825000
1181.416000,-641.500000,330.190000
1120.900000,-650.168000,324.578000
1163.950000,-663.500000,318.943000
1137.546000,-649.046000,341.000000
1148.800000,-617.972000,317.120000
1120.080000,-599.800000,322.412000
1108.800000,-637.200000,320.704000
1148.040000,-643.800000,318.989000
1141.480000,-638.828000,323.000000
1251.400000,-633.436000,316.006000
1234.250000,-587.500000,313.322000
1153.400000,-602.188000,310.627000
1196.324000,-635.500000,318.943000
1195.638000,-608.188000,321.000000
1253.000000,-574.521000,335.824000
1199.365000,-564.000000,328.016000
1168.000000,-580.002000,320.176000
1243.990000,-585.000000,312.368000
1171.825000,-584.475000,338.000000
994.600000,-1063.730000,337.306000
989.902000,-1062.200000,320.958000
940.600000,-1069.612000,371.543000
959.500000,-1096.200000,355.195000
976.240000,-1079.846000,383.000000
1076.100000,-1030.006000,324.672000
1057.638000,-998.200000,320.262000
1042.100000,-1034.596000,315.870000
1069.504000,-1052.200000,329.478000
1051.416000,-1001.548000,330.000000
1024.800000,-1002.428000,318.810000
926.898000,-995.300000,325.605000
926.800000,-1002.374000,323.409000
952.476000,-1049.300000,321.204000
1013.824000,-1028.024000,327.000000
995.200000,-960.092000,352.725000
966.535000,-931.700000,335.401000
932.200000,-956.354000,389.077000
977.434000,-973.700000,371.682000
963.826000,-938.000000,390.000000
1073.100000,-895.220000,327.054000
1016.618000,-885.100000,323.638000
1011.100000,-887.078000,320.222000
1021.888000,-931.100000,316.792000
1018.292000,-917.024000,329.000000
1021.800000,-858.980000,321.482000
1009.656000,-824.600000,320.018000
988.800000,-847.055000,324.548000
1009.623000,-869.600000,323.084000
1012.890000,-835.310000,326.000000
1078.200000,-768.032000,347.751000
1053.480000,-751.400000,336.283000
1048.200000,-802.970000,324.768000
1050.810000,-805.400000,360.300000
1058.550000,-793.628000,365.000000
1028.200000,-798.996000,320.418000
1015.880000,-758.100000,337.050000
984.200000,-777.828000,331.660000
1008.092000,-806.100000,326.292000
1026.396000,-773.748000,342.000000
986.200000,-766.960000,332.505000
944.984000,-743.200000,327.360000
930.200000,-795.220000,343.236000
986.144000,-803.200000,338.112000
962.288000,-795.340000,345.000000
1023.800000,-737.618000,340.820000
1006.136000,-679.400000,335.920000
931.800000,-699.488000,331.040000
973.660000,-741.400000,326.140000
949.004000,-705.006000,345.000000
1083.800000,-633.580000,320.232000
1054.640000,-604.600000,325.524000
1038.800000,-651.400000,323.816000
1079.795000,-664.600000,322.101000
1074.845000,-662.020000,326.000000
987.100000,-607.993000,325.124000
985.228000,-606.400000,324.636000
969.100000,-620.324000,324.148000
975.706000,-665.400000,325.658000
976.570000,-635.959000,326.000000
965.000000,-647.327000,342.116000
956.040000,-626.200000,337.968000
949.000000,-651.804000,333.803000
962.184000,-663.200000,329.655000
949.464000,-627.865000,343.000000
1066.900000,-548.210000,328.012000
1064.588000,-542.000000,323.620000
930.900000,-549.992000,337.210000
968.980000,-596.000000,332.818000
1018.484000,-573.806000,340.000000
813.700000,-1086.419000,326.920000
797.618000,-1059.400000,324.225000
779.700000,-1084.164000,321.541000
804.724000,-1100.400000,329.857000
788.472000,-1064.853000,330.000000
892.700000,-1009.609000,325.696000
824.883000,-988.700000,337.776000
819.700000,-994.880000,333.872000
833.716000,-1091.700000,329.968000
883.356000,-1058.328000,340.000000
809.800000,-1040.560000,330.396000
798.635000,-995.800000,327.211000
780.800000,-1026.820000,324.039000
799.592000,-1055.800000,333.854000
794.894000,-1009.000000,337.000000
773.400000,-1079.450000,336.032000
729.668000,-1072.200000,332.128000
721.400000,-1096.525000,328.224000
726.808000,-1097.200000,324.304000
726.600000,-1091.300000,338.000000
772.800000,-1046.904000,353.404000
765.375000,-1000.200000,327.052000
747.800000,-1024.224000,408.592000
761.800000,-1056.200000,382.240000
765.650000,-1017.448000,433.000000
840.300000,-940.934000,373.622000
798.132000,-920.900000,354.590000
784.300000,-967.805000,335.480000
785.252000,-973.900000,394.448000
802.668000,-966.056000,401.000000
844.200000,-885.052000,330.735000
831.180000,-824.200000,346.611000
782.200000,-846.706000,341.466000
811.526000,-890.200000,336.342000
840.666000,-850.336000,351.000000
769.300000,-847.534000,356.523000
757.312000,-824.700000,341.088000
751.300000,-863.753000,388.716000
768.022000,-873.700000,373.344000
761.326000,-870.760000,393.000000
758.746496,-832.726843,380.841000
757.169764,-831.494844,365.406000
739.711865,-835.555568,350.034000
731.234615,-867.903478,334.599000
737.860573,-845.874134,393.000000
869.700000,-754.866000,328.474000
840.800000,-742.700000,342.064000
819.700000,-758.320000,337.672000
861.750000,-764.700000,333.262000
858.950000,-743.294000,343.000000
907.900000,-741.920000,335.404000
906.710000,-736.100000,331.012000
872.900000,-746.060000,326.620000
883.295000,-796.100000,340.210000
886.865000,-770.360000,343.000000
829.080319,-797.561774,521.944000
821.303513,-764.650782,474.120000
789.478379,-776.178044,426.100000
812.603782,-805.195682,378.276000
799.330603,-758.442365,529.000000
909.000000,-636.605000,335.400000
849.402000,-630.500000,329.544000
846.000000,-633.074000,347.664000
859.230000,-663.500000,341.808000
885.564000,-652.247000,351.000000
840.600000,-658.567000,384.728000
819.644000,-641.800000,366.916000
788.600000,-654.082000,349.031000
823.232000,-664.800000,331.219000
801.184000,-646.469000,404.000000
897.700000,-602.428000,351.230000
827.262000,-592.600000,513.555000
864.244000,-592.600000,518.930000
815.700000,-628.240000,461.095000
825.704000,-628.600000,408.635000
854.486000,-628.600000,398.100000
906.700000,-576.131000,332.620000
868.270000,-541.000000,328.945000
784.700000,-560.178000,325.285000
855.216000,-584.000000,336.610000
842.040000,-553.470000,340.000000
554.091629,-1137.455722,351.790000
538.363262,-1112.516935,344.470000
515.055136,-1132.739495,337.150000
514.251714,-1136.058684,329.800000
518.765789,-1132.495803,355.000000
525.618131,-1176.351842,370.361000
527.539972,-1147.116352,331.565000
529.048821,-1148.134083,477.050000
480.263972,-1127.353190,451.769000
496.632425,-1160.043051,412.814000
484.507750,-1151.864854,387.692000
517.579917,-1153.164820,485.000000
500.595408,-1098.178023,366.565000
502.607062,-1080.729596,351.681000
481.281689,-1090.656292,336.736000
487.972141,-1107.149413,382.852000
482.487623,-1096.906188,387.000000
562.097266,-1091.347250,330.559000
604.225293,-1047.216511,412.963000
561.034981,-1020.148937,386.258000
540.678580,-1065.672815,359.662000
584.460110,-1067.977904,434.000000
620.297348,-1033.080108,339.984000
608.500528,-1006.588275,332.144000
588.641201,-998.237050,356.336000
611.078501,-1032.018027,348.528000
612.443922,-1011.680422,358.000000
654.871845,-986.428753,335.053000
656.589657,-982.829617,332.358000
630.502201,-963.699836,329.674000
608.472215,-994.915233,326.990000
620.746723,-978.181442,337.000000
657.150723,-959.137881,335.151000
669.813109,-939.078975,364.596000
647.291259,-947.820525,355.080000
644.469560,-964.986865,345.525000
669.714141,-944.505604,366.000000
447.887513,-1086.238401,328.594000
423.611837,-1045.115081,328.350000
419.368263,-1046.281616,328.106000
396.861516,-1078.819847,328.861000
413.389848,-1075.271458,329.000000
448.833876,-1051.252069,391.700000
459.643322,-1028.447337,375.840000
436.425664,-1027.844292,359.915000
436.459971,-1050.666787,344.055000
461.865709,-1040.598731,393.000000
528.139608,-1020.257490,349.424000
521.603400,-999.624776,333.808000
519.615846,-997.564427,382.128000
497.728990,-1019.401823,366.512000
511.089696,-1022.551599,390.000000
497.204352,-1007.323016,364.848000
514.131748,-983.789785,352.892000
491.842019,-982.069878,340.887000
485.889485,-1004.529045,328.931000
500.308448,-981.902476,377.000000
551.941948,-1001.912858,332.692000
531.793150,-963.405355,358.362000
506.748317,-969.024923,350.066000
506.961157,-972.465790,341.770000
537.295441,-1002.655764,362.000000
576.652362,-979.367848,330.620000
613.459160,-938.843584,329.395000
579.479885,-933.328339,328.175000
560.768223,-970.705656,331.955000
589.905164,-944.748536,333.000000
575.820231,-933.256931,380.870000
588.752564,-907.450220,366.905000
546.112017,-935.439256,352.997000
548.461127,-954.624399,339.032000
543.426286,-939.101612,386.000000
628.067881,-931.793869,333.310000
664.496501,-893.203597,328.918000
628.495092,-873.543739,342.526000
610.551506,-912.393925,338.116000
641.136360,-902.797694,346.000000
693.013675,-856.666443,418.573000
699.639687,-823.693378,386.121000
662.166855,-836.609120,353.536000
671.553207,-868.460251,454.084000
659.088862,-852.432459,461.000000
738.505574,-804.400412,333.623000
738.537726,-801.977143,385.787000
718.813341,-785.604360,368.882000
708.931078,-805.141371,352.046000
727.767145,-809.969394,398.000000
763.900000,-687.014000,356.197000
752.875000,-675.500000,344.241000
742.900000,-687.983000,381.236000
759.469000,-694.500000,369.280000
753.925000,-677.020000,383.000000
745.227729,-705.800804,363.560000
719.632927,-669.665160,353.760000
717.454645,-670.386823,344.000000
711.295662,-689.560794,334.240000
713.845734,-681.357943,370.000000
766.000000,-632.332000,343.100000
734.026000,-578.200000,370.280000
693.000000,-622.582000,361.496000
744.173000,-656.200000,352.676000
747.969000,-591.304000,371.000000
765.700000,-547.120000,346.220000
712.060000,-537.600000,341.320000
705.700000,-538.600000,336.440000
715.120000,-577.600000,351.540000
727.720000,-566.040000,354.000000
708.600000,-569.202000,540.140000
693.900000,-536.400000,487.680000
666.600000,-556.644000,435.220000
692.346000,-578.400000,382.545000
431.398366,-1015.236144,344.280000
414.121159,-978.407668,334.520000
386.269952,-988.729194,364.720000
386.952193,-992.527260,354.960000
407.858487,-1008.762618,369.000000
464.859092,-980.779675,390.976000
477.071696,-951.673636,370.968000
440.800448,-926.916685,350.878000
444.562446,-962.376559,330.870000
449.601715,-935.192072,410.000000
501.361361,-946.786123,328.770000
488.397597,-911.089303,332.550000
459.706958,-916.179215,331.325000
487.109432,-957.169024,330.105000
484.772326,-948.896174,333.000000
527.170269,-928.370344,340.340000
565.186126,-884.074735,335.195000
519.766367,-857.160332,330.071000
503.944549,-903.788629,345.947000
530.476312,-882.303631,350.000000
605.893177,-867.094949,342.890000
617.341150,-833.466205,339.215000
574.843460,-853.635727,335.555000
580.624188,-883.465477,331.880000
565.893274,-862.890789,344.000000
582.547848,-842.766966,329.177000
581.954469,-839.889033,327.469000
559.634849,-822.718760,332.761000
548.010869,-845.642649,331.046000
565.214357,-843.910020,334.000000
583.002140,-820.023615,351.395000
593.182545,-802.696449,342.855000
572.657400,-811.672745,334.315000
571.169101,-826.360613,360.740000
590.192621,-802.156808,362.000000
635.686906,-786.455352,328.656000
626.087999,-768.518938,352.848000
623.123035,-770.894183,345.008000
606.835818,-790.825931,337.200000
623.670098,-793.458441,358.000000
669.683738,-806.549284,333.566000
668.311143,-773.703205,330.150000
635.188969,-759.850542,340.720000
652.088511,-799.751379,337.304000
663.616537,-774.818068,341.000000
726.389062,-752.456066,357.505000
707.981845,-708.750039,349.910000
703.176332,-706.915386,342.346000
664.059165,-749.850990,334.782000
676.691332,-736.276088,362.000000
421.338437,-929.474164,333.338000
426.573266,-895.876376,346.928000
389.116714,-875.787708,342.536000
400.888432,-916.595766,338.144000
424.566438,-905.878279,347.000000
461.036070,-895.060899,339.913000
444.881698,-860.429406,335.258000
417.632249,-872.304439,330.622000
419.046891,-876.196548,344.967000
431.605752,-881.313287,347.000000
489.070464,-874.314155,328.192000
522.983245,-834.962468,340.288000
488.866173,-832.016521,336.384000
472.678627,-868.182382,332.464000
512.916954,-853.517441,344.000000
477.360659,-831.684370,340.338000
479.444167,-807.267857,332.774000
446.450598,-825.832614,356.179000
457.128103,-848.037488,348.615000
455.162216,-836.658895,359.000000
534.452372,-833.253648,349.736000
551.980423,-814.612672,342.660000
536.029114,-808.815156,335.555000
526.998780,-826.666337,328.479000
536.347891,-813.027218,356.000000
530.794791,-803.790528,328.020000
528.190449,-777.549596,332.556000
502.473527,-782.974810,331.086000
516.836934,-811.199644,329.622000
515.635572,-807.666255,333.000000
581.307313,-792.884322,333.228000
578.009842,-787.525182,330.043000
538.675384,-750.201404,326.871000
534.758593,-781.784810,336.699000
548.431466,-774.881837,339.000000
583.260277,-749.591111,331.652000
590.742604,-733.425832,330.182000
571.816821,-740.843205,328.718000
572.374554,-755.235620,327.248000
586.212774,-729.834118,332.000000
629.245162,-732.865685,328.280000
631.583965,-730.271762,325.830000
608.337535,-708.620041,333.390000
594.112395,-731.668698,330.940000
611.145758,-733.110586,335.000000
581.182364,-730.732373,347.529000
607.957827,-699.920472,339.477000
574.349883,-716.963814,331.425000
562.524842,-740.745369,356.340000
599.217578,-701.921919,357.000000
685.289642,-702.950703,326.980000
659.045694,-651.283256,342.100000
653.475753,-650.220749,337.200000
617.061950,-694.778593,332.320000
658.504208,-715.065055,345.000000
319.976121,-1032.923929,330.820000
313.355983,-971.405482,327.892000
243.026357,-921.524078,336.952000
281.188037,-1003.187085,334.024000
295.212373,-964.731245,337.000000
376.253751,-968.531157,356.485000
379.023725,-939.233957,347.945000
322.834602,-979.620142,339.370000
322.981046,-982.847129,330.830000
336.050103,-972.360522,361.000000
333.110677,-967.882023,335.654000
347.363417,-913.919779,330.264000
280.252296,-867.855585,346.896000
295.478187,-935.653706,341.528000
335.695308,-925.939374,352.000000
381.542818,-867.029394,411.876000
359.422481,-815.086487,379.536000
320.077217,-824.156568,347.328000
317.183262,-828.075040,446.988000
336.307903,-842.049858,459.000000
391.640944,-849.681575,327.616000
405.207364,-822.482534,344.248000
367.427375,-792.083763,338.880000
369.923312,-826.580829,333.490000
401.978587,-837.372833,349.000000
460.178372,-791.048090,332.796000
445.227907,-752.592807,329.380000
416.103115,-750.820714,339.964000
446.337258,-796.866167,336.534000
434.027673,-779.047986,341.000000
505.116073,-754.276340,326.000000
500.865837,-748.613002,326.000000
463.093868,-713.673195,326.000000
460.333817,-744.641582,326.000000
464.393445,-725.830693,326.000000
573.001352,-691.358736,327.976000
575.643268,-669.138185,340.072000
552.471356,-673.241091,336.152000
560.225536,-696.180329,332.248000
581.321673,-677.394631,341.000000
561.068913,-703.688052,327.860000
562.399149,-700.860855,326.635000
534.341028,-673.861483,325.415000
523.021302,-698.314720,329.195000
535.433612,-693.873702,330.000000
527.293407,-677.855591,340.328000
544.396743,-655.178412,336.408000
519.117850,-666.461393,332.504000
513.129225,-684.893919,328.600000
536.236618,-652.959180,341.000000
594.614715,-637.648083,331.944000
581.544241,-612.906170,325.574000
578.818675,-613.130462,345.230000
561.834305,-634.660439,338.860000
577.251785,-638.019791,349.000000
282.540314,-840.641987,352.515000
286.585839,-823.542087,343.975000
268.781821,-814.873324,335.435000
272.988829,-835.505586,361.860000
277.787490,-817.347297,362.000000
268.042571,-853.745387,321.610000
225.147389,-783.592628,332.194000
188.141869,-795.912303,328.778000
195.067248,-805.213062,325.348000
246.184979,-854.380023,334.000000
315.802461,-807.084290,326.000000
325.348731,-777.236997,326.000000
290.629437,-756.777752,326.000000
296.695404,-792.651929,326.000000
310.919172,-774.068201,326.000000
293.800776,-706.676493,327.548000
296.053610,-691.017538,326.572000
271.406490,-709.564634,325.592000
269.273560,-712.118607,324.616000
273.935365,-708.851899,328.000000
343.618610,-714.972217,326.911000
354.748496,-701.694660,325.196000
344.497215,-700.603707,330.488000
338.828306,-712.444379,328.780000
348.993969,-706.045400,332.000000
338.492996,-695.512988,327.295000
341.538704,-686.237441,326.070000
328.622829,-695.062937,324.850000
330.509787,-702.325048,328.630000
328.632538,-698.082752,329.000000
358.151861,-697.381429,324.180000
373.020214,-679.605446,327.200000
352.214336,-664.506793,326.224000
346.882327,-684.237174,325.244000
366.170531,-688.116560,328.000000
402.559216,-678.006443,327.720000
398.268049,-656.197961,326.744000
381.497057,-676.969774,329.768000
394.032646,-692.112740,328.788000
400.805548,-657.562952,330.000000
439.949296,-637.995375,341.504000
440.545341,-634.654657,336.868000
414.309311,-623.891810,332.213000
403.185675,-654.282056,327.577000
409.699310,-637.971265,345.000000
402.783022,-604.989873,332.898000
383.062964,-625.579006,369.942000
366.823686,-647.919215,357.937000
395.404011,-615.538691,345.981000
393.472781,-613.625785,372.000000
575.160100,-581.235793,336.112000
570.914638,-562.146731,330.256000
566.526937,-564.982546,324.376000
531.758142,-599.490923,342.520000
548.494618,-589.277417,346.000000
562.900000,-548.231000,345.376000
546.100000,-533.300000,339.496000
522.900000,-544.892000,333.640000
550.220000,-554.300000,327.784000
523.060000,-537.185000,346.000000
512.746464,-646.629696,335.440000
504.380198,-622.774334,328.335000
502.013653,-620.389597,350.259000
477.846327,-645.602831,343.154000
493.408075,-649.392560,354.000000
478.143205,-613.921096,321.000000
492.594360,-586.995043,321.000000
464.603156,-577.546068,321.000000
463.396641,-606.473090,321.000000
475.155846,-580.194655,321.000000
470.500000,-565.601000,321.000000
462.610000,-563.200000,321.000000
460.500000,-569.640000,321.000000
461.020000,-570.200000,321.000000
468.960000,-568.919000,321.000000
449.053625,-586.849162,321.000000
452.900044,-571.160927,321.000000
443.334752,-574.524484,321.000000
443.729759,-586.845530,321.000000
447.694810,-576.018750,321.000000
431.376546,-583.666716,324.612000
428.630362,-568.864591,323.636000
416.875724,-591.161364,322.656000
425.082950,-599.539094,321.680000
416.910509,-593.445290,325.000000
479.100000,-556.240000,321.000000
472.506000,-546.500000,321.000000
437.100000,-549.390000,321.000000
454.740000,-556.500000,321.000000
466.038000,-550.980000,321.000000
409.922718,-569.140894,321.000000
411.512445,-547.591693,321.000000
397.358726,-574.099977,321.000000
401.947773,-586.737946,321.000000
396.700790,-584.413193,321.000000
401.061074,-545.131182,321.000000
400.950513,-543.323932,321.000000
390.384559,-545.442666,321.000000
386.547152,-566.931210,321.000000
396.130328,-556.970331,321.000000
1336.640436,-498.750218,328.976000
1356.726167,-474.987027,315.312000
1324.318365,-481.570018,357.648000
1317.951437,-504.043498,343.928000
1353.947944,-477.895615,360.000000
1269.500000,-499.100000,332.296000
1205.670000,-494.600000,325.464000
1204.500000,-497.990000,318.632000
1220.425000,-524.600000,311.772000
1213.925000,-513.320000,337.000000
1269.000000,-443.266000,311.578000
1257.174000,-416.200000,327.454000
1242.000000,-438.391000,322.309000
1260.927000,-455.200000,317.185000
1262.493000,-422.713000,328.000000
1188.300000,-504.016000,318.456000
1141.812000,-496.400000,315.040000
1136.300000,-497.232000,311.610000
1144.464000,-528.400000,322.194000
1155.748000,-519.152000,324.000000
1131.300000,-517.840000,315.970000
1122.550000,-486.600000,315.235000
1106.300000,-505.880000,314.503000
1121.625000,-526.600000,313.771000
1131.000000,-496.800000,316.000000
1190.100000,-455.550000,315.008000
1128.844000,-449.700000,313.048000
1114.100000,-466.584000,319.096000
1119.344000,-467.700000,317.144000
1159.852000,-464.082000,320.000000
1203.900000,-438.684000,333.908000
1179.272000,-407.400000,325.578000
1109.900000,-421.584000,317.282000
1159.344000,-443.400000,308.952000
1130.204000,-419.748000,342.000000
963.800000,-505.699000,324.441000
939.354000,-496.200000,326.709000
929.800000,-515.750000,325.977000
963.188000,-519.200000,325.242000
958.020000,-516.601000,327.000000
1005.000000,-462.310000,335.858000
992.750000,-433.600000,329.514000
935.000000,-442.780000,323.144000
965.660000,-463.600000,342.800000
966.080000,-446.530000,348.000000
912.300000,-509.930000,416.900000
880.750000,-494.900000,392.500000
862.300000,-517.760000,368.000000
907.000000,-524.900000,343.600000
865.200000,-524.150000,425.000000
911.700000,-446.100000,329.625000
909.438000,-444.300000,323.525000
885.700000,-453.060000,342.400000
894.800000,-484.300000,336.300000
903.198000,-465.020000,347.000000
914.100000,-419.840000,392.864000
886.950000,-402.200000,367.384000
864.100000,-422.450000,342.008000
904.400000,-432.200000,420.632000
878.450000,-404.060000,425.000000
864.200000,-475.608000,337.083000
802.262000,-473.100000,396.728000
802.200000,-475.589000,377.452000
818.444000,-492.100000,358.176000
858.062000,-484.614000,410.000000
863.600000,-446.044000,367.577000
835.390000,-433.200000,348.222000
801.600000,-444.353000,407.946000
846.178000,-452.200000,388.591000
833.530000,-436.050000,410.000000
772.000000,-426.840000,406.776000
772.000000,-447.580000,342.483000
668.032000,-400.000000,385.548000
658.000000,-405.246000,364.320000
658.000000,-482.472000,380.589000
677.950000,-522.000000,343.005000
672.706000,-484.668000,420.000000
659.710000,-431.598000,420.000000
634.400000,-492.736000,340.444000
612.688000,-398.000000,390.340000
575.400000,-459.876000,374.170000
612.629000,-522.000000,358.066000
619.237000,-427.512000,391.000000
574.200000,-437.184000,345.040000
527.232000,-399.300000,334.792000
517.200000,-516.765000,324.502000
522.159000,-522.300000,356.254000
537.549000,-495.486000,361.000000
480.900000,-502.928000,319.168000
472.500000,-469.700000,340.336000
450.900000,-485.768000,333.476000
467.190000,-508.700000,326.644000
480.060000,-482.375000,347.000000
405.300000,-492.290000,320.136000
386.164000,-475.700000,318.176000
379.300000,-512.156000,324.224000
405.274000,-517.700000,322.272000
394.536000,-512.198000,325.000000
499.500000,-455.779000,315.444000
490.668000,-398.500000,315.934000
453.500000,-418.264000,316.422000
474.430000,-459.500000,316.912000
462.700000,-423.693000,315.000000
1271.200000,-326.059000,320.855000
1248.520000,-290.800000,385.115000
1236.200000,-347.740000,364.375000
1268.120000,-363.800000,343.550000
1264.690000,-360.661000,392.000000
1217.300000,-316.521000,360.763000
1212.050000,-315.900000,339.535000
1167.300000,-321.328000,318.307000
1185.700000,-338.900000,383.992000
1188.700000,-327.423000,400.000000
1167.900000,-335.955000,394.345000
1145.460000,-276.000000,373.117000
1127.900000,-348.660000,351.802000
1160.860000,-381.000000,330.574000
1129.580000,-280.725000,400.000000
1100.100000,-305.175000,363.718000
1098.400000,-300.000000,325.166000
1048.500000,-300.000000,387.260000
1000.100000,-306.660000,444.456000
1028.100000,-345.000000,405.904000
1058.300000,-345.000000,456.464000
1065.800000,-326.505000,471.000000
997.200000,-372.765000,396.063000
968.820000,-349.700000,369.467000
937.200000,-370.875000,342.762000
981.360000,-384.700000,425.166000
953.460000,-354.320000,428.000000
998.100000,-266.070000,329.137000
942.360000,-259.000000,411.432000
938.100000,-261.135000,384.836000
949.620000,-294.000000,358.240000
991.200000,-282.660000,428.000000
879.400000,-376.058000,359.009000
870.545000,-358.900000,341.614000
856.400000,-370.791000,395.290000
871.304000,-381.900000,377.895000
867.877000,-363.960000,396.000000
830.200000,-359.380000,390.208000
803.288000,-350.100000,372.640000
798.200000,-381.236000,355.072000
801.560000,-382.100000,337.432000
801.816000,-374.548000,400.000000
889.700000,-341.002000,343.500000
870.926000,-296.800000,323.492000
826.700000,-319.537000,385.484000
862.043000,-349.800000,365.394000
872.501000,-313.124000,405.000000
918.300000,-273.796000,329.996000
845.916000,-261.700000,327.312000
822.300000,-290.020000,324.617000
823.932000,-293.700000,332.933000
855.036000,-288.964000,334.000000
775.600000,-347.870000,331.398000
766.570000,-315.600000,413.802000
732.600000,-327.535000,387.097000
752.939000,-350.600000,360.501000
773.708000,-329.460000,438.000000
769.600000,-285.568000,362.312000
741.628000,-263.200000,340.507000
727.600000,-301.504000,407.791000
766.618000,-311.200000,386.075000
751.540000,-308.272000,415.000000
706.400000,-254.467000,335.704000
700.422000,-253.900000,331.784000
657.400000,-269.902000,327.880000
676.265000,-316.900000,323.976000
666.416000,-284.329000,339.000000
646.650000,-320.096000,329.900000
568.793400,-247.100000,371.425000
511.950000,-340.820000,358.005000
625.232700,-379.100000,344.530000
619.440600,-250.664000,375.000000
563.270700,-279.836000,375.000000
502.100000,-260.701000,334.990000
497.782000,-247.800000,323.766000
375.100000,-269.878000,312.542000
412.946000,-380.800000,347.272000
427.424000,-323.743000,355.000000
379.164000,-378.805000,355.000000
1095.100000,-211.926000,357.040000
1024.396000,-156.800000,347.280000
951.100000,-210.292000,337.480000
1059.676000,-242.800000,327.720000
954.844000,-166.690000,359.000000
1049.452000,-218.806000,359.000000
921.400000,-173.975000,409.587000
921.400000,-204.200000,523.541000
850.375000,-160.100000,348.343000
850.525000,-160.100000,327.510000
846.400000,-165.950000,537.848000
846.400000,-195.875000,382.479000
862.150000,-235.100000,476.604000
847.150000,-235.100000,437.448000
994.700000,-83.467800,325.507000
975.759000,-70.200000,323.311000
947.700000,-79.918800,321.106000
979.002000,-88.400000,327.910000
959.685000,-73.894600,328.000000
1000.050838,-50.057484,322.943000
965.669110,-38.170018,343.328000
956.433699,-53.563119,336.740000
961.420027,-54.752904,330.152000
993.022950,-56.861996,347.000000
850.785133,-119.132324,333.395000
849.655637,-100.426437,328.250000
824.758036,-93.912315,323.126000
836.369860,-113.713954,338.981000
840.715594,-100.938172,344.000000
890.883090,-82.753733,326.286000
855.672428,-50.351315,324.816000
832.102375,-61.710665,323.352000
832.601874,-64.825104,321.882000
838.016104,-63.412572,327.000000
916.727685,-30.596218,324.256000
915.414166,-4.256414,320.352000
880.113639,-2.101606,332.448000
894.742309,-25.601970,328.528000
909.451018,-12.976809,336.000000
876.212005,6.523259,323.476000
868.764691,28.619535,320.304000
851.406301,-0.694029,317.119000
867.644728,-14.454061,326.947000
856.386605,-7.098946,328.000000
783.200000,-238.024000,328.926000
777.600000,-191.400000,387.138000
743.200000,-204.137000,368.273000
759.320000,-238.400000,349.485000
780.760000,-213.302000,403.000000
712.800000,-214.300000,322.544000
685.980000,-187.500000,321.080000
667.800000,-223.850000,325.610000
706.455000,-237.500000,324.146000
692.730000,-188.000000,326.000000
638.700000,-197.400000,339.490000
634.852000,-195.800000,332.385000
564.700000,-199.480000,325.309000
588.010000,-215.800000,318.233000
577.132000,-206.860000,345.000000
423.000000,-214.420000,322.444000
406.236000,-189.500000,389.639000
390.000000,-215.100000,367.923000
415.443000,-229.500000,346.118000
415.806000,-193.380000,394.000000
776.400000,-75.920000,324.229000
723.380000,-65.900000,322.033000
721.400000,-71.660000,319.837000
733.885000,-125.900000,326.632000
743.180000,-104.360000,328.000000
769.250000,-27.140000,358.416000
724.100000,1.300000,346.704000
661.750000,-20.780000,334.992000
735.280000,-38.700000,323.232000
662.825000,-6.100000,360.000000
507.800000,-6.040000,311.119000
455.180000,6.200000,305.507000
447.800000,5.816000,322.872000
456.200000,-41.800000,317.260000
485.240000,-28.792000,326.000000
236.884698,-585.764545,322.739000
243.804445,-568.955202,322.495000
227.009952,-565.940806,322.250000
227.900906,-582.750148,322.006000
233.395126,-566.653570,323.000000
296.500000,-334.232000,312.125000
289.399000,-326.000000,312.880000
287.500000,-348.080000,312.636000
287.968000,-350.000000,312.392000
295.177000,-345.608000,313.000000
283.000000,-318.483000,312.511000
277.120000,-310.500000,312.266000
259.000000,-313.893000,312.022000
271.192000,-319.500000,312.778000
270.208000,-313.740000,313.000000
167.347633,-562.103454,329.176000
170.261299,-529.935590,327.216000
135.278978,-534.672526,325.264000
146.395282,-571.203464,323.304000
134.182676,-538.776549,330.000000
130.995153,-310.753584,313.564000
144.327652,-289.649982,313.076000
118.355620,-273.895643,314.588000
116.181266,-296.858936,314.098000
132.745243,-293.906765,315.000000
115.568871,-617.401692,381.116000
131.538171,-580.626482,359.888000
87.041355,-611.988082,338.660000
88.942058,-639.853746,404.345000
79.710072,-629.807173,410.000000
67.580174,-555.164145,320.540000
75.971310,-562.430239,328.100000
91.460449,-511.149091,325.650000
4.323594,-403.872324,323.210000
26.018258,-484.943774,330.000000
141.387563,-444.412607,329.680000
166.215782,-390.887878,324.312000
107.226113,-410.395884,340.922000
108.261577,-458.813753,335.554000
162.771087,-397.753216,342.000000
98.003625,-371.520075,342.084000
130.647379,-361.536319,333.754000
124.631369,-353.470621,325.458000
67.939013,-298.104178,317.162000
91.704837,-321.797350,348.000000
36.299264,-306.955570,318.996000
49.847430,-253.764169,343.911000
-2.993245,-255.738411,335.859000
8.054591,-308.137852,327.807000
51.049512,-271.026060,345.000000
364.000000,-154.489000,313.166000
262.084000,-131.500000,309.001000
250.000000,-134.022000,304.853000
267.898000,-228.500000,317.688000
293.320000,-200.467000,320.000000
358.642000,-143.916000,320.000000
285.338390,-68.580845,316.762000
308.140139,-34.336821,313.346000
276.398389,-35.144366,309.930000
269.045965,-66.796175,306.500000
305.382413,-50.909594,317.000000
209.000000,-30.875000,310.369000
178.372000,0.000000,310.125000
171.000000,-89.110000,310.880000
173.660000,-95.000000,310.636000
194.104000,-75.905000,311.000000
170.000000,-186.835000,323.305000
125.290000,0.000000,320.621000
0.000000,-84.710000,317.926000
89.420000,-215.000000,315.242000
37.740000,-73.745000,326.000000
154.020000,-72.455000,326.000000
102.680000,-130.290000,326.000000
68.510000,-17.845000,326.000000
