1522.700000,-1089.750000,304.732000
1511.123000,-1072.200000,304.244000
1505.700000,-1103.907000,305.756000
1521.748000,-1111.200000,305.266000
1516.087000,-1108.236000,306.000000
1493.900000,-1083.914000,306.630000
1488.860000,-1052.600000,306.142000
1469.900000,-1064.228000,307.652000
1481.252000,-1086.600000,307.164000
1485.812000,-1066.030000,308.000000
1570.100000,-971.240000,302.848000
1546.452000,-963.400000,301.133000
1538.100000,-980.820000,306.425000
1538.164000,-983.400000,304.710000
1560.948000,-980.720000,308.000000
1526.200000,-978.790000,305.240000
1522.180000,-952.900000,320.360000
1511.200000,-964.900000,315.460000
1519.180000,-982.900000,310.580000
1522.675000,-963.010000,321.000000
1508.400000,-965.652000,302.449000
1474.884000,-956.300000,309.244000
1466.400000,-982.312000,307.048000
1468.962000,-984.300000,304.852000
1500.714000,-978.924000,310.000000
1514.523845,-745.032427,302.943000
1478.170489,-724.968831,323.355000
1488.917404,-749.332890,316.767000
1517.671492,-757.266782,310.152000
1491.714574,-730.691523,327.000000
1427.300000,-584.732000,309.044000
1406.756000,-569.000000,322.652000
1403.300000,-625.259000,318.242000
1406.156000,-626.000000,313.850000
1425.380000,-611.750000,326.000000
1390.800000,-632.458000,308.056000
1367.700000,-622.000000,314.096000
1330.800000,-629.224000,312.144000
1369.680000,-636.000000,310.184000
1389.060000,-625.080000,316.000000
1366.100000,-584.582000,318.505000
1350.562000,-574.600000,315.821000
1349.100000,-576.716000,313.126000
1352.109000,-620.600000,310.442000
1349.474000,-606.386000,319.000000
1347.700000,-608.808000,309.808000
1336.625000,-580.600000,309.320000
1322.700000,-604.175000,308.830000
1340.350000,-621.600000,308.342000
1324.550000,-587.242000,310.000000
1448.900000,-1083.993000,310.265000
1412.936000,-1079.700000,309.040000
1411.900000,-1082.508000,307.820000
1420.595000,-1106.700000,306.595000
1416.525000,-1096.791000,311.000000
1344.200000,-1095.320000,308.000000
1334.180000,-1073.900000,308.000000
1324.200000,-1095.422000,308.000000
1339.480000,-1107.900000,308.000000
1327.720000,-1077.436000,308.000000
1442.100000,-1044.220000,315.000000
1441.046000,-1042.200000,311.080000
1408.100000,-1045.440000,307.176000
1418.096000,-1062.200000,303.272000
1415.852000,-1053.700000,319.000000
1434.000000,-1018.584000,316.960000
1384.160000,-1006.000000,312.080000
1345.000000,-1021.202000,307.200000
1418.247000,-1028.000000,322.300000
1369.831000,-1007.012000,323.000000
1344.900000,-1011.837000,316.999000
1339.382000,-1009.300000,312.851000
1282.900000,-1022.280000,308.686000
1304.724000,-1068.300000,321.538000
1303.422000,-1039.803000,323.000000
1446.100000,-959.776000,310.344000
1431.268000,-942.300000,306.914000
1422.100000,-967.766000,303.498000
1443.244000,-976.300000,314.068000
1431.268000,-975.858000,316.000000
1399.000000,-987.305000,304.632000
1392.385000,-954.800000,303.900000
1354.000000,-964.007000,303.165000
1372.450000,-987.800000,305.433000
1373.485000,-969.914000,306.000000
1337.700000,-966.315000,305.972000
1326.884000,-951.300000,304.992000
1321.700000,-977.964000,304.016000
1336.724000,-984.300000,307.040000
1329.460000,-981.957000,308.000000
1430.300000,-932.068000,320.122000
1420.665000,-915.400000,310.077000
1383.300000,-921.466000,341.073000
1405.296000,-933.400000,331.028000
1408.492000,-922.600000,343.000000
1308.000000,-865.084000,326.720000
1294.788000,-836.500000,315.008000
1290.000000,-898.852000,351.248000
1307.946000,-908.500000,339.536000
1300.566000,-899.212000,356.000000
1302.100000,-775.768000,316.831000
1298.140000,-753.200000,309.726000
1287.100000,-763.470000,331.650000
1295.005000,-779.200000,324.574000
1296.685000,-762.092000,336.000000
1356.800000,-784.885000,315.323000
1299.704000,-779.800000,308.247000
1284.800000,-793.660000,330.171000
1288.832000,-794.800000,323.066000
1334.480000,-791.995000,336.000000
1451.000000,-773.750000,308.496000
1417.190000,-761.600000,335.712000
1346.000000,-768.395000,326.892000
1407.425000,-776.600000,318.108000
1423.910000,-765.860000,336.000000
1446.700000,-733.597000,306.660000
1434.786000,-723.200000,333.840000
1432.700000,-759.534000,325.056000
1434.296000,-760.200000,316.236000
1443.802000,-751.135000,336.000000
1445.200000,-717.180000,306.384000
1413.280000,-705.900000,342.672000
1361.200000,-713.580000,330.912000
1415.212000,-720.900000,319.200000
1432.096000,-709.275000,348.000000
1359.800000,-709.714000,315.444000
1345.256000,-701.500000,347.154000
1343.800000,-703.017000,336.906000
1346.552000,-738.500000,326.658000
1358.136000,-727.252000,354.000000
1342.600000,-708.802000,313.260000
1326.394000,-699.100000,345.012000
1305.600000,-707.080000,334.764000
1331.537000,-713.100000,324.474000
1340.639000,-701.438000,354.000000
1302.800000,-708.448000,353.118000
1286.361000,-703.200000,342.870000
1285.800000,-706.368000,332.580000
1289.710000,-735.200000,322.332000
1302.766000,-723.616000,354.000000
1268.400000,-1077.825000,322.776000
1256.000000,-1042.900000,318.611000
1243.400000,-1077.440000,314.463000
1262.400000,-1097.900000,310.315000
1244.650000,-1048.895000,324.000000
1228.600000,-1076.786000,311.380000
1228.340000,-1073.500000,310.160000
1218.600000,-1078.367000,308.940000
1221.490000,-1104.500000,307.715000
1219.610000,-1091.480000,312.000000
1220.900000,-1100.270000,311.475000
1203.695000,-1094.500000,310.743000
1189.900000,-1101.360000,310.008000
1215.258000,-1104.500000,309.276000
1194.643000,-1095.010000,312.000000
1216.600000,-1057.420000,307.774000
1215.928000,-1056.700000,307.529000
1208.600000,-1059.925000,307.285000
1211.376000,-1071.700000,307.040000
1210.232000,-1064.530000,308.000000
1195.000000,-1069.684000,311.166000
1188.870000,-1051.000000,310.434000
1185.000000,-1077.820000,309.699000
1193.760000,-1087.000000,311.967000
1187.550000,-1086.712000,312.000000
1187.000000,-1103.414000,317.381000
1184.870000,-1077.700000,314.686000
1172.000000,-1084.824000,312.002000
1178.075000,-1103.700000,320.318000
1176.605000,-1089.738000,321.000000
1148.400000,-1089.100000,311.000000
1114.850000,-1077.600000,311.000000
1098.400000,-1097.675000,311.000000
1145.100000,-1102.600000,311.000000
1116.300000,-1100.950000,311.000000
1231.100000,-1018.482000,310.136000
1226.700000,-998.000000,309.648000
1209.100000,-1005.304000,309.158000
1219.286000,-1020.000000,310.670000
1218.098000,-1006.910000,311.000000
1206.100000,-1021.182000,311.585000
1195.894000,-1004.700000,310.360000
1192.100000,-1040.001000,309.140000
1206.002000,-1045.700000,312.920000
1198.554000,-1040.616000,314.000000
1143.300000,-1040.931000,318.510000
1133.458000,-999.900000,315.094000
1105.300000,-1018.230000,325.678000
1125.136000,-1046.900000,322.248000
1124.756000,-1016.209000,326.000000
1268.000000,-928.640000,310.898000
1245.148000,-925.200000,309.190000
1239.000000,-934.390000,314.475000
1240.479000,-935.200000,312.767000
1255.356000,-933.380000,315.000000
1238.900000,-974.195000,311.452000
1234.779000,-947.300000,310.472000
1225.900000,-962.084000,313.496000
1233.440000,-980.300000,312.516000
1233.895000,-956.837000,314.000000
1224.200000,-957.408000,311.244000
1214.048000,-949.400000,310.268000
1212.200000,-976.756000,313.288000
1213.508000,-977.400000,312.312000
1220.192000,-970.652000,314.000000
1179.800000,-974.372000,311.040000
1171.175000,-965.300000,310.060000
1156.800000,-971.384000,313.084000
1171.474000,-977.300000,312.108000
1173.314000,-968.060000,314.000000
1190.200000,-941.610000,313.536000
1130.536000,-934.800000,326.388000
1124.200000,-935.880000,322.240000
1135.222000,-964.800000,318.075000
1174.954000,-955.830000,327.000000
1268.300000,-868.856000,309.785000
1262.238000,-853.500000,313.565000
1254.300000,-865.930000,312.340000
1264.044000,-875.500000,311.120000
1265.780000,-857.284000,314.000000
1257.000000,-833.649000,311.212000
1245.456000,-830.100000,312.722000
1245.000000,-832.074000,312.234000
1247.700000,-851.100000,311.746000
1255.464000,-843.603000,313.000000
1157.500000,-861.800000,316.000000
1151.104000,-842.600000,316.000000
1144.500000,-861.290000,316.000000
1154.315000,-872.600000,316.000000
1156.499000,-846.020000,316.000000
1145.100000,-859.365000,316.000000
1144.365000,-857.700000,316.000000
1110.100000,-859.980000,316.000000
1120.040000,-872.700000,316.000000
1144.225000,-866.475000,316.000000
1259.300000,-795.338000,310.048000
1248.300000,-790.100000,310.293000
1239.300000,-796.229000,310.537000
1255.560000,-799.100000,310.782000
1239.820000,-790.604000,310.000000
1213.100000,-752.333000,313.000000
1212.073000,-749.100000,313.000000
1200.100000,-761.910000,313.000000
1204.546000,-810.100000,313.000000
1201.101000,-781.186000,313.000000
1200.200000,-780.464000,327.433000
1192.296000,-748.500000,323.268000
1187.200000,-793.640000,319.120000
1198.523000,-809.500000,314.972000
1188.877000,-809.317000,330.000000
1142.500000,-806.844000,323.579000
1137.431000,-781.000000,321.871000
1105.500000,-787.994000,320.163000
1120.300000,-807.000000,318.448000
1112.160000,-793.168000,325.000000
1270.600000,-745.845000,314.984000
1237.300000,-739.800000,314.008000
1220.600000,-750.174000,313.028000
1267.050000,-752.800000,312.052000
1232.200000,-752.007000,316.000000
1238.100000,-730.084000,328.815000
1229.520000,-688.900000,324.650000
1194.100000,-703.288000,320.502000
1214.252000,-732.900000,333.354000
1206.552000,-706.940000,334.000000
1172.300000,-709.624000,318.286000
1153.450000,-696.600000,317.798000
1146.300000,-723.992000,317.310000
1171.988000,-728.600000,318.820000
1154.984000,-724.792000,319.000000
1138.700000,-698.670000,320.776000
1131.588000,-685.500000,320.044000
1110.700000,-691.275000,319.309000
1125.176000,-700.500000,321.577000
1121.508000,-690.780000,322.000000
1202.900000,-649.178000,330.443000
1138.694000,-641.500000,324.808000
1120.900000,-661.608000,319.196000
1124.672000,-663.500000,336.561000
1156.734000,-659.606000,341.000000
1148.800000,-635.880000,319.423000
1136.320000,-599.800000,317.715000
1108.800000,-619.292000,316.000000
1131.800000,-643.800000,321.292000
1128.320000,-612.736000,323.000000
1251.400000,-601.468000,314.818000
1168.982000,-587.500000,312.123000
1153.400000,-634.204000,320.439000
1163.592000,-635.500000,317.755000
1206.320000,-624.172000,321.000000
1253.000000,-579.981000,318.352000
1221.550000,-564.000000,310.544000
1168.000000,-574.542000,334.736000
1221.805000,-585.000000,326.896000
1218.235000,-568.935000,338.000000
994.600000,-1070.088000,338.445000
946.054000,-1062.200000,322.097000
940.600000,-1063.254000,372.682000
949.348000,-1096.200000,356.334000
975.322000,-1086.204000,383.000000
1076.100000,-1036.162000,317.112000
1061.548000,-998.200000,312.702000
1042.100000,-1028.440000,326.310000
1065.594000,-1052.200000,321.900000
1065.696000,-1007.758000,330.000000
1024.800000,-1004.696000,320.088000
931.014000,-995.300000,326.892000
926.800000,-1000.106000,324.696000
948.458000,-1049.300000,322.491000
999.810000,-1030.292000,327.000000
995.200000,-958.790000,331.851000
964.519000,-931.700000,385.527000
932.200000,-957.656000,368.132000
979.450000,-973.700000,350.808000
982.411000,-936.698000,390.000000
1073.100000,-890.436000,316.820000
1072.108000,-885.100000,327.390000
1011.100000,-891.862000,323.974000
1028.398000,-931.100000,320.544000
1063.676000,-912.240000,329.000000
1021.800000,-851.015000,320.468000
1003.815000,-824.600000,325.004000
988.800000,-855.020000,323.534000
1015.464000,-869.600000,322.070000
1018.467000,-827.345000,326.000000
1078.200000,-754.532000,319.269000
1075.980000,-751.400000,354.754000
1048.200000,-762.524000,343.286000
1058.310000,-805.400000,331.818000
1076.730000,-780.074000,365.000000
1028.200000,-783.444000,341.450000
1001.668000,-758.100000,336.082000
984.200000,-793.380000,330.714000
1022.304000,-806.100000,325.324000
984.288000,-758.196000,342.000000
986.200000,-803.140000,343.404000
978.808000,-743.200000,338.280000
930.200000,-759.040000,333.135000
952.320000,-803.200000,328.011000
933.224000,-771.580000,345.000000
1023.800000,-708.540000,342.460000
962.988000,-679.400000,337.560000
931.800000,-728.566000,332.680000
1016.808000,-741.400000,327.780000
941.460000,-737.928000,345.000000
1083.800000,-661.060000,324.747000
1075.250000,-604.600000,323.039000
1038.800000,-623.920000,321.324000
1059.230000,-664.600000,319.616000
1045.820000,-629.500000,326.000000
987.100000,-630.708000,325.540000
974.140000,-606.400000,325.052000
969.100000,-656.609000,324.562000
986.794000,-665.400000,324.074000
972.844000,-658.674000,326.000000
965.000000,-658.871000,338.223000
961.016000,-626.200000,334.058000
949.000000,-640.260000,329.910000
957.192000,-663.200000,342.745000
953.144000,-639.409000,343.000000
1066.900000,-561.116000,334.006000
961.092000,-542.000000,329.614000
930.900000,-591.086000,325.204000
936.476000,-596.000000,338.812000
973.060000,-586.712000,340.000000
813.700000,-1093.225000,325.776000
803.262000,-1059.400000,323.081000
779.700000,-1077.358000,320.397000
799.080000,-1100.400000,328.713000
792.008000,-1071.618000,330.000000
892.700000,-1019.085000,333.024000
831.672000,-988.700000,329.120000
819.700000,-1088.404000,325.216000
826.927000,-1091.700000,337.296000
849.849000,-1067.907000,340.000000
809.800000,-1041.760000,330.669000
799.215000,-995.800000,327.497000
780.800000,-1025.620000,324.312000
799.012000,-1055.800000,334.140000
794.285000,-1010.200000,337.000000
773.400000,-1078.125000,329.392000
726.912000,-1072.200000,325.472000
721.400000,-1072.850000,337.568000
729.564000,-1097.200000,333.648000
748.232000,-1089.975000,338.000000
772.800000,-1039.848000,369.280000
762.225000,-1000.200000,342.928000
747.800000,-1031.280000,424.468000
764.975000,-1056.200000,398.116000
761.975000,-1010.392000,433.000000
840.300000,-930.387000,351.002000
786.932000,-920.900000,331.970000
784.300000,-925.352000,390.860000
796.396000,-973.900000,371.828000
818.964000,-955.509000,401.000000
844.200000,-867.100000,336.468000
814.316000,-824.200000,331.323000
782.200000,-864.658000,347.199000
828.390000,-890.200000,342.054000
823.740000,-832.384000,351.000000
769.300000,-830.629000,346.128000
769.102000,-824.700000,330.756000
751.300000,-831.658000,378.321000
756.232000,-873.700000,362.949000
764.278000,-853.855000,393.000000
747.802716,-855.878589,342.915000
751.123260,-828.636675,390.480000
731.851899,-852.183454,375.108000
737.281119,-870.761647,359.736000
754.428662,-833.362559,393.000000
869.700000,-744.064000,327.754000
866.250000,-742.700000,341.362000
819.700000,-747.122000,336.970000
836.300000,-764.700000,332.560000
860.900000,-754.492000,343.000000
907.900000,-768.080000,326.836000
886.970000,-736.100000,340.444000
872.900000,-779.900000,336.034000
903.035000,-796.100000,331.642000
903.560000,-736.520000,343.000000
840.806210,-774.940238,342.996000
835.805977,-772.168146,490.976000
796.160480,-763.286965,443.152000
798.101318,-797.678319,395.132000
829.164348,-790.261461,529.000000
909.000000,-646.175000,350.976000
867.672000,-630.500000,345.120000
846.000000,-656.504000,339.240000
903.897000,-663.500000,333.384000
907.614000,-661.817000,351.000000
840.600000,-663.558000,400.204000
830.928000,-641.800000,382.319000
788.600000,-649.091000,364.507000
811.948000,-664.800000,346.695000
790.160000,-651.460000,404.000000
897.700000,-607.612000,517.855000
839.070000,-592.600000,465.180000
858.012000,-592.600000,492.700000
815.700000,-623.056000,412.720000
895.896000,-628.600000,360.045000
860.800000,-628.600000,371.870000
906.700000,-579.184000,337.675000
876.932000,-541.000000,334.015000
784.700000,-557.125000,330.340000
846.554000,-584.000000,326.680000
800.804000,-556.566000,340.000000
554.110082,-1137.428364,348.820000
538.305229,-1112.477792,341.470000
515.036683,-1132.766853,334.150000
514.309747,-1136.097827,326.830000
521.704327,-1134.398262,355.000000
526.776779,-1174.634077,443.978000
523.498414,-1144.390287,405.182000
538.209686,-1154.313165,337.925000
479.089667,-1129.094169,366.386000
500.673983,-1162.769116,327.431000
475.346885,-1145.685773,407.408000
493.804336,-1134.594931,485.000000
503.815901,-1095.570119,368.151000
500.930553,-1078.659279,353.267000
478.061196,-1093.264196,338.322000
478.320883,-1095.231103,384.438000
485.424922,-1093.948568,387.000000
572.573971,-1082.863382,394.760000
596.436824,-1037.598552,368.055000
550.558276,-1028.632805,341.459000
548.431807,-1075.247253,423.754000
574.179311,-1033.860653,434.000000
623.496080,-1030.489825,344.816000
599.834157,-995.886198,337.008000
596.322512,-992.016847,329.168000
590.166814,-1006.194243,353.360000
600.266746,-1012.348694,358.000000
632.734842,-1004.354944,331.907000
648.967958,-973.417602,329.212000
617.667635,-974.093063,326.528000
616.093914,-1004.327247,334.844000
639.520814,-975.122919,337.000000
669.460715,-949.169446,345.915000
665.659594,-933.949812,336.399000
662.958521,-935.133425,365.883000
639.183269,-958.458839,356.328000
651.404075,-953.986317,366.000000
431.959129,-1099.136952,328.434000
438.629309,-1063.660115,328.190000
402.656516,-1059.814521,328.945000
412.680743,-1098.354965,328.701000
435.035466,-1067.831376,329.000000
463.382048,-1039.471191,352.895000
466.417326,-1036.812536,336.970000
446.746162,-1019.486917,386.110000
429.685966,-1042.301588,370.250000
444.967554,-1040.833376,393.000000
519.900307,-1026.929545,347.184000
526.539159,-1005.719931,331.568000
503.739531,-1010.420813,379.952000
507.267600,-1031.181024,364.272000
527.472614,-1010.320815,390.000000
517.114832,-991.199828,341.720000
518.010879,-988.580113,329.764000
499.131649,-976.166852,366.759000
481.995880,-999.720843,354.803000
499.850721,-996.242197,377.000000
548.153362,-1004.980795,335.786000
538.453878,-971.630668,361.456000
510.536903,-965.956986,353.160000
534.283731,-1006.206359,344.830000
549.843023,-986.171796,362.000000
618.274745,-945.662706,328.885000
616.090977,-942.093608,332.665000
585.263406,-928.644937,331.440000
558.136405,-967.455631,330.220000
591.524968,-958.574284,333.000000
573.497341,-935.137970,336.182000
589.287486,-908.110794,379.217000
548.434906,-933.558217,365.309000
547.936904,-953.977037,351.401000
549.443573,-951.378840,386.000000
629.033096,-931.012253,329.332000
663.816835,-892.364280,342.940000
627.529877,-874.325355,338.548000
611.231172,-913.233243,334.138000
648.360166,-909.744794,346.000000
696.743976,-853.645705,331.059000
697.503144,-821.054967,431.607000
658.436555,-839.629858,399.022000
673.689750,-871.098661,366.570000
677.312411,-867.309393,461.000000
722.360366,-817.474543,396.068000
735.649145,-798.410043,379.163000
715.529899,-788.263238,362.327000
711.819659,-808.708471,345.491000
715.690135,-788.341937,398.000000
763.900000,-682.416000,379.080000
747.772000,-675.500000,367.124000
742.900000,-692.600000,355.168000
743.551000,-694.500000,343.163000
744.097000,-691.403000,383.000000
735.127941,-713.979451,364.760000
739.031728,-693.620685,355.000000
712.788661,-674.165263,345.200000
720.216278,-700.576838,335.440000
717.662136,-676.530356,370.000000
766.000000,-601.990000,364.448000
705.702000,-578.200000,355.628000
693.000000,-652.924000,346.844000
699.497000,-656.200000,338.024000
704.680000,-638.962000,371.000000
765.700000,-568.640000,349.320000
744.400000,-537.600000,344.440000
705.700000,-557.080000,339.540000
742.780000,-577.600000,334.660000
718.360000,-547.600000,354.000000
708.600000,-546.774000,479.725000
671.472000,-536.400000,427.050000
666.600000,-537.072000,374.590000
672.816000,-578.400000,537.130000
422.235815,-1022.655831,355.520000
426.209146,-993.335087,345.760000
395.432503,-981.309506,336.000000
405.700906,-1015.679993,366.200000
413.345203,-986.602171,369.000000
481.769788,-967.085663,378.184000
452.643366,-921.507161,358.176000
448.758423,-920.472445,338.086000
433.119514,-948.245714,400.078000
447.203786,-948.502397,410.000000
495.602709,-951.449387,330.805000
496.138238,-920.648198,329.580000
465.465609,-911.515951,328.360000
479.337325,-947.571271,332.140000
489.521383,-918.864906,333.000000
565.685623,-897.181225,339.689000
571.756231,-892.188138,334.565000
527.879771,-850.590227,329.441000
497.374444,-895.675225,345.296000
523.542314,-890.234839,350.000000
601.230301,-870.870871,335.870000
619.247990,-835.820957,332.210000
579.506335,-849.859805,343.535000
578.717347,-881.110725,339.875000
616.694814,-839.818618,344.000000
581.918360,-843.276716,329.849000
582.483098,-840.541835,328.134000
560.264337,-822.209011,333.426000
547.482240,-844.989846,331.711000
562.767991,-842.223783,334.000000
584.121230,-819.117394,339.425000
592.814393,-802.241819,330.885000
571.538310,-812.578967,357.310000
571.537254,-826.815243,348.770000
594.109670,-804.705778,362.000000
638.346299,-784.301818,335.728000
637.189211,-782.227792,327.888000
620.463642,-773.047717,352.080000
608.333601,-792.675538,344.272000
623.560482,-787.885464,358.000000
673.988350,-803.063479,330.528000
661.303031,-765.048908,327.112000
630.884358,-763.336348,337.696000
659.096622,-808.405677,334.266000
653.268041,-799.318639,341.000000
692.070296,-780.246855,337.231000
731.109369,-737.310153,360.667000
690.866340,-716.883821,353.072000
672.366194,-760.109317,345.508000
709.580100,-751.720326,362.000000
429.981077,-922.475492,331.700000
413.424246,-879.638688,345.290000
380.474073,-882.786380,340.898000
414.037452,-932.833454,336.506000
411.113887,-924.031837,347.000000
447.280586,-906.199870,329.862000
461.590155,-881.062631,344.226000
431.387732,-861.165468,339.590000
430.657852,-890.534891,334.935000
456.140614,-892.018754,347.000000
511.638782,-856.038691,328.752000
512.952507,-822.575538,340.848000
466.297854,-850.291985,336.928000
461.941792,-854.923495,333.024000
488.103789,-872.167001,344.000000
462.523388,-843.699355,358.876000
486.150206,-815.549124,351.281000
461.287868,-813.817629,343.717000
450.422065,-839.756221,336.122000
479.829009,-829.129659,359.000000
547.650642,-822.565900,354.376000
544.855257,-805.813825,347.300000
522.830844,-819.502904,340.195000
522.796178,-821.476556,333.119000
526.750778,-817.092940,356.000000
523.847106,-809.416652,332.358000
534.566723,-785.423639,330.888000
509.421212,-777.348686,329.424000
510.460660,-803.325601,327.960000
516.532312,-775.308966,333.000000
576.061578,-797.132235,336.933000
548.708685,-751.341266,333.761000
543.921120,-745.953491,330.589000
526.262768,-771.293339,327.404000
532.386593,-765.793924,339.000000
579.952743,-752.269498,330.740000
592.081798,-735.079598,329.276000
575.124354,-738.164817,327.806000
571.035360,-753.581853,326.342000
584.244435,-734.166272,332.000000
627.403326,-734.357174,332.390000
613.036635,-707.367716,329.940000
610.179371,-707.128552,327.500000
592.521473,-729.704073,325.050000
601.027100,-724.381052,335.000000
580.897929,-730.962704,346.671000
608.014465,-699.990415,338.619000
574.634319,-716.733483,330.567000
562.468204,-740.675425,355.482000
599.178578,-702.455337,357.000000
688.367140,-700.458594,337.720000
656.473661,-648.107060,332.840000
650.351626,-652.750617,327.940000
619.633982,-697.954789,343.060000
641.052075,-687.125623,345.000000
324.872140,-1028.959211,332.020000
301.461828,-956.717424,329.080000
238.130337,-925.488796,326.152000
293.082193,-1017.875144,335.212000
291.697526,-950.379971,337.000000
388.006530,-959.013945,344.655000
391.405604,-954.524304,336.115000
366.259187,-944.455607,327.540000
326.332178,-986.985431,354.000000
353.104906,-969.390765,361.000000
345.112919,-958.162799,340.604000
327.385012,-889.248504,335.214000
268.250054,-877.574809,351.846000
315.386738,-960.238718,346.478000
331.980273,-896.810929,352.000000
392.981630,-857.766427,383.760000
388.512187,-851.009282,351.552000
340.501390,-807.617399,451.344000
333.449935,-848.162709,419.004000
357.352661,-844.649247,459.000000
401.712756,-841.525583,335.338000
388.895380,-802.338911,329.970000
357.355563,-800.239755,346.580000
386.235296,-846.724453,341.212000
375.520291,-831.776387,349.000000
449.791816,-799.458957,331.592000
463.607209,-775.289355,328.162000
426.489671,-742.409847,338.746000
427.957956,-774.169619,335.316000
447.833377,-774.473284,341.000000
495.582823,-761.996213,326.000000
479.768500,-722.559961,326.000000
450.089885,-724.203614,326.000000
481.431153,-770.694623,326.000000
473.986501,-757.169586,326.000000
565.113320,-697.746338,328.600000
581.573354,-676.461231,340.696000
560.336850,-666.871739,336.776000
554.295450,-688.857282,332.872000
572.793504,-682.945648,341.000000
554.848636,-708.725132,325.870000
544.174030,-678.354708,329.645000
518.024071,-687.074694,328.425000
516.073605,-689.735029,327.200000
539.232116,-711.282946,330.000000
520.509700,-683.348929,326.952000
546.185272,-657.387061,339.048000
525.901557,-660.968055,335.128000
511.331886,-682.674391,331.224000
536.809667,-667.537354,341.000000
591.680739,-640.015504,324.846000
583.929872,-615.862715,344.476000
559.183601,-628.973970,338.132000
559.448673,-631.703894,331.788000
579.289392,-646.548562,349.000000
281.699864,-841.230476,327.665000
287.550594,-824.919901,354.125000
269.622271,-814.284835,345.585000
272.040707,-834.151528,337.010000
288.756979,-834.802127,362.000000
268.505875,-853.376858,333.552000
224.201167,-782.403064,330.136000
216.635067,-773.247790,326.706000
196.013471,-806.402626,323.290000
196.232992,-790.690223,334.000000
318.000153,-805.323607,326.000000
322.288168,-773.416790,326.000000
288.431745,-758.538436,326.000000
299.755967,-796.472136,326.000000
298.845700,-754.494194,326.000000
297.836633,-702.978313,327.460000
294.630817,-689.464832,326.484000
292.438063,-690.292748,325.504000
270.696353,-713.671313,324.528000
278.155658,-705.354995,328.000000
346.896545,-711.968543,330.698000
353.160859,-699.962058,328.983000
341.219280,-703.607381,327.275000
340.415943,-714.176981,325.567000
348.630969,-699.040220,332.000000
342.807543,-691.559434,327.815000
340.082131,-684.647871,326.590000
338.316552,-686.180277,325.370000
327.232499,-698.748515,324.145000
332.455255,-693.592460,329.000000
364.864709,-691.748681,326.844000
365.936694,-671.163637,325.868000
345.501488,-670.139541,324.888000
353.965847,-692.678984,327.912000
360.449937,-667.666215,328.000000
408.331278,-663.201870,328.640000
408.460751,-660.171930,327.660000
388.438788,-659.165155,326.684000
383.839944,-688.138772,329.708000
389.596672,-673.703880,330.000000
429.257951,-652.443898,337.552000
428.283309,-625.581231,332.916000
402.397390,-639.989847,328.280000
415.471019,-663.372733,342.625000
426.437493,-625.491745,345.000000
401.404142,-603.832855,350.293000
397.461407,-608.419611,338.337000
365.902134,-647.145942,326.332000
381.005569,-632.698086,363.376000
381.651711,-629.585124,372.000000
561.591920,-592.620847,334.144000
574.698086,-566.655669,328.264000
538.728716,-588.308022,322.408000
539.544871,-608.770785,340.528000
535.875193,-601.793153,346.000000
562.900000,-553.586000,332.896000
556.260000,-533.300000,327.040000
522.900000,-539.537000,345.160000
540.060000,-554.300000,339.304000
543.820000,-542.540000,346.000000
507.866761,-650.724253,336.687000
507.521501,-626.517993,329.582000
480.081800,-638.792607,351.506000
492.042934,-662.521689,344.430000
487.808907,-652.575242,354.000000
475.164524,-616.248297,321.000000
495.077323,-590.173090,321.000000
467.581837,-575.218867,321.000000
460.913679,-603.295043,321.000000
481.152279,-594.009476,321.000000
470.500000,-565.846000,321.000000
462.970000,-563.200000,321.000000
460.500000,-569.395000,321.000000
460.660000,-570.200000,321.000000
467.270000,-569.164000,321.000000
449.315380,-586.217228,321.000000
452.558208,-571.019334,321.000000
443.072996,-575.156417,321.000000
444.071595,-586.987123,321.000000
450.434914,-576.432865,321.000000
432.531842,-580.543546,321.788000
427.495517,-568.444799,324.812000
415.730836,-594.256398,323.836000
415.901018,-596.142594,322.856000
425.328725,-593.040742,325.000000
479.100000,-554.410000,321.000000
464.778000,-546.500000,321.000000
437.100000,-551.220000,321.000000
462.468000,-556.500000,321.000000
472.044000,-549.150000,321.000000
413.542301,-559.561947,321.000000
409.108354,-546.683262,321.000000
407.878138,-546.261163,321.000000
394.997424,-584.111628,321.000000
405.745948,-576.884400,321.000000
395.192662,-562.271410,321.000000
397.828431,-542.255004,321.000000
387.507200,-553.846742,321.000000
389.659773,-567.996899,321.000000
399.168521,-548.621320,321.000000
1353.517098,-489.395332,359.552000
1352.633404,-467.603487,345.832000
1349.423449,-467.654043,332.168000
1311.863197,-493.060024,318.504000
1333.517198,-500.145311,360.000000
1269.500000,-514.850000,335.320000
1239.795000,-494.600000,328.488000
1204.500000,-512.270000,321.656000
1251.300000,-524.600000,314.796000
1206.905000,-499.040000,337.000000
1269.000000,-421.855000,325.669000
1242.378000,-416.200000,320.545000
1242.000000,-420.802000,315.400000
1248.723000,-455.200000,310.276000
1244.376000,-440.341000,328.000000
1188.300000,-516.112000,321.732000
1161.520000,-496.400000,318.302000
1136.300000,-517.104000,314.886000
1176.756000,-528.400000,311.470000
1143.580000,-499.280000,324.000000
1131.300000,-490.080000,315.358000
1130.200000,-486.600000,314.626000
1106.300000,-493.640000,313.894000
1113.975000,-526.600000,313.159000
1111.075000,-509.040000,316.000000
1190.100000,-459.744000,317.880000
1146.476000,-449.700000,315.928000
1114.100000,-462.390000,313.968000
1177.712000,-467.700000,312.016000
1132.568000,-450.276000,320.000000
1203.900000,-408.444000,331.256000
1194.218000,-407.400000,322.926000
1109.900000,-415.824000,314.630000
1144.304000,-443.400000,340.300000
1137.536000,-425.508000,342.000000
963.800000,-507.700000,325.896000
942.312000,-496.200000,325.164000
929.800000,-513.749000,324.429000
960.230000,-519.200000,326.697000
941.530000,-518.602000,327.000000
1005.000000,-462.730000,337.106000
993.730000,-433.600000,330.736000
935.000000,-442.360000,324.392000
964.680000,-463.600000,344.048000
962.790000,-446.950000,348.000000
912.300000,-508.160000,377.900000
877.800000,-494.900000,353.500000
862.300000,-519.560000,329.100000
909.950000,-524.900000,404.600000
884.700000,-522.350000,425.000000
911.700000,-480.780000,333.950000
906.006000,-444.300000,327.850000
885.700000,-458.340000,346.725000
898.232000,-484.300000,340.625000
898.674000,-459.740000,347.000000
914.100000,-413.690000,365.408000
876.700000,-402.200000,339.928000
864.100000,-428.600000,418.552000
864.650000,-432.200000,393.176000
891.650000,-427.910000,425.000000
864.200000,-489.326000,360.625000
847.026000,-473.100000,341.349000
802.200000,-480.871000,401.073000
835.680000,-492.100000,381.718000
839.524000,-479.332000,410.000000
863.600000,-439.375000,356.596000
813.628000,-433.200000,337.320000
801.600000,-451.022000,396.965000
805.940000,-452.200000,377.689000
842.148000,-448.381000,410.000000
772.000000,-497.112000,356.751000
772.000000,-485.522000,368.148000
733.696000,-400.000000,335.436000
658.000000,-456.974000,401.208000
658.000000,-444.408000,406.254000
726.286000,-522.000000,379.893000
738.370000,-432.940000,420.000000
740.080000,-469.540000,420.000000
634.400000,-431.108000,339.586000
583.365000,-398.000000,389.482000
575.400000,-521.504000,373.312000
582.952000,-522.000000,357.208000
620.004000,-489.884000,391.000000
574.200000,-490.074000,326.140000
551.742000,-399.300000,357.850000
517.200000,-463.875000,347.602000
554.649000,-522.300000,337.354000
563.256000,-425.376000,361.000000
480.900000,-477.851000,322.304000
453.210000,-469.700000,343.472000
450.900000,-471.845000,336.640000
456.480000,-508.700000,329.780000
476.670000,-496.298000,347.000000
405.300000,-504.218000,317.536000
393.548000,-475.700000,323.584000
379.300000,-500.228000,321.624000
397.890000,-517.700000,319.672000
402.986000,-482.126000,325.000000
499.500000,-407.650000,316.968000
454.374000,-398.500000,315.458000
453.500000,-405.393000,315.946000
464.724000,-459.500000,316.434000
497.752000,-436.564000,315.000000
1271.200000,-336.133000,388.940000
1253.350000,-290.800000,368.200000
1236.200000,-337.666000,347.460000
1263.255000,-363.800000,326.635000
1236.655000,-297.735000,392.000000
1217.300000,-318.016000,392.431000
1215.350000,-315.900000,371.203000
1167.300000,-319.833000,349.888000
1182.450000,-338.900000,328.660000
1170.550000,-328.918000,400.000000
1167.900000,-335.115000,387.994000
1145.140000,-276.000000,366.679000
1127.900000,-349.500000,345.451000
1161.180000,-381.000000,324.136000
1132.540000,-279.885000,400.000000
1100.100000,-301.530000,440.980000
1090.300000,-300.000000,402.428000
1053.500000,-300.000000,393.106000
1000.100000,-310.305000,363.718000
1036.200000,-345.000000,325.166000
1053.300000,-345.000000,462.310000
1016.800000,-322.860000,471.000000
997.200000,-367.375000,401.731000
959.580000,-349.700000,375.026000
937.200000,-376.230000,348.430000
990.600000,-384.700000,321.834000
950.340000,-383.965000,428.000000
998.100000,-293.160000,396.063000
988.740000,-259.000000,369.467000
938.100000,-269.045000,342.871000
963.240000,-294.000000,425.166000
954.300000,-274.715000,428.000000
879.400000,-369.158000,371.576000
863.645000,-358.900000,354.252000
856.400000,-377.691000,336.857000
878.204000,-381.900000,390.533000
863.806000,-380.060000,396.000000
830.200000,-379.444000,371.560000
823.352000,-350.100000,353.920000
798.200000,-361.172000,336.352000
813.464000,-382.100000,390.712000
810.136000,-362.612000,400.000000
889.700000,-317.364000,368.346000
842.891000,-296.800000,348.338000
826.700000,-343.175000,328.330000
827.078000,-349.800000,390.240000
853.412000,-342.486000,405.000000
918.300000,-289.188000,328.522000
892.188000,-261.700000,325.838000
822.300000,-274.628000,323.143000
873.756000,-293.700000,331.459000
867.996000,-272.356000,334.000000
775.600000,-327.150000,378.159000
741.114000,-315.600000,351.454000
732.600000,-348.255000,433.858000
735.395000,-350.600000,407.153000
755.261000,-343.740000,438.000000
769.600000,-301.648000,361.511000
755.698000,-263.200000,339.795000
727.600000,-285.376000,406.990000
752.548000,-311.200000,385.274000
751.876000,-276.400000,415.000000
706.400000,-271.036000,328.568000
664.260000,-253.900000,324.648000
657.400000,-316.333000,336.744000
663.427000,-316.900000,332.840000
688.270000,-300.898000,339.000000
646.650000,-345.176000,336.280000
594.251700,-247.100000,322.860000
511.950000,-315.740000,364.440000
599.774400,-379.100000,350.965000
603.680700,-275.612000,375.000000
626.849100,-350.852000,375.000000
502.100000,-276.129000,320.270000
385.514000,-247.800000,309.046000
375.100000,-254.450000,343.776000
398.087000,-380.800000,332.552000
468.191000,-339.171000,355.000000
470.985000,-283.843000,355.000000
1095.100000,-215.624000,326.760000
1030.732000,-156.800000,356.960000
951.100000,-206.594000,347.200000
1053.340000,-242.800000,337.400000
1063.996000,-170.388000,359.000000
1045.708000,-221.816000,359.000000
921.400000,-171.725000,360.642000
921.400000,-188.000000,467.066000
848.200000,-160.100000,550.398000
909.325000,-160.100000,521.784000
846.400000,-168.200000,488.903000
846.400000,-212.150000,325.753000
864.325000,-235.100000,427.659000
863.350000,-235.100000,380.722000
994.700000,-81.593200,319.819000
970.965000,-70.200000,326.623000
947.700000,-81.793400,324.418000
983.796000,-88.400000,322.222000
989.389000,-72.020000,328.000000
1000.661147,-47.110415,321.080000
999.558053,-45.188081,341.465000
959.294520,-39.748734,334.877000
968.658442,-56.251908,328.262000
996.467579,-54.519349,347.000000
853.290434,-115.318368,343.748000
842.246706,-95.559679,338.624000
822.252735,-97.726271,333.479000
843.778791,-118.580712,328.355000
858.276794,-107.014093,344.000000
895.050640,-76.084258,326.622000
890.746001,-72.267716,325.152000
840.917847,-47.602961,323.688000
849.259235,-75.233778,322.224000
839.286722,-54.932894,327.000000
920.261215,-20.562215,334.160000
899.020956,1.516547,330.256000
876.580109,-12.135609,326.352000
911.094017,-31.360315,322.432000
878.335554,-19.337610,336.000000
868.953288,-14.088986,325.842000
879.322182,24.901656,322.670000
858.651400,19.879544,319.485000
857.087237,-10.736181,316.313000
859.174923,12.262155,328.000000
783.200000,-212.597000,386.291000
756.000000,-191.400000,367.426000
743.200000,-229.564000,348.638000
780.920000,-238.400000,329.773000
751.000000,-234.875000,403.000000
712.800000,-233.600000,324.386000
703.395000,-187.500000,322.922000
667.800000,-204.550000,321.452000
689.040000,-237.500000,325.988000
678.870000,-207.300000,326.000000
638.700000,-203.660000,335.720000
584.088000,-195.800000,328.615000
564.700000,-213.200000,321.539000
564.774000,-215.800000,343.463000
586.752000,-213.140000,345.000000
423.000000,-224.060000,360.981000
414.156000,-189.500000,339.176000
390.000000,-205.460000,317.460000
407.523000,-229.500000,384.655000
401.517000,-203.020000,394.000000
776.400000,-86.000000,324.193000
732.565000,-65.900000,321.997000
721.400000,-121.580000,319.792000
724.700000,-125.900000,326.596000
743.400000,-114.440000,328.000000
769.250000,-30.940000,337.248000
734.205000,1.300000,325.488000
661.750000,-16.980000,313.776000
725.067500,-38.700000,350.064000
710.340000,-9.900000,360.000000
507.800000,-7.096000,313.902000
456.500000,6.200000,308.290000
447.800000,-41.128000,325.678000
454.880000,-41.800000,320.043000
477.980000,-29.848000,326.000000
237.642009,-585.007233,322.423000
243.047133,-568.197891,322.179000
226.237791,-566.712967,322.934000
228.658217,-583.507460,322.690000
238.859647,-570.573770,323.000000
296.500000,-331.232000,312.372000
288.283000,-326.000000,312.127000
287.500000,-327.080000,312.883000
289.084000,-350.000000,312.638000
292.954000,-342.608000,313.000000
283.000000,-316.701000,312.320000
272.392000,-310.500000,312.076000
259.000000,-315.666000,312.831000
275.920000,-319.500000,312.587000
274.768000,-311.967000,313.000000
176.970503,-557.200356,324.152000
165.480779,-520.553291,322.192000
161.296369,-521.416004,328.240000
133.470172,-545.836508,326.288000
154.924682,-555.695983,330.000000
137.058594,-304.690143,313.434000
135.838835,-281.161165,314.946000
112.292179,-279.959084,314.458000
124.694832,-305.372501,313.968000
140.417351,-289.451992,315.000000
136.748133,-596.222429,337.442000
141.432009,-590.520320,403.214000
116.773781,-582.255656,381.899000
79.031249,-629.942938,360.671000
109.408557,-617.147133,410.000000
19.710760,-481.451711,321.150000
94.016146,-550.711786,328.700000
45.651949,-440.610187,326.260000
-13.721242,-415.590777,323.820000
74.040849,-554.044831,330.000000
179.394841,-412.768607,321.386000
179.667809,-407.044968,338.018000
136.847444,-385.733834,332.650000
94.809549,-442.656664,327.260000
144.697615,-436.285278,342.000000
77.146132,-346.663081,314.408000
121.699980,-369.044079,340.112000
88.287900,-310.158162,331.782000
52.372990,-311.165622,323.486000
50.950562,-313.751790,348.000000
22.307035,-320.947799,343.713000
63.061842,-266.978581,335.628000
11.047067,-241.698099,327.576000
-5.159820,-294.923441,319.491000
3.113329,-251.170501,345.000000
364.000000,-175.732000,318.453000
287.050000,-131.500000,314.305000
250.000000,-209.779000,310.140000
356.932000,-228.500000,305.992000
257.752000,-221.710000,320.000000
272.800000,-217.054000,320.000000
279.740860,-73.446704,315.012000
311.119040,-37.763655,311.582000
281.995919,-30.278507,308.166000
266.067063,-63.369341,304.750000
281.952280,-35.261390,317.000000
209.000000,-37.810000,310.806000
181.146000,0.000000,310.562000
171.000000,-82.175000,310.318000
208.886000,-95.000000,310.073000
177.498000,-82.840000,311.000000
170.000000,-186.835000,323.305000
125.290000,0.000000,320.621000
0.000000,-84.710000,317.926000
89.420000,-215.000000,315.242000
37.740000,-73.745000,326.000000
154.020000,-72.455000,326.000000
102.680000,-130.290000,326.000000
68.510000,-17.845000,326.000000
