1522.700000,-1077.309000,305.114000
1522.683000,-1072.200000,304.624000
1505.700000,-1077.348000,304.136000
1510.188000,-1111.200000,305.648000
1512.857000,-1095.795000,306.000000
1493.900000,-1073.714000,306.548000
1481.636000,-1052.600000,306.060000
1469.900000,-1074.428000,307.572000
1488.476000,-1086.600000,307.082000
1486.772000,-1055.830000,308.000000
1570.100000,-965.620000,307.944000
1569.428000,-963.400000,306.236000
1538.100000,-966.440000,304.521000
1547.188000,-983.400000,302.813000
1569.620000,-975.100000,308.000000
1526.200000,-970.930000,315.200000
1518.235000,-952.900000,310.300000
1511.200000,-972.760000,305.420000
1523.110000,-982.900000,320.540000
1515.220000,-955.150000,321.000000
1508.400000,-958.848000,304.852000
1506.678000,-956.300000,302.647000
1466.400000,-961.116000,309.451000
1479.168000,-984.300000,307.246000
1489.500000,-972.120000,310.000000
1505.460576,-738.077937,303.915000
1475.579600,-728.345343,324.327000
1497.980672,-756.287380,317.712000
1520.262381,-753.890270,311.124000
1482.234913,-724.279686,327.000000
1427.300000,-573.047000,323.534000
1425.836000,-569.000000,319.142000
1403.300000,-579.944000,314.732000
1411.076000,-626.000000,310.340000
1406.060000,-600.065000,326.000000
1390.800000,-629.854000,312.648000
1356.540000,-622.000000,310.688000
1330.800000,-631.828000,308.736000
1380.840000,-636.000000,314.776000
1354.620000,-622.490000,316.000000
1366.100000,-576.946000,311.278000
1364.723000,-574.600000,308.594000
1349.100000,-584.352000,316.910000
1354.948000,-620.600000,314.215000
1360.643000,-598.750000,319.000000
1347.700000,-602.781000,308.032000
1332.925000,-580.600000,309.544000
1322.700000,-610.202000,309.054000
1344.050000,-621.600000,308.566000
1346.750000,-581.215000,310.000000
1448.900000,-1080.537000,309.670000
1445.163000,-1079.700000,308.445000
1411.900000,-1085.964000,307.225000
1425.368000,-1106.700000,306.005000
1420.928000,-1093.335000,311.000000
1344.200000,-1091.614000,308.000000
1331.980000,-1073.900000,308.000000
1324.200000,-1099.128000,308.000000
1341.680000,-1107.900000,308.000000
1334.720000,-1107.730000,308.000000
1442.100000,-1042.420000,305.704000
1437.986000,-1042.200000,317.800000
1408.100000,-1047.240000,313.880000
1421.156000,-1062.200000,309.976000
1435.572000,-1051.900000,319.000000
1434.000000,-1017.022000,320.740000
1377.841000,-1006.000000,315.840000
1345.000000,-1022.764000,310.960000
1424.566000,-1028.000000,306.080000
1353.099000,-1027.450000,323.000000
1344.900000,-1067.769000,316.268000
1336.158000,-1009.300000,312.120000
1282.900000,-1025.348000,307.972000
1307.948000,-1068.300000,320.807000
1306.026000,-1036.735000,323.000000
1446.100000,-958.654000,306.508000
1430.476000,-942.300000,303.092000
1422.100000,-968.888000,313.662000
1444.036000,-976.300000,310.246000
1437.820000,-974.770000,316.000000
1399.000000,-986.843000,303.120000
1391.755000,-954.800000,305.385000
1354.000000,-964.436000,304.653000
1373.080000,-987.800000,303.921000
1396.210000,-969.485000,306.000000
1337.700000,-966.513000,307.032000
1326.964000,-951.300000,306.052000
1321.700000,-977.766000,305.076000
1336.644000,-984.300000,304.096000
1325.220000,-982.155000,308.000000
1430.300000,-932.518000,321.475000
1421.793000,-915.400000,311.471000
1383.300000,-921.016000,342.426000
1404.168000,-933.400000,332.422000
1406.894000,-923.050000,343.000000
1308.000000,-868.252000,317.264000
1295.562000,-836.500000,353.552000
1290.000000,-895.684000,341.792000
1307.172000,-908.500000,330.080000
1304.130000,-902.380000,356.000000
1302.100000,-777.406000,333.419000
1299.085000,-753.200000,326.314000
1287.100000,-761.832000,319.238000
1294.060000,-779.200000,312.133000
1288.105000,-763.730000,336.000000
1356.800000,-786.115000,325.212000
1305.608000,-779.800000,318.136000
1284.800000,-792.430000,311.060000
1354.928000,-794.800000,332.955000
1309.928000,-793.225000,336.000000
1451.000000,-775.265000,312.456000
1427.795000,-761.600000,303.672000
1346.000000,-766.880000,330.852000
1396.820000,-776.600000,322.068000
1412.360000,-767.375000,336.000000
1446.700000,-738.037000,302.304000
1436.466000,-723.200000,329.484000
1432.700000,-755.094000,320.700000
1446.616000,-760.200000,311.916000
1445.496000,-755.575000,336.000000
1445.200000,-719.265000,337.488000
1424.956000,-705.900000,325.776000
1361.200000,-711.480000,314.064000
1403.536000,-720.900000,302.304000
1377.664000,-711.375000,348.000000
1359.800000,-715.597000,332.958000
1347.784000,-701.500000,322.710000
1343.800000,-734.134000,312.420000
1344.024000,-738.500000,344.172000
1351.448000,-733.135000,354.000000
1342.600000,-711.294000,321.114000
1332.943000,-699.100000,352.824000
1305.600000,-704.588000,342.576000
1324.988000,-713.100000,332.328000
1333.757000,-703.930000,354.000000
1302.800000,-714.752000,351.228000
1289.693000,-703.200000,340.980000
1285.800000,-732.064000,330.732000
1286.378000,-735.200000,320.442000
1286.531000,-729.920000,354.000000
1268.400000,-1089.705000,318.084000
1261.375000,-1042.900000,313.936000
1243.400000,-1065.560000,309.771000
1257.000000,-1097.900000,322.623000
1251.525000,-1060.775000,324.000000
1228.600000,-1084.071000,308.850000
1220.690000,-1073.500000,307.625000
1218.600000,-1102.082000,311.405000
1219.140000,-1104.500000,310.185000
1224.680000,-1098.765000,312.000000
1220.900000,-1102.810000,309.264000
1211.569000,-1094.500000,311.529000
1189.900000,-1098.820000,310.797000
1207.384000,-1104.500000,310.062000
1217.490000,-1097.550000,312.000000
1216.600000,-1061.515000,307.805000
1210.112000,-1056.700000,307.561000
1208.600000,-1070.830000,307.316000
1209.192000,-1071.700000,307.072000
1209.976000,-1068.625000,308.000000
1195.000000,-1080.196000,310.569000
1191.790000,-1051.000000,309.837000
1185.000000,-1067.272000,309.102000
1190.840000,-1087.000000,311.370000
1189.550000,-1061.260000,312.000000
1187.000000,-1085.526000,312.651000
1174.535000,-1077.700000,320.956000
1172.000000,-1102.712000,318.272000
1173.410000,-1103.700000,315.577000
1183.055000,-1097.850000,321.000000
1148.400000,-1097.375000,311.000000
1131.350000,-1077.600000,311.000000
1098.400000,-1089.400000,311.000000
1128.600000,-1102.600000,311.000000
1099.350000,-1084.200000,311.000000
1231.100000,-1004.182000,310.352000
1212.378000,-998.000000,309.864000
1209.100000,-1019.604000,309.374000
1211.608000,-1020.000000,310.886000
1215.744000,-1014.588000,311.000000
1206.100000,-1036.311000,310.970000
1201.046000,-1004.700000,309.745000
1192.100000,-1024.872000,313.525000
1200.836000,-1045.700000,312.305000
1200.276000,-1014.704000,314.000000
1143.300000,-1012.167000,313.554000
1110.202000,-999.900000,324.138000
1105.300000,-999.994000,320.722000
1110.392000,-1046.900000,317.292000
1138.208000,-1034.398000,326.000000
1268.000000,-932.710000,313.803000
1256.951000,-925.200000,312.095000
1239.000000,-930.320000,310.380000
1257.676000,-935.200000,308.672000
1243.321000,-927.440000,315.000000
1238.900000,-955.253000,312.188000
1227.317000,-947.300000,311.208000
1225.900000,-948.026000,310.232000
1227.902000,-980.300000,313.256000
1231.503000,-970.862000,314.000000
1224.200000,-969.868000,311.056000
1219.388000,-949.400000,310.080000
1212.200000,-964.296000,313.104000
1220.168000,-977.400000,312.124000
1220.756000,-955.112000,314.000000
1179.800000,-967.952000,313.928000
1158.847000,-965.300000,312.952000
1156.800000,-965.804000,311.972000
1160.802000,-977.300000,310.996000
1179.685000,-973.628000,314.000000
1190.200000,-956.130000,321.900000
1162.414000,-934.800000,317.735000
1124.200000,-951.360000,313.587000
1169.344000,-964.800000,326.439000
1142.548000,-940.320000,327.000000
1268.300000,-857.922000,311.090000
1255.266000,-853.500000,309.865000
1254.300000,-854.886000,313.645000
1257.016000,-875.500000,312.420000
1262.140000,-868.328000,314.000000
1257.000000,-844.611000,311.270000
1251.708000,-830.100000,312.782000
1245.000000,-842.133000,312.292000
1253.448000,-851.100000,311.804000
1255.104000,-833.544000,313.000000
1157.500000,-848.030000,316.000000
1145.137000,-842.600000,316.000000
1144.500000,-845.090000,316.000000
1147.282000,-872.600000,316.000000
1146.125000,-862.220000,316.000000
1145.100000,-867.765000,316.000000
1128.965000,-857.700000,316.000000
1110.100000,-866.595000,316.000000
1135.440000,-872.700000,316.000000
1124.345000,-859.860000,316.000000
1259.300000,-791.549000,310.712000
1239.880000,-790.100000,310.956000
1239.300000,-791.027000,310.200000
1243.980000,-799.100000,310.445000
1253.080000,-795.806000,310.000000
1213.100000,-788.811000,313.000000
1206.847000,-749.100000,313.000000
1200.100000,-786.493000,313.000000
1209.772000,-810.100000,313.000000
1212.736000,-756.664000,313.000000
1200.200000,-757.101000,325.308000
1187.317000,-748.500000,321.143000
1187.200000,-756.003000,316.995000
1190.502000,-809.500000,329.830000
1190.502000,-785.954000,330.000000
1142.500000,-797.406000,321.087000
1123.963000,-781.000000,319.379000
1105.500000,-797.458000,324.671000
1133.768000,-807.000000,322.956000
1125.332000,-783.704000,325.000000
1270.600000,-741.360000,312.636000
1270.050000,-739.800000,315.660000
1220.600000,-741.659000,314.680000
1234.300000,-752.800000,313.704000
1261.550000,-747.522000,316.000000
1238.100000,-715.740000,331.909000
1215.176000,-688.900000,327.744000
1194.100000,-717.632000,323.596000
1228.596000,-732.900000,319.448000
1198.544000,-692.596000,334.000000
1172.300000,-699.800000,318.188000
1171.494000,-696.600000,317.700000
1146.300000,-701.816000,317.212000
1153.944000,-728.600000,318.722000
1156.258000,-714.968000,319.000000
1138.700000,-694.350000,319.936000
1123.552000,-685.500000,319.204000
1110.700000,-695.595000,321.469000
1133.212000,-700.500000,320.737000
1129.320000,-686.460000,322.000000
1202.900000,-643.260000,318.690000
1198.718000,-641.500000,336.055000
1120.900000,-645.526000,330.443000
1146.648000,-663.500000,324.831000
1198.636000,-653.688000,341.000000
1148.800000,-624.880000,321.236000
1126.360000,-599.800000,319.521000
1108.800000,-630.292000,317.813000
1141.760000,-643.800000,316.098000
1118.000000,-601.736000,323.000000
1251.400000,-590.380000,315.115000
1244.442000,-587.500000,312.431000
1153.400000,-597.244000,320.736000
1186.132000,-635.500000,318.052000
1203.576000,-613.132000,321.000000
1253.000000,-575.550000,311.856000
1203.615000,-564.000000,336.048000
1168.000000,-578.973000,328.208000
1239.740000,-585.000000,320.400000
1235.575000,-564.504000,338.000000
994.600000,-1063.560000,376.367000
989.686000,-1062.200000,359.952000
940.600000,-1069.782000,343.604000
959.716000,-1096.200000,327.189000
944.758000,-1079.676000,383.000000
1076.100000,-1026.820000,323.124000
1055.666000,-998.200000,318.732000
1042.100000,-1037.782000,314.340000
1071.476000,-1052.200000,327.930000
1054.306000,-998.416000,330.000000
1024.800000,-996.380000,321.024000
1013.922000,-995.300000,318.828000
926.800000,-1008.422000,325.623000
963.452000,-1049.300000,323.427000
989.716000,-1021.976000,327.000000
995.200000,-953.120000,322.834000
956.077000,-931.700000,376.439000
932.200000,-963.326000,359.115000
987.892000,-973.700000,341.720000
990.412000,-973.028000,390.000000
1073.100000,-931.100000,325.794000
1064.978000,-885.100000,322.378000
1011.100000,-897.198000,318.962000
1035.528000,-931.100000,315.532000
1023.872000,-906.904000,329.000000
1021.800000,-846.650000,322.934000
1000.647000,-824.600000,321.470000
988.800000,-859.385000,320.000000
1018.632000,-869.600000,324.536000
1004.937000,-867.980000,326.000000
1078.200000,-804.320000,327.729000
1073.670000,-751.400000,363.214000
1048.200000,-766.682000,351.746000
1060.620000,-805.400000,340.278000
1071.330000,-775.916000,365.000000
1028.200000,-780.660000,340.328000
999.116000,-758.100000,334.960000
984.200000,-796.164000,329.592000
1024.856000,-806.100000,324.202000
986.532000,-803.412000,342.000000
986.200000,-800.800000,337.482000
976.624000,-743.200000,332.358000
930.200000,-761.380000,327.213000
954.504000,-803.200000,343.089000
948.960000,-769.240000,345.000000
1023.800000,-707.300000,332.200000
961.148000,-679.400000,327.300000
931.800000,-729.806000,342.420000
1018.648000,-741.400000,337.540000
988.656000,-736.688000,345.000000
1083.800000,-661.000000,319.546000
1075.205000,-604.600000,324.831000
1038.800000,-623.980000,323.123000
1059.230000,-664.600000,321.408000
1079.300000,-629.440000,326.000000
987.100000,-631.770000,325.590000
974.482000,-606.400000,325.102000
969.100000,-655.547000,324.612000
986.452000,-665.400000,324.124000
972.376000,-659.736000,326.000000
965.000000,-660.240000,334.721000
961.624000,-626.200000,330.573000
949.000000,-638.891000,326.408000
956.584000,-663.200000,339.260000
956.440000,-640.778000,343.000000
1066.900000,-564.140000,326.158000
968.844000,-542.000000,339.748000
930.900000,-588.062000,335.356000
1064.724000,-596.000000,330.946000
1032.492000,-589.736000,340.000000
813.700000,-1096.300000,329.428000
805.846000,-1059.400000,326.744000
779.700000,-1074.283000,324.049000
796.496000,-1100.400000,321.365000
780.686000,-1074.734000,330.000000
892.700000,-1028.870000,334.656000
838.607000,-988.700000,330.752000
819.700000,-1078.619000,326.832000
819.992000,-1091.700000,338.928000
842.476000,-1077.692000,340.000000
809.800000,-1048.600000,328.992000
802.521000,-995.800000,325.807000
780.800000,-1018.780000,335.635000
795.706000,-1055.800000,332.450000
798.026000,-1017.040000,337.000000
773.400000,-1081.450000,323.616000
733.828000,-1072.200000,335.712000
721.400000,-1094.525000,331.808000
722.648000,-1097.200000,327.888000
766.952000,-1093.300000,338.000000
772.800000,-1048.360000,413.452000
766.025000,-1000.200000,387.100000
747.800000,-1022.768000,360.640000
761.150000,-1056.200000,334.288000
751.775000,-1018.904000,433.000000
840.300000,-939.450000,364.886000
796.564000,-920.900000,345.776000
784.300000,-969.289000,326.744000
786.764000,-973.900000,385.712000
808.996000,-964.572000,401.000000
844.200000,-879.640000,335.334000
826.158000,-824.200000,330.210000
782.200000,-852.118000,346.086000
816.548000,-890.200000,340.941000
827.026000,-844.924000,351.000000
769.300000,-840.870000,391.236000
754.882000,-824.700000,375.864000
751.300000,-870.417000,360.429000
752.452000,-873.700000,345.057000
751.390000,-864.096000,393.000000
743.515462,-864.948345,373.470000
754.435819,-830.202514,358.035000
736.139153,-843.113698,342.663000
733.968561,-869.195808,390.291000
743.106924,-839.155798,393.000000
869.700000,-749.520000,332.344000
828.650000,-742.700000,327.934000
819.700000,-763.666000,341.542000
823.900000,-764.700000,337.132000
848.200000,-759.948000,343.000000
907.900000,-784.100000,327.250000
896.315000,-736.100000,340.858000
872.900000,-763.880000,336.448000
893.690000,-796.100000,332.056000
902.720000,-752.540000,343.000000
835.541524,-785.096846,498.228000
807.280469,-757.381927,450.208000
783.017174,-788.642972,402.384000
786.675134,-791.755548,354.560000
792.257923,-784.016549,529.000000
909.000000,-656.240000,340.464000
886.887000,-630.500000,334.584000
846.000000,-646.439000,328.728000
884.682000,-663.500000,346.848000
872.271000,-638.882000,351.000000
840.600000,-648.010000,351.294000
795.828000,-641.800000,333.482000
788.600000,-664.639000,388.597000
795.048000,-664.800000,370.785000
824.948000,-658.912000,404.000000
897.700000,-619.960000,539.140000
867.278000,-592.600000,486.680000
893.846000,-592.600000,531.830000
815.700000,-610.708000,434.005000
867.688000,-628.600000,381.545000
824.966000,-628.600000,411.000000
906.700000,-551.750000,335.710000
799.218000,-541.000000,332.035000
784.700000,-541.559000,328.375000
802.268000,-584.000000,339.700000
816.908000,-572.132000,340.000000
547.079350,-1147.851853,337.930000
549.389461,-1119.954201,330.610000
522.067415,-1122.343364,353.290000
532.241830,-1148.193170,345.940000
543.612413,-1124.575844,355.000000
536.171219,-1160.706245,349.691000
491.219836,-1122.618111,469.895000
491.866486,-1123.054281,374.177000
485.368285,-1119.785735,430.940000
479.065119,-1148.193753,392.144000
521.690086,-1176.944656,443.819000
519.534859,-1165.493803,485.000000
494.676664,-1102.970927,378.887000
505.688215,-1084.534502,363.942000
487.200433,-1085.863388,349.058000
484.890988,-1103.344507,334.174000
496.052085,-1081.266407,387.000000
599.168683,-1061.327409,388.656000
576.666094,-1013.183735,362.060000
571.369468,-1011.780234,335.464000
532.960595,-1056.141897,417.759000
555.306426,-1053.106833,434.000000
618.513020,-1034.525027,335.664000
613.380908,-1012.615042,327.856000
590.425528,-996.792130,352.016000
606.198122,-1025.991260,344.208000
614.623054,-1018.019807,358.000000
651.024973,-989.543889,326.220000
638.127284,-960.030486,334.525000
634.349073,-960.584700,331.841000
606.167014,-992.068547,329.157000
633.576211,-1001.890169,337.000000
655.583997,-960.406591,355.743000
670.351178,-939.743435,346.227000
648.857985,-946.551815,336.711000
643.940931,-964.334063,327.156000
663.125781,-939.630316,366.000000
447.789593,-1086.317695,328.455000
423.704347,-1045.229322,328.211000
419.466183,-1046.202321,328.966000
396.799843,-1078.743686,328.722000
417.578229,-1080.643893,329.000000
450.102178,-1050.225018,339.245000
458.808843,-1027.416842,388.320000
435.157362,-1028.871343,372.460000
437.310812,-1051.717488,356.600000
459.992444,-1035.692167,393.000000
530.669218,-1018.209052,383.024000
520.083591,-997.747968,367.344000
517.086236,-999.612865,351.728000
499.263274,-1021.296505,336.048000
506.034737,-1011.136998,390.000000
501.529169,-1003.820848,357.792000
511.830324,-980.947762,345.836000
487.517202,-985.572046,333.831000
488.190910,-1007.371068,370.875000
506.703100,-980.956341,377.000000
556.080251,-998.561727,339.084000
558.571992,-996.474470,330.788000
522.038664,-956.643044,356.458000
514.199600,-981.404523,348.162000
535.044882,-991.415047,362.000000
589.309738,-969.118107,328.220000
607.767586,-931.815075,331.995000
566.822509,-943.578080,330.775000
566.481194,-977.760587,329.550000
612.833049,-947.181817,333.000000
591.037526,-920.934209,372.377000
596.027508,-916.434028,358.469000
578.300625,-909.373435,344.561000
541.196882,-945.653803,330.596000
560.179545,-928.772577,386.000000
643.763121,-919.084114,336.622000
653.905039,-880.124231,332.230000
612.799852,-886.253494,345.820000
621.171287,-925.508263,341.428000
651.649146,-883.688142,346.000000
709.644599,-843.198986,354.201000
712.216655,-839.224640,454.616000
684.393230,-818.610557,422.164000
658.976239,-852.928989,389.712000
686.402499,-852.157056,461.000000
728.441533,-812.550111,392.066000
730.330759,-791.842382,375.230000
709.448732,-793.187670,358.394000
717.138045,-815.276131,341.489000
722.739826,-784.613532,398.000000
763.900000,-676.830000,364.968000
762.598000,-675.500000,353.012000
742.900000,-679.167000,341.007000
749.725000,-694.500000,378.051000
750.145000,-685.836000,383.000000
739.173762,-710.703209,344.000000
731.243889,-684.003503,334.200000
708.742839,-677.441505,364.440000
728.004118,-710.194019,354.680000
736.405736,-691.404358,370.000000
766.000000,-582.100000,337.412000
760.014000,-578.200000,364.628000
693.000000,-594.814000,355.844000
718.185000,-656.200000,347.024000
759.430000,-619.072000,371.000000
765.700000,-559.200000,349.700000
730.180000,-537.600000,344.820000
705.700000,-566.520000,339.920000
757.000000,-577.600000,335.040000
717.220000,-538.160000,354.000000
708.600000,-537.660000,434.145000
704.316000,-536.400000,381.470000
666.600000,-546.186000,329.010000
681.930000,-578.400000,491.550000
426.852062,-1018.917668,337.840000
420.103479,-985.795217,368.040000
390.816256,-985.047670,358.280000
411.806573,-1023.219863,348.480000
408.307729,-1018.613127,369.000000
486.221280,-963.480916,404.916000
482.093673,-957.875261,384.908000
444.306931,-924.077192,364.818000
439.540469,-956.174934,344.810000
439.961247,-930.456724,410.000000
499.333010,-948.428649,331.280000
491.103675,-914.431031,330.060000
461.735309,-914.536689,328.835000
484.371888,-953.788439,332.615000
466.948033,-931.032337,333.000000
525.631520,-929.616398,336.854000
566.432181,-885.613484,331.709000
521.305116,-855.914277,347.585000
502.698495,-902.249880,342.440000
535.205595,-891.290059,350.000000
606.872381,-866.302005,330.365000
616.944678,-832.976603,341.705000
573.864256,-854.428671,338.045000
581.020660,-883.955079,334.370000
582.618074,-881.542038,344.000000
560.982048,-860.230607,332.663000
580.538498,-838.140454,330.955000
557.886271,-824.134731,329.240000
549.426840,-847.391227,327.532000
557.556454,-830.925682,334.000000
586.185329,-817.445919,345.445000
592.127175,-801.393175,336.870000
569.474210,-814.250442,328.330000
572.224471,-827.663887,354.790000
569.906120,-821.444960,362.000000
617.251449,-801.384091,333.808000
636.371094,-781.217503,326.000000
619.021259,-774.215736,350.192000
609.139131,-793.670285,342.352000
625.745463,-787.634478,358.000000
675.002525,-802.242215,340.468000
659.660505,-763.020557,337.052000
629.870182,-764.157611,333.622000
660.739149,-810.434028,330.206000
628.366803,-766.494505,341.000000
693.282644,-779.265115,352.080000
730.291253,-736.299863,344.485000
689.653993,-717.865561,336.921000
673.184310,-761.119606,360.357000
695.720225,-732.125940,362.000000
430.160597,-922.330119,336.146000
413.151121,-879.301407,331.754000
380.294553,-882.931753,345.362000
414.310577,-933.170735,340.952000
401.616977,-911.937068,347.000000
447.000813,-906.426425,330.185000
461.929988,-881.482290,344.549000
431.667505,-860.938913,339.894000
430.318019,-890.115232,335.258000
455.356097,-891.669673,347.000000
510.146662,-857.246986,341.328000
513.596302,-823.370559,337.408000
467.789975,-849.083690,333.504000
482.065570,-879.774291,329.600000
470.288356,-853.217685,344.000000
460.819107,-845.079454,345.081000
486.905390,-816.481699,337.486000
462.992149,-812.437530,329.922000
449.666880,-838.823646,353.327000
469.742180,-820.158175,359.000000
546.181836,-823.755316,334.772000
545.636873,-806.779041,327.696000
524.299650,-818.313489,349.591000
522.014563,-820.511341,342.515000
532.939542,-827.738667,356.000000
521.772126,-811.096938,332.916000
536.449650,-787.748859,331.452000
511.496192,-775.668400,329.982000
508.577733,-801.000380,328.518000
533.864315,-800.954878,333.000000
573.543625,-799.171233,335.152000
552.786681,-756.377172,331.967000
523.124694,-762.794105,328.795000
522.184772,-766.257434,338.610000
535.079413,-774.267691,339.000000
577.189212,-754.507362,328.526000
593.200729,-736.461364,327.062000
577.887885,-735.926954,331.598000
569.916428,-752.200087,330.128000
584.723162,-740.407992,332.000000
623.999427,-737.113598,326.390000
615.976820,-710.998542,333.950000
590.268891,-723.251740,331.500000
589.581288,-726.073247,329.060000
609.706153,-742.058677,335.000000
573.075955,-737.296814,352.281000
609.572033,-701.913852,344.196000
582.456293,-710.399373,336.144000
560.910636,-738.751989,328.092000
589.713871,-706.857771,357.000000
679.787448,-707.406292,336.480000
663.537153,-656.829746,331.600000
612.349188,-683.524384,326.720000
612.570490,-689.232103,341.820000
634.767456,-697.002839,345.000000
317.737940,-1034.736372,328.504000
318.708353,-978.015109,325.576000
245.264537,-919.711635,334.636000
275.835667,-996.577459,331.708000
309.371136,-986.792226,337.000000
375.701978,-968.977975,326.350000
379.165322,-939.408815,352.775000
323.386376,-979.173325,344.235000
322.839449,-982.672271,335.695000
349.044451,-989.535407,361.000000
334.957176,-966.386758,345.994000
344.219962,-910.037935,340.626000
278.405797,-869.350850,335.258000
298.551788,-939.449287,351.868000
304.640307,-883.814141,352.000000
384.665391,-864.500785,385.740000
354.981996,-809.602945,353.532000
316.954644,-826.685177,453.192000
321.623747,-833.558582,420.984000
348.356756,-850.544287,459.000000
395.184729,-846.811874,330.586000
399.467962,-815.394963,347.196000
363.883589,-794.953464,341.828000
375.662714,-833.668401,336.460000
400.462636,-828.254878,349.000000
464.500857,-787.547810,339.334000
437.579147,-743.147375,335.904000
432.763570,-737.329344,332.488000
416.856115,-760.459987,329.058000
421.026641,-754.197847,341.000000
488.415983,-767.799806,326.000000
491.375685,-736.893641,326.000000
457.256725,-718.400021,326.000000
469.823968,-756.360943,326.000000
477.603706,-730.208909,326.000000
580.055506,-685.646395,330.056000
570.307889,-662.549541,326.152000
567.954435,-660.703141,338.232000
548.569264,-681.786031,334.328000
563.629680,-687.204799,341.000000
546.802844,-715.240486,325.170000
553.135552,-689.421266,328.945000
526.069863,-680.559340,327.725000
532.284898,-709.754309,326.500000
557.247751,-703.900026,330.000000
541.362080,-666.463004,337.016000
540.678718,-650.587034,333.112000
538.466453,-650.793203,329.208000
508.027954,-678.594374,325.288000
518.702975,-670.868659,341.000000
582.765964,-647.208821,335.194000
591.104978,-624.754922,328.850000
568.098376,-621.780654,348.480000
570.484496,-645.380739,342.136000
585.695719,-626.548468,349.000000
290.340279,-835.180392,333.545000
277.786603,-810.975475,359.970000
275.726592,-810.010543,351.430000
265.154348,-824.316788,342.890000
279.874827,-835.109266,362.000000
255.967710,-863.350165,332.656000
249.808307,-814.595650,329.240000
200.216730,-786.307525,325.824000
229.545222,-848.557815,322.394000
216.377078,-782.314398,334.000000
331.685780,-794.359351,326.000000
303.443354,-749.894618,326.000000
299.719890,-749.494926,326.000000
284.212435,-777.070636,326.000000
297.667729,-776.157263,326.000000
286.029873,-713.797214,325.360000
298.767456,-693.979181,324.380000
279.177393,-702.443914,327.404000
275.342387,-718.741570,326.428000
296.036014,-698.245332,328.000000
354.040763,-705.422074,325.399000
349.715349,-696.201944,330.691000
348.083332,-697.317636,328.983000
337.105551,-710.564322,327.268000
346.860371,-710.916617,332.000000
335.663325,-698.105903,327.875000
342.489259,-687.274790,326.655000
331.452500,-692.470021,325.430000
329.554503,-701.282538,324.210000
339.271836,-687.222787,329.000000
373.163268,-684.785363,325.972000
357.138217,-660.678020,324.992000
354.821951,-662.318744,324.016000
344.123483,-680.949312,327.040000
355.229438,-680.337376,328.000000
401.364119,-681.071707,326.844000
400.019629,-656.880873,329.864000
382.692153,-673.904510,328.888000
392.281067,-691.429828,327.908000
403.722607,-662.193912,330.000000
439.045166,-639.217237,343.632000
441.477815,-635.344652,338.996000
415.213441,-622.669947,334.341000
402.253201,-653.592062,329.705000
406.184252,-637.261143,345.000000
402.750848,-604.962876,354.654000
382.559019,-626.179585,342.698000
366.853561,-647.944284,330.693000
395.907957,-614.938112,367.737000
377.494333,-632.602819,372.000000
577.931648,-578.910188,330.736000
581.698043,-574.997893,324.856000
563.755388,-567.308151,343.000000
532.544914,-600.428561,337.120000
553.899253,-590.005792,346.000000
562.900000,-545.690000,323.944000
541.220000,-533.300000,342.088000
522.900000,-547.433000,336.232000
555.100000,-554.300000,330.352000
558.740000,-534.623000,346.000000
517.438486,-642.692622,348.171000
518.680937,-639.817290,341.095000
497.321630,-624.326671,333.990000
480.883498,-649.222391,326.914000
490.507947,-636.353064,354.000000
484.459111,-608.986570,321.000000
487.377861,-580.318228,321.000000
458.287250,-582.480594,321.000000
468.613141,-613.149905,321.000000
486.715832,-581.915395,321.000000
470.500000,-563.620000,321.000000
469.780000,-563.200000,321.000000
460.500000,-564.628000,321.000000
463.850000,-570.200000,321.000000
467.930000,-566.931000,321.000000
451.374983,-581.244909,321.000000
449.786570,-569.871284,321.000000
441.006506,-580.145367,321.000000
446.843233,-588.135174,321.000000
446.006531,-568.753651,321.000000
435.446101,-572.665279,323.680000
434.913280,-571.188713,322.700000
423.214238,-574.026134,321.724000
418.800032,-597.214972,324.748000
423.383874,-583.333049,325.000000
479.100000,-551.800000,321.000000
453.816000,-546.500000,321.000000
437.100000,-553.840000,321.000000
473.430000,-556.500000,321.000000
461.880000,-546.530000,321.000000
416.963937,-550.506849,321.000000
416.199020,-549.362602,321.000000
404.442362,-555.353679,321.000000
397.261198,-584.967037,321.000000
409.078825,-567.753002,321.000000
397.142969,-556.575030,321.000000
395.718661,-541.532668,321.000000
385.548148,-559.568666,321.000000
391.769543,-568.719234,321.000000
385.011798,-565.920384,321.000000
1320.099628,-507.918938,334.296000
1360.737482,-482.223630,320.576000
1340.817191,-472.424570,306.912000
1313.940122,-496.806894,349.192000
1336.492104,-485.314565,360.000000
1269.500000,-509.300000,316.224000
1227.770000,-494.600000,309.392000
1204.500000,-517.820000,330.532000
1263.325000,-524.600000,323.700000
1251.235000,-523.490000,337.000000
1269.000000,-454.381000,327.496000
1264.896000,-416.200000,322.372000
1242.000000,-427.276000,317.227000
1253.205000,-455.200000,312.103000
1242.054000,-433.867000,328.000000
1188.300000,-511.408000,319.716000
1153.876000,-496.400000,316.286000
1136.300000,-521.808000,312.870000
1184.400000,-528.400000,323.440000
1151.068000,-526.576000,324.000000
1131.300000,-524.960000,314.233000
1127.000000,-486.600000,313.501000
1106.300000,-498.760000,315.769000
1117.175000,-526.600000,315.034000
1120.450000,-503.920000,316.000000
1190.100000,-457.782000,313.032000
1138.268000,-449.700000,319.080000
1114.100000,-464.352000,317.120000
1185.920000,-467.700000,315.168000
1178.624000,-466.314000,320.000000
1203.900000,-441.204000,336.798000
1185.852000,-407.400000,328.468000
1109.900000,-419.064000,320.172000
1152.670000,-443.400000,311.842000
1122.214000,-422.268000,342.000000
963.800000,-506.067000,325.692000
939.932000,-496.200000,324.960000
929.800000,-515.382000,324.228000
962.610000,-519.200000,326.493000
943.842000,-516.969000,327.000000
1005.000000,-461.170000,329.332000
990.160000,-433.600000,322.988000
935.000000,-443.920000,342.618000
968.250000,-463.600000,336.274000
983.720000,-445.390000,348.000000
912.300000,-507.170000,325.000000
876.200000,-494.900000,400.500000
862.300000,-520.520000,376.100000
911.550000,-524.900000,351.700000
911.200000,-521.390000,425.000000
911.700000,-480.260000,339.925000
905.668000,-444.300000,333.825000
885.700000,-458.860000,327.725000
898.570000,-484.300000,346.600000
892.460000,-459.220000,347.000000
914.100000,-413.870000,366.240000
877.000000,-402.200000,340.864000
864.100000,-428.420000,419.384000
864.350000,-432.200000,394.008000
891.200000,-428.090000,425.000000
864.200000,-489.801000,343.087000
848.576000,-473.100000,402.732000
802.200000,-480.396000,383.456000
834.130000,-492.100000,364.180000
853.350000,-479.807000,410.000000
863.600000,-440.211000,399.809000
816.356000,-433.200000,380.454000
801.600000,-450.186000,361.178000
803.150000,-452.200000,341.823000
808.234000,-449.217000,410.000000
772.000000,-504.798000,384.156000
772.000000,-427.084000,418.173000
740.992000,-400.000000,362.928000
658.000000,-449.288000,341.613000
658.000000,-502.846000,369.279000
718.990000,-522.000000,407.385000
702.346000,-440.626000,420.000000
674.530000,-411.102000,420.000000
634.400000,-441.276000,345.196000
588.262000,-398.000000,329.092000
575.400000,-511.336000,378.922000
578.055000,-522.000000,362.818000
615.048000,-500.052000,391.000000
574.200000,-502.497000,320.008000
557.556000,-399.300000,351.718000
517.200000,-451.452000,341.470000
548.835000,-522.300000,331.180000
571.578000,-437.799000,361.000000
480.900000,-482.531000,339.748000
456.840000,-469.700000,332.916000
450.900000,-506.126000,326.084000
452.850000,-508.700000,319.224000
457.980000,-501.017000,347.000000
405.300000,-510.098000,320.672000
397.188000,-475.700000,318.720000
379.300000,-494.348000,324.760000
394.250000,-517.700000,322.808000
392.794000,-488.006000,325.000000
499.500000,-417.349000,316.646000
461.688000,-398.500000,315.136000
453.500000,-456.694000,315.624000
457.410000,-459.500000,316.114000
490.346000,-446.263000,315.000000
1271.200000,-349.127000,382.990000
1259.580000,-290.800000,362.250000
1236.200000,-324.672000,341.510000
1257.025000,-363.800000,320.685000
1239.105000,-310.729000,392.000000
1217.300000,-322.547000,366.244000
1175.200000,-315.900000,345.016000
1167.300000,-338.302000,323.701000
1172.550000,-338.900000,389.473000
1185.600000,-333.449000,400.000000
1167.900000,-357.795000,341.710000
1153.820000,-276.000000,320.395000
1127.900000,-326.820000,386.167000
1152.500000,-381.000000,364.939000
1153.820000,-302.565000,400.000000
1100.100000,-312.105000,320.426000
1013.900000,-300.000000,439.874000
1016.400000,-300.000000,347.918000
1000.100000,-344.730000,401.322000
1012.600000,-345.000000,362.612000
1090.300000,-345.000000,417.122000
1093.100000,-333.435000,471.000000
997.200000,-376.265000,402.385000
974.880000,-349.700000,375.789000
937.200000,-367.340000,349.084000
975.300000,-384.700000,322.488000
949.920000,-357.855000,428.000000
998.100000,-267.715000,371.647000
945.180000,-259.000000,344.942000
938.100000,-259.490000,427.346000
946.800000,-294.000000,400.750000
967.800000,-284.305000,428.000000
879.400000,-375.897000,339.271000
870.384000,-358.900000,392.876000
856.400000,-370.952000,375.552000
871.465000,-381.900000,358.157000
874.271000,-363.799000,396.000000
830.200000,-357.428000,394.096000
801.336000,-350.100000,376.528000
798.200000,-351.188000,358.888000
803.480000,-382.100000,341.320000
800.088000,-372.596000,400.000000
889.700000,-334.907000,375.152000
863.744000,-296.800000,355.144000
826.700000,-325.632000,335.054000
869.225000,-349.800000,397.046000
848.246000,-307.029000,405.000000
918.300000,-268.388000,326.894000
829.788000,-261.700000,324.199000
822.300000,-263.428000,332.515000
840.060000,-293.700000,329.820000
882.204000,-283.556000,334.000000
775.600000,-340.065000,336.739000
757.024000,-315.600000,419.143000
732.600000,-335.340000,392.438000
762.485000,-350.600000,365.842000
771.558000,-321.655000,438.000000
769.600000,-272.272000,396.221000
730.036000,-263.200000,374.505000
727.600000,-266.752000,352.700000
736.210000,-311.200000,330.984000
735.538000,-295.024000,415.000000
706.400000,-296.677000,331.112000
684.252000,-253.900000,327.192000
657.400000,-290.692000,323.288000
692.435000,-316.900000,335.368000
680.479000,-263.539000,339.000000
646.650000,-269.408000,332.320000
517.068600,-247.100000,373.900000
511.950000,-259.508000,360.480000
542.257500,-379.100000,347.005000
613.379100,-331.976000,375.000000
554.784600,-347.156000,375.000000
502.100000,-335.447000,352.332000
442.156000,-247.800000,341.108000
375.100000,-328.132000,329.838000
468.445000,-380.800000,318.614000
379.672000,-265.489000,355.000000
443.299000,-311.241000,355.000000
1095.100000,-169.614000,345.400000
953.692000,-156.800000,335.600000
951.100000,-166.604000,325.840000
986.380000,-242.800000,356.080000
996.892000,-210.378000,359.000000
1060.108000,-173.656000,359.000000
921.400000,-208.025000,419.627000
921.400000,-163.625000,362.148000
884.500000,-160.100000,358.383000
884.950000,-160.100000,417.117000
846.400000,-206.900000,548.139000
846.400000,-161.525000,472.086000
903.025000,-235.100000,486.644000
887.800000,-235.100000,527.055000
994.700000,-72.547800,319.855000
994.606000,-70.200000,326.659000
947.700000,-72.638800,324.454000
960.155000,-88.400000,322.258000
989.154000,-81.174600,328.000000
998.851027,-55.851154,341.951000
979.940303,-41.125440,335.336000
957.636978,-47.752705,328.748000
988.276192,-60.314548,322.160000
966.333674,-39.931686,347.000000
857.927261,-108.259474,334.151000
858.373777,-106.153184,329.006000
827.717928,-89.406310,323.882000
827.651721,-107.987207,339.737000
836.684531,-104.740549,344.000000
887.780148,-87.719478,322.488000
868.036121,-58.077008,321.024000
835.205317,-56.744920,325.554000
871.969115,-89.424486,324.090000
880.590134,-68.030587,327.000000
924.036891,-9.840603,335.456000
923.091998,-6.960205,331.536000
881.772784,2.609791,327.632000
887.022974,-22.883563,323.728000
878.782117,-7.472258,336.000000
874.427968,1.457210,323.892000
871.379304,27.698784,320.707000
853.190339,4.372020,317.535000
865.030115,-13.533310,327.350000
867.607136,26.723371,328.000000
783.200000,-194.643000,356.877000
780.720000,-191.400000,338.089000
743.200000,-200.518000,396.224000
756.200000,-238.400000,377.436000
766.240000,-216.921000,403.000000
712.800000,-215.450000,320.714000
687.060000,-187.500000,325.250000
667.800000,-222.700000,323.780000
705.375000,-237.500000,322.316000
706.455000,-189.150000,326.000000
638.700000,-196.780000,340.273000
632.632000,-195.800000,333.168000
564.700000,-200.080000,326.092000
590.230000,-215.800000,318.987000
575.134000,-206.260000,345.000000
423.000000,-211.060000,354.306000
403.464000,-189.500000,332.590000
390.000000,-218.460000,310.874000
418.248000,-229.500000,378.069000
403.959000,-190.020000,394.000000
776.400000,-67.640000,321.448000
770.790000,-65.900000,319.252000
721.400000,-79.940000,326.047000
741.530000,-125.900000,323.851000
760.230000,-96.080000,328.000000
769.250000,-19.460000,359.520000
703.460000,1.300000,347.760000
661.750000,-28.460000,336.048000
755.920000,-38.700000,324.336000
767.960000,-38.420000,360.000000
507.800000,5.768000,319.261000
500.480000,6.200000,313.649000
447.800000,-5.992000,308.037000
470.960000,-41.800000,325.402000
464.000000,-16.984000,326.000000
241.339470,-581.309772,322.425000
239.364521,-564.515279,322.181000
222.555179,-570.395579,322.936000
232.355679,-587.204921,322.692000
227.648469,-581.695852,323.000000
296.500000,-349.736000,312.143000
295.222000,-326.000000,312.898000
287.500000,-332.576000,312.654000
291.154000,-350.000000,312.410000
295.015000,-337.112000,313.000000
283.000000,-314.811000,312.860000
267.352000,-310.500000,312.616000
259.000000,-317.556000,312.372000
280.984000,-319.500000,312.127000
261.808000,-319.077000,313.000000
148.137532,-571.891489,326.624000
179.804633,-548.665438,324.672000
154.489079,-524.884491,322.712000
136.869653,-552.508365,328.760000
156.243226,-541.455227,330.000000
140.099153,-301.649584,313.592000
131.582052,-276.904382,313.102000
109.251620,-282.999643,314.614000
128.951615,-309.629284,314.126000
123.849839,-302.158701,315.000000
93.625933,-639.344629,324.218000
138.835513,-587.923824,389.903000
108.984293,-590.045145,368.675000
81.627745,-632.539434,347.360000
119.794541,-611.954141,410.000000
32.263600,-500.781390,327.310000
98.960947,-547.500594,324.870000
33.099108,-421.280508,322.420000
-18.666043,-418.801969,329.980000
15.684004,-414.337312,330.000000
119.543522,-462.599462,329.878000
176.135884,-402.802810,324.510000
129.070154,-392.209030,341.120000
98.341474,-446.898822,335.752000
140.650634,-415.608075,342.000000
82.631938,-353.200811,319.678000
124.053268,-367.069435,345.348000
82.859238,-303.688534,337.052000
50.019702,-313.140265,328.722000
60.178805,-317.033191,348.000000
25.961363,-317.293471,341.172000
59.577220,-263.493958,333.120000
7.392739,-245.352427,325.068000
-1.675198,-298.408063,316.983000
10.207024,-250.955541,345.000000
364.000000,-170.203000,313.234000
280.438000,-131.500000,309.086000
250.000000,-215.308000,304.921000
363.544000,-228.500000,317.773000
292.864000,-216.181000,320.000000
278.158000,-148.863000,320.000000
281.197751,-72.180248,307.480000
310.323306,-36.848268,304.050000
280.539027,-31.544963,314.634000
266.862797,-64.284728,311.218000
294.386220,-46.622584,317.000000
209.000000,-36.005000,310.037000
180.386000,0.000000,310.793000
171.000000,-83.980000,310.549000
171.608000,-95.000000,310.304000
206.720000,-81.035000,311.000000
170.000000,-186.835000,323.305000
125.290000,0.000000,320.621000
0.000000,-84.710000,317.926000
89.420000,-215.000000,315.242000
37.740000,-73.745000,326.000000
154.020000,-72.455000,326.000000
102.680000,-130.290000,326.000000
68.510000,-17.845000,326.000000
