1522.700000,-1093.143000,305.736000
1512.602000,-1072.200000,305.248000
1505.700000,-1100.514000,304.760000
1520.269000,-1111.200000,304.270000
1507.553000,-1072.629000,306.000000
1493.900000,-1085.954000,306.966000
1490.300000,-1052.600000,306.476000
1469.900000,-1062.188000,307.988000
1479.812000,-1086.600000,307.500000
1481.780000,-1068.070000,308.000000
1570.100000,-971.900000,301.679000
1547.508000,-963.400000,306.971000
1538.100000,-980.160000,305.263000
1569.108000,-983.400000,303.548000
1566.260000,-981.380000,308.000000
1526.200000,-978.970000,315.240000
1522.270000,-952.900000,310.360000
1511.200000,-964.720000,305.460000
1519.075000,-982.900000,320.580000
1515.190000,-963.190000,321.000000
1508.400000,-965.064000,303.943000
1474.044000,-956.300000,301.738000
1466.400000,-982.900000,308.542000
1469.802000,-984.300000,306.337000
1493.742000,-978.336000,310.000000
1512.581716,-743.542179,325.407000
1477.626865,-725.677296,318.819000
1490.859533,-750.823138,312.204000
1518.226683,-756.543244,305.616000
1480.160711,-741.727531,327.000000
1427.300000,-580.457000,318.008000
1404.980000,-569.000000,313.598000
1403.300000,-572.534000,309.206000
1407.956000,-626.000000,322.796000
1413.428000,-607.475000,326.000000
1390.800000,-631.030000,309.360000
1361.580000,-622.000000,315.408000
1330.800000,-630.652000,313.448000
1375.800000,-636.000000,311.496000
1379.220000,-623.666000,316.000000
1366.100000,-578.694000,316.635000
1365.369000,-574.600000,313.940000
1349.100000,-582.604000,311.256000
1354.302000,-620.600000,308.572000
1352.381000,-600.498000,319.000000
1347.700000,-602.453000,308.798000
1332.725000,-580.600000,308.310000
1322.700000,-610.530000,309.820000
1344.250000,-621.600000,309.332000
1337.150000,-580.887000,310.000000
1448.900000,-1106.079000,306.070000
1443.165000,-1079.700000,309.845000
1411.900000,-1087.422000,308.625000
1427.366000,-1106.700000,307.405000
1447.568000,-1091.877000,311.000000
1344.200000,-1088.214000,308.000000
1329.980000,-1073.900000,308.000000
1324.200000,-1102.528000,308.000000
1343.680000,-1107.900000,308.000000
1331.180000,-1104.330000,308.000000
1442.100000,-1059.500000,306.888000
1433.022000,-1042.200000,318.968000
1408.100000,-1050.160000,315.064000
1426.120000,-1062.200000,311.160000
1433.090000,-1048.980000,319.000000
1434.000000,-1012.798000,320.140000
1360.753000,-1006.000000,315.260000
1345.000000,-1026.988000,310.380000
1352.654000,-1028.000000,305.480000
1355.680000,-1023.226000,323.000000
1344.900000,-1053.727000,314.024000
1321.402000,-1009.300000,309.876000
1282.900000,-1039.390000,322.711000
1322.704000,-1068.300000,318.563000
1314.272000,-1022.634000,323.000000
1446.100000,-948.998000,303.204000
1423.660000,-942.300000,313.788000
1422.100000,-944.578000,310.372000
1426.852000,-976.300000,306.942000
1443.484000,-965.080000,316.000000
1399.000000,-975.920000,305.103000
1376.905000,-954.800000,304.371000
1354.000000,-975.359000,303.636000
1387.930000,-987.800000,305.904000
1366.465000,-958.562000,306.000000
1337.700000,-954.072000,305.264000
1336.948000,-951.300000,304.284000
1321.700000,-957.207000,307.308000
1326.660000,-984.300000,306.328000
1332.292000,-969.714000,308.000000
1430.300000,-924.904000,340.130000
1401.959000,-915.400000,330.126000
1383.300000,-928.630000,320.081000
1424.002000,-933.400000,310.077000
1385.509000,-915.436000,343.000000
1308.000000,-906.484000,334.160000
1305.138000,-836.500000,322.400000
1290.000000,-857.452000,310.688000
1297.596000,-908.500000,346.928000
1297.794000,-868.612000,356.000000
1302.100000,-764.016000,311.611000
1291.375000,-753.200000,333.535000
1287.100000,-775.222000,326.430000
1301.770000,-779.200000,319.354000
1299.370000,-776.340000,336.000000
1356.800000,-792.700000,329.446000
1337.288000,-779.800000,322.341000
1284.800000,-785.845000,315.265000
1323.248000,-794.800000,308.189000
1299.488000,-784.810000,336.000000
1451.000000,-766.160000,313.968000
1364.165000,-761.600000,305.184000
1346.000000,-775.985000,332.400000
1355.450000,-776.600000,323.580000
1407.845000,-773.270000,336.000000
1446.700000,-750.876000,300.108000
1441.338000,-723.200000,327.288000
1432.700000,-742.255000,318.504000
1441.758000,-760.200000,309.720000
1446.350000,-731.414000,336.000000
1445.200000,-708.780000,329.616000
1366.324000,-705.900000,317.904000
1361.200000,-706.965000,306.192000
1378.252000,-720.900000,342.432000
1391.440000,-715.890000,348.000000
1359.800000,-725.032000,321.744000
1351.864000,-701.500000,353.496000
1343.800000,-724.699000,343.206000
1355.944000,-738.500000,332.958000
1355.736000,-705.570000,354.000000
1342.600000,-700.220000,347.532000
1340.676000,-699.100000,337.284000
1305.600000,-701.662000,327.036000
1317.255000,-713.100000,316.746000
1310.447000,-706.856000,354.000000
1302.800000,-719.968000,331.362000
1292.464000,-703.200000,321.114000
1285.800000,-726.848000,352.824000
1300.607000,-735.200000,342.576000
1294.589000,-735.136000,354.000000
1268.400000,-1096.140000,308.292000
1264.300000,-1042.900000,321.127000
1243.400000,-1059.125000,316.979000
1254.075000,-1097.900000,312.814000
1265.950000,-1067.210000,324.000000
1228.600000,-1086.272000,310.450000
1221.400000,-1073.500000,309.230000
1218.600000,-1099.881000,308.005000
1228.430000,-1104.500000,311.785000
1221.470000,-1100.966000,312.000000
1220.900000,-1103.060000,309.915000
1212.344000,-1094.500000,309.180000
1189.900000,-1098.570000,311.448000
1206.609000,-1104.500000,310.713000
1210.763000,-1097.800000,312.000000
1216.600000,-1061.200000,307.919000
1209.944000,-1056.700000,307.675000
1208.600000,-1071.145000,307.430000
1209.360000,-1071.700000,307.186000
1209.064000,-1068.310000,308.000000
1195.000000,-1077.784000,310.602000
1191.120000,-1051.000000,309.867000
1185.000000,-1069.684000,309.135000
1191.510000,-1087.000000,311.403000
1189.440000,-1058.812000,312.000000
1187.000000,-1082.588000,311.628000
1172.840000,-1077.700000,319.944000
1172.000000,-1079.676000,317.249000
1175.105000,-1103.700000,314.565000
1184.435000,-1094.886000,321.000000
1148.400000,-1093.400000,311.000000
1123.400000,-1077.600000,311.000000
1098.400000,-1093.400000,311.000000
1136.550000,-1102.600000,311.000000
1109.150000,-1080.225000,311.000000
1231.100000,-999.650000,309.754000
1229.868000,-998.000000,309.266000
1209.100000,-1002.136000,310.778000
1216.118000,-1020.000000,310.288000
1222.300000,-1010.078000,311.000000
1206.100000,-1025.979000,313.960000
1197.532000,-1004.700000,312.740000
1192.100000,-1035.204000,311.515000
1204.350000,-1045.700000,310.295000
1205.904000,-1045.413000,314.000000
1143.300000,-1045.161000,320.484000
1136.916000,-999.900000,317.068000
1105.300000,-1014.000000,313.652000
1121.678000,-1046.900000,324.222000
1119.398000,-1020.439000,326.000000
1268.000000,-929.270000,309.547000
1247.004000,-925.200000,314.839000
1239.000000,-933.760000,313.124000
1267.623000,-935.200000,311.416000
1260.953000,-934.010000,315.000000
1238.900000,-975.383000,313.344000
1235.260000,-947.300000,312.364000
1225.900000,-960.896000,311.388000
1232.959000,-980.300000,310.408000
1227.746000,-958.025000,314.000000
1224.200000,-957.660000,311.800000
1214.168000,-949.400000,310.824000
1212.200000,-976.504000,313.844000
1213.388000,-977.400000,312.868000
1218.536000,-970.932000,314.000000
1179.800000,-974.168000,310.260000
1170.784000,-965.300000,313.280000
1156.800000,-971.588000,312.304000
1171.865000,-977.300000,311.324000
1177.799000,-967.856000,314.000000
1190.200000,-940.290000,321.543000
1127.632000,-934.800000,317.395000
1124.200000,-937.200000,313.230000
1138.192000,-964.800000,326.082000
1143.868000,-954.510000,327.000000
1268.300000,-867.294000,310.470000
1261.230000,-853.500000,309.245000
1254.300000,-867.492000,313.025000
1265.052000,-875.500000,311.805000
1263.876000,-855.722000,314.000000
1257.000000,-831.591000,312.816000
1256.268000,-830.100000,312.328000
1245.000000,-834.132000,311.838000
1248.888000,-851.100000,311.350000
1245.828000,-841.545000,313.000000
1157.500000,-858.050000,316.000000
1149.479000,-842.600000,316.000000
1144.500000,-865.040000,316.000000
1155.940000,-872.600000,316.000000
1150.415000,-872.270000,316.000000
1145.100000,-872.085000,316.000000
1139.045000,-857.700000,316.000000
1110.100000,-862.260000,316.000000
1125.360000,-872.700000,316.000000
1139.500000,-864.195000,316.000000
1259.300000,-793.727000,310.248000
1244.720000,-790.100000,310.493000
1239.300000,-797.840000,310.737000
1259.140000,-799.100000,310.981000
1243.820000,-797.993000,310.000000
1213.100000,-800.767000,313.000000
1209.395000,-749.100000,313.000000
1200.100000,-774.476000,313.000000
1207.224000,-810.100000,313.000000
1208.043000,-768.681000,313.000000
1200.200000,-766.251000,329.677000
1189.267000,-748.500000,325.529000
1187.200000,-807.792000,321.364000
1188.552000,-809.500000,317.216000
1200.161000,-795.165000,330.000000
1142.500000,-800.110000,322.172000
1127.811000,-781.000000,320.457000
1105.500000,-794.728000,318.749000
1129.920000,-807.000000,324.034000
1119.634000,-786.408000,325.000000
1270.600000,-742.127000,312.840000
1222.950000,-739.800000,315.864000
1220.600000,-740.905000,314.884000
1231.400000,-752.800000,313.908000
1259.000000,-748.276000,316.000000
1238.100000,-716.312000,331.025000
1215.704000,-688.900000,326.860000
1194.100000,-717.104000,322.712000
1228.068000,-732.900000,318.547000
1200.832000,-693.124000,334.000000
1172.300000,-698.712000,317.878000
1170.610000,-696.600000,317.390000
1146.300000,-702.904000,318.900000
1154.828000,-728.600000,318.412000
1160.288000,-713.880000,319.000000
1138.700000,-693.150000,319.162000
1121.312000,-685.500000,321.427000
1110.700000,-696.795000,320.695000
1135.452000,-700.500000,319.960000
1136.572000,-700.260000,322.000000
1202.900000,-662.488000,333.364000
1188.386000,-641.500000,327.752000
1120.900000,-648.298000,322.117000
1156.980000,-663.500000,339.505000
1146.238000,-650.916000,341.000000
1148.800000,-617.312000,317.981000
1119.480000,-599.800000,316.266000
1108.800000,-637.860000,321.558000
1148.640000,-643.800000,319.850000
1136.600000,-638.168000,323.000000
1251.400000,-627.916000,319.867000
1223.078000,-587.500000,317.183000
1153.400000,-607.708000,314.499000
1207.496000,-635.500000,311.804000
1161.240000,-602.668000,321.000000
1253.000000,-570.006000,322.384000
1181.175000,-564.000000,314.544000
1168.000000,-584.517000,306.736000
1177.180000,-585.000000,330.928000
1207.610000,-579.960000,338.000000
994.600000,-1087.020000,324.442000
972.946000,-1062.200000,375.094000
940.600000,-1080.322000,358.746000
976.456000,-1096.200000,342.331000
986.554000,-1069.136000,383.000000
1076.100000,-1007.596000,325.338000
1043.562000,-998.200000,320.946000
1042.100000,-1003.006000,316.536000
1049.614000,-1052.200000,312.144000
1050.158000,-1033.192000,330.000000
1024.800000,-1028.672000,321.195000
974.428000,-995.300000,318.999000
926.800000,-1030.130000,325.803000
1002.946000,-1049.300000,323.598000
987.756000,-1000.268000,327.000000
995.200000,-934.304000,387.870000
990.790000,-931.700000,370.546000
932.200000,-940.142000,353.151000
953.179000,-973.700000,335.827000
932.704000,-954.212000,390.000000
1073.100000,-908.376000,323.190000
1034.288000,-885.100000,319.760000
1011.100000,-919.922000,316.344000
1066.218000,-931.100000,326.914000
1035.466000,-930.180000,329.000000
1021.800000,-867.350000,321.194000
1015.794000,-824.600000,325.730000
988.800000,-838.685000,324.260000
1003.485000,-869.600000,322.796000
1014.474000,-843.680000,326.000000
1078.200000,-772.676000,356.258000
1056.060000,-751.400000,344.743000
1048.200000,-798.326000,333.275000
1048.230000,-805.400000,321.760000
1053.120000,-798.272000,365.000000
1028.200000,-798.324000,329.416000
1015.264000,-758.100000,324.048000
984.200000,-778.500000,340.658000
1008.708000,-806.100000,335.290000
1008.356000,-773.076000,342.000000
986.200000,-760.120000,324.903000
938.600000,-743.200000,340.758000
930.200000,-802.060000,335.634000
936.528000,-803.200000,330.510000
982.560000,-788.560000,345.000000
1023.800000,-724.412000,338.140000
986.448000,-679.400000,333.260000
931.800000,-712.694000,328.360000
993.348000,-741.400000,343.480000
961.240000,-691.738000,345.000000
1083.800000,-614.800000,320.904000
1040.510000,-604.600000,319.189000
1038.800000,-610.180000,324.481000
1048.925000,-664.600000,322.773000
1070.570000,-643.180000,326.000000
987.100000,-642.626000,325.772000
977.776000,-606.400000,325.284000
969.100000,-644.750000,324.796000
983.158000,-665.400000,324.306000
970.738000,-611.533000,326.000000
965.000000,-628.309000,334.517000
963.816000,-626.200000,330.369000
949.000000,-633.822000,326.204000
954.392000,-663.200000,339.056000
956.632000,-645.847000,343.000000
1066.900000,-569.054000,324.070000
981.220000,-542.000000,337.678000
930.900000,-583.148000,333.286000
1052.348000,-596.000000,328.876000
1048.132000,-594.650000,340.000000
813.700000,-1098.145000,327.030000
807.376000,-1059.400000,324.346000
779.700000,-1072.438000,321.651000
794.966000,-1100.400000,329.967000
788.132000,-1076.579000,330.000000
892.700000,-1028.767000,329.520000
838.534000,-988.700000,325.600000
819.700000,-1078.722000,337.696000
820.065000,-1091.700000,333.776000
865.909000,-1077.589000,340.000000
809.800000,-1045.780000,336.467000
801.158000,-995.800000,333.295000
780.800000,-1021.600000,330.110000
797.069000,-1055.800000,326.938000
781.322000,-1014.220000,337.000000
773.400000,-1079.125000,331.184000
728.992000,-1072.200000,327.264000
721.400000,-1096.850000,323.360000
727.484000,-1097.200000,335.440000
742.408000,-1090.975000,338.000000
772.800000,-1040.576000,345.304000
762.550000,-1000.200000,426.952000
747.800000,-1030.552000,400.492000
764.625000,-1056.200000,374.140000
767.525000,-1011.120000,433.000000
840.300000,-929.645000,385.634000
786.204000,-920.900000,366.524000
784.300000,-926.094000,347.492000
797.180000,-973.900000,328.460000
794.100000,-954.767000,401.000000
844.200000,-864.394000,338.757000
811.774000,-824.200000,333.633000
782.200000,-867.364000,349.488000
830.932000,-890.200000,344.364000
816.920000,-829.678000,351.000000
769.300000,-827.297000,332.016000
767.878000,-824.700000,379.581000
751.300000,-834.990000,364.209000
757.456000,-873.700000,348.837000
768.328000,-850.523000,393.000000
749.589072,-852.099524,370.698000
749.749055,-827.987091,355.326000
730.065543,-855.962519,339.954000
738.655325,-871.411231,387.519000
730.998796,-866.380631,393.000000
869.700000,-763.402000,329.698000
860.150000,-742.700000,325.288000
819.700000,-749.784000,338.896000
842.400000,-764.700000,334.504000
855.550000,-751.830000,343.000000
907.900000,-759.200000,340.750000
881.755000,-736.100000,336.358000
872.900000,-788.780000,331.966000
873.250000,-796.100000,327.556000
876.470000,-787.640000,343.000000
825.619617,-804.238146,429.040000
828.774479,-768.523363,381.216000
792.939081,-769.501672,333.196000
805.132816,-801.323101,481.372000
814.846954,-774.955507,529.000000
909.000000,-639.509000,329.520000
854.883000,-630.500000,347.640000
846.000000,-663.170000,341.784000
853.686000,-663.500000,335.904000
900.999000,-655.151000,351.000000
840.600000,-658.291000,383.487000
819.020000,-641.800000,365.675000
788.600000,-654.358000,347.790000
823.856000,-664.800000,402.978000
802.068000,-646.170000,404.000000
897.700000,-598.396000,396.810000
818.078000,-592.600000,344.135000
872.772000,-592.600000,391.650000
815.700000,-596.272000,506.675000
834.888000,-628.600000,454.000000
845.958000,-628.600000,485.820000
906.700000,-567.015000,339.220000
842.406000,-541.000000,335.560000
784.700000,-569.337000,331.885000
881.080000,-584.000000,328.225000
788.238000,-544.354000,340.000000
559.849079,-1128.919951,341.890000
558.326486,-1125.982300,334.540000
527.751052,-1113.917026,327.220000
523.304805,-1142.165070,349.900000
534.127639,-1130.438282,355.000000
532.068980,-1166.788065,354.143000
505.338346,-1132.141166,474.347000
492.674797,-1123.599495,445.409000
473.813123,-1136.916968,435.392000
518.834051,-1175.018237,396.596000
520.881774,-1176.399443,356.051000
513.869884,-1170.521544,485.000000
489.976486,-1106.777057,374.312000
508.135012,-1087.556046,359.367000
491.900612,-1082.057258,344.483000
482.444190,-1100.322963,329.599000
492.201489,-1086.121684,387.000000
591.109679,-1067.853462,369.254000
582.657224,-1020.582164,342.658000
532.022568,-1043.642725,425.062000
526.969464,-1048.743467,398.357000
553.520488,-1067.379477,434.000000
617.163895,-1035.617527,326.672000
617.048587,-1017.144248,350.832000
591.774653,-995.699630,343.024000
602.530442,-1021.462053,335.216000
621.614941,-1029.412600,358.000000
648.297190,-991.752803,332.985000
639.747155,-962.030860,330.301000
602.105287,-986.695203,327.617000
604.547144,-990.068173,335.922000
618.055604,-988.301260,337.000000
654.688725,-961.131568,336.750000
670.653252,-940.116465,327.234000
649.753257,-945.826838,356.679000
643.629417,-963.949376,347.163000
666.837134,-946.044001,366.000000
448.246554,-1085.947655,328.864000
423.272633,-1044.696200,328.620000
419.009222,-1046.572362,328.376000
397.231556,-1079.276809,328.131000
405.422980,-1064.699070,329.000000
451.594298,-1049.016723,359.135000
457.827103,-1026.204494,343.275000
433.665242,-1030.079638,392.350000
438.292552,-1052.929836,376.490000
456.477691,-1028.300899,393.000000
533.222920,-1016.141106,332.016000
533.009202,-1013.709769,380.336000
514.532534,-1001.680812,364.720000
500.797557,-1023.191187,349.040000
520.124510,-1023.314914,390.000000
505.663586,-1000.472864,362.692000
509.615745,-978.212986,350.736000
483.382786,-988.920030,338.731000
490.391014,-1010.087970,375.775000
482.189971,-997.847134,377.000000
540.498474,-1011.179601,338.982000
551.809315,-988.123260,330.652000
518.191791,-959.758180,356.356000
520.928293,-989.713767,348.026000
538.993705,-988.425809,362.000000
600.876779,-959.751302,332.685000
602.525347,-925.341450,331.465000
555.255469,-952.944885,330.240000
550.305143,-957.784827,329.020000
557.865363,-952.581428,333.000000
557.379334,-948.190075,360.464000
592.914260,-912.589487,346.499000
564.552913,-920.506112,332.591000
544.299432,-949.485133,375.683000
576.173931,-920.414310,386.000000
657.863657,-907.665725,330.988000
644.361395,-868.338812,344.596000
598.699316,-897.671883,340.204000
602.367194,-902.287142,335.794000
632.619459,-917.164183,346.000000
685.630789,-862.644986,431.873000
703.802641,-828.834198,399.288000
669.549742,-830.630577,366.836000
667.390253,-863.319430,334.384000
688.382678,-824.252173,461.000000
736.756995,-805.816383,356.255000
723.058332,-782.861683,339.419000
720.561919,-784.188389,391.583000
707.418821,-803.273889,374.678000
720.464734,-804.487227,398.000000
763.900000,-686.824000,334.490000
752.644000,-675.500000,371.534000
742.900000,-688.192000,359.529000
759.679000,-694.500000,347.573000
763.228000,-676.811000,383.000000
746.866730,-704.473567,354.960000
744.837209,-700.789856,345.200000
715.815645,-671.714060,335.440000
714.410798,-693.407666,365.640000
721.545091,-687.514622,370.000000
766.000000,-615.874000,343.604000
718.696000,-578.200000,370.820000
693.000000,-639.040000,362.000000
759.503000,-656.200000,353.216000
746.947000,-652.846000,371.000000
765.700000,-574.680000,351.080000
753.460000,-537.600000,346.180000
705.700000,-551.040000,341.300000
733.720000,-577.600000,336.400000
713.140000,-553.640000,354.000000
708.600000,-551.982000,426.620000
676.680000,-536.400000,374.160000
666.600000,-573.864000,536.485000
667.566000,-578.400000,484.025000
419.974320,-1024.487154,332.320000
429.231142,-997.066942,362.520000
397.693998,-979.478184,352.760000
402.678910,-1011.948138,342.960000
428.999830,-1010.558062,369.000000
480.028981,-968.495341,385.154000
455.190226,-924.652271,365.146000
450.499230,-919.062767,345.056000
430.572654,-945.100605,407.048000
442.413922,-946.146802,410.000000
494.600191,-952.261210,329.560000
497.522743,-922.357920,328.335000
466.468127,-910.704128,332.115000
477.952820,-945.861550,330.895000
496.353904,-929.352197,333.000000
564.939563,-897.785373,348.446000
534.638915,-846.352070,343.322000
528.625831,-849.986079,338.177000
496.770297,-894.929165,333.053000
507.004029,-871.432554,350.000000
601.696589,-870.493279,337.115000
619.059194,-835.587813,333.440000
579.040048,-850.237397,329.780000
578.925023,-881.367183,341.120000
615.594094,-837.505932,344.000000
582.780992,-842.578170,328.085000
581.765673,-839.655889,333.377000
559.401705,-822.907556,331.669000
548.199665,-845.875793,329.954000
568.369406,-847.377146,334.000000
585.712825,-817.828545,353.950000
592.282617,-801.585130,345.410000
569.946715,-813.867815,336.835000
572.069029,-827.471932,328.295000
567.445592,-819.372582,362.000000
617.859954,-800.891333,338.288000
636.031261,-780.797844,330.480000
618.412753,-774.708494,354.672000
609.478964,-794.089944,346.832000
624.591871,-784.965711,358.000000
676.647743,-800.909944,340.986000
656.995962,-759.730121,337.570000
628.224964,-765.489882,334.140000
626.903109,-768.649998,330.724000
665.198583,-808.614018,341.000000
698.831466,-774.771768,350.034000
726.546796,-731.675845,342.439000
684.105171,-722.358908,334.875000
676.928767,-765.743625,358.280000
703.345804,-730.197174,362.000000
434.392157,-918.903469,333.104000
406.713174,-871.351204,346.712000
401.708810,-865.590829,342.302000
381.730661,-892.937889,337.910000
412.481574,-916.701537,347.000000
451.920147,-902.442827,344.017000
455.954590,-874.103289,339.362000
426.748171,-864.922511,334.726000
436.293416,-897.494233,330.071000
439.687214,-862.261745,347.000000
522.130253,-847.542866,335.312000
508.259036,-816.779584,331.408000
502.435141,-821.028587,343.488000
466.635263,-860.719449,339.584000
490.106416,-853.092986,344.000000
470.944542,-836.880039,330.232000
482.328972,-810.830294,353.637000
452.833297,-820.664006,346.073000
454.243298,-844.475051,338.509000
487.135699,-820.865768,359.000000
553.504883,-817.825230,346.894000
553.011250,-815.885637,339.818000
537.938562,-807.268916,332.713000
525.967953,-825.393372,354.637000
535.548565,-815.944343,356.000000
531.004620,-803.620611,328.806000
527.997877,-777.311789,327.336000
502.263698,-783.144726,331.872000
517.029506,-811.437450,330.408000
513.042408,-804.034930,333.000000
560.534201,-809.706057,337.895000
573.894087,-782.442648,334.723000
536.134117,-752.259281,331.551000
538.836589,-786.820716,328.366000
537.379413,-756.037606,339.000000
587.808135,-745.908328,329.180000
588.910023,-731.162783,327.710000
567.268962,-744.525988,326.246000
565.396649,-746.618625,330.782000
572.630466,-748.254884,332.000000
613.134926,-745.911497,326.440000
625.381384,-722.612212,334.000000
601.133392,-714.453841,331.560000
600.314977,-739.328249,329.110000
622.035201,-731.827753,335.000000
600.571379,-715.031459,349.047000
604.106386,-695.164339,340.995000
602.366772,-694.276184,332.910000
556.936477,-733.844312,324.858000
570.728492,-724.123364,357.000000
662.348293,-721.528241,332.480000
677.932857,-674.606960,327.580000
629.788344,-669.402435,342.700000
636.563330,-718.860792,337.800000
671.673156,-682.894152,345.000000
341.238834,-1015.705723,336.856000
261.701366,-907.617342,333.928000
256.735212,-910.422866,330.988000
247.884402,-962.060521,328.060000
323.812728,-1028.079980,337.000000
360.141961,-981.578228,347.105000
383.617764,-944.907122,338.530000
338.946392,-966.573072,329.990000
334.135750,-996.622041,356.415000
379.332123,-945.932723,361.000000
367.019110,-940.423516,334.774000
360.705639,-930.396051,351.406000
288.309745,-861.330791,346.016000
282.066111,-919.091171,340.648000
330.362186,-935.828432,352.000000
378.611424,-869.403191,436.824000
363.591099,-820.234301,404.484000
323.008611,-821.782771,372.276000
358.325712,-878.881734,339.936000
324.812717,-833.848252,459.000000
391.827459,-849.530538,336.812000
404.905290,-822.109504,331.444000
367.240859,-792.234800,348.054000
370.225385,-826.953859,342.686000
386.381746,-817.730975,349.000000
462.444529,-789.212991,327.854000
441.217877,-747.640833,338.424000
413.836957,-752.655813,335.008000
413.217384,-755.966529,331.592000
449.416833,-793.461350,341.000000
487.244047,-768.748821,326.000000
493.273715,-739.237514,326.000000
458.428661,-717.451006,326.000000
467.925938,-754.017071,326.000000
473.621225,-727.687191,326.000000
579.920282,-685.755896,329.640000
570.409839,-662.675439,325.720000
568.089658,-660.593639,337.816000
548.467314,-681.660133,333.912000
563.936239,-687.859857,341.000000
547.704334,-714.510475,329.520000
552.128640,-688.177833,328.300000
525.168374,-681.289352,327.080000
533.291811,-710.997743,325.855000
536.223718,-676.094249,330.000000
544.235966,-664.135777,333.304000
539.921016,-649.651350,329.400000
535.592567,-653.120430,325.480000
508.785656,-679.530058,337.576000
523.663122,-671.049421,341.000000
585.745078,-644.804978,326.458000
588.701136,-621.775807,346.114000
565.096692,-624.202707,339.770000
572.888339,-648.359854,333.400000
594.798064,-631.687047,349.000000
292.964843,-833.342653,353.180000
291.459518,-830.502422,344.640000
273.087284,-811.858606,336.065000
268.115150,-828.545251,327.525000
273.182620,-819.934418,362.000000
262.482923,-858.167731,325.082000
236.561195,-797.941749,321.652000
193.701517,-791.489959,332.236000
242.792333,-865.211716,328.806000
225.989068,-840.461499,334.000000
313.479900,-808.945012,326.000000
328.546847,-781.228898,326.000000
292.951998,-754.917030,326.000000
293.497288,-788.660027,326.000000
326.616104,-798.420928,326.000000
293.976248,-706.515703,326.368000
295.992132,-690.950446,325.388000
271.231018,-709.725425,324.412000
269.335039,-712.185700,327.432000
276.701726,-711.518567,328.000000
345.117495,-713.598742,326.442000
354.025614,-700.905773,331.734000
342.998330,-701.977182,330.019000
339.551188,-713.233266,328.311000
350.938743,-705.158529,332.000000
341.392708,-692.855891,328.105000
340.559773,-685.169126,326.880000
339.731387,-684.883819,325.660000
326.754857,-698.227260,324.440000
330.766130,-694.589583,329.000000
363.560901,-692.842706,325.740000
367.316116,-672.807568,324.764000
346.805296,-669.045517,327.784000
352.586425,-691.035053,326.808000
364.291002,-674.891659,328.000000
407.733730,-664.734502,326.200000
409.336541,-660.513386,329.220000
389.036336,-657.632523,328.244000
382.964155,-687.797316,327.268000
400.365756,-679.668177,330.000000
428.805886,-653.054829,338.616000
428.749546,-625.926228,333.980000
402.849455,-639.378916,329.344000
415.004782,-663.027736,343.689000
424.679964,-625.136684,345.000000
401.388055,-603.819356,336.671000
397.209434,-608.719900,324.715000
365.918221,-647.159440,361.710000
381.257542,-632.397797,349.754000
391.642542,-617.645845,372.000000
562.998378,-591.440689,343.432000
574.304700,-566.186850,337.576000
537.322259,-589.488180,331.720000
539.938257,-609.239605,325.840000
532.792422,-595.262940,346.000000
562.900000,-552.305000,334.192000
553.820000,-533.300000,328.336000
522.900000,-540.818000,322.456000
542.500000,-554.300000,340.600000
541.700000,-541.259000,346.000000
510.226178,-648.744467,328.567000
505.994238,-624.697871,350.462000
477.722383,-640.772392,343.386000
476.214932,-643.658610,336.281000
495.000987,-656.409250,354.000000
478.308687,-613.791807,321.000000
492.457684,-586.820104,321.000000
464.437674,-577.675357,321.000000
463.533318,-606.648028,321.000000
475.503564,-580.298617,321.000000
470.500000,-564.859000,321.000000
461.550000,-563.200000,321.000000
460.500000,-563.382000,321.000000
462.080000,-570.200000,321.000000
466.760000,-568.177000,321.000000
450.472615,-583.423417,321.000000
450.996852,-570.372599,321.000000
441.915762,-577.950229,321.000000
445.632951,-587.633858,321.000000
444.958693,-570.891386,321.000000
434.561415,-575.056896,323.324000
435.790206,-571.513098,322.344000
424.109332,-571.606380,321.368000
417.923106,-596.890587,324.392000
423.417381,-586.064315,325.000000
479.100000,-552.190000,321.000000
455.454000,-546.500000,321.000000
437.100000,-553.440000,321.000000
471.792000,-556.500000,321.000000
469.944000,-546.920000,321.000000
417.062910,-550.244924,321.000000
416.133539,-549.337859,321.000000
404.343389,-555.615603,321.000000
397.326679,-584.991780,321.000000
402.592272,-565.002615,321.000000
397.615241,-555.195638,321.000000
395.217236,-541.360992,321.000000
385.084622,-560.922514,321.000000
392.270969,-568.890911,321.000000
389.240744,-565.855727,321.000000
1324.297803,-505.591852,306.184000
1359.729563,-480.405296,348.464000
1336.660998,-474.728385,334.800000
1314.948041,-498.625229,321.136000
1345.759160,-492.230990,360.000000
1269.500000,-504.920000,327.284000
1218.345000,-494.600000,320.452000
1204.500000,-522.170000,313.620000
1207.750000,-524.600000,334.760000
1225.560000,-519.140000,337.000000
1269.000000,-446.932000,312.628000
1259.739000,-416.200000,307.504000
1242.000000,-434.725000,323.359000
1258.362000,-455.200000,318.235000
1261.170000,-426.418000,328.000000
1188.300000,-503.824000,322.362000
1141.552000,-496.400000,318.932000
1136.300000,-497.392000,315.516000
1144.724000,-528.400000,312.086000
1141.240000,-518.992000,324.000000
1131.300000,-513.640000,314.491000
1119.925000,-486.600000,313.759000
1106.300000,-510.080000,313.024000
1124.250000,-526.600000,315.292000
1118.325000,-492.600000,316.000000
1190.100000,-451.860000,312.896000
1189.264000,-449.700000,318.936000
1114.100000,-452.274000,316.984000
1134.924000,-467.700000,315.024000
1179.916000,-460.392000,320.000000
1203.900000,-427.704000,332.684000
1150.602000,-407.400000,324.388000
1109.900000,-432.564000,316.058000
1188.014000,-443.400000,341.762000
1133.494000,-408.768000,342.000000
963.800000,-496.384000,325.023000
959.584000,-496.200000,324.288000
929.800000,-502.065000,326.556000
942.958000,-519.200000,325.824000
951.458000,-507.286000,327.000000
1005.000000,-447.160000,346.830000
957.400000,-433.600000,340.486000
935.000000,-457.930000,334.116000
1001.010000,-463.600000,327.772000
936.540000,-461.380000,348.000000
912.300000,-521.780000,382.000000
900.500000,-494.900000,357.500000
862.300000,-505.910000,333.100000
887.250000,-524.900000,408.700000
882.700000,-506.000000,425.000000
911.700000,-457.900000,326.600000
891.108000,-444.300000,345.500000
885.700000,-481.220000,339.400000
887.130000,-484.300000,333.275000
906.318000,-476.860000,347.000000
914.100000,-425.720000,404.096000
896.700000,-402.200000,378.616000
864.100000,-416.570000,353.240000
894.650000,-432.200000,327.864000
873.050000,-409.940000,425.000000
864.200000,-477.432000,363.627000
808.152000,-473.100000,344.351000
802.200000,-473.765000,404.075000
812.554000,-492.100000,384.720000
837.168000,-486.438000,410.000000
863.600000,-445.968000,333.212000
835.080000,-433.200000,392.936000
801.600000,-444.429000,373.581000
846.426000,-452.200000,354.305000
860.500000,-435.974000,410.000000
772.000000,-414.152000,388.854000
772.000000,-414.274000,362.493000
770.176000,-400.000000,367.626000
658.000000,-417.934000,346.398000
658.000000,-515.656000,400.599000
689.806000,-522.000000,412.083000
696.190000,-471.980000,420.000000
747.490000,-520.292000,420.000000
634.400000,-467.440000,341.962000
600.652000,-398.000000,325.858000
575.400000,-485.172000,375.688000
624.665000,-522.000000,359.584000
617.939000,-402.092000,391.000000
574.200000,-399.792000,355.624000
566.904000,-399.300000,345.334000
517.200000,-431.280000,335.086000
539.487000,-522.300000,324.796000
523.242000,-457.971000,361.000000
480.900000,-487.133000,332.608000
460.380000,-469.700000,325.776000
450.900000,-501.524000,346.916000
479.310000,-508.700000,340.084000
465.630000,-505.619000,347.000000
405.300000,-513.122000,317.808000
399.060000,-475.700000,323.848000
379.300000,-491.324000,321.896000
392.378000,-517.700000,319.936000
402.102000,-491.030000,325.000000
499.500000,-418.935000,315.570000
462.884000,-398.500000,316.058000
453.500000,-455.108000,316.548000
456.214000,-459.500000,315.036000
465.552000,-447.849000,315.000000
1271.200000,-347.667000,335.050000
1258.880000,-290.800000,314.225000
1236.200000,-326.132000,378.485000
1257.725000,-363.800000,357.745000
1258.880000,-309.269000,392.000000
1217.300000,-321.029000,395.128000
1171.900000,-315.900000,373.900000
1167.300000,-316.820000,352.672000
1175.850000,-338.900000,331.357000
1168.950000,-331.931000,400.000000
1167.900000,-346.035000,361.633000
1149.340000,-276.000000,340.318000
1127.900000,-338.580000,319.090000
1156.980000,-381.000000,384.862000
1144.660000,-290.805000,400.000000
1100.100000,-304.995000,340.334000
1098.100000,-300.000000,459.782000
1087.400000,-300.000000,452.514000
1000.100000,-306.840000,421.230000
1028.400000,-345.000000,382.520000
1019.300000,-345.000000,363.718000
1080.500000,-326.325000,471.000000
997.200000,-369.125000,404.892000
962.640000,-349.700000,378.296000
937.200000,-374.480000,351.591000
987.600000,-384.700000,324.995000
948.600000,-350.715000,428.000000
998.100000,-293.965000,362.818000
990.180000,-259.000000,336.222000
938.100000,-268.240000,418.626000
961.860000,-294.000000,391.921000
972.600000,-275.555000,428.000000
879.400000,-369.089000,326.207000
863.553000,-358.900000,379.883000
856.400000,-377.760000,362.488000
878.296000,-381.900000,345.164000
878.503000,-379.991000,396.000000
830.200000,-378.484000,373.504000
822.360000,-350.100000,355.864000
798.200000,-362.132000,338.296000
814.456000,-382.100000,392.656000
809.272000,-361.652000,400.000000
889.700000,-314.343000,343.172000
839.237000,-296.800000,323.164000
826.700000,-346.196000,385.074000
830.732000,-349.800000,365.066000
872.753000,-339.465000,405.000000
918.300000,-286.500000,332.471000
884.028000,-261.700000,329.776000
822.300000,-277.316000,327.092000
881.820000,-293.700000,324.397000
833.532000,-269.668000,334.000000
775.600000,-323.265000,380.775000
736.341000,-315.600000,354.179000
732.600000,-317.140000,436.474000
740.168000,-350.600000,409.878000
754.186000,-339.855000,438.000000
769.600000,-295.024000,334.010000
749.902000,-263.200000,401.205000
727.600000,-292.000000,379.489000
758.344000,-311.200000,357.773000
764.896000,-269.776000,415.000000
706.400000,-260.641000,334.264000
705.175000,-253.900000,330.360000
657.400000,-263.728000,326.440000
671.512000,-316.900000,338.536000
670.777000,-290.503000,339.000000
646.650000,-319.832000,337.545000
568.389300,-247.100000,324.070000
511.950000,-341.084000,365.650000
625.636800,-379.100000,352.230000
600.717300,-250.268000,375.000000
555.323400,-252.512000,375.000000
502.100000,-380.135000,351.918000
484.701000,-247.800000,340.694000
375.100000,-283.577000,329.470000
425.900000,-380.800000,318.200000
380.688000,-310.044000,355.000000
439.616000,-316.561000,355.000000
1095.100000,-194.468000,340.920000
995.308000,-156.800000,331.160000
951.100000,-227.750000,321.360000
1088.764000,-242.800000,351.600000
1013.020000,-235.232000,359.000000
1051.036000,-242.284000,359.000000
921.400000,-226.250000,365.662000
921.400000,-205.175000,386.244000
902.725000,-160.100000,555.418000
851.500000,-160.100000,441.213000
846.400000,-188.675000,494.174000
846.400000,-194.900000,496.182000
884.800000,-235.100000,432.679000
921.175000,-235.100000,551.151000
994.700000,-76.133200,325.993000
956.865000,-70.200000,323.797000
947.700000,-87.253400,321.592000
950.896000,-88.400000,319.396000
957.147000,-84.760000,328.000000
998.327410,-58.379605,330.584000
986.150534,-42.411517,323.969000
958.160595,-45.224254,344.381000
982.065961,-59.028471,337.766000
983.124674,-46.045822,347.000000
856.866549,-109.874254,323.126000
831.743282,-88.660219,339.002000
828.778640,-87.791530,333.857000
824.527473,-105.934960,328.733000
851.245059,-116.616565,344.000000
887.014149,-88.945332,324.726000
871.088246,-59.984188,323.256000
835.971316,-55.519066,321.792000
868.916989,-87.517307,326.322000
860.580229,-57.231513,327.000000
923.920302,-10.171674,323.760000
923.631522,-7.150201,335.856000
881.889372,2.940862,331.936000
886.483451,-22.693567,328.032000
908.961840,-18.472345,336.000000
874.877382,2.733390,326.050000
870.725651,27.928972,322.865000
852.740925,3.095840,319.693000
865.683768,-13.763498,316.521000
864.768476,29.157465,328.000000
783.200000,-237.930000,361.728000
777.560000,-191.400000,342.940000
743.200000,-204.231000,401.075000
759.400000,-238.400000,382.287000
763.720000,-213.208000,403.000000
712.800000,-209.200000,320.474000
681.390000,-187.500000,325.004000
667.800000,-228.950000,323.540000
711.045000,-237.500000,322.076000
708.255000,-232.900000,326.000000
638.700000,-213.360000,336.097000
619.904000,-195.800000,329.021000
564.700000,-203.500000,321.945000
602.958000,-215.800000,343.840000
585.716000,-202.840000,345.000000
423.000000,-202.380000,332.412000
396.270000,-189.500000,310.607000
390.000000,-227.140000,377.891000
392.409000,-229.500000,356.175000
412.110000,-221.340000,394.000000
776.400000,-111.860000,327.298000
756.270000,-65.900000,325.102000
721.400000,-95.720000,322.906000
755.995000,-125.900000,320.701000
724.425000,-80.300000,328.000000
769.250000,-7.100000,337.776000
670.135000,1.300000,326.064000
661.750000,-0.820000,314.304000
681.637500,-38.700000,350.592000
709.157500,-26.060000,360.000000
507.800000,-25.192000,306.496000
479.120000,6.200000,323.861000
447.800000,-23.032000,318.249000
492.260000,-41.800000,312.614000
497.360000,0.056000,326.000000
247.294017,-575.355226,322.766000
248.244368,-573.395126,322.522000
231.449875,-561.500883,322.277000
223.460983,-578.310225,322.033000
228.554273,-570.692564,323.000000
296.500000,-339.008000,312.381000
291.190000,-326.000000,312.136000
287.500000,-343.304000,312.892000
295.177000,-350.000000,312.647000
292.873000,-326.360000,313.000000
283.000000,-319.374000,312.995000
279.496000,-310.500000,312.751000
259.000000,-313.002000,312.506000
268.816000,-319.500000,312.262000
282.568000,-314.631000,313.000000
167.347633,-562.103454,326.880000
170.243593,-529.900841,324.920000
135.243338,-534.690686,322.968000
146.412987,-571.238213,329.008000
139.299832,-548.731425,330.000000
132.780598,-308.968139,313.448000
141.828029,-287.150360,314.960000
116.570175,-275.681088,314.470000
118.680889,-299.358558,313.982000
135.966114,-293.556747,315.000000
125.802120,-607.168442,395.993000
128.127087,-577.215399,374.678000
76.808106,-622.221332,353.450000
75.365608,-626.277296,332.222000
87.058326,-616.688928,410.000000
2.099312,-454.332460,324.530000
87.041761,-555.241004,322.090000
63.263397,-467.729439,329.650000
-6.746857,-411.061559,327.200000
68.939011,-518.801743,330.000000
168.506635,-421.833881,321.496000
153.930826,-376.132545,338.106000
147.735650,-376.668560,332.738000
89.834142,-436.680754,327.370000
133.686559,-445.202999,342.000000
69.488860,-337.537500,337.188000
118.390668,-371.820921,328.892000
96.002316,-319.351844,320.596000
55.682302,-308.388779,346.266000
116.828471,-358.857523,348.000000
65.197304,-278.057530,321.801000
67.949364,-271.866103,313.749000
16.240059,-236.505107,338.664000
-10.047343,-290.035919,330.612000
27.969546,-286.412703,345.000000
364.000000,-183.589000,318.487000
296.284000,-131.500000,314.339000
250.000000,-201.922000,310.191000
347.698000,-228.500000,306.026000
257.524000,-132.567000,320.000000
289.558000,-219.479000,320.000000
277.670540,-75.246405,310.364000
312.220826,-39.031114,306.948000
284.066238,-28.478806,303.518000
264.985681,-62.125353,314.102000
286.655901,-44.853619,317.000000
209.000000,-40.375000,310.141000
182.134000,0.000000,310.896000
171.000000,-79.610000,310.652000
207.860000,-95.000000,310.407000
202.806000,-85.405000,311.000000
170.000000,-186.835000,323.305000
125.290000,0.000000,320.621000
0.000000,-84.710000,317.926000
89.420000,-215.000000,315.242000
37.740000,-73.745000,326.000000
154.020000,-72.455000,326.000000
102.680000,-130.290000,326.000000
68.510000,-17.845000,326.000000
