1522.700000,-1091.505000,305.688000
1511.871000,-1072.200000,305.198000
1505.700000,-1102.152000,304.710000
1521.000000,-1111.200000,304.222000
1507.978000,-1109.952000,306.000000
1493.900000,-1061.508000,306.934000
1473.020000,-1052.600000,306.446000
1469.900000,-1052.634000,307.958000
1473.092000,-1086.600000,307.468000
1482.140000,-1077.624000,308.000000
1570.100000,-963.980000,301.637000
1566.804000,-963.400000,306.922000
1538.100000,-968.080000,305.214000
1549.812000,-983.400000,303.506000
1566.484000,-973.460000,308.000000
1526.200000,-976.780000,315.280000
1521.160000,-952.900000,310.400000
1511.200000,-966.910000,305.520000
1520.185000,-982.900000,320.620000
1515.145000,-961.000000,321.000000
1508.400000,-972.064000,304.042000
1484.544000,-956.300000,301.837000
1466.400000,-975.900000,308.641000
1501.302000,-984.300000,306.445000
1493.280000,-957.336000,310.000000
1495.304860,-730.285182,325.947000
1472.687983,-732.113771,319.359000
1508.136388,-764.080135,312.771000
1511.587530,-765.195556,306.156000
1503.101980,-759.833915,327.000000
1427.300000,-574.529000,318.530000
1426.484000,-569.000000,314.120000
1403.300000,-578.462000,309.728000
1410.428000,-626.000000,323.336000
1412.732000,-601.547000,326.000000
1390.800000,-634.110000,309.664000
1374.780000,-622.000000,315.712000
1330.800000,-627.572000,313.760000
1362.600000,-636.000000,311.800000
1376.940000,-626.732000,316.000000
1366.100000,-603.672000,317.152000
1357.600000,-574.600000,314.457000
1349.100000,-603.626000,311.773000
1362.071000,-620.600000,309.089000
1351.582000,-579.476000,319.000000
1347.700000,-596.959000,308.910000
1329.375000,-580.600000,308.422000
1322.700000,-616.024000,309.934000
1347.600000,-621.600000,309.444000
1335.750000,-616.393000,310.000000
1448.900000,-1084.182000,306.395000
1413.158000,-1079.700000,310.170000
1411.900000,-1082.319000,308.950000
1420.373000,-1106.700000,307.730000
1445.163000,-1096.980000,311.000000
1344.200000,-1105.622000,308.000000
1340.240000,-1073.900000,308.000000
1324.200000,-1085.120000,308.000000
1333.420000,-1107.900000,308.000000
1329.700000,-1087.738000,308.000000
1442.100000,-1056.200000,308.216000
1427.446000,-1042.200000,304.296000
1408.100000,-1053.460000,316.392000
1431.696000,-1062.200000,312.488000
1430.268000,-1045.680000,319.000000
1434.000000,-1016.274000,321.980000
1374.904000,-1006.000000,317.100000
1345.000000,-1023.512000,312.220000
1427.503000,-1028.000000,307.320000
1347.492000,-1026.702000,323.000000
1344.900000,-1023.165000,315.741000
1289.286000,-1009.300000,311.576000
1282.900000,-1010.952000,307.428000
1292.820000,-1068.300000,320.280000
1308.010000,-1051.072000,323.000000
1446.100000,-942.368000,304.744000
1442.980000,-942.300000,315.328000
1422.100000,-951.174000,311.912000
1431.532000,-976.300000,308.482000
1440.844000,-958.484000,316.000000
1399.000000,-980.177000,305.460000
1382.665000,-954.800000,304.725000
1354.000000,-971.102000,303.993000
1382.170000,-987.800000,303.261000
1361.110000,-962.819000,306.000000
1337.700000,-968.988000,305.772000
1328.164000,-951.300000,304.796000
1321.700000,-975.291000,307.820000
1335.444000,-984.300000,306.840000
1330.244000,-951.630000,308.000000
1430.300000,-920.854000,304.747000
1391.384000,-915.400000,335.702000
1383.300000,-932.680000,325.698000
1387.577000,-933.400000,315.694000
1426.117000,-929.386000,343.000000
1308.000000,-841.540000,341.120000
1306.902000,-836.500000,329.408000
1290.000000,-850.396000,317.696000
1295.832000,-908.500000,353.936000
1295.166000,-875.668000,356.000000
1302.100000,-774.962000,316.106000
1297.690000,-753.200000,309.001000
1287.100000,-764.276000,330.925000
1295.455000,-779.200000,323.849000
1297.060000,-761.286000,336.000000
1356.800000,-788.875000,334.173000
1318.856000,-779.800000,327.097000
1284.800000,-789.670000,320.021000
1341.680000,-794.800000,312.916000
1287.680000,-780.970000,336.000000
1451.000000,-767.180000,320.196000
1371.200000,-761.600000,311.376000
1346.000000,-774.965000,302.592000
1348.415000,-776.600000,329.808000
1389.785000,-774.290000,336.000000
1446.700000,-728.343000,306.624000
1432.798000,-723.200000,333.840000
1432.700000,-727.788000,325.056000
1436.284000,-760.200000,316.236000
1443.802000,-745.881000,336.000000
1445.200000,-719.490000,338.784000
1426.216000,-705.900000,327.024000
1361.200000,-711.255000,315.312000
1402.276000,-720.900000,303.600000
1375.480000,-711.600000,348.000000
1359.800000,-726.401000,330.102000
1352.472000,-701.500000,319.854000
1343.800000,-723.330000,351.606000
1355.336000,-738.500000,341.316000
1352.536000,-706.939000,354.000000
1342.600000,-705.260000,314.310000
1317.033000,-699.100000,346.020000
1305.600000,-710.622000,335.772000
1340.898000,-713.100000,325.524000
1339.751000,-711.896000,354.000000
1302.800000,-709.824000,340.476000
1287.092000,-703.200000,330.228000
1285.800000,-704.992000,319.980000
1288.979000,-735.200000,351.690000
1290.883000,-724.992000,354.000000
1268.400000,-1096.525000,312.134000
1264.475000,-1042.900000,307.969000
1243.400000,-1058.740000,320.821000
1253.900000,-1097.900000,316.673000
1260.300000,-1067.540000,324.000000
1228.600000,-1096.502000,311.625000
1224.700000,-1073.500000,310.405000
1218.600000,-1089.651000,309.185000
1225.130000,-1104.500000,307.960000
1219.120000,-1080.196000,312.000000
1220.900000,-1099.590000,310.647000
1201.587000,-1094.500000,309.912000
1189.900000,-1102.040000,309.180000
1217.366000,-1104.500000,311.448000
1203.199000,-1104.330000,312.000000
1216.600000,-1060.840000,307.172000
1209.752000,-1056.700000,307.928000
1208.600000,-1071.505000,307.684000
1209.552000,-1071.700000,307.439000
1215.040000,-1067.950000,308.000000
1195.000000,-1052.548000,311.388000
1194.120000,-1051.000000,310.653000
1185.000000,-1058.920000,309.921000
1188.510000,-1087.000000,309.189000
1186.820000,-1069.612000,312.000000
1187.000000,-1098.760000,314.609000
1182.185000,-1077.700000,311.925000
1172.000000,-1089.478000,320.241000
1180.760000,-1103.700000,317.546000
1180.370000,-1085.084000,321.000000
1148.400000,-1092.025000,311.000000
1120.700000,-1077.600000,311.000000
1098.400000,-1094.750000,311.000000
1139.250000,-1102.600000,311.000000
1145.150000,-1078.875000,311.000000
1231.100000,-1005.590000,310.332000
1213.786000,-998.000000,309.844000
1209.100000,-1018.196000,309.356000
1210.200000,-1020.000000,310.866000
1215.942000,-1015.996000,311.000000
1206.100000,-1009.292000,310.450000
1205.820000,-1004.700000,309.225000
1192.100000,-1010.891000,313.005000
1196.062000,-1045.700000,311.785000
1201.732000,-1028.726000,314.000000
1143.300000,-1041.213000,324.782000
1133.686000,-999.900000,321.366000
1105.300000,-1017.948000,317.950000
1124.908000,-1046.900000,314.520000
1107.732000,-1016.491000,326.000000
1268.000000,-931.660000,311.759000
1253.906000,-925.200000,310.044000
1239.000000,-931.370000,308.336000
1260.721000,-935.200000,313.628000
1251.789000,-926.400000,315.000000
1238.900000,-960.929000,310.640000
1229.566000,-947.300000,313.664000
1225.900000,-975.350000,312.688000
1238.653000,-980.300000,311.708000
1236.521000,-976.571000,314.000000
1224.200000,-954.440000,313.136000
1212.788000,-949.400000,312.156000
1212.200000,-951.724000,311.180000
1214.768000,-977.400000,310.204000
1214.528000,-967.712000,314.000000
1179.800000,-976.664000,311.628000
1175.568000,-965.300000,310.652000
1156.800000,-969.092000,313.676000
1167.081000,-977.300000,312.696000
1169.910000,-970.352000,314.000000
1190.200000,-956.250000,310.527000
1162.678000,-934.800000,323.362000
1124.200000,-951.240000,319.214000
1169.080000,-964.800000,315.066000
1186.702000,-940.440000,327.000000
1268.300000,-864.104000,312.270000
1259.200000,-853.500000,311.050000
1254.300000,-870.682000,309.830000
1267.082000,-875.500000,313.605000
1258.822000,-874.532000,314.000000
1257.000000,-835.329000,311.556000
1246.404000,-830.100000,311.066000
1245.000000,-830.394000,312.578000
1246.752000,-851.100000,312.090000
1253.400000,-845.283000,313.000000
1157.500000,-843.080000,316.000000
1155.992000,-842.600000,316.000000
1144.500000,-850.010000,316.000000
1149.427000,-872.600000,316.000000
1145.488000,-857.300000,316.000000
1145.100000,-869.445000,316.000000
1132.920000,-857.700000,316.000000
1110.100000,-864.900000,316.000000
1131.485000,-872.700000,316.000000
1125.955000,-861.555000,316.000000
1259.300000,-795.050000,310.852000
1247.680000,-790.100000,310.096000
1239.300000,-796.517000,310.340000
1256.180000,-799.100000,310.585000
1255.880000,-790.316000,310.000000
1213.100000,-768.437000,313.000000
1202.518000,-749.100000,313.000000
1200.100000,-806.806000,313.000000
1201.101000,-810.100000,313.000000
1202.778000,-797.351000,313.000000
1200.200000,-753.685000,319.715000
1199.589000,-748.500000,315.567000
1187.200000,-759.358000,328.419000
1191.230000,-809.500000,324.254000
1194.766000,-782.538000,330.000000
1142.500000,-803.152000,318.133000
1132.140000,-781.000000,323.425000
1105.500000,-791.686000,321.710000
1125.591000,-807.000000,320.002000
1140.983000,-789.476000,325.000000
1270.600000,-747.847000,314.568000
1244.950000,-739.800000,313.592000
1220.600000,-748.172000,312.616000
1259.400000,-752.800000,315.636000
1237.350000,-741.009000,316.000000
1238.100000,-705.884000,321.522000
1205.276000,-688.900000,317.374000
1194.100000,-727.488000,330.209000
1194.496000,-732.900000,326.061000
1225.428000,-726.740000,334.000000
1172.300000,-701.496000,318.778000
1146.872000,-696.600000,318.290000
1146.300000,-700.120000,317.802000
1152.566000,-728.600000,317.312000
1148.588000,-716.664000,319.000000
1138.700000,-699.300000,320.539000
1132.792000,-685.500000,319.807000
1110.700000,-690.645000,319.072000
1123.972000,-700.500000,321.340000
1123.720000,-691.410000,322.000000
1202.900000,-656.614000,321.128000
1166.492000,-641.500000,338.516000
1120.900000,-654.172000,332.904000
1178.874000,-663.500000,327.269000
1189.862000,-645.042000,341.000000
1148.800000,-619.820000,321.320000
1121.720000,-599.800000,319.612000
1108.800000,-635.352000,317.897000
1146.400000,-643.800000,316.189000
1117.520000,-640.632000,323.000000
1251.400000,-598.156000,314.213000
1162.220000,-587.500000,311.529000
1153.400000,-589.468000,319.845000
1170.354000,-635.500000,317.150000
1211.612000,-620.908000,321.000000
1253.000000,-584.769000,306.224000
1240.845000,-564.000000,330.416000
1168.000000,-569.754000,322.576000
1202.510000,-585.000000,314.768000
1250.535000,-573.723000,338.000000
994.600000,-1087.904000,358.210000
974.350000,-1062.200000,341.862000
940.600000,-1079.438000,325.514000
975.106000,-1096.200000,376.099000
959.338000,-1070.020000,383.000000
1076.100000,-1026.442000,316.572000
1055.428000,-998.200000,312.180000
1042.100000,-1038.160000,325.770000
1071.714000,-1052.200000,321.378000
1066.716000,-1052.038000,330.000000
1024.800000,-1010.960000,325.893000
942.382000,-995.300000,323.697000
926.800000,-1047.842000,321.501000
936.992000,-1049.300000,319.296000
936.600000,-1036.556000,327.000000
995.200000,-934.094000,354.571000
990.538000,-931.700000,337.247000
932.200000,-940.352000,319.852000
953.431000,-973.700000,373.528000
962.251000,-954.002000,390.000000
1073.100000,-923.050000,316.736000
1054.066000,-885.100000,327.320000
1011.100000,-905.248000,323.904000
1046.440000,-931.100000,320.474000
1063.986000,-898.808000,329.000000
1021.800000,-851.240000,324.488000
1003.980000,-824.600000,323.024000
988.800000,-854.795000,321.554000
1015.299000,-869.600000,320.090000
996.390000,-827.570000,326.000000
1078.200000,-770.786000,335.437000
1055.010000,-751.400000,323.969000
1048.200000,-800.216000,359.501000
1049.280000,-805.400000,347.986000
1066.380000,-796.382000,365.000000
1028.200000,-764.148000,341.890000
1027.980000,-758.100000,336.522000
984.200000,-764.676000,331.132000
996.036000,-806.100000,325.764000
1027.452000,-786.900000,342.000000
986.200000,-796.780000,336.978000
972.872000,-743.200000,331.854000
930.200000,-765.400000,326.730000
958.256000,-803.200000,342.585000
950.304000,-765.220000,345.000000
1023.800000,-720.320000,329.840000
980.468000,-679.400000,344.960000
931.800000,-716.786000,340.060000
999.328000,-741.400000,335.180000
999.512000,-687.708000,345.000000
1083.800000,-630.220000,325.055000
1052.120000,-604.600000,323.347000
1038.800000,-654.760000,321.639000
1082.315000,-664.600000,319.924000
1043.840000,-658.660000,326.000000
987.100000,-617.905000,324.978000
970.234000,-606.400000,324.490000
969.100000,-610.412000,324.000000
972.700000,-665.400000,325.512000
977.902000,-645.812000,326.000000
965.000000,-661.794000,327.904000
962.280000,-626.200000,340.756000
949.000000,-637.337000,336.608000
955.928000,-663.200000,332.443000
962.840000,-642.332000,343.000000
1066.900000,-581.366000,335.248000
1012.092000,-542.000000,330.856000
930.900000,-570.836000,326.446000
1021.476000,-596.000000,322.054000
963.812000,-552.962000,340.000000
813.700000,-1079.736000,322.949000
792.110000,-1059.400000,320.265000
779.700000,-1090.847000,328.581000
810.266000,-1100.400000,325.886000
800.712000,-1099.170000,330.000000
892.700000,-1015.789000,339.728000
829.336000,-988.700000,335.824000
819.700000,-988.700000,331.904000
829.263000,-1091.700000,328.000000
892.335000,-1064.611000,340.000000
809.800000,-997.600000,331.878000
806.871000,-995.800000,328.706000
780.800000,-1009.780000,325.534000
791.356000,-1055.800000,335.349000
791.559000,-1026.040000,337.000000
773.400000,-1092.125000,325.680000
756.032000,-1072.200000,337.776000
721.400000,-1083.850000,333.856000
752.444000,-1097.200000,329.952000
760.296000,-1078.975000,338.000000
772.800000,-1031.840000,417.124000
758.625000,-1000.200000,390.772000
747.800000,-1039.288000,364.420000
768.550000,-1056.200000,337.960000
750.900000,-1002.328000,433.000000
840.300000,-938.496000,360.206000
795.500000,-920.900000,341.174000
784.300000,-970.243000,400.064000
787.828000,-973.900000,381.032000
812.356000,-963.618000,401.000000
844.200000,-830.734000,332.100000
842.154000,-824.200000,347.976000
782.200000,-835.024000,342.852000
800.552000,-890.200000,337.707000
836.574000,-862.018000,351.000000
769.300000,-867.134000,375.612000
764.530000,-824.700000,360.240000
751.300000,-844.153000,344.805000
760.822000,-873.700000,392.433000
755.872000,-841.360000,393.000000
747.031762,-857.509554,351.861000
751.730804,-828.923859,336.489000
732.622853,-850.552489,384.117000
736.673576,-870.474463,368.682000
751.570364,-834.055509,393.000000
869.700000,-751.500000,342.478000
833.150000,-742.700000,338.086000
819.700000,-761.686000,333.676000
869.400000,-764.700000,329.284000
820.050000,-761.928000,343.000000
907.900000,-746.120000,335.692000
874.160000,-736.100000,331.300000
872.900000,-741.860000,326.908000
880.845000,-796.100000,340.498000
886.305000,-774.560000,343.000000
823.668370,-808.002483,375.728000
833.009358,-770.718516,523.904000
794.890328,-765.737335,475.884000
800.897937,-799.127948,428.060000
823.780975,-784.317177,529.000000
909.000000,-653.666000,347.184000
881.910000,-630.500000,341.328000
846.000000,-649.013000,335.472000
889.659000,-663.500000,329.592000
854.568000,-636.308000,351.000000
840.600000,-652.587000,364.945000
806.124000,-641.800000,347.133000
788.600000,-660.062000,402.248000
836.752000,-664.800000,384.436000
815.276000,-663.489000,404.000000
897.700000,-601.096000,343.920000
824.310000,-592.600000,506.460000
859.324000,-592.600000,529.465000
815.700000,-593.572000,454.000000
828.738000,-628.600000,401.325000
859.406000,-628.600000,408.635000
906.700000,-541.129000,335.680000
891.084000,-541.000000,332.020000
784.700000,-552.180000,328.345000
832.402000,-584.000000,339.685000
817.152000,-561.511000,340.000000
546.525749,-1148.672601,335.050000
550.259951,-1120.541354,327.730000
522.621016,-1121.522617,350.410000
531.371340,-1147.606017,343.060000
545.844378,-1127.275479,355.000000
531.364397,-1167.832652,478.481000
507.763281,-1133.776805,439.685000
500.326814,-1128.760845,426.170000
474.517706,-1135.872380,400.730000
516.409116,-1173.382597,361.934000
513.229757,-1171.238093,336.812000
486.736610,-1119.965651,485.000000
503.707100,-1095.658224,361.502000
500.975864,-1078.715233,346.618000
478.169997,-1093.176091,331.734000
478.275572,-1095.175148,377.789000
486.561280,-1095.529824,387.000000
605.710698,-1056.029790,347.454000
607.009406,-1050.654605,429.858000
564.827453,-1017.077853,403.153000
537.859224,-1062.191201,376.557000
575.205137,-1064.303360,434.000000
617.000694,-1035.749685,352.528000
617.462680,-1017.655610,344.720000
591.937854,-995.567473,336.912000
602.116350,-1020.950691,329.072000
597.523092,-999.995336,358.000000
636.476800,-1001.324767,330.983000
646.766595,-970.699146,328.299000
613.925677,-977.123240,336.604000
618.316044,-1007.071350,333.920000
645.007248,-974.246990,337.000000
664.173014,-953.451342,329.964000
667.453157,-936.164678,359.448000
640.268968,-953.507064,349.932000
637.389706,-956.243973,340.377000
649.977255,-963.036003,366.000000
448.768797,-1085.524752,328.700000
422.779246,-1044.086917,328.456000
418.486980,-1046.995265,328.211000
397.694107,-1079.848011,328.967000
411.033278,-1070.559392,329.000000
443.959616,-1055.199166,348.995000
462.850339,-1032.407673,333.135000
441.299924,-1023.897194,382.275000
433.252954,-1046.706451,366.350000
451.379171,-1037.615240,393.000000
518.021168,-1028.451242,386.608000
527.668160,-1007.114131,370.992000
505.642761,-1008.879607,355.312000
506.138599,-1029.786825,339.696000
516.691738,-1000.849782,390.000000
506.914791,-999.459658,355.930000
508.949924,-977.390765,343.974000
482.131581,-989.933236,332.018000
491.056835,-1010.910191,369.013000
485.438638,-999.300590,377.000000
554.545387,-999.804635,334.596000
527.239388,-957.781927,360.300000
523.573527,-955.400137,351.970000
511.514919,-978.089218,343.674000
537.995815,-998.197451,362.000000
572.433237,-982.784428,332.085000
615.384880,-941.221650,330.865000
583.699011,-929.911759,329.645000
558.863900,-968.354012,328.420000
579.395351,-940.396765,333.000000
561.029589,-945.234157,354.137000
592.101178,-911.585414,340.229000
560.902659,-923.462030,383.264000
545.112514,-950.489206,369.356000
581.011713,-918.924867,386.000000
647.540050,-916.025617,329.152000
651.356291,-876.976790,342.760000
609.022923,-889.311991,338.368000
623.691715,-928.620733,333.958000
625.184433,-929.091175,346.000000
702.378284,-849.083132,419.504000
694.331369,-817.138152,387.052000
652.802246,-844.192431,354.467000
654.835311,-847.815368,455.015000
668.321313,-844.685948,461.000000
738.835861,-804.132951,350.459000
738.231876,-801.599450,333.623000
718.483054,-785.871821,385.787000
709.236928,-805.519064,368.882000
723.970898,-804.566362,398.000000
763.900000,-690.928000,379.815000
757.180000,-675.500000,367.859000
742.900000,-684.069000,355.854000
755.143000,-694.500000,343.898000
743.803000,-680.934000,383.000000
738.893213,-710.930394,352.320000
731.781958,-684.667963,342.560000
709.023389,-677.214320,332.800000
727.466049,-709.529559,363.000000
730.206428,-684.322485,370.000000
766.000000,-605.188000,341.552000
708.695000,-578.200000,368.768000
693.000000,-649.726000,359.948000
696.577000,-656.200000,351.164000
751.108000,-642.160000,371.000000
765.700000,-542.120000,350.100000
764.620000,-537.600000,345.220000
705.700000,-543.600000,340.340000
722.560000,-577.600000,335.440000
716.020000,-561.080000,354.000000
708.600000,-573.360000,418.235000
698.058000,-536.400000,365.775000
666.600000,-552.486000,528.100000
688.188000,-578.400000,475.640000
423.891136,-1021.315379,331.080000
424.050577,-990.669477,361.320000
393.777182,-982.649959,351.560000
407.859475,-1018.345603,341.760000
433.841747,-1008.528692,369.000000
476.149468,-971.636908,383.432000
460.750271,-931.518355,363.424000
429.510071,-936.059452,343.334000
460.883871,-982.531840,405.326000
439.348446,-950.242773,410.000000
506.746982,-942.424933,329.495000
481.097481,-902.074410,328.275000
477.635715,-901.660794,332.055000
462.912063,-927.287761,330.830000
485.563908,-938.861818,333.000000
527.543300,-928.068270,348.383000
564.884053,-883.701704,343.259000
519.393337,-857.462406,338.114000
504.246623,-904.161659,332.990000
516.387560,-864.142743,350.000000
595.867994,-875.213182,337.190000
621.419146,-838.502110,333.530000
584.868643,-845.517494,329.870000
576.565072,-878.452886,341.195000
609.652222,-842.085949,344.000000
572.336150,-851.036236,328.190000
571.363007,-826.809666,333.482000
546.532168,-833.329102,331.767000
558.602331,-858.722016,330.059000
557.660249,-855.508811,334.000000
591.407750,-813.216886,354.755000
590.417311,-799.281670,346.215000
589.120460,-798.341222,337.675000
565.753170,-819.672495,329.100000
572.944170,-814.518453,362.000000
638.278687,-784.356569,339.344000
637.226970,-782.274421,331.536000
620.531253,-772.992966,355.696000
608.283255,-792.613367,347.888000
622.070606,-786.183865,358.000000
667.227180,-808.538566,327.560000
672.253206,-778.571248,338.144000
637.645528,-757.861261,334.728000
648.146448,-794.883337,331.298000
676.804765,-796.080971,341.000000
710.908314,-764.992129,351.584000
718.397097,-721.611804,344.020000
672.028322,-732.138547,336.425000
685.078466,-775.807665,359.861000
713.849352,-718.474671,362.000000
432.750825,-920.232594,334.166000
409.210317,-874.434919,329.774000
377.704325,-885.029278,343.382000
379.233517,-889.854173,338.972000
408.499170,-915.139678,347.000000
466.211862,-890.869625,345.309000
466.942524,-887.672258,340.673000
435.770836,-857.616101,336.018000
425.333802,-883.960236,331.382000
428.738829,-867.190088,347.000000
489.023835,-874.351914,336.544000
523.024780,-835.013760,332.640000
488.912802,-831.978762,328.736000
472.637092,-868.131090,340.816000
501.983023,-840.205843,344.000000
469.841772,-837.773045,332.898000
482.842498,-811.464445,356.334000
453.969485,-819.743940,348.739000
453.729773,-843.840900,341.175000
484.700595,-820.181806,359.000000
546.034956,-823.874257,349.649000
545.727495,-806.890950,342.573000
524.446531,-818.194547,335.497000
521.923940,-820.399432,328.392000
526.981517,-820.681443,356.000000
538.441907,-797.598015,329.430000
521.150871,-768.856441,327.966000
518.140790,-770.287711,332.496000
502.479618,-793.469836,331.032000
518.277733,-795.245467,333.000000
560.440944,-809.781575,326.364000
574.007364,-782.582534,336.192000
536.227375,-752.183763,333.020000
538.723312,-786.680829,329.835000
570.778587,-797.472833,339.000000
580.692586,-751.670385,329.912000
591.782241,-734.709677,328.448000
574.384511,-738.763930,326.978000
571.334917,-753.951774,331.514000
586.200125,-735.068605,332.000000
621.294959,-739.303632,327.750000
618.332995,-713.908177,325.310000
592.973359,-721.061705,332.870000
607.383503,-748.057152,330.420000
604.242744,-740.841705,335.000000
601.851338,-713.994968,353.667000
603.851511,-694.849595,345.615000
601.086813,-695.312675,337.530000
557.191352,-734.159057,329.478000
570.686879,-721.454866,357.000000
648.546181,-732.704971,335.440000
689.295866,-688.639108,330.560000
643.590456,-658.225704,325.680000
625.200321,-704.828645,340.780000
652.151151,-687.007402,345.000000
319.591433,-1033.235443,326.752000
314.290524,-972.559544,335.824000
243.411044,-921.212564,332.884000
280.253496,-1002.033023,329.956000
323.713492,-1000.713759,337.000000
363.287071,-979.031368,352.915000
382.705250,-943.780261,344.375000
335.801283,-969.119931,335.835000
335.032532,-997.729474,327.260000
324.727634,-984.778345,361.000000
355.856185,-949.463074,338.646000
309.432389,-867.078861,333.278000
257.506788,-886.274534,349.888000
263.484797,-896.145159,344.520000
306.974713,-929.771930,352.000000
391.707110,-858.798513,329.112000
390.279318,-853.191507,428.904000
341.775909,-806.585313,396.696000
331.637493,-845.924529,364.356000
374.836924,-868.846499,459.000000
393.879124,-847.869132,341.080000
401.620238,-818.052802,335.712000
365.189194,-793.896206,330.322000
373.548197,-831.057190,346.954000
381.145882,-807.070219,349.000000
457.513538,-793.206029,330.682000
449.980534,-758.461813,327.266000
418.767949,-748.662775,337.850000
441.584630,-790.997160,334.420000
457.931413,-771.154860,341.000000
497.205504,-760.682192,326.000000
477.176959,-719.359674,326.000000
448.467204,-725.517635,326.000000
447.522112,-728.820445,326.000000
453.343826,-728.360141,326.000000
582.602213,-683.584112,333.176000
585.396475,-681.182393,329.256000
565.407727,-662.765423,325.352000
550.472329,-684.136120,337.432000
562.863015,-681.050842,341.000000
543.084201,-718.251784,325.670000
557.289067,-694.550430,329.450000
529.788507,-677.548042,328.225000
528.131384,-704.625146,327.005000
551.034363,-703.784490,330.000000
526.591644,-678.423868,337.128000
544.572953,-655.396013,333.208000
519.819612,-665.893117,329.304000
512.944205,-684.665439,325.384000
537.296953,-655.703465,341.000000
589.107867,-642.091550,332.906000
585.987707,-618.413018,326.562000
561.756473,-626.897925,346.192000
575.601767,-651.722642,339.848000
571.071132,-641.628202,349.000000
290.399258,-835.139094,327.175000
277.736702,-810.904209,353.600000
275.667613,-810.051841,345.060000
265.220883,-824.411810,336.485000
282.961143,-839.391452,362.000000
248.062585,-869.638186,328.792000
266.012363,-834.966940,325.376000
208.121855,-780.019504,321.946000
213.341166,-828.186524,332.530000
224.853426,-809.196752,334.000000
317.950205,-805.363622,326.000000
322.391333,-773.545561,326.000000
288.481692,-758.498420,326.000000
299.652802,-796.343365,326.000000
321.664003,-783.078452,326.000000
290.341471,-709.846363,327.500000
297.256837,-692.330629,326.524000
274.840727,-706.417735,325.544000
276.853006,-720.390122,324.568000
270.606520,-712.113813,328.000000
352.569894,-706.769876,328.493000
350.424719,-696.976085,326.778000
335.545931,-708.806048,325.070000
336.396182,-709.790181,330.355000
342.424158,-709.000191,332.000000
344.320436,-690.173123,324.610000
344.295787,-689.246270,328.390000
336.803659,-687.566588,327.165000
327.747974,-699.311058,325.945000
336.999521,-695.514312,329.000000
361.552333,-694.528095,326.984000
369.422531,-675.317896,326.004000
348.813864,-667.360127,325.028000
350.480010,-688.524725,324.048000
356.503773,-669.690308,328.000000
402.177802,-678.984719,327.476000
398.845698,-656.423177,326.500000
381.878470,-675.991499,329.520000
393.473632,-691.894790,328.544000
401.579432,-658.991659,330.000000
434.230670,-645.723655,344.867000
423.154702,-621.786261,340.212000
397.424671,-646.710091,335.576000
397.264465,-649.900591,330.921000
423.167044,-659.943977,345.000000
401.578800,-603.979410,353.184000
400.233107,-605.116427,341.228000
365.727476,-646.999386,329.223000
378.233869,-636.001270,366.267000
379.702599,-632.262690,372.000000
546.162253,-605.567875,327.760000
579.013762,-571.798891,345.880000
554.117017,-575.395705,340.024000
535.229195,-603.627563,334.144000
564.930960,-583.662760,346.000000
562.900000,-546.635000,342.712000
543.020000,-533.300000,336.856000
522.900000,-546.488000,330.976000
553.300000,-554.300000,325.120000
527.500000,-535.568000,346.000000
508.805165,-649.936838,339.123000
506.914067,-625.794081,332.018000
479.143396,-639.580021,353.942000
492.650368,-663.245601,346.837000
487.262658,-650.072936,354.000000
495.518842,-600.345761,321.000000
478.243291,-568.626512,321.000000
474.807896,-569.573251,321.000000
454.968236,-595.685223,321.000000
479.438853,-606.710940,321.000000
470.500000,-569.752000,321.000000
468.550000,-563.200000,321.000000
460.500000,-565.489000,321.000000
465.090000,-570.200000,321.000000
462.940000,-566.070000,321.000000
450.321072,-583.789273,321.000000
451.209344,-570.460616,321.000000
442.067304,-577.584373,321.000000
445.420459,-587.545841,321.000000
450.442816,-573.591611,321.000000
430.970631,-584.764046,324.924000
429.043033,-569.017243,323.944000
417.292046,-590.035898,322.968000
424.670279,-599.386442,321.988000
426.006256,-598.089378,325.000000
479.100000,-548.880000,321.000000
441.552000,-546.500000,321.000000
437.100000,-546.760000,321.000000
443.694000,-556.500000,321.000000
452.808000,-553.610000,321.000000
417.176022,-549.945582,321.000000
416.058703,-549.309581,321.000000
404.244416,-555.877528,321.000000
397.401515,-585.020058,321.000000
408.135529,-566.797914,321.000000
394.851577,-563.267638,321.000000
398.197405,-542.381332,321.000000
387.848285,-552.850514,321.000000
389.290800,-567.870571,321.000000
391.192527,-547.003535,321.000000
1339.453213,-497.191071,330.600000
1356.044040,-473.756437,316.880000
1321.505588,-483.129166,359.216000
1318.633564,-505.274088,345.496000
1356.475653,-475.822191,360.000000
1269.500000,-503.780000,311.744000
1215.875000,-494.600000,332.912000
1204.500000,-523.310000,326.052000
1210.285000,-524.600000,319.220000
1261.700000,-518.000000,337.000000
1269.000000,-419.047000,322.162000
1267.434000,-416.200000,317.017000
1242.000000,-423.610000,311.893000
1250.667000,-455.200000,327.748000
1248.912000,-437.533000,328.000000
1188.300000,-523.280000,314.830000
1173.168000,-496.400000,311.414000
1136.300000,-509.936000,321.984000
1165.108000,-528.400000,318.568000
1169.216000,-506.448000,324.000000
1131.300000,-510.920000,315.907000
1118.200000,-486.600000,315.172000
1106.300000,-512.840000,314.440000
1125.975000,-526.600000,313.705000
1106.525000,-489.840000,316.000000
1190.100000,-456.450000,316.736000
1132.568000,-449.700000,314.784000
1114.100000,-465.684000,312.824000
1115.620000,-467.700000,318.872000
1143.436000,-464.982000,320.000000
1203.900000,-412.512000,315.344000
1110.840000,-407.400000,341.014000
1109.900000,-411.756000,332.718000
1133.682000,-443.400000,324.388000
1181.528000,-429.576000,342.000000
963.800000,-517.107000,326.517000
956.218000,-496.200000,325.785000
929.800000,-504.342000,325.050000
946.324000,-519.200000,324.318000
934.526000,-505.009000,327.000000
1005.000000,-453.880000,334.038000
973.150000,-433.600000,327.668000
935.000000,-451.210000,347.324000
985.330000,-463.600000,340.954000
971.050000,-438.100000,348.000000
912.300000,-508.190000,333.600000
877.900000,-494.900000,409.200000
862.300000,-519.500000,384.700000
909.850000,-524.900000,360.300000
906.900000,-522.410000,425.000000
911.700000,-452.700000,339.750000
887.754000,-444.300000,333.625000
885.700000,-446.420000,327.525000
890.484000,-484.300000,346.400000
892.668000,-471.660000,347.000000
914.100000,-431.540000,355.632000
906.400000,-402.200000,330.256000
864.100000,-410.780000,408.776000
884.950000,-432.200000,383.400000
896.350000,-415.730000,425.000000
864.200000,-487.255000,406.603000
840.206000,-473.100000,387.248000
802.200000,-482.942000,367.972000
842.500000,-492.100000,348.617000
803.502000,-477.261000,410.000000
863.600000,-442.928000,376.820000
825.160000,-433.200000,357.544000
801.600000,-447.469000,338.189000
856.346000,-452.200000,397.913000
826.276000,-451.934000,410.000000
772.000000,-434.038000,350.748000
772.000000,-415.128000,343.353000
674.758000,-400.000000,416.433000
658.000000,-520.048000,395.205000
658.000000,-514.802000,381.459000
671.224000,-522.000000,373.890000
746.236000,-491.866000,420.000000
658.570000,-521.146000,420.000000
634.400000,-403.704000,379.582000
629.385000,-398.000000,363.478000
575.400000,-424.908000,347.308000
595.991000,-522.000000,331.204000
584.309000,-462.480000,391.000000
574.200000,-499.299000,337.942000
556.074000,-399.300000,327.652000
517.200000,-454.650000,359.404000
550.317000,-522.300000,349.114000
547.239000,-434.601000,361.000000
480.900000,-492.320000,321.072000
464.370000,-469.700000,342.240000
450.900000,-496.337000,335.380000
475.320000,-508.700000,328.548000
478.020000,-471.806000,347.000000
405.300000,-490.316000,322.584000
384.916000,-475.700000,320.624000
379.300000,-514.172000,318.672000
380.522000,-517.700000,324.712000
386.580000,-510.182000,325.000000
499.500000,-405.515000,316.358000
498.718000,-398.500000,316.846000
453.500000,-407.528000,315.336000
466.380000,-459.500000,315.824000
483.722000,-434.429000,315.000000
1271.200000,-355.186000,387.325000
1262.450000,-290.800000,366.500000
1236.200000,-318.613000,345.760000
1254.155000,-363.800000,324.935000
1237.355000,-316.788000,392.000000
1217.300000,-330.827000,362.416000
1193.150000,-315.900000,341.188000
1167.300000,-330.022000,319.873000
1204.600000,-338.900000,385.645000
1187.800000,-318.729000,400.000000
1167.900000,-319.680000,329.704000
1139.300000,-276.000000,395.389000
1127.900000,-364.935000,374.161000
1167.060000,-381.000000,352.846000
1159.340000,-369.450000,400.000000
1100.100000,-308.235000,441.770000
1005.300000,-300.000000,403.218000
1079.900000,-300.000000,372.566000
1000.100000,-303.600000,364.508000
1021.200000,-345.000000,325.956000
1026.900000,-345.000000,441.612000
1016.400000,-329.565000,471.000000
997.200000,-382.950000,366.851000
986.340000,-349.700000,340.146000
937.200000,-360.655000,422.550000
963.840000,-384.700000,395.845000
969.540000,-364.540000,428.000000
998.100000,-284.130000,325.758000
973.260000,-259.000000,408.162000
938.100000,-278.110000,381.457000
978.720000,-294.000000,354.861000
993.060000,-265.685000,428.000000
879.400000,-370.055000,373.706000
864.519000,-358.900000,356.311000
856.400000,-376.794000,338.987000
877.330000,-381.900000,392.592000
863.116000,-380.957000,396.000000
830.200000,-358.164000,350.248000
802.040000,-350.100000,332.680000
798.200000,-350.452000,387.040000
802.776000,-382.100000,369.472000
819.608000,-373.332000,400.000000
889.700000,-297.807000,399.506000
882.581000,-296.800000,379.416000
826.700000,-309.732000,359.408000
850.388000,-349.800000,339.318000
829.535000,-322.929000,405.000000
918.300000,-286.852000,329.116000
885.180000,-261.700000,326.432000
822.300000,-276.964000,323.737000
880.764000,-293.700000,332.053000
862.812000,-270.020000,334.000000
775.600000,-334.955000,348.620000
750.746000,-315.600000,430.915000
732.600000,-340.450000,404.319000
768.763000,-350.600000,377.614000
766.914000,-316.545000,438.000000
769.600000,-278.560000,397.467000
735.538000,-263.200000,375.751000
727.600000,-308.464000,353.946000
730.708000,-311.200000,332.230000
734.950000,-301.312000,415.000000
706.400000,-259.444000,329.832000
704.244000,-253.900000,325.912000
657.400000,-264.988000,338.008000
672.443000,-316.900000,334.088000
684.399000,-289.243000,339.000000
646.650000,-359.960000,322.750000
609.338100,-247.100000,364.330000
511.950000,-300.956000,350.855000
584.688000,-379.100000,337.435000
636.951600,-290.528000,375.000000
606.374700,-376.988000,375.000000
502.100000,-330.526000,340.004000
437.330000,-247.800000,328.734000
375.100000,-333.053000,317.510000
473.271000,-380.800000,352.240000
413.708000,-260.568000,355.000000
435.425000,-322.546000,355.000000
1095.100000,-190.254000,330.880000
988.108000,-156.800000,321.120000
951.100000,-231.964000,351.320000
951.964000,-242.800000,341.560000
1049.164000,-231.018000,359.000000
986.812000,-168.840000,359.000000
921.400000,-171.800000,556.171000
921.400000,-223.850000,350.602000
848.275000,-160.100000,494.676000
870.175000,-160.100000,405.571000
846.400000,-168.125000,433.432000
846.400000,-176.300000,460.540000
864.325000,-235.100000,371.937000
902.500000,-235.100000,515.509000
994.700000,-86.998600,323.896000
984.924000,-70.200000,321.700000
947.700000,-76.388000,319.495000
969.837000,-88.400000,326.299000
968.098000,-77.425400,328.000000
998.604823,-57.040028,324.536000
982.860346,-41.730152,344.921000
957.883182,-46.563831,338.333000
985.356150,-59.709837,331.718000
992.614616,-46.614068,347.000000
854.401656,-113.626694,339.611000
838.973685,-93.409705,334.487000
821.131411,-99.433324,329.342000
847.051812,-120.730686,324.218000
825.432795,-105.010635,344.000000
892.635798,-79.948814,323.490000
848.637021,-45.955105,322.020000
843.332689,-43.738406,326.556000
839.637281,-69.221314,325.086000
863.875427,-75.671138,327.000000
915.938470,-32.837315,320.608000
919.024822,-5.527926,332.704000
880.902854,0.139491,328.784000
891.090150,-24.315842,324.880000
918.124213,-18.550146,336.000000
871.976619,-5.503773,323.606000
874.924878,26.450191,320.421000
855.641688,11.333003,317.249000
861.484541,-12.284717,327.064000
865.591556,19.608929,328.000000
783.200000,-216.122000,347.945000
759.000000,-191.400000,329.157000
743.200000,-226.039000,387.292000
777.960000,-238.400000,368.504000
770.880000,-238.400000,403.000000
712.800000,-202.150000,325.454000
675.090000,-187.500000,323.984000
667.800000,-236.000000,322.520000
672.345000,-237.500000,321.050000
670.905000,-225.850000,326.000000
638.700000,-197.000000,331.428000
633.446000,-195.800000,324.352000
564.700000,-199.860000,317.247000
589.416000,-215.800000,339.171000
597.630000,-206.480000,345.000000
423.000000,-222.620000,318.884000
412.968000,-189.500000,386.079000
390.000000,-206.940000,364.363000
408.711000,-229.500000,342.558000
417.126000,-201.540000,394.000000
776.400000,-101.600000,326.011000
746.865000,-65.900000,323.815000
721.400000,-105.980000,321.610000
765.400000,-125.900000,319.414000
732.290000,-70.040000,328.000000
769.250000,-13.180000,331.344000
686.475000,1.300000,319.584000
661.750000,-34.740000,355.872000
665.297500,-38.700000,344.112000
723.562500,-32.140000,360.000000
507.800000,0.008000,303.598000
507.620000,6.200000,320.986000
447.800000,-0.232000,315.351000
463.760000,-41.800000,309.739000
504.860000,-22.744000,326.000000
235.444321,-587.204921,322.650000
245.259670,-570.410428,322.405000
228.450328,-564.500430,322.161000
226.460530,-581.309772,322.916000
233.276332,-569.415529,323.000000
296.500000,-341.912000,312.273000
292.288000,-326.000000,312.029000
287.500000,-340.400000,312.784000
294.079000,-350.000000,312.540000
293.836000,-329.288000,313.000000
283.000000,-314.370000,312.897000
266.176000,-310.500000,312.652000
259.000000,-317.997000,312.408000
282.136000,-319.500000,312.163000
260.944000,-318.636000,313.000000
175.616174,-557.890422,326.160000
166.135887,-521.839014,324.208000
162.615059,-520.744098,322.248000
132.815064,-544.550786,328.296000
149.144173,-547.611077,330.000000
131.154252,-310.594485,313.288000
144.080164,-289.402495,314.798000
118.196521,-274.054742,314.310000
116.428754,-297.106423,313.820000
136.344416,-297.187740,315.000000
104.673770,-628.296793,389.729000
135.152900,-584.241212,368.501000
97.936456,-601.092981,347.186000
85.310358,-636.222046,325.958000
118.046573,-588.110500,410.000000
26.642925,-492.126310,323.910000
96.746857,-548.938441,321.460000
38.719783,-429.935588,329.020000
-16.451953,-417.364122,326.570000
-2.520084,-413.853996,330.000000
164.381290,-425.268550,320.308000
155.804282,-378.382734,336.940000
84.232386,-429.539941,331.550000
87.991399,-434.467454,326.182000
131.188971,-450.592750,342.000000
104.689452,-379.487933,335.692000
108.977514,-379.719495,327.362000
117.945542,-345.502763,319.066000
65.095456,-300.490205,344.736000
93.782141,-333.632218,348.000000
31.202439,-312.052395,320.613000
54.689698,-258.606436,312.561000
2.151664,-250.593502,337.476000
3.212324,-303.295585,329.424000
43.641861,-273.908227,345.000000
364.000000,-186.596000,318.045000
299.704000,-131.500000,313.880000
250.000000,-199.012000,309.732000
344.278000,-228.500000,305.567000
260.602000,-135.477000,320.000000
316.690000,-189.797000,320.000000
302.437694,-53.716647,310.112000
299.019803,-23.845075,306.696000
259.299085,-50.008564,303.266000
257.762865,-53.816453,313.850000
273.430666,-57.050674,317.000000
209.000000,-9.690000,310.132000
207.860000,0.000000,310.887000
171.000000,-15.295000,310.643000
182.134000,-95.000000,310.398000
203.148000,-54.720000,311.000000
170.000000,-186.835000,323.305000
125.290000,0.000000,320.621000
0.000000,-84.710000,317.926000
89.420000,-215.000000,315.242000
37.740000,-73.745000,326.000000
154.020000,-72.455000,326.000000
102.680000,-130.290000,326.000000
68.510000,-17.845000,326.000000
