1522.700000,-1076.256000,305.622000
1522.241000,-1072.200000,305.134000
1505.700000,-1078.401000,304.644000
1510.630000,-1111.200000,304.156000
1508.522000,-1094.742000,306.000000
1493.900000,-1062.868000,307.560000
1474.004000,-1052.600000,307.072000
1469.900000,-1085.274000,306.582000
1472.108000,-1086.600000,306.094000
1474.652000,-1078.984000,308.000000
1570.100000,-973.400000,306.243000
1549.908000,-963.400000,304.528000
1538.100000,-978.660000,302.820000
1566.708000,-983.400000,301.112000
1545.428000,-982.880000,308.000000
1526.200000,-973.840000,315.340000
1519.705000,-952.900000,310.460000
1511.200000,-969.850000,305.580000
1521.640000,-982.900000,320.680000
1515.100000,-958.060000,321.000000
1508.400000,-981.416000,307.174000
1498.530000,-956.300000,304.978000
1466.400000,-966.576000,302.773000
1487.316000,-984.300000,309.577000
1478.622000,-966.660000,310.000000
1485.796520,-722.989176,317.685000
1481.524764,-720.597454,311.097000
1477.183708,-740.329308,304.482000
1514.317217,-761.638159,324.894000
1497.104085,-747.879232,327.000000
1427.300000,-585.701000,319.232000
1407.164000,-569.000000,314.822000
1403.300000,-624.290000,310.430000
1405.748000,-626.000000,324.038000
1411.796000,-612.719000,326.000000
1390.800000,-628.874000,312.744000
1352.340000,-622.000000,310.784000
1330.800000,-632.808000,308.832000
1385.040000,-636.000000,314.872000
1353.900000,-635.510000,316.000000
1366.100000,-606.294000,314.171000
1358.569000,-574.600000,311.487000
1349.100000,-601.004000,308.803000
1361.102000,-620.600000,317.108000
1356.172000,-582.098000,319.000000
1347.700000,-616.967000,309.060000
1341.575000,-580.600000,308.572000
1322.700000,-596.016000,308.082000
1335.400000,-621.600000,309.594000
1333.875000,-595.401000,310.000000
1448.900000,-1081.995000,308.495000
1447.161000,-1079.700000,307.275000
1411.900000,-1084.506000,306.050000
1423.370000,-1106.700000,309.830000
1429.623000,-1094.793000,311.000000
1344.200000,-1083.522000,308.000000
1327.220000,-1073.900000,308.000000
1324.200000,-1107.220000,308.000000
1326.440000,-1107.900000,308.000000
1334.400000,-1099.638000,308.000000
1442.100000,-1051.820000,309.992000
1420.000000,-1042.200000,306.072000
1408.100000,-1057.840000,318.168000
1439.176000,-1062.200000,314.248000
1426.494000,-1061.300000,319.000000
1434.000000,-1020.938000,311.100000
1393.772000,-1006.000000,306.220000
1345.000000,-1018.848000,321.320000
1408.635000,-1028.000000,316.440000
1395.908000,-1009.366000,323.000000
1344.900000,-1061.043000,312.358000
1329.152000,-1009.300000,308.210000
1282.900000,-1032.074000,321.045000
1314.954000,-1068.300000,316.897000
1320.348000,-1030.009000,323.000000
1446.100000,-944.850000,306.802000
1444.756000,-942.300000,303.372000
1422.100000,-948.692000,313.956000
1429.756000,-976.300000,310.540000
1437.340000,-960.966000,316.000000
1399.000000,-963.809000,303.936000
1360.390000,-954.800000,303.201000
1354.000000,-987.470000,305.469000
1359.445000,-987.800000,304.734000
1383.970000,-979.451000,306.000000
1337.700000,-966.843000,305.120000
1327.140000,-951.300000,304.144000
1321.700000,-977.436000,307.168000
1336.468000,-984.300000,306.188000
1332.852000,-982.485000,308.000000
1430.300000,-927.460000,312.209000
1408.586000,-915.400000,302.205000
1383.300000,-926.092000,333.160000
1417.375000,-933.400000,323.156000
1417.516000,-917.974000,343.000000
1308.000000,-898.996000,318.464000
1303.248000,-836.500000,354.752000
1290.000000,-864.940000,342.992000
1299.486000,-908.500000,331.280000
1303.680000,-861.052000,356.000000
1302.100000,-754.916000,312.423000
1301.110000,-753.200000,334.318000
1287.100000,-758.322000,327.242000
1292.035000,-779.200000,320.166000
1298.965000,-767.240000,336.000000
1356.800000,-783.760000,311.524000
1294.304000,-779.800000,333.419000
1284.800000,-794.785000,326.343000
1294.232000,-794.800000,319.238000
1343.984000,-790.870000,336.000000
1451.000000,-768.530000,304.464000
1380.650000,-761.600000,331.680000
1346.000000,-773.615000,322.860000
1443.965000,-776.600000,314.076000
1435.565000,-775.640000,336.000000
1446.700000,-747.620000,303.348000
1440.092000,-723.200000,330.564000
1432.700000,-745.511000,321.744000
1442.990000,-760.200000,312.960000
1445.090000,-728.158000,336.000000
1445.200000,-718.770000,302.976000
1422.184000,-705.900000,339.216000
1361.200000,-711.975000,327.504000
1406.308000,-720.900000,315.792000
1438.144000,-710.880000,348.000000
1359.800000,-703.572000,313.302000
1358.600000,-701.500000,345.012000
1343.800000,-709.159000,334.764000
1349.224000,-738.500000,324.474000
1358.952000,-721.110000,354.000000
1342.600000,-702.656000,353.958000
1310.151000,-699.100000,343.710000
1305.600000,-699.226000,333.462000
1310.780000,-713.100000,323.172000
1341.786000,-709.292000,354.000000
1302.800000,-717.664000,352.656000
1291.257000,-703.200000,342.408000
1285.800000,-729.152000,332.118000
1301.814000,-735.200000,321.870000
1285.953000,-732.832000,354.000000
1268.400000,-1078.650000,322.929000
1256.375000,-1042.900000,318.781000
1243.400000,-1076.615000,314.616000
1262.000000,-1097.900000,310.468000
1244.425000,-1049.720000,324.000000
1228.600000,-1099.788000,311.530000
1225.770000,-1073.500000,310.305000
1218.600000,-1086.365000,309.085000
1224.060000,-1104.500000,307.865000
1219.320000,-1083.482000,312.000000
1220.900000,-1094.960000,311.625000
1218.265000,-1094.500000,310.890000
1189.900000,-1096.670000,310.158000
1200.688000,-1104.500000,309.423000
1193.093000,-1099.700000,312.000000
1216.600000,-1060.375000,307.843000
1209.504000,-1056.700000,307.599000
1208.600000,-1056.985000,307.355000
1209.800000,-1071.700000,307.110000
1209.672000,-1067.470000,308.000000
1195.000000,-1066.948000,311.436000
1188.110000,-1051.000000,310.704000
1185.000000,-1080.520000,309.969000
1194.520000,-1087.000000,309.237000
1186.660000,-1083.976000,312.000000
1187.000000,-1094.366000,318.591000
1179.635000,-1077.700000,315.896000
1172.000000,-1093.872000,313.212000
1183.310000,-1103.700000,310.528000
1174.955000,-1080.690000,321.000000
1148.400000,-1098.575000,311.000000
1133.750000,-1077.600000,311.000000
1098.400000,-1088.200000,311.000000
1126.200000,-1102.600000,311.000000
1109.800000,-1085.425000,311.000000
1231.100000,-998.814000,310.436000
1229.010000,-998.000000,309.948000
1209.100000,-1002.972000,309.460000
1216.976000,-1020.000000,310.970000
1214.798000,-1009.242000,311.000000
1206.100000,-1014.335000,312.435000
1193.542000,-1004.700000,311.215000
1192.100000,-1005.848000,309.990000
1194.340000,-1045.700000,313.770000
1196.160000,-1033.769000,314.000000
1143.300000,-1020.251000,321.184000
1116.738000,-999.900000,317.768000
1105.300000,-1038.910000,314.338000
1141.856000,-1046.900000,324.922000
1117.536000,-1042.529000,326.000000
1268.000000,-931.510000,312.375000
1253.471000,-925.200000,310.660000
1239.000000,-931.520000,308.952000
1261.156000,-935.200000,314.244000
1249.237000,-926.250000,315.000000
1238.900000,-974.657000,312.376000
1234.974000,-947.300000,311.396000
1225.900000,-961.622000,310.420000
1233.258000,-980.300000,313.440000
1230.892000,-957.299000,314.000000
1224.200000,-950.156000,312.248000
1222.952000,-949.400000,311.272000
1212.200000,-956.008000,310.296000
1216.604000,-977.400000,313.316000
1217.180000,-963.428000,314.000000
1179.800000,-968.000000,312.124000
1158.962000,-965.300000,311.148000
1156.800000,-965.756000,310.168000
1160.687000,-977.300000,313.192000
1167.058000,-973.688000,314.000000
1190.200000,-947.490000,318.500000
1143.472000,-934.800000,314.335000
1124.200000,-960.000000,310.187000
1188.286000,-964.800000,323.039000
1155.748000,-961.710000,327.000000
1268.300000,-867.162000,311.345000
1261.160000,-853.500000,310.120000
1254.300000,-867.624000,313.900000
1265.122000,-875.500000,312.675000
1261.426000,-855.590000,314.000000
1257.000000,-847.299000,311.874000
1253.256000,-830.100000,311.386000
1245.000000,-839.424000,312.898000
1251.900000,-851.100000,312.408000
1251.480000,-836.253000,313.000000
1157.500000,-843.140000,316.000000
1156.018000,-842.600000,316.000000
1144.500000,-849.980000,316.000000
1149.401000,-872.600000,316.000000
1151.923000,-857.330000,316.000000
1145.100000,-860.940000,316.000000
1113.040000,-857.700000,316.000000
1110.100000,-858.405000,316.000000
1116.365000,-872.700000,316.000000
1131.205000,-868.035000,316.000000
1259.300000,-793.826000,310.656000
1244.940000,-790.100000,310.901000
1239.300000,-797.741000,310.145000
1258.920000,-799.100000,310.389000
1251.980000,-798.092000,310.000000
1213.100000,-786.432000,313.000000
1206.340000,-749.100000,313.000000
1200.100000,-788.811000,313.000000
1210.279000,-810.100000,313.000000
1208.745000,-754.346000,313.000000
1200.200000,-797.910000,317.777000
1196.014000,-748.500000,313.629000
1187.200000,-776.133000,326.481000
1194.805000,-809.500000,322.316000
1196.248000,-765.824000,330.000000
1142.500000,-781.208000,319.750000
1137.912000,-781.000000,318.042000
1105.500000,-787.630000,323.327000
1119.819000,-807.000000,321.619000
1132.399000,-793.532000,325.000000
1270.600000,-742.478000,312.876000
1224.300000,-739.800000,315.896000
1220.600000,-740.541000,314.920000
1230.050000,-752.800000,313.944000
1258.550000,-748.640000,316.000000
1238.100000,-706.676000,320.196000
1206.112000,-688.900000,333.031000
1194.100000,-726.696000,328.883000
1237.704000,-732.900000,324.718000
1228.860000,-727.532000,334.000000
1172.300000,-715.864000,317.312000
1158.546000,-696.600000,318.824000
1146.300000,-717.752000,318.336000
1166.892000,-728.600000,317.846000
1167.646000,-699.032000,319.000000
1138.700000,-697.500000,319.375000
1129.432000,-685.500000,321.643000
1110.700000,-692.445000,320.908000
1127.332000,-700.500000,320.176000
1134.556000,-689.610000,322.000000
1202.900000,-663.456000,320.162000
1191.994000,-641.500000,337.550000
1120.900000,-647.330000,331.915000
1153.372000,-663.500000,326.303000
1193.388000,-651.884000,341.000000
1148.800000,-608.424000,316.441000
1111.400000,-599.800000,321.726000
1108.800000,-602.748000,320.018000
1116.720000,-643.800000,318.310000
1145.400000,-629.280000,323.000000
1251.400000,-606.412000,310.352000
1179.174000,-587.500000,318.657000
1153.400000,-629.212000,315.973000
1153.400000,-635.500000,313.278000
1246.108000,-629.164000,321.000000
1253.000000,-576.453000,306.000000
1207.185000,-564.000000,330.192000
1168.000000,-578.091000,322.384000
1236.170000,-585.000000,314.544000
1251.045000,-565.386000,338.000000
994.600000,-1089.094000,380.923000
976.186000,-1062.200000,364.575000
940.600000,-1078.248000,348.160000
973.216000,-1096.200000,331.812000
941.032000,-1071.176000,383.000000
1076.100000,-1051.606000,328.884000
1071.238000,-998.200000,324.474000
1042.100000,-1012.996000,320.082000
1055.904000,-1052.200000,315.690000
1043.460000,-1023.202000,330.000000
1024.800000,-1005.398000,326.163000
932.190000,-995.300000,323.958000
926.800000,-999.404000,321.762000
947.184000,-1049.300000,319.557000
933.758000,-1030.994000,327.000000
995.200000,-947.870000,381.125000
948.139000,-931.700000,363.801000
932.200000,-968.576000,346.477000
932.830000,-973.700000,329.082000
938.626000,-967.778000,390.000000
1073.100000,-911.918000,326.816000
1039.062000,-885.100000,323.400000
1011.100000,-916.380000,319.970000
1061.444000,-931.100000,316.554000
1019.346000,-887.722000,329.000000
1021.800000,-859.745000,324.878000
1010.217000,-824.600000,323.414000
988.800000,-846.290000,321.944000
1009.062000,-869.600000,320.480000
994.245000,-836.075000,326.000000
1078.200000,-804.266000,354.754000
1073.610000,-751.400000,343.239000
1048.200000,-766.736000,331.771000
1060.680000,-805.400000,320.303000
1054.080000,-775.862000,365.000000
1028.200000,-766.596000,336.522000
986.224000,-758.100000,331.132000
984.200000,-762.228000,325.764000
993.792000,-806.100000,320.374000
994.188000,-789.348000,342.000000
986.200000,-765.700000,339.099000
943.864000,-743.200000,333.975000
930.200000,-796.480000,328.851000
931.264000,-803.200000,344.706000
944.648000,-794.140000,345.000000
1023.800000,-714.926000,338.760000
972.464000,-679.400000,333.880000
931.800000,-722.180000,328.980000
1007.332000,-741.400000,344.100000
958.388000,-682.314000,345.000000
1083.800000,-650.860000,323.599000
1067.600000,-604.600000,321.884000
1038.800000,-634.120000,320.176000
1066.835000,-664.600000,325.468000
1053.245000,-619.300000,326.000000
987.100000,-663.571000,325.252000
984.184000,-606.400000,324.762000
969.100000,-623.746000,324.274000
976.750000,-665.400000,325.784000
975.436000,-632.537000,326.000000
965.000000,-632.379000,336.098000
949.576000,-626.200000,331.950000
949.000000,-629.752000,327.802000
952.632000,-663.200000,340.637000
955.128000,-649.917000,343.000000
1066.900000,-561.764000,332.134000
962.724000,-542.000000,327.742000
930.900000,-590.492000,323.332000
934.844000,-596.000000,336.940000
987.204000,-587.306000,340.000000
813.700000,-1082.524000,324.852000
794.388000,-1059.400000,322.168000
779.700000,-1088.059000,319.473000
807.954000,-1100.400000,327.789000
794.864000,-1060.917000,330.000000
892.700000,-1067.186000,332.016000
865.690000,-988.700000,328.096000
819.700000,-1040.303000,324.192000
865.909000,-1091.700000,336.288000
854.521000,-1013.008000,340.000000
809.800000,-1053.400000,330.110000
804.812000,-995.800000,326.925000
780.800000,-1013.980000,336.753000
793.415000,-1055.800000,333.568000
795.532000,-1021.840000,337.000000
773.400000,-1076.150000,329.008000
722.752000,-1072.200000,325.104000
721.400000,-1074.825000,337.200000
733.724000,-1097.200000,333.280000
749.428000,-1088.000000,338.000000
772.800000,-1020.136000,368.956000
753.400000,-1000.200000,342.604000
747.800000,-1050.992000,424.144000
748.775000,-1056.200000,397.792000
762.050000,-1046.680000,433.000000
840.300000,-950.262000,352.328000
807.932000,-920.900000,333.218000
784.300000,-958.477000,392.186000
831.396000,-973.900000,373.154000
818.012000,-922.384000,401.000000
844.200000,-873.832000,337.245000
820.702000,-824.200000,332.100000
782.200000,-857.926000,347.976000
822.066000,-890.200000,342.831000
821.446000,-839.116000,351.000000
769.300000,-871.250000,349.719000
766.042000,-824.700000,334.347000
751.300000,-840.037000,381.975000
759.292000,-873.700000,366.540000
763.252000,-845.476000,393.000000
756.151579,-838.216432,347.766000
744.715123,-825.607562,332.394000
742.306782,-830.065979,379.959000
729.223936,-866.953034,364.587000
742.826681,-854.986472,393.000000
869.700000,-750.312000,329.518000
830.450000,-742.700000,325.126000
819.700000,-762.874000,338.716000
822.100000,-764.700000,334.324000
856.050000,-760.740000,343.000000
907.900000,-768.740000,328.960000
887.355000,-736.100000,342.550000
872.900000,-779.240000,338.158000
902.650000,-796.100000,333.766000
899.430000,-737.180000,343.000000
827.221112,-801.148548,370.044000
825.338634,-766.742390,518.024000
791.337586,-772.591270,470.200000
808.568662,-803.104074,422.180000
828.473909,-778.099315,529.000000
909.000000,-661.553000,330.768000
896.967000,-630.500000,348.912000
846.000000,-641.159000,343.056000
874.602000,-663.500000,337.176000
897.660000,-644.162000,351.000000
840.600000,-644.997000,340.198000
788.964000,-641.800000,395.386000
788.600000,-644.652000,377.501000
801.912000,-664.800000,359.689000
832.852000,-655.876000,404.000000
897.700000,-604.732000,345.425000
832.510000,-592.600000,507.750000
868.754000,-592.600000,426.480000
815.700000,-625.936000,455.290000
820.456000,-628.600000,402.830000
849.976000,-628.600000,520.650000
906.700000,-564.005000,325.960000
833.866000,-541.000000,337.285000
784.700000,-572.304000,333.625000
889.620000,-584.000000,329.950000
896.208000,-541.387000,340.000000
547.208523,-1147.660346,325.960000
549.157331,-1119.797627,348.640000
521.938242,-1122.534871,341.320000
532.473960,-1148.349744,333.970000
555.319096,-1132.193465,355.000000
525.195381,-1176.978595,326.159000
528.941046,-1148.061388,446.363000
528.456059,-1147.734260,453.677000
480.686722,-1126.726438,407.408000
495.231351,-1159.098015,368.612000
485.046625,-1152.228330,364.160000
532.137876,-1163.896188,485.000000
507.536876,-1092.556933,385.170000
510.309944,-1090.241862,370.286000
496.100308,-1078.656411,355.341000
480.269259,-1097.637147,340.457000
485.985450,-1087.032555,387.000000
593.622192,-1065.818869,427.351000
580.754160,-1018.232075,400.646000
529.510055,-1045.677318,374.050000
528.872529,-1051.093557,347.454000
537.284288,-1042.192152,434.000000
620.417028,-1032.983192,355.056000
608.204748,-1006.223016,347.216000
588.521520,-998.333965,339.408000
611.403860,-1032.419811,331.568000
587.752293,-1003.190312,358.000000
632.385127,-1004.638138,335.636000
649.196401,-973.699706,332.952000
618.017351,-973.809868,330.268000
615.865471,-1004.045143,327.573000
632.110124,-966.686536,337.000000
648.841479,-965.866575,359.955000
672.626171,-942.552818,350.439000
655.600503,-941.091831,340.884000
641.656498,-961.513023,331.368000
655.363763,-943.831323,366.000000
449.454239,-1084.969691,328.814000
452.968374,-1081.367386,328.570000
417.801537,-1047.550325,328.325000
398.341677,-1080.647694,328.081000
408.203337,-1065.663194,329.000000
458.632132,-1043.317597,378.895000
453.196564,-1020.486254,362.970000
426.627408,-1035.778763,347.110000
426.544399,-1038.422075,331.185000
433.672706,-1036.597464,393.000000
521.875812,-1025.329813,374.064000
525.366736,-1004.272109,358.448000
501.788117,-1012.001037,342.832000
508.440023,-1032.628847,327.152000
499.253267,-1020.742294,390.000000
499.516361,-1005.450788,363.280000
512.886953,-982.252590,351.324000
489.502810,-983.964132,339.319000
487.119806,-1006.048365,376.363000
503.096362,-980.562326,377.000000
540.887047,-1010.864941,351.426000
551.129649,-987.283942,343.130000
517.803218,-960.072841,334.800000
521.607959,-990.553085,360.504000
526.963818,-972.735903,362.000000
613.486749,-949.539949,331.290000
618.230667,-944.735904,330.065000
590.051402,-924.767694,328.845000
555.996716,-964.813335,332.625000
576.466463,-949.768504,333.000000
581.651157,-928.535140,364.739000
587.436655,-905.825208,350.774000
540.281091,-940.161047,336.866000
539.078590,-943.037930,379.901000
552.237467,-938.157059,386.000000
647.707914,-915.889684,338.710000
651.214694,-876.801932,334.318000
608.855060,-889.447924,329.926000
623.833312,-928.795591,343.516000
610.314685,-910.385339,346.000000
685.786218,-862.519122,403.012000
703.714536,-828.725398,370.560000
669.394313,-830.756441,337.975000
667.478358,-863.428231,438.523000
693.295769,-830.001532,461.000000
722.185508,-817.616140,365.777000
735.802070,-798.598889,348.941000
715.704757,-788.121641,332.036000
711.666734,-808.519624,384.200000
722.974612,-797.695045,398.000000
763.900000,-677.400000,358.598000
763.249000,-675.500000,346.593000
742.900000,-678.597000,334.637000
749.095000,-694.500000,371.632000
752.896000,-686.406000,383.000000
743.042395,-707.570452,348.800000
723.852521,-674.875924,339.040000
704.874207,-680.574262,369.280000
707.076069,-684.350030,359.480000
722.081946,-695.997129,370.000000
766.000000,-616.888000,350.804000
719.645000,-578.200000,342.020000
693.000000,-638.026000,369.200000
758.554000,-656.200000,360.416000
732.274000,-653.860000,371.000000
765.700000,-565.360000,342.160000
739.480000,-537.600000,337.280000
705.700000,-560.360000,352.380000
747.700000,-577.600000,347.500000
739.900000,-544.320000,354.000000
708.600000,-573.864000,407.055000
698.562000,-536.400000,354.380000
666.600000,-551.982000,516.920000
687.684000,-578.400000,464.460000
436.877245,-1010.799435,342.840000
437.711234,-1007.538984,333.040000
404.105452,-974.286291,363.280000
394.198818,-1001.476096,353.480000
414.478324,-1005.734875,369.000000
479.282921,-969.099489,353.748000
456.230492,-925.936893,333.740000
426.351750,-938.617010,395.732000
429.532387,-943.815982,375.642000
455.431424,-963.696685,410.000000
499.636097,-948.183214,329.415000
490.694617,-913.925886,328.195000
461.432222,-914.782124,331.970000
484.780947,-954.293583,330.750000
478.979794,-945.222937,333.000000
539.853292,-918.099835,334.292000
554.915618,-871.391712,329.168000
507.083345,-867.430841,345.023000
514.215058,-916.471651,339.899000
554.033991,-885.462204,350.000000
588.080992,-881.518972,332.315000
624.553161,-842.372297,343.640000
592.655645,-839.211704,339.980000
573.412176,-874.559384,336.320000
608.019973,-855.992226,344.000000
581.708531,-843.446632,328.323000
582.634135,-840.728350,333.615000
560.474167,-822.039094,331.907000
547.331203,-844.803331,330.192000
566.655037,-847.452920,334.000000
590.686559,-813.800895,332.530000
590.646384,-799.564551,358.990000
564.972981,-817.895465,350.415000
565.524097,-819.389614,341.875000
577.418018,-821.517802,362.000000
627.911560,-792.751703,330.064000
630.417723,-773.865702,354.256000
608.361147,-782.848124,346.416000
615.092502,-801.022086,338.608000
615.353537,-799.086446,358.000000
669.706276,-806.531034,328.344000
668.238141,-773.613056,338.914000
635.166432,-759.868793,335.498000
652.161512,-799.841528,332.082000
677.253791,-791.612594,341.000000
695.940483,-777.112839,333.015000
728.529156,-734.123854,356.420000
686.996154,-720.017836,348.856000
674.977874,-763.334472,341.261000
717.729666,-753.870903,362.000000
439.110987,-915.082236,329.594000
438.590769,-910.716755,343.202000
396.989979,-869.412063,338.810000
388.870930,-901.755387,334.400000
424.769870,-922.227815,347.000000
461.945330,-894.324594,328.038000
443.805560,-859.100486,342.402000
416.722988,-873.040744,337.747000
420.123029,-877.525468,333.111000
450.186329,-902.399241,347.000000
507.022535,-859.776854,343.536000
515.008497,-825.114474,339.632000
470.914101,-846.553822,335.712000
480.653375,-878.030375,331.808000
464.298304,-852.208430,344.000000
468.337994,-838.990780,357.140000
483.522164,-812.303763,349.545000
455.473262,-818.526205,341.981000
453.050107,-843.001583,334.417000
471.385732,-806.814065,359.000000
536.047076,-831.962283,353.332000
551.119512,-813.549536,346.256000
534.434411,-810.106521,339.180000
527.859690,-827.729473,332.075000
536.537952,-810.001263,356.000000
540.610145,-795.842211,332.262000
540.557854,-792.822068,330.798000
515.949238,-772.062394,329.328000
504.469529,-795.927171,327.864000
510.325239,-780.991601,333.000000
575.875063,-797.283272,336.998000
549.010758,-751.714296,333.826000
544.107635,-745.802454,330.641000
525.960694,-770.920309,327.469000
532.072355,-765.739567,339.000000
585.719166,-747.599941,330.890000
589.747019,-732.196387,329.420000
569.357931,-742.834374,327.956000
573.370139,-756.465064,326.492000
568.030509,-746.845685,332.000000
616.632083,-743.079555,332.840000
622.340507,-718.857042,330.390000
597.636235,-717.285783,327.950000
603.355853,-743.083418,325.500000
612.664015,-713.104730,335.000000
571.938213,-738.218139,348.816000
609.798589,-702.193624,340.764000
583.594034,-709.478048,332.712000
560.684080,-738.472217,324.627000
589.557869,-708.991443,357.000000
692.283955,-697.286820,339.420000
691.637567,-691.530868,334.540000
646.481439,-655.884633,329.640000
622.858620,-701.936885,344.760000
641.620848,-679.914699,345.000000
337.322018,-1018.877498,333.280000
271.131732,-919.262874,330.352000
260.652027,-907.251091,327.412000
238.454036,-950.414989,336.484000
260.255219,-957.601632,337.000000
367.535728,-975.590874,349.065000
381.509541,-942.303683,340.490000
331.552626,-972.560426,331.950000
336.243974,-999.225480,358.410000
330.667478,-983.539112,361.000000
341.000263,-961.493163,343.794000
334.230759,-897.702297,338.426000
272.362710,-874.244445,333.058000
308.540991,-951.784925,349.668000
317.668851,-887.546865,352.000000
366.694667,-879.053189,405.672000
380.582750,-841.217242,373.464000
334.925368,-812.132772,341.124000
341.334061,-857.898793,440.916000
355.407046,-830.845425,459.000000
412.157597,-833.067517,339.430000
409.776230,-828.124614,334.062000
370.225100,-789.818209,328.672000
365.354446,-820.938750,345.304000
378.941917,-814.645372,349.000000
464.920516,-787.207977,334.476000
436.873678,-742.276195,331.046000
432.343911,-737.669177,327.630000
417.561583,-761.331168,338.214000
434.330376,-769.768523,341.000000
495.447600,-762.105715,326.000000
480.024004,-722.875482,326.000000
450.225108,-724.094112,326.000000
481.175649,-770.379102,326.000000
465.602145,-747.092258,326.000000
571.108224,-692.891760,332.536000
577.053575,-670.879769,328.632000
554.341946,-671.726317,340.728000
558.815229,-694.438744,336.808000
574.591471,-672.908284,341.000000
544.436435,-717.156767,327.200000
555.778698,-692.685280,325.980000
528.436273,-678.643060,329.755000
529.641752,-706.490296,328.535000
544.658543,-693.146120,330.000000
547.611111,-661.402639,331.544000
547.841643,-659.432509,327.640000
532.217422,-655.853569,339.720000
509.675515,-680.628942,335.816000
527.974003,-669.540148,341.000000
593.576539,-638.485786,332.828000
582.381943,-613.944346,326.458000
579.856852,-612.292760,346.114000
560.996602,-633.622263,339.770000
575.594437,-638.090146,349.000000
286.963735,-837.544674,339.110000
281.595724,-816.415464,330.570000
264.358400,-817.970637,357.030000
277.978944,-842.632209,348.455000
273.836888,-833.672682,362.000000
257.791970,-861.899084,324.410000
246.082556,-809.911740,320.994000
198.392471,-787.758606,331.564000
233.270972,-853.241724,328.148000
253.034144,-824.654156,334.000000
315.577697,-807.264360,326.000000
325.623837,-777.580386,326.000000
290.854201,-756.597682,326.000000
296.420298,-792.308540,326.000000
318.191068,-783.605632,326.000000
302.248500,-698.935581,325.012000
301.867740,-697.362547,324.032000
288.026195,-694.335480,327.056000
272.242103,-715.358204,326.080000
287.951304,-707.187626,328.000000
353.186258,-706.205083,326.554000
350.134215,-696.659056,331.839000
348.937836,-696.534627,330.131000
336.693441,-710.114583,328.416000
344.897898,-710.490492,332.000000
338.899236,-695.140737,324.950000
341.401559,-686.087773,328.730000
328.216590,-695.435187,327.510000
330.642203,-702.469554,326.285000
331.252011,-700.125822,329.000000
364.758995,-691.837386,324.636000
366.048539,-671.296928,327.660000
345.607202,-670.050836,326.680000
353.854002,-692.545693,325.704000
370.633967,-680.017759,328.000000
399.012067,-687.104408,326.512000
403.485520,-658.232168,329.536000
385.044205,-667.871810,328.556000
388.815176,-690.078533,327.580000
402.904449,-668.862219,330.000000
441.463715,-635.948755,327.843000
439.006759,-633.516166,342.188000
412.794892,-625.938429,337.552000
404.724257,-655.420547,332.916000
427.975657,-648.375092,345.000000
401.833893,-604.193459,326.185000
368.232569,-643.253184,363.229000
365.472383,-646.785338,351.273000
374.238301,-640.763002,339.268000
399.755550,-608.882570,372.000000
565.108064,-589.670452,322.816000
573.714621,-565.483621,340.960000
535.171206,-591.293128,335.080000
540.528336,-609.942833,329.224000
544.882257,-605.302572,346.000000
562.900000,-546.068000,322.072000
541.940000,-533.300000,340.216000
522.900000,-547.055000,334.336000
554.380000,-554.300000,328.480000
561.900000,-535.001000,346.000000
497.973297,-659.025855,353.188000
513.925594,-634.150094,346.083000
489.975264,-630.491005,339.007000
485.638841,-654.889588,331.931000
494.825041,-626.633035,354.000000
500.069604,-596.790316,321.000000
497.264153,-592.972104,321.000000
470.257133,-573.128697,321.000000
458.726849,-600.496028,321.000000
465.059872,-578.926528,321.000000
470.500000,-564.614000,321.000000
461.200000,-563.200000,321.000000
460.500000,-563.627000,321.000000
462.430000,-570.200000,321.000000
461.180000,-567.932000,321.000000
452.408228,-578.750434,321.000000
448.400750,-569.297259,321.000000
439.980149,-582.623212,321.000000
448.229053,-588.709199,321.000000
440.819018,-583.184996,321.000000
429.638398,-588.365540,324.388000
430.353264,-569.501912,323.412000
418.624279,-586.434404,322.432000
423.360048,-598.901773,321.456000
426.147763,-570.249294,325.000000
479.100000,-554.460000,321.000000
465.030000,-546.500000,321.000000
437.100000,-551.170000,321.000000
462.258000,-556.500000,321.000000
443.904000,-549.200000,321.000000
403.192557,-586.951748,321.000000
415.965159,-549.274233,321.000000
404.088887,-556.289123,321.000000
397.495059,-585.055406,321.000000
403.080635,-564.417464,321.000000
399.924124,-548.451941,321.000000
392.719570,-540.505850,321.000000
391.521509,-542.121906,321.000000
385.307780,-566.506878,321.000000
388.437007,-558.046343,321.000000
1345.708493,-493.723712,344.432000
1354.537251,-471.038119,330.768000
1315.250308,-486.596525,317.048000
1309.959350,-489.625392,359.384000
1318.234480,-491.089042,360.000000
1269.500000,-512.240000,328.348000
1234.205000,-494.600000,321.488000
1204.500000,-514.850000,314.656000
1256.890000,-524.600000,335.824000
1223.155000,-496.460000,337.000000
1269.000000,-446.854000,320.860000
1259.685000,-416.200000,315.715000
1242.000000,-434.803000,310.591000
1258.416000,-455.200000,326.446000
1250.586000,-426.340000,328.000000
1188.300000,-527.920000,318.792000
1180.656000,-496.400000,315.376000
1136.300000,-505.328000,311.960000
1157.620000,-528.400000,322.530000
1154.448000,-511.056000,324.000000
1131.300000,-493.920000,314.791000
1107.575000,-486.600000,314.059000
1106.300000,-489.800000,313.324000
1111.600000,-526.600000,315.592000
1115.800000,-512.840000,316.000000
1190.100000,-456.558000,316.528000
1133.024000,-449.700000,314.576000
1114.100000,-465.576000,312.616000
1115.164000,-467.700000,318.664000
1145.412000,-465.090000,320.000000
1203.900000,-428.244000,326.190000
1151.918000,-407.400000,317.860000
1109.900000,-432.024000,309.564000
1186.604000,-443.400000,335.268000
1151.542000,-409.308000,342.000000
963.800000,-514.071000,325.512000
951.730000,-496.200000,324.777000
929.800000,-507.378000,324.045000
950.812000,-519.200000,326.310000
945.916000,-501.973000,327.000000
1005.000000,-462.850000,334.272000
994.010000,-433.600000,327.928000
935.000000,-442.240000,347.558000
964.400000,-463.600000,341.214000
970.350000,-447.070000,348.000000
912.300000,-500.090000,369.100000
864.350000,-494.900000,344.700000
862.300000,-497.600000,420.200000
873.400000,-524.900000,395.800000
889.150000,-514.310000,425.000000
911.700000,-459.140000,332.250000
891.914000,-444.300000,326.125000
885.700000,-479.980000,345.025000
886.324000,-484.300000,338.925000
900.468000,-478.100000,347.000000
914.100000,-419.270000,360.416000
886.000000,-402.200000,334.936000
864.100000,-423.020000,413.560000
905.400000,-432.200000,388.080000
894.050000,-403.490000,425.000000
864.200000,-487.673000,358.413000
841.632000,-473.100000,339.137000
802.200000,-482.524000,398.861000
841.074000,-492.100000,379.506000
841.260000,-477.679000,410.000000
863.600000,-451.535000,355.964000
853.308000,-433.200000,336.688000
801.600000,-438.862000,396.333000
828.198000,-452.200000,377.057000
842.582000,-441.541000,410.000000
772.000000,-419.886000,357.795000
772.000000,-456.974000,346.833000
661.648000,-400.000000,336.567000
658.000000,-412.200000,402.252000
658.000000,-472.956000,384.939000
684.334000,-522.000000,381.024000
737.002000,-477.714000,420.000000
768.010000,-440.992000,420.000000
634.400000,-442.764000,341.764000
588.970000,-398.000000,325.594000
575.400000,-509.848000,375.490000
577.347000,-522.000000,359.386000
618.116000,-501.540000,391.000000
574.200000,-468.057000,328.366000
541.596000,-399.300000,360.076000
517.200000,-485.892000,349.828000
564.795000,-522.300000,339.538000
560.235000,-403.359000,361.000000
480.900000,-499.262000,324.348000
469.680000,-469.700000,345.516000
450.900000,-489.434000,338.684000
470.010000,-508.700000,331.824000
474.480000,-478.709000,347.000000
405.300000,-515.852000,318.280000
400.724000,-475.700000,324.328000
379.300000,-488.594000,322.368000
390.714000,-517.700000,320.416000
400.568000,-493.718000,325.000000
499.500000,-407.894000,316.742000
454.512000,-398.500000,315.232000
453.500000,-405.149000,315.720000
464.586000,-459.500000,316.208000
492.554000,-436.808000,315.000000
1271.200000,-316.496000,315.330000
1243.900000,-290.800000,379.505000
1236.200000,-357.303000,358.765000
1237.705000,-363.800000,337.940000
1267.000000,-351.098000,392.000000
1217.300000,-328.550000,318.742000
1188.200000,-315.900000,384.514000
1167.300000,-332.299000,363.286000
1209.550000,-338.900000,341.971000
1212.850000,-316.452000,400.000000
1167.900000,-354.540000,316.045000
1152.540000,-276.000000,381.817000
1127.900000,-330.075000,360.502000
1153.780000,-381.000000,339.274000
1165.580000,-299.310000,400.000000
1100.100000,-342.570000,313.632000
1081.500000,-300.000000,433.080000
1036.400000,-300.000000,371.144000
1000.100000,-314.265000,394.370000
1045.000000,-345.000000,355.818000
1070.400000,-345.000000,440.348000
1097.500000,-318.900000,471.000000
997.200000,-354.740000,425.057000
937.980000,-349.700000,398.352000
937.200000,-353.865000,371.756000
952.260000,-384.700000,345.160000
937.500000,-371.330000,428.000000
998.100000,-270.970000,421.678000
950.760000,-259.000000,394.973000
938.100000,-291.235000,368.377000
941.220000,-294.000000,341.672000
940.260000,-287.560000,428.000000
879.400000,-371.320000,389.610000
865.807000,-358.900000,372.286000
856.400000,-375.529000,354.962000
876.042000,-381.900000,337.567000
857.941000,-359.222000,396.000000
830.200000,-373.716000,391.288000
817.624000,-350.100000,373.720000
798.200000,-366.900000,356.080000
819.192000,-382.100000,338.512000
801.336000,-356.884000,400.000000
889.700000,-346.408000,392.536000
877.415000,-296.800000,372.446000
826.700000,-314.131000,352.438000
855.554000,-349.800000,332.430000
834.890000,-318.530000,405.000000
918.300000,-265.988000,331.987000
822.588000,-261.700000,329.292000
822.300000,-265.828000,326.608000
847.260000,-293.700000,323.913000
837.756000,-281.156000,334.000000
775.600000,-327.255000,414.565000
741.243000,-315.600000,387.969000
732.600000,-348.185000,361.373000
735.266000,-350.600000,334.668000
740.856000,-343.810000,438.000000
769.600000,-288.688000,393.106000
744.358000,-263.200000,371.390000
727.600000,-298.336000,349.585000
763.888000,-311.200000,327.869000
736.966000,-263.392000,415.000000
706.400000,-299.827000,334.568000
686.653000,-253.900000,330.664000
657.400000,-287.542000,326.744000
690.034000,-316.900000,338.840000
669.895000,-266.689000,339.000000
646.650000,-369.464000,358.060000
619.036500,-247.100000,344.585000
511.950000,-291.452000,331.165000
574.989600,-379.100000,372.745000
550.474200,-300.032000,375.000000
539.967600,-366.956000,375.000000
502.100000,-264.425000,339.406000
501.211000,-247.800000,328.136000
375.100000,-266.154000,316.912000
409.390000,-380.800000,351.642000
415.359000,-327.467000,355.000000
429.837000,-330.526000,355.000000
1095.100000,-184.578000,344.160000
978.604000,-156.800000,334.400000
951.100000,-237.640000,324.640000
961.468000,-242.800000,354.840000
1001.212000,-225.342000,359.000000
1045.276000,-185.696000,359.000000
921.400000,-199.175000,475.098000
921.400000,-173.750000,386.997000
875.575000,-160.100000,413.854000
895.075000,-160.100000,441.966000
846.400000,-215.750000,352.359000
846.400000,-226.400000,496.935000
911.950000,-235.100000,542.115000
877.675000,-235.100000,551.904000
994.700000,-83.285800,324.103000
975.289000,-70.200000,321.898000
947.700000,-80.100800,319.702000
979.472000,-88.400000,326.506000
967.017000,-73.712600,328.000000
997.817664,-60.841077,334.472000
992.196256,-43.663526,327.857000
958.670341,-42.762781,321.269000
976.061367,-57.784980,341.654000
976.692588,-47.280837,347.000000
857.866649,-108.351747,333.584000
858.552305,-106.270455,328.460000
827.778540,-89.314037,323.336000
827.473192,-107.869936,339.191000
837.397542,-105.340997,344.000000
891.493292,-81.777205,323.838000
853.241074,-48.832037,322.374000
831.492173,-62.687193,326.904000
835.033228,-66.344383,325.440000
859.680796,-75.592350,327.000000
920.252247,-20.587682,327.072000
899.103960,1.487317,323.168000
876.589077,-12.110142,335.248000
911.011013,-31.331085,331.344000
896.744415,-25.877644,336.000000
872.657549,-3.570167,320.343000
873.954302,26.791985,317.158000
854.960757,9.399397,326.986000
862.455117,-12.626510,323.814000
871.244213,19.791714,328.000000
783.200000,-234.029000,355.260000
774.240000,-191.400000,336.395000
743.200000,-208.132000,394.607000
762.680000,-238.400000,375.742000
767.120000,-209.307000,403.000000
712.800000,-192.800000,322.088000
711.630000,-187.500000,320.624000
667.800000,-195.400000,325.160000
680.805000,-237.500000,323.690000
696.105000,-216.450000,326.000000
638.700000,-201.880000,325.193000
577.428000,-195.800000,318.117000
564.700000,-214.980000,340.012000
571.434000,-215.800000,332.936000
613.540000,-211.340000,345.000000
423.000000,-209.580000,330.454000
402.210000,-189.500000,308.649000
390.000000,-219.940000,375.933000
419.469000,-229.500000,354.217000
412.836000,-228.540000,394.000000
776.400000,-107.900000,321.295000
752.640000,-65.900000,319.090000
721.400000,-99.680000,325.894000
759.625000,-125.900000,323.689000
761.165000,-76.340000,328.000000
769.250000,-34.620000,322.704000
744.095000,1.300000,358.992000
661.750000,-13.300000,347.280000
715.177500,-38.700000,335.520000
742.805000,-13.580000,360.000000
507.800000,1.592000,307.416000
505.640000,6.200000,324.804000
447.800000,-1.816000,319.169000
465.740000,-41.800000,313.557000
494.900000,-21.160000,326.000000
244.383565,-578.265677,322.161000
236.305577,-561.456335,322.917000
219.511084,-573.439673,322.672000
220.550531,-575.399773,322.428000
234.627613,-582.586807,323.000000
296.500000,-337.808000,312.130000
290.749000,-326.000000,312.885000
287.500000,-344.504000,312.641000
295.627000,-350.000000,312.397000
295.132000,-349.184000,313.000000
283.000000,-316.710000,312.099000
272.416000,-310.500000,312.854000
259.000000,-315.657000,312.610000
275.896000,-319.500000,312.365000
280.096000,-311.976000,313.000000
151.024393,-570.420560,322.536000
178.370477,-545.850748,328.584000
151.602218,-526.355420,326.632000
138.286103,-555.288306,324.672000
168.177664,-557.741167,330.000000
146.692924,-295.055813,313.072000
147.099510,-292.421841,314.584000
120.335519,-271.915744,314.094000
113.409408,-294.087077,313.606000
136.853533,-301.974853,315.000000
127.482206,-605.488357,323.435000
127.567059,-576.655371,389.120000
75.128020,-623.901417,367.892000
75.925636,-626.837325,346.664000
102.891861,-629.162292,410.000000
28.235450,-494.578583,329.740000
97.337281,-548.555015,327.290000
37.127259,-427.483315,324.850000
-17.042377,-417.747548,322.400000
20.586018,-402.335188,330.000000
136.315417,-448.635561,340.724000
168.519212,-393.654503,335.356000
112.230630,-406.229236,329.988000
105.958147,-456.047128,324.598000
142.318237,-383.365032,342.000000
56.345782,-321.874190,344.974000
112.777094,-376.531269,336.678000
109.145394,-335.015155,328.348000
61.295876,-303.678432,320.052000
109.356110,-338.551966,348.000000
65.966636,-277.288198,341.040000
67.180032,-271.096771,332.988000
15.470727,-237.274439,324.903000
-9.278010,-290.805251,316.851000
2.355310,-259.259803,345.000000
364.000000,-158.175000,317.433000
266.302000,-131.500000,313.268000
250.000000,-227.336000,309.120000
263.680000,-228.500000,304.972000
264.706000,-204.153000,320.000000
276.904000,-150.318000,320.000000
297.146878,-58.315883,314.452000
301.835477,-27.084137,311.022000
264.589901,-45.409328,307.606000
275.350627,-74.048859,304.176000
261.835189,-54.397227,317.000000
209.000000,-63.745000,310.786000
191.482000,0.000000,310.542000
171.000000,-56.240000,310.298000
198.512000,-95.000000,310.053000
178.258000,-13.775000,311.000000
170.000000,-186.835000,323.305000
125.290000,0.000000,320.621000
0.000000,-84.710000,317.926000
89.420000,-215.000000,315.242000
37.740000,-73.745000,326.000000
154.020000,-72.455000,326.000000
102.680000,-130.290000,326.000000
68.510000,-17.845000,326.000000
