3672	1726	3661	
3684	1730	3668	
3684	1724	2780	3656	
3672	1736	3670	
3672	1727	3065	3657	
3684	1722	1295	3674	
3672	1719	3662	
3653	3232	3240	3655	
3684	1735	1293	1110	3658	
3668	1929	1936	3669	
3669	2118	3667	
3661	2376	3666	
3656	2779	2765	3665	
3670	1598	3671	
3655	3181	3654	
3665	2522	3443	3648	
3663	2917	3659	
3658	3209	3043	3651	
3677	3678	
3657	2759	3346	3652	
3674	3675	
3662	1077	1067	3677	
3666	3650	
3671	1508	2059	3673	
3660	3528	3644	
3644	3582	3646	
3652	3139	3581	3660	
3675	3676	
3651	3278	3653	
3650	3520	3649	
3648	3647	
3676	969	554	3679	
3678	3681	
3681	3680	
3646	3359	3645	
3659	2564	2879	3682	
3680	989	3663	
3682	132	3664	
3681	240	3683	
