3681	3665	
3668	1694	3662	
3681	2393	2765	3654	
3668	1698	3667	
3668	1687	3011	2756	3655	
3672	964	3674	
3681	1293	3671	
3668	1701	2771	3673	
3681	1350	3656	
3665	1928	1937	3666	
3662	2206	3663	
3654	3121	3660	
3667	3669	
3655	3083	3650	
3671	3672	
3673	1038	843	3675	
3656	2759	3651	
3666	2271	3664	
3663	3647	
3650	3582	3583	3659	
3660	2848	3646	
3669	1754	3670	
3675	3676	
3651	3298	3648	
3646	3644	
3659	2853	3117	3649	
3676	3679	
3648	3164	3179	3653	
3644	3645	
3679	3677	
3653	3652	
3677	990	3661	
3652	3186	3187	3657	
3661	2874	3658	
3658	2573	3678	
3679	3680	
