2423	1137	2406	
2396	2043	2401	
2409	1112	1849	2402	
2409	1109	906	2413	
2423	1089	1343	2396	
2409	1113	1342	2408	
2409	1116	1795	2009	2397	
2423	1763	2415	
2423	884	2398	
2406	1284	1271	2407	
2402	1534	2404	
2408	1048	2410	
2397	2030	2392	
2415	786	2414	
2413	654	2417	
2398	1933	1938	2393	
2407	1492	2405	
2404	2390	
2401	1873	2389	
2410	949	987	2411	
2384	2386	
2392	2052	2341	2400	
2414	773	2412	
2417	379	2416	
2393	2391	
2389	2374	2387	
2390	2302	2388	
2400	2308	2280	2384	
2416	592	2418	
2387	2385	
2391	2136	2072	2395	
2418	2421	
2395	2084	2394	
2421	182	2420	
2420	568	2403	
2403	1715	2399	
2399	1746	588	2419	
2421	133	2422	
