3685	1702	1693	3668	
3664	3663	
3685	2752	3010	3657	
3664	1380	3671	
3664	1725	3658	
3685	1101	3675	
3664	3674	
3685	1382	1369	3659	
3668	1761	3669	
3663	2207	3666	
3657	2855	3661	
3671	1492	1636	3670	
3658	3653	
3675	3676	
3680	910	3679	
3674	995	975	3678	
3659	3375	3651	
3669	2255	3667	
3666	3649	
3661	3648	
3670	1183	3672	
3648	3646	
3678	945	3677	
3679	641	3682	
3653	3141	3362	3662	
3676	1142	1134	3673	
3651	3307	3654	
3649	3555	3647	
3662	3443	3644	
3677	894	3680	
3654	3656	
3646	3632	3621	3645	
3644	3586	3652	
3656	3218	3655	
3645	3650	
3682	3681	
3681	2555	3665	
3665	2559	3660	
3660	2885	126	3683	
3682	199	3684	
