3683	1734	3668	
3670	1726	3662	
3683	1732	1729	3661	
3670	1719	3671	
3670	1721	3061	3656	
3683	1720	1283	3674	
3666	3495	3649	
3663	992	3677	
3670	1723	1727	3663	
3683	1736	1101	1108	3657	
3668	1957	3669	
3662	2377	3666	
3661	2833	3660	
3671	3672	
3656	3080	3653	
3674	3675	
3657	3051	3044	3651	
3669	2118	3667	
3660	3648	
3672	1446	1502	3673	
3653	3587	3581	3659	
3675	964	3676	
3677	3678	
3651	3650	
3649	3647	
3648	3545	3646	
3659	3526	3644	
3678	3680	
3650	3655	
3646	3645	
3644	3138	3652	
3680	413	3679	
3655	3654	
3679	2557	3664	
3664	2603	3658	
3658	2560	2556	3681	
3681	2879	3665	
3680	343	3682	
