1191	438	1175	
1178	892	776	1172	
1191	959	1164	
1178	553	542	1179	
1178	879	975	889	1165	
1191	421	1183	
1178	1182	
1191	437	1166	
1175	629	1176	
1164	890	709	1169	
1172	730	1173	
1173	736	1157	
1154	1075	1158	
1179	514	520	1177	
1165	1053	1057	1160	
1188	825	1170	
1183	339	391	1181	
1182	327	320	1185	
1166	938	966	964	1159	
1176	680	1174	
1169	902	1086	1087	1156	
1177	526	387	1180	
1159	1161	
1160	1073	989	915	1168	
1181	323	1184	
1167	933	1171	
1185	97	1186	
1157	1155	
1156	1122	1120	1152	
1168	1113	995	1154	
1184	1187	
1189	66	1190	
1186	176	1189	
1161	1000	1004	1163	
1152	1143	1153	
1189	1188	
1163	1005	1162	
1170	841	932	1167	
