2423	888	2408	
2419	578	2404	
2410	1821	2401	
2404	1915	2398	
2397	2393	
2410	1975	2396	
2423	1464	1465	2402	
2410	1129	2411	
2423	849	2414	
2410	2403	
2423	1777	1930	2397	
2408	1409	1415	2409	
2401	2406	
2402	1876	2399	
2411	979	2412	
2396	2094	2392	
2414	842	2415	
2403	689	681	2417	
2409	1467	2407	
2406	2390	
2388	2310	2387	
2399	1872	1866	2388	
2412	1150	2413	
2392	2036	2044	2039	2400	
2415	612	2416	
2398	2405	
2417	652	2418	
2393	2093	2391	
2390	2298	2389	
2400	2242	2057	2384	
2418	145	281	2421	
2391	1994	2395	
2384	2345	2386	
2421	2420	
2395	2394	
2386	2055	2385	
2420	2419	
2421	2422	
