2423	1139	2406	
2409	1134	2402	
2423	1136	1854	2396	
2409	1137	2408	
2409	1123	1133	1828	2397	
2423	1128	849	2412	
2423	1129	726	897	2398	
2409	1120	1132	2403	
2406	1274	1382	2407	
2402	1562	2404	
2396	2040	2401	
2408	1048	2410	
2384	2385	
2397	2164	2392	
2412	1087	2413	
2403	545	2416	
2398	1938	2393	
2407	1353	2405	
2404	2389	
2401	2251	2388	
2410	1150	2411	
2400	2386	
2392	2035	2046	2042	2400	
2421	255	2419	
2413	602	2414	
2416	2417	
2393	2391	
2389	2387	
2388	2310	2384	
2414	342	2418	
2417	2421	
2391	2395	
2386	2390	
2395	2394	
2415	2399	
2419	209	2415	
2399	1695	2420	
2421	226	2422	
