1191	547	545	1175	
1171	898	1178	
1171	534	1170	
1191	554	996	1164	
1171	437	893	889	1165	
1191	865	1183	
1171	357	1181	
1191	436	1166	
1175	609	677	1177	
1170	639	1176	
1164	910	1169	
1178	606	515	1179	
1165	1160	
1183	1182	
1181	326	1185	
1166	1005	1017	1161	
1177	676	674	1174	
1176	736	1156	
1169	813	1154	
1179	563	387	1180	
1160	1076	1128	1132	1168	
1182	1184	
1188	1173	
1185	204	1186	
1161	1158	
1156	1155	
1154	1152	
1168	918	1087	1159	
1186	186	1189	
1158	968	1163	
1152	1153	
1159	1133	1157	
1189	133	1187	
1163	1001	1162	
1187	246	345	1172	
1172	922	1167	
1167	294	1188	
1189	77	93	1190	
