3671	1723	3662	
3682	1737	3669	
3682	1726	2821	3656	
3671	1722	3670	
3671	1730	2797	3085	3657	
3682	1718	1294	3674	
3682	1719	2729	2671	3658	
3671	1720	1704	3663	
3669	1852	3668	
3662	2206	3666	
3660	3443	3647	
3656	3118	3660	
3670	1595	3672	
3657	3046	3652	
3674	1197	3675	
3677	3678	
3663	831	3677	
3658	2759	3029	3650	
3668	2120	3667	
3666	3494	3649	
3672	1166	3673	
3652	2758	3146	3661	
3675	1220	3676	
3650	3653	
3649	3648	
3647	3556	3646	
3661	2859	3528	3644	
3678	640	3680	
3653	3167	3655	
3646	3645	
3644	3359	3651	
3680	3679	
3655	3185	3654	
3679	3664	
3664	2902	3659	
3659	2901	3665	
3680	289	3681	
