1176	677	1175	
1169	782	1174	
1192	438	1176	
1188	256	1184	
1178	432	1169	
1175	1173	
1192	903	812	1164	
1178	437	556	1177	
1178	892	894	889	1165	
1178	1170	
1192	537	536	1181	
1192	362	862	1166	
1164	902	1172	
1177	781	1179	
1166	958	1010	1158	
1160	974	991	990	1168	
1165	986	984	1160	
1181	395	371	1182	
1170	841	345	1185	
1174	764	1097	1157	
1172	759	917	1086	1155	
1179	392	1180	
1185	1186	
1182	393	296	1183	
1158	1025	1161	
1157	1154	
1173	1103	1080	1113	1156	
1155	1152	
1168	763	912	1133	1159	
1190	1171	
1186	89	1189	
1183	97	1187	
1161	1163	
1152	1153	
1189	1188	
1163	1020	1162	
1184	1167	
1167	922	832	1190	
1189	27	1191	
