2406	2389	
2404	1121	2403	
2424	1115	1112	2409	
2424	1821	1568	1842	2402	
2417	2418	
2415	789	2414	
2424	689	2415	
2404	716	721	2411	
2404	1128	2016	2397	
2404	731	2413	
2424	883	2398	
2408	1393	2407	
2409	1309	1382	1365	2408	
2403	1562	2406	
2410	944	769	2412	
2402	1835	2401	
2411	1070	2410	
2407	2390	
2388	2281	2384	
2400	2250	2055	2386	
2397	2165	2394	
2401	1873	2388	
2413	525	528	2417	
2398	2097	2014	2393	
2394	2052	2062	2060	2400	
2414	2416	
2393	2391	
2389	2387	
2416	638	364	2419	
2421	2420	
2418	384	392	2421	
2391	2392	
2384	2355	2385	
2392	2396	
2420	270	94	2405	
2396	2395	
2405	1891	2399	
2399	1672	2422	
2421	2423	
