3680	875	3663	
3665	3648	
3662	3674	
3662	1371	3661	
3683	2796	3668	
3683	1725	2779	3655	
3662	1087	3670	
3662	1726	3656	
3683	2678	3672	
3683	1109	3657	
3668	1904	3667	
3661	2417	3665	
3655	3121	3659	
3670	1600	3669	
3656	3652	
3676	3677	
3672	3673	
3674	1111	1105	3676	
3657	2750	3028	3650	
3667	2230	3666	
3659	3495	3647	
3669	1181	3671	
3652	3351	3660	
3673	3675	
3650	3649	
3647	3554	3646	
3660	3443	3644	
3675	942	3678	
3677	3681	
3649	3224	3654	
3646	3645	
3644	3651	
3681	3680	
3654	3165	3653	
3663	2914	3658	
3658	2912	1096	3679	
3679	2547	3664	
3681	198	3682	
