1173	678	575	1174	
1163	916	1167	
1171	1109	1157	
1170	554	1169	
1174	663	1172	
1190	776	772	659	1173	
1170	884	1164	
1190	887	894	889	1163	
1170	432	1175	
1190	537	536	1181	
1170	445	441	1179	
1158	968	1162	
1183	940	1166	
1182	212	1185	
1190	362	970	1165	
1167	814	1086	1156	
1160	994	998	902	1168	
1152	1154	
1168	996	997	995	1152	
1169	545	629	764	1171	
1175	587	1176	
1155	1150	1059	1153	
1184	1182	
1164	1160	
1159	1030	1158	
1181	391	1180	
1179	363	1184	
1165	938	966	964	1159	
1176	470	483	1177	
1180	463	1178	
1156	1122	1121	1155	
1185	204	1187	
1162	1006	1161	
1187	93	94	1186	
1186	826	825	1183	
1166	862	271	1188	
1187	1189	
