3682	2034	3666	
3664	3648	
3661	2770	3663	
3682	1727	2817	3660	
3661	1333	3668	
3661	3012	2760	3656	
3682	1659	3671	
3661	3673	
3682	3014	3657	
3666	1973	2107	3667	
3663	2376	3664	
3660	2792	3659	
3668	1601	3669	
3656	3061	3652	
3671	1285	3672	
3673	3675	
3649	3167	3654	
3657	3211	3076	3650	
3667	2230	3665	
3659	3646	
3669	1181	3670	
3652	3583	3655	
3672	3674	
3675	3676	
3650	3379	3649	
3648	3647	
3646	3645	
3655	3644	
3674	3677	
3676	3679	
3644	3356	3651	
3679	3678	
3654	3168	3653	
3678	404	2556	3662	
3662	2903	3658	
3658	2542	3680	
3679	3681	
