1176	616	1175	
1191	553	540	1176	
1170	1182	
1170	554	1169	
1191	888	959	1163	
1170	357	1178	
1170	445	972	964	1164	
1191	865	1180	
1191	361	1165	
1169	779	1173	
1163	659	693	1167	
1178	530	563	1177	
1164	1160	
1180	1181	
1184	226	1185	
1182	326	267	1184	
1165	889	969	1158	
1175	717	1174	
1173	1156	
1155	1123	1154	
1167	917	1087	1155	
1177	387	1179	
1160	1045	992	989	1168	
1183	310	1186	
1181	323	1183	
1158	1157	
1168	996	997	995	1152	
1185	201	1189	
1157	1017	1162	
1154	1153	
1152	1159	
1189	1188	
1162	1007	1161	
1188	44	1171	
1171	933	1166	
1166	932	848	851	1187	
1187	34	31	1172	
1189	66	1190	
