3667	1762	3666	
3682	1680	3667	
3664	3649	
3663	1331	3668	
3682	1348	3657	
3663	3671	
3663	1727	3661	
3656	3652	
3649	3648	
3682	3009	3662	
3663	3011	2756	3656	
3682	1292	3673	
3661	2375	3664	
3662	3121	3659	
3668	3669	
3673	1130	3672	
3671	993	3676	
3650	3024	3206	3655	
3657	3170	3077	3653	
3666	2232	3665	
3659	3647	
3669	1440	1166	3670	
3653	3379	3650	
3652	3348	3135	3116	3660	
3676	3677	
3672	1206	938	3674	
3647	3646	
3660	3441	3644	
3677	591	3680	
3644	3358	3651	
3680	414	3678	
3655	2906	3654	
3651	3140	3645	
3675	2560	3658	
3658	1097	1096	3679	
3678	424	420	3675	
3680	3681	
