3683	3667	
3656	3121	3661	
3668	1695	3662	
3683	2219	2764	3656	
3668	1698	1664	3669	
3668	1687	3014	2758	3657	
3683	1269	3674	
3668	1691	1692	3672	
3683	1353	3658	
3667	2106	3666	
3662	3664	
3669	1963	3670	
3681	3680	
3659	3663	
3676	891	3659	
3657	3346	3652	
3681	298	3682	
3673	948	3675	
3677	3678	
3674	1191	3673	
3672	992	1036	3677	
3658	3052	3653	
3666	2230	3665	
3649	3648	
3664	3649	
3652	3138	3581	3660	
3661	3426	3494	3647	
3670	1754	3671	
3653	3651	
3647	3644	
3660	2857	3431	3646	
3675	954	3679	
3678	279	3681	
3651	3655	
3644	3598	3645	
3646	3406	3650	
3655	3654	
3680	3676	
