3685	3669	
3663	1725	3662	
3685	3065	2757	3656	
3663	3670	
3663	2753	3029	3657	
3678	3677	
3685	1292	3676	
3663	3675	
3685	2944	3658	
3669	2107	3668	
3662	2375	3666	
3656	3661	
3670	1248	3671	
3657	3198	3652	
3676	3674	
3680	912	3679	
3675	795	3678	
3658	3313	3079	3653	
3661	2849	3648	
3668	2240	3667	
3666	2289	3649	
3671	1445	1516	3672	
3652	3138	3579	3660	
3674	1458	3673	
3653	3308	3651	
3648	3535	3647	
3660	3527	3644	
3677	528	3680	
3655	3224	3654	
3651	3193	3655	
3647	3645	
3644	3646	
3645	3650	
3679	649	3683	
3683	3682	
3659	855	1051	3681	
3682	134	3664	
3664	2925	3659	
3681	102	3665	
3683	3684	
