3684	2795	3669	
3664	1727	3663	
3684	1699	1695	2804	3662	
3664	1093	3671	
3664	1721	3061	3657	
3684	3675	
3664	1380	3673	
3684	1353	3658	
3669	1963	2104	3668	
3668	2103	2096	3667	
3663	2418	3666	
3662	2790	3661	
3671	1598	3670	
3657	3082	3654	
3675	1196	3674	
3673	1106	3677	
3658	3375	3653	
3666	3649	
3661	2848	3648	
3670	1440	1167	3672	
3653	3651	
3654	3140	3155	3148	3660	
3674	3676	
3677	3678	
3667	3650	
3649	3647	
3648	3487	3644	
3660	3431	3142	3646	
3676	969	553	3679	
3678	280	3681	
3651	3652	
3644	3645	
3681	3680	
3652	3656	
3680	2556	3665	
3656	3655	
3665	2875	3659	
3659	149	3682	
3681	3683	
