3683	3666	
3658	3052	3041	3650	
3646	3632	3621	3645	
3644	3138	3651	
3652	3352	3116	3656	
3648	3646	
3649	3467	3648	
3663	2375	3664	
3664	3665	
3669	1693	3663	
3661	2854	3660	
3683	2393	2792	3661	
3669	1689	1331	3670	
3669	1700	2741	3066	3657	
3683	1291	3674	
3669	1688	3673	
3679	3662	
3683	2698	2945	3658	
3666	1761	3667	
3670	1877	3671	
3657	3104	3096	3652	
3674	3675	
3673	823	3677	
3667	3668	
3660	2848	3649	
3671	1740	1555	3672	
3677	3678	
3675	965	3676	
3650	3382	3653	
3656	3443	3647	
3678	595	3680	
3653	3245	3222	3182	3655	
3647	3553	3546	3644	
3680	414	3679	
3655	3185	3654	
3659	126	3681	
3662	2622	3659	
3680	72	3682	
