2423	1081	2408	
2420	1672	2403	
2402	1120	2401	
2423	1974	2395	
2402	875	2409	
2402	2396	
2423	697	2415	
2413	538	557	2417	
2402	906	2413	
2423	1755	2397	
2408	1285	2407	
2401	1591	2405	
2395	1876	2399	
2409	1221	2410	
2396	1815	2392	
2415	807	2414	
2397	1814	2390	
2407	1467	2406	
2405	2286	2387	
2399	1847	2400	
2410	923	2411	
2392	2391	
2414	2412	
2417	509	2416	
2390	2389	
2406	1485	2388	
2387	2386	
2400	2251	2384	
2391	2054	2385	
2416	636	622	2419	
2389	2072	2394	
2419	196	2418	
2394	2082	2393	
2418	420	2421	
2421	2420	
2403	1715	2398	
2398	1747	1725	2404	
2421	168	2422	
