3683	2034	3667	
3660	2767	3663	
3683	1723	3659	
3660	1333	3669	
3660	3014	2759	3656	
3683	1659	3673	
3673	3674	
3660	1111	3672	
3683	3015	3008	3657	
3667	2091	3668	
3663	2377	3665	
3659	3664	
3669	1249	3670	
3656	3651	
3672	992	3676	
3657	3206	3077	3652	
3668	2118	3666	
3665	3649	
3664	3438	3442	3648	
3670	1755	1405	3671	
3655	3646	
3651	3351	2834	3655	
3674	1222	3675	
3680	3662	
3676	785	3677	
3652	3391	3650	
3649	3647	
3648	3551	3546	3644	
3675	967	943	3678	
3677	3681	
3650	3268	3654	
3644	3619	3645	
3681	261	3679	
3654	3653	
3679	2556	3661	
3661	2942	3658	
3658	852	859	3680	
3681	3682	
