2408	1384	2407	
2423	1214	2408	
2401	2400	
2409	1836	2404	
2423	1821	1131	2401	
2409	875	2410	
2409	1128	2006	2397	
2423	1763	2416	
2409	1765	2415	
2423	884	2398	
2404	1861	1551	2405	
2410	820	2411	
2397	2017	2392	
2416	806	2414	
2415	2418	
2398	2098	2393	
2407	1352	2406	
2405	2389	
2400	2286	2388	
2411	1151	2412	
2390	2386	
2392	2346	2396	
2414	907	2413	
2418	621	2417	
2393	2024	2390	
2388	2309	2387	
2396	2384	
2417	2419	
2387	2383	2367	2385	
2419	2421	
2421	2420	
2420	264	1682	2402	
2402	1932	2399	
2399	1940	1939	2395	
2395	2072	2391	
2391	2394	
2418	524	528	2403	
2421	169	2422	
