1192	892	1176	
1172	1096	1158	
1170	549	1169	
1170	432	1177	
1170	959	977	1165	
1192	533	1183	
1170	362	1181	
1192	880	863	1166	
1176	687	1174	
1169	1173	
1177	1178	
1165	1026	1162	
1183	1182	
1181	277	1186	
1155	1150	1144	1153	
1166	873	981	979	1161	
1174	676	675	1175	
1173	684	1172	
1178	500	562	1179	
1162	994	1154	
1182	463	1180	
1186	1184	
1161	1025	1160	
1154	1156	
1184	1187	
1160	1015	1028	1164	
1158	1110	1157	
1156	1115	1126	1155	
1187	1189	
1164	1004	1000	1163	
1157	1118	1122	1120	1152	
1189	109	1188	
1152	1132	1159	
1188	1185	
1167	933	831	830	1190	
1185	281	932	927	1167	
1190	1171	
1172	749	1168	
1189	66	1191	
