3682	2034	3665	
3655	2856	3659	
3662	1726	3661	
3682	3011	3655	
3662	1331	3667	
3662	2740	3656	
3682	1293	3673	
3662	1380	3671	
3682	1098	3657	
3665	1761	3666	
3661	2795	2376	3663	
3667	1847	3668	
3656	3652	
3673	1195	3672	
3676	3674	
3671	1105	3676	
3657	3205	3041	3651	
3666	2062	3664	
3663	3509	3649	
3659	2850	3648	
3668	1462	1502	3669	
3652	3352	3660	
3672	1436	3670	
3651	3650	
3648	3530	3647	
3660	3441	3644	
3674	3677	
3650	3164	3179	3654	
3647	3632	3621	3645	
3644	3646	
3677	636	3679	
3654	2911	3653	
3679	3678	
3678	403	3675	
3675	3658	
3658	2923	2541	3680	
3679	3681	
