2425	1334	2406	
2420	264	2416	
2403	1775	2413	
2396	1876	2400	
2403	1576	2402	
2425	1974	2396	
2403	1130	2409	
2403	2008	1816	2397	
2425	872	895	2414	
2425	731	2398	
2406	1154	2408	
2402	1344	2407	
2409	2410	
2397	2392	
2414	844	2412	
2413	548	2417	
2398	2001	1994	2393	
2408	1392	2405	
2407	1505	2388	
2400	1858	2401	
2410	944	965	2411	
2392	2054	2386	
2412	2415	
2417	2418	
2393	2035	2390	
2405	2291	2389	
2388	2387	
2401	1867	2260	2384	
2386	2194	2385	
2415	2419	
2419	2421	
2418	149	140	2422	
2390	2391	
2422	2424	
2391	2068	2077	2395	
2421	2420	
2395	1922	2394	
2416	1897	1907	2399	
2399	1914	1690	1727	2423	
2423	2404	
