3682	1732	3667	
3662	3661	
3682	1723	3123	3655	
3662	1688	1262	3668	
3662	2754	2741	3656	
3682	1048	3674	
3662	3672	
3682	1107	3657	
3667	1760	3666	
3661	2032	3665	
3655	2856	3660	
3668	1923	3669	
3656	3652	
3674	1289	3673	
3676	914	3675	
3672	1064	1061	3676	
3657	3052	3043	3651	
3666	2241	3664	
3665	2303	3649	
3644	3646	
3659	3442	3644	
3652	3351	2809	3659	
3660	3428	3495	3648	
3669	1508	1514	3670	
3673	1439	3671	
3651	3250	3650	
3648	3647	
3675	929	3677	
3650	3298	3654	
3647	3645	
3677	3679	
3654	3653	
3679	332	3678	
3678	405	3663	
3663	2901	3658	
3658	2915	2539	2572	3680	
3679	3681	
