1192	547	545	1175	
1170	1169	
1192	898	783	1168	
1170	359	1178	
1170	888	893	889	1164	
1192	865	1182	
1170	436	1180	
1192	356	1165	
1175	564	1176	
1169	765	1173	
1168	555	1172	
1178	1177	
1164	1071	1161	
1182	400	1181	
1185	1186	
1180	341	348	340	1185	
1165	938	971	969	1160	
1176	676	674	1174	
1173	1158	
1172	814	1086	1156	
1177	677	1179	
1161	1132	1131	1167	
1181	304	1183	
1160	1159	
1174	1106	1107	1105	1157	
1158	1155	
1156	1152	
1167	1114	1154	
1183	310	1187	
1186	1190	
1159	1032	1163	
1152	1153	
1190	1189	
1163	1008	1162	
1189	1184	
1184	933	1166	
1166	930	922	847	1188	
1188	1171	
1190	1191	
