1190	960	1166	
1172	1104	1156	
1186	49	1170	
1190	1175	
1176	892	554	1169	
1176	553	1177	
1176	443	1165	
1190	537	536	1180	
1170	850	1171	
1176	865	1182	
1175	677	1174	
1169	1172	
1177	1178	
1165	971	968	1160	
1180	1181	
1182	293	1184	
1167	872	1163	
1166	1011	978	1158	
1174	730	1173	
1178	382	1179	
1160	1132	1164	
1181	390	1183	
1171	822	1188	
1184	211	1185	
1158	1157	
1173	813	1168	
1156	1110	1155	
1164	1092	1152	
1185	214	1187	
1157	1128	1159	
1155	1127	1154	
1152	1153	
1187	109	1186	
1170	923	1167	
1163	1015	1068	1161	
1161	1008	1162	
1187	1189	
