3681	2034	3664	
3662	2297	3648	
3661	2409	3660	
3681	3011	3655	
3661	1299	3667	
3661	3012	2757	3656	
3681	1659	3672	
3661	3670	
3681	1352	3657	
3664	1942	2105	3665	
3660	3662	
3655	3123	3659	
3667	1875	1615	3666	
3656	3651	
3672	1195	3671	
3670	1083	1104	3675	
3657	2751	3026	3649	
3665	2119	3663	
3659	3646	
3666	1509	1513	3668	
3651	3112	3650	
3671	1437	3669	
3675	3673	
3649	3652	
3648	3647	
3646	3644	
3650	3645	
3673	969	3676	
3652	3654	
3676	640	3678	
3654	3165	3653	
3678	3677	
3677	405	3674	
3674	2879	3658	
3658	2574	2563	3679	
3678	3680	
