3669	1728	3660	
3682	1731	2023	3666	
3682	1729	2821	3656	
3669	1724	2794	3667	
3679	2555	3661	
3682	1721	2727	2598	3658	
3682	1690	1735	1697	3672	
3669	1709	1730	2779	3657	
3669	1720	1704	1330	3671	
3666	1838	2105	3665	
3660	2419	3663	
3656	2865	3662	
3667	1631	3668	
3657	3343	3651	
3661	2553	3659	
3672	1197	3673	
3671	992	3675	
3658	3052	3041	3649	
3665	2239	3664	
3663	3494	3648	
3662	3440	3647	
3668	1508	1513	3670	
3651	3571	3655	
3676	3680	
3673	1014	3674	
3674	555	3677	
3675	717	3676	
3649	3652	
3648	3646	
3647	3644	
3655	3486	3650	
3652	3165	3175	3654	
3644	3598	3645	
3680	380	3679	
3654	3187	3653	
3659	2574	3678	
3680	3681	
