2422	2404	
2408	1109	1136	2402	
2422	1616	1600	2396	
2408	1113	1343	2407	
2408	1107	1974	2012	2397	
2422	835	2413	
2408	1108	905	2411	
2399	1690	1696	2420	
2422	1796	1758	2398	
2404	1285	1270	2406	
2402	1299	2405	
2396	1875	2401	
2407	1301	2409	
2397	1996	2392	
2418	652	2415	
2413	789	2412	
2395	1952	2394	
2415	1930	2399	
2411	1710	723	2416	
2398	1781	2033	2393	
2406	1466	2403	
2405	1561	2389	
2401	1873	2400	
2409	769	2410	
2392	2386	
2412	802	2414	
2416	2417	
2393	2391	
2389	2388	
2400	2261	2384	
2386	2385	
2417	2419	
2388	2387	
2384	2347	2390	
2391	2208	2068	2076	2395	
2419	267	2418	
2419	2421	
