3685	1702	1332	3670	
3664	3663	
3685	2793	2426	3658	
3664	1086	3671	
3664	1723	2783	3659	
3685	3677	
3664	3676	
3685	1098	3660	
3670	1852	3669	
3663	2376	3667	
3658	3662	
3671	3672	
3659	3060	3654	
3681	992	3665	
3677	1016	3675	
3676	1064	3679	
3660	2760	2759	3655	
3669	2271	3668	
3662	3648	
3651	3649	
3667	2281	3651	
3672	1402	3673	
3654	3646	
3675	1164	1438	3674	
3679	3678	
3655	3295	3653	
3668	3650	
3648	3435	3647	
3646	3644	
3678	3680	
3653	3269	3657	
3647	3645	
3644	3600	3652	
3680	3683	
3657	2974	3656	
3683	3681	
3665	2916	3661	
3661	2558	3682	
3682	400	3666	
3683	3684	
