3683	1737	3666	
3669	1695	3662	
3669	1689	3673	
3683	2676	3066	3656	
3669	1693	2045	3668	
3669	1688	1379	2742	3657	
3683	1295	3675	
3683	1347	3658	
3666	2144	2154	3667	
3662	2335	3664	
3656	3123	3661	
3668	1596	3670	
3655	3184	3654	
3657	3345	3652	
3675	1191	3674	
3673	992	993	3677	
3658	2937	2954	3653	
3667	2272	3665	
3649	3545	3647	
3650	3518	3648	
3664	2374	3650	
3661	3362	3649	
3670	1429	1503	3671	
3644	3646	
3652	3350	2828	3660	
3674	1172	3672	
3677	576	3676	
3651	3041	3655	
3653	3380	3651	
3660	3438	3442	3644	
3676	896	3678	
3647	3645	
3678	3681	
3681	274	3680	
3680	861	3663	
3663	2605	3659	
3659	2652	890	3679	
3681	199	3682	
