2424	1115	1111	2407	
2419	1683	2404	
2403	1133	2401	
2424	1974	2402	
2403	889	2409	
2413	807	2414	
2403	1975	2397	
2424	730	2413	
2416	693	2422	
2403	873	894	2412	
2424	1776	2398	
2407	1409	1415	2408	
2401	1525	2405	
2402	1348	2400	
2409	1279	1277	2410	
2391	2389	
2397	2006	2393	
2412	538	2416	
2398	2206	2391	
2408	1393	2406	
2405	2271	2388	
2400	1872	2387	
2410	997	2411	
2393	2343	2396	
2414	613	2415	
2416	494	2417	
2387	2374	2386	
2396	2261	2384	
2415	621	2418	
2417	368	157	2421	
2389	2392	
2386	2310	2346	2052	2385	
2418	2420	
2421	2423	
2420	219	2419	
2404	1906	2399	
2390	2394	
2399	1781	1954	2395	
2395	2390	
