3682	2038	3667	
3662	3661	
3682	3012	2756	3656	
3662	1332	3668	
3662	3657	
3682	1657	3672	
3662	3671	
3682	2696	3658	
3667	1838	3666	
3661	2376	3664	
3656	2758	3121	3660	
3668	3669	
3654	2974	3653	
3657	3253	3651	
3672	1285	3673	
3671	1085	1105	3675	
3652	3649	
3663	2915	3659	
3658	2938	3237	3652	
3666	2121	3665	
3664	3648	
3660	3442	3646	
3669	1755	3670	
3655	3144	3572	3650	
3651	3583	3580	3655	
3673	1193	3674	
3675	768	3676	
3648	3466	3647	
3646	3555	3644	
3674	942	3677	
3676	297	3679	
3649	3167	3179	3654	
3644	3645	
3679	412	3678	
3678	3663	
3659	2573	2563	3680	
3679	3681	
