2422	1837	2407	
2409	2402	
2422	1132	1852	2401	
2409	1106	2410	
2409	1130	2006	2397	
2422	849	2412	
2409	2403	
2422	731	1757	2398	
2407	1308	2406	
2402	1594	1593	2404	
2401	1874	2400	
2410	1173	1059	2408	
2397	2030	2393	
2412	746	2413	
2416	2417	
2403	549	2416	
2398	1814	2391	
2406	1391	2405	
2404	2296	2389	
2400	2388	
2408	781	2411	
2393	2052	2392	
2413	756	2414	
2391	2124	2394	
2389	2387	
2388	2374	2386	
2392	2343	2384	
2417	2419	
2394	2210	2105	2396	
2386	2340	2365	2385	
2384	2363	2337	2390	
2419	270	2418	
2396	2080	2395	
2418	2415	
2415	569	2399	
2399	1918	1673	2420	
2419	2421	
