1191	547	545	1176	
1170	1173	
1191	960	889	1164	
1170	432	1178	
1170	959	977	1165	
1191	533	1183	
1181	347	340	1185	
1170	437	1181	
1191	364	862	1166	
1176	608	611	1177	
1173	788	1174	
1164	890	654	1168	
1178	515	1179	
1165	986	1160	
1183	327	1182	
1166	1066	1161	
1177	730	1175	
1174	1157	
1168	902	1169	
1179	470	493	1180	
1160	1154	
1182	371	1184	
1185	1186	
1161	1026	1159	
1157	1156	
1169	1092	1152	
1154	1153	
1186	1189	
1159	1041	1163	
1156	1126	1127	1155	
1152	1134	1158	
1189	86	1187	
1163	1015	1162	
1187	360	1171	
1171	928	1167	
1167	826	1188	
1188	1172	
1189	1190	
