1188	654	1174	
1171	736	1155	
1169	841	1165	
1185	44	1169	
1162	916	1166	
1155	1154	
1168	773	1167	
1188	884	975	1162	
1168	438	1175	
1168	887	894	889	1163	
1188	537	536	1180	
1168	1178	
1188	361	862	1164	
1174	652	589	1173	
1167	1171	
1175	407	1176	
1163	974	1158	
1180	414	1179	
1178	341	348	1182	
1164	938	1046	978	1159	
1173	680	1172	
1182	1183	
1176	477	387	1177	
1158	1054	1076	1157	
1179	301	1181	
1159	1025	1156	
1161	948	1160	
1157	1060	1152	
1181	310	1184	
1183	194	1186	
1156	1007	1004	1161	
1152	1153	
1186	1185	
1165	939	831	1170	
1186	1187	
