1190	898	1175	
1177	1170	
1169	915	1168	
1190	892	784	762	1169	
1177	421	1178	
1177	553	974	1165	
1190	401	1180	
1177	1171	
1190	364	862	1166	
1174	680	1173	
1175	621	1174	
1170	761	759	1172	
1178	530	622	1176	
1165	986	1161	
1180	301	1181	
1184	1185	
1171	272	274	1184	
1166	889	1159	
1172	1109	1157	
1168	1104	1156	
1176	526	382	1179	
1161	994	1160	
1181	371	1182	
1159	1025	1162	
1157	1155	
1156	1101	1154	
1160	1132	1152	
1185	1187	
1162	1068	1015	1164	
1154	1137	1138	1153	
1152	1142	1129	1158	
1187	135	1186	
1164	1005	1163	
1186	1183	
1183	294	1167	
1167	361	840	1188	
1187	1189	
