3681	1737	2029	3666	
3667	1732	3660	
3681	1728	2779	3654	
3667	1720	3061	3655	
3671	839	829	3676	
3660	2334	3662	
3657	2575	3661	
3659	2370	3648	
3681	1736	1293	3673	
3667	1725	2794	1645	3668	
3681	1723	3037	3018	3656	
3667	1710	1730	2771	3671	
3666	2040	2107	3664	
3654	3125	3659	
3646	3358	3645	
3668	1249	3669	
3655	3391	3650	
3673	1658	3672	
3656	2982	3023	3649	
3664	3665	
3650	3584	3587	3658	
3662	2113	2115	3663	
3669	1167	3670	
3676	3677	
3679	246	3678	
3672	897	3674	
3649	3651	
3648	3647	
3658	3146	3155	3142	3644	
3677	3679	
3653	3181	3652	
3651	3190	3223	2975	3653	
3644	3479	3646	
3678	762	1052	3675	
3675	2894	3657	
3679	3680	
