1193	547	545	1176	
1174	1157	
1172	1182	
1172	892	1171	
1193	888	959	1165	
1172	445	1179	
1193	362	862	1167	
1167	1066	1159	
1172	436	894	889	1166	
1193	553	421	1183	
1176	609	677	1177	
1171	765	1174	
1165	916	915	1169	
1179	479	526	1178	
1153	1158	
1166	986	1161	
1183	1184	
1188	300	1187	
1182	326	348	1186	
1177	666	664	1175	
1169	1156	
1178	387	1180	
1161	974	554	1170	
1184	473	382	1181	
1186	328	1185	
1159	1071	1064	1162	
1157	1105	1155	
1156	1154	
1170	1087	1152	
1185	295	1188	
1162	1164	
1154	1131	994	1153	
1152	1134	1160	
1164	1020	1163	
1187	194	1190	
1190	1189	
1189	825	47	1173	
1168	294	293	1191	
1173	940	934	930	1168	
1190	113	1192	
