2423	889	2408	
2411	2402	
2423	1828	2042	2397	
2411	1130	2410	
2411	1821	1826	1815	2398	
2403	701	2417	
2423	1765	2415	
2411	2403	
2423	905	897	2399	
2408	1154	2409	
2402	1535	2406	
2397	2401	
2410	820	2412	
2398	2392	
2420	2404	
2415	787	2414	
2399	2206	2393	
2409	1392	2407	
2406	2240	2390	
2401	2389	
2412	960	1006	2413	
2392	2054	2335	2396	
2414	635	2416	
2417	2418	
2393	2163	2391	
2390	2387	
2389	2388	
2396	2260	2384	
2416	622	2419	
2418	409	2421	
2391	2088	2395	
2388	2380	2368	2385	
2384	2386	
2421	2420	
2395	2394	
2404	2400	
2400	1915	2405	
2421	2422	
