1192	892	654	1176	
1180	1171	
1192	544	555	1165	
1180	552	432	1178	
1180	437	876	1012	1166	
1189	49	1173	
1180	421	337	1172	
1192	431	439	1184	
1192	361	839	1167	
1176	624	677	1177	
1171	765	1174	
1165	1170	
1178	1179	
1166	969	1160	
1184	1183	
1172	845	820	1186	
1167	971	963	1161	
1177	676	674	1175	
1174	1157	
1170	1155	
1179	452	1181	
1160	994	1128	1164	
1183	380	384	1182	
1185	1187	
1186	254	1185	
1161	1071	1158	
1157	1156	
1155	1154	
1164	1092	1152	
1154	1153	
1163	1162	
1158	1000	1004	1163	
1152	1159	
1187	138	1190	
1190	94	1189	
1162	1017	1005	1168	
1168	931	1169	
1173	850	32	1188	
1190	1191	
