2409	1134	2400	
2422	1136	1329	2406	
2422	1131	1133	2396	
2422	1128	1763	725	2398	
2409	1122	1137	2407	
2409	1132	1840	1831	2397	
2422	1109	1139	1114	2412	
2409	1130	1119	873	2411	
2406	1214	1383	2405	
2400	1590	2403	
2396	2402	
2407	1049	2408	
2397	2186	2391	
2412	788	2413	
2411	654	2415	
2398	2000	1995	2389	
2405	1472	2404	
2403	2388	
2402	2248	2387	
2408	947	1006	2410	
2391	2336	2395	
2416	2420	
2413	847	2414	
2414	368	2417	
2415	476	2416	
2389	2392	
2388	2386	
2387	2384	
2395	2280	2390	
2392	2069	2076	2394	
2384	2354	2385	
2420	249	2419	
2394	1950	2393	
2419	1682	2401	
2401	1681	2399	
2399	1695	2418	
2420	2421	
