1191	438	1175	
1178	892	776	1172	
1191	959	1164	
1178	553	542	1179	
1178	879	975	889	1165	
1191	421	1183	
1167	933	1171	
1178	362	1182	
1191	437	1166	
1175	688	691	1176	
1164	890	709	1169	
1172	730	1173	
1173	736	1157	
1154	1075	1158	
1179	606	602	515	1177	
1165	1053	1057	1160	
1188	345	1170	
1183	339	391	1181	
1182	850	820	1185	
1166	938	966	964	1159	
1176	680	1174	
1169	902	1086	1087	1156	
1177	511	464	382	1180	
1159	1161	
1160	1073	989	915	1168	
1181	323	1184	
1185	97	1186	
1157	1155	
1156	1122	1120	1152	
1168	1094	1113	995	1154	
1184	1187	
1186	176	1189	
1161	1000	1004	1163	
1152	1143	1153	
1189	1188	
1163	937	1162	
1170	360	932	1167	
1189	27	1190	
