3678	405	3663	
3662	3661	
3682	1702	1696	3667	
3682	2768	2430	3655	
3662	2754	1357	3668	
3662	1347	3065	3656	
3682	1048	3674	
3662	3672	
3682	1107	3657	
3667	1760	3666	
3661	2033	3665	
3655	3122	3660	
3668	1949	1947	3669	
3656	3652	
3674	1289	3673	
3676	914	3675	
3672	1078	1075	3676	
3648	3647	
3644	3619	3646	
3657	3052	3043	3651	
3652	3572	3586	3659	
3659	2862	3457	3644	
3666	2241	3664	
3665	2269	3649	
3660	3426	3495	3519	3648	
3669	1508	1514	3670	
3673	1439	3671	
3651	3201	3650	
3679	199	3681	
3675	929	928	3677	
3650	3654	
3647	3645	
3679	332	3678	
3677	605	3679	
3654	3653	
3663	2901	3658	
3658	2915	2539	2572	3680	
