170.000000,-215.000000,326.000000
315.281341,-42.551835,317.000000
364.000000,-131.500000,320.000000
-23.669048,-276.414214,345.000000
106.575198,-381.735277,348.000000
182.672945,-554.294817,330.000000
769.250000,-17.133333,334.120000
564.700000,-215.800000,345.000000
712.800000,-237.500000,326.000000
924.835074,-7.574039,336.000000
921.400000,-171.586056,363.440000
657.400000,-316.900000,339.000000
775.600000,-331.231193,377.680000
976.899083,-384.700000,355.880000
1148.791954,-381.000000,354.560000
405.300000,-475.700000,325.000000
574.200000,-522.300000,361.000000
747.103448,-522.000000,352.000000
1338.286291,-473.827470,341.840000
402.478355,-604.734227,347.080000
187.852304,-796.142633,334.000000
540.717791,-720.168065,330.000000
432.826519,-737.278369,341.000000
321.344813,-980.826549,361.000000
729.623512,-790.969005,357.040000
546.593967,-952.318648,341.000000
560.734840,-1127.606756,355.000000
909.000000,-663.500000,351.000000
907.900000,-736.100000,343.000000
784.300000,-966.670256,333.640000
995.200000,-960.827887,368.240000
1168.000000,-585.000000,338.000000
1142.500000,-781.000000,325.000000
1124.200000,-964.800000,327.000000
1302.800000,-703.200000,354.000000
1305.600000,-699.100000,354.000000
1383.300000,-915.400000,343.000000
1508.400000,-956.300000,310.000000
