170.000000,-215.000000,326.000000
-23.669048,-276.414214,345.000000
106.575198,-381.735277,348.000000
84.029500,-429.708859,342.000000
129.776938,-578.865250,347.640000
769.250000,-35.366667,356.000000
415.005843,-229.500000,326.560000
564.700000,-215.800000,345.000000
783.200000,-199.603636,339.440000
956.402490,-53.713822,347.000000
1095.100000,-242.800000,359.000000
536.832764,-379.100000,364.840000
706.400000,-316.900000,339.000000
937.200000,-369.556881,366.160000
1100.100000,-309.056962,344.800000
405.300000,-475.700000,325.000000
450.900000,-508.700000,347.000000
912.300000,-506.900000,365.000000
1136.300000,-528.400000,324.000000
522.900000,-533.300000,346.000000
356.282086,-703.368280,332.000000
246.991194,-870.490408,334.000000
563.255024,-701.917774,330.000000
326.144341,-973.523251,352.000000
510.990199,-938.988843,333.000000
705.700000,-577.600000,354.000000
732.893789,-795.007461,370.320000
536.199777,-1160.663907,362.280000
801.415897,-920.900000,346.840000
931.800000,-741.400000,345.000000
995.200000,-947.766479,346.160000
1105.500000,-781.000000,325.000000
1124.200000,-964.800000,327.000000
1302.800000,-735.200000,354.000000
1342.600000,-699.100000,354.000000
1308.000000,-911.440000,357.960000
1526.200000,-982.900000,321.000000
