170.000000,-215.000000,326.000000
315.281341,-42.551835,317.000000
69.669048,-273.585786,345.000000
114.741891,-466.597191,342.000000
73.388205,-564.107728,330.000000
164.967316,-519.545563,330.000000
708.691667,-38.700000,339.040000
394.508764,-189.500000,317.160000
564.700000,-215.800000,345.000000
783.200000,-210.810390,357.800000
997.529848,-62.230888,347.000000
1095.100000,-156.800000,359.000000
502.100000,-361.601739,348.360000
763.307523,-350.600000,360.160000
937.200000,-380.577064,331.840000
1127.900000,-361.593103,329.080000
405.300000,-475.700000,325.000000
574.200000,-522.300000,361.000000
737.668966,-522.000000,359.200000
1188.300000,-528.400000,324.000000
1333.953604,-500.239553,341.520000
475.416590,-642.707183,354.000000
275.947696,-847.457367,334.000000
448.973481,-800.121631,341.000000
392.255187,-955.573451,361.000000
565.016951,-743.822867,357.000000
525.165233,-929.993991,350.000000
711.365410,-791.635575,357.680000
519.790468,-1175.663348,338.760000
909.000000,-663.500000,351.000000
840.300000,-930.331282,336.880000
986.200000,-743.200000,345.000000
995.200000,-938.136056,329.880000
1142.500000,-807.000000,325.000000
1190.200000,-964.800000,327.000000
1172.000000,-1103.700000,321.000000
1359.800000,-701.500000,354.000000
1383.300000,-933.400000,343.000000
1511.200000,-982.900000,321.000000
