170.000000,-215.000000,326.000000
276.942095,-75.879633,317.000000
364.000000,-131.500000,320.000000
24.414214,-228.330952,345.000000
49.431380,-313.633926,348.000000
151.658109,-373.402809,342.000000
133.124235,-582.212547,364.800000
776.400000,-65.900000,328.000000
564.700000,-215.800000,345.000000
748.540260,-191.400000,336.280000
997.529848,-62.230888,347.000000
912.017530,-235.100000,356.400000
375.100000,-349.920870,319.680000
646.650000,-319.100000,350.000000
759.725505,-350.600000,369.240000
997.200000,-363.443119,361.800000
1100.100000,-307.473418,339.240000
480.900000,-508.700000,347.000000
517.200000,-522.300000,361.000000
1136.300000,-528.400000,324.000000
356.282086,-703.368280,332.000000
216.808806,-773.109592,334.000000
563.255024,-701.917774,330.000000
368.110223,-939.539950,352.000000
705.181369,-705.291739,362.000000
708.600000,-539.353674,341.120000
626.976768,-932.677435,346.000000
474.060195,-1136.550669,364.920000
542.281475,-1154.964996,355.000000
906.700000,-584.000000,340.000000
840.300000,-935.114872,343.920000
931.800000,-741.400000,345.000000
971.348732,-973.700000,345.880000
1238.100000,-732.900000,334.000000
1190.200000,-934.800000,327.000000
1305.600000,-699.100000,354.000000
1359.800000,-701.500000,354.000000
1430.300000,-915.400000,343.000000
1508.400000,-956.300000,310.000000
