170.000000,-215.000000,326.000000
256.538659,-52.408165,317.000000
21.585786,-321.669048,345.000000
106.575198,-381.735277,348.000000
119.001606,-613.968957,362.200000
729.922917,1.300000,342.440000
423.000000,-205.607865,340.840000
638.700000,-195.800000,345.000000
712.800000,-237.500000,326.000000
956.402490,-53.713822,347.000000
951.100000,-242.800000,359.000000
511.950000,-330.524000,340.240000
764.112294,-350.600000,358.120000
944.796330,-349.700000,332.800000
1200.288506,-338.900000,342.600000
379.300000,-517.700000,325.000000
619.417576,-522.000000,341.760000
1136.300000,-528.400000,324.000000
1334.133526,-500.139821,341.280000
330.760431,-702.598578,329.000000
246.991194,-870.490408,334.000000
368.110223,-939.539950,352.000000
555.577145,-732.165677,357.000000
736.647389,-744.149037,362.000000
708.600000,-542.549581,357.480000
592.190519,-911.695741,364.360000
560.734840,-1127.606756,355.000000
906.700000,-584.000000,340.000000
907.900000,-796.100000,343.000000
830.507179,-973.900000,336.640000
1011.100000,-931.100000,329.000000
1238.100000,-732.900000,334.000000
1124.200000,-934.800000,327.000000
1172.000000,-1103.700000,321.000000
1302.800000,-703.200000,354.000000
1300.005000,-908.500000,329.320000
1511.200000,-952.900000,321.000000
