170.000000,-215.000000,326.000000
276.942095,-75.879633,317.000000
106.575198,-381.735277,348.000000
-20.289710,-419.856390,330.000000
147.032684,-572.454437,330.000000
447.800000,6.200000,326.000000
776.400000,-125.900000,328.000000
390.000000,-208.304494,352.160000
564.700000,-215.800000,345.000000
862.505465,30.823756,328.000000
1000.997510,-45.486178,347.000000
917.635060,-235.100000,337.600000
369.136522,-380.800000,357.160000
748.949213,-311.200000,369.760000
997.200000,-354.606422,334.280000
1167.900000,-311.868966,342.720000
517.200000,-399.300000,361.000000
623.565455,-522.000000,337.120000
722.783448,-522.000000,370.560000
1188.300000,-528.400000,324.000000
475.416590,-642.707183,354.000000
342.273816,-716.204494,332.000000
246.991194,-870.490408,334.000000
337.077823,-1000.255198,361.000000
648.079893,-733.082564,345.000000
714.552835,-789.054449,369.000000
626.976768,-932.677435,346.000000
542.281475,-1154.964996,355.000000
906.700000,-541.000000,340.000000
840.300000,-932.695897,340.360000
930.200000,-743.200000,345.000000
1011.100000,-931.100000,329.000000
1105.500000,-807.000000,325.000000
1190.200000,-934.800000,327.000000
1305.600000,-699.100000,354.000000
1359.800000,-701.500000,354.000000
1383.300000,-933.400000,343.000000
1511.200000,-982.900000,321.000000
