170.000000,-215.000000,326.000000
315.281341,-42.551835,317.000000
364.000000,-228.500000,320.000000
21.585786,-321.669048,345.000000
151.658109,-373.402809,342.000000
131.977259,-581.065571,358.920000
769.250000,-8.666667,323.960000
638.700000,-215.800000,345.000000
750.119481,-191.400000,339.320000
924.835074,-7.574039,336.000000
917.814343,-235.100000,337.000000
502.100000,-352.002609,345.040000
769.777248,-350.600000,343.760000
997.200000,-360.617431,353.000000
1160.231034,-381.000000,329.680000
379.300000,-517.700000,325.000000
517.200000,-522.300000,361.000000
246.991194,-870.490408,334.000000
411.843578,-754.270019,341.000000
321.344813,-980.826549,361.000000
555.577145,-732.165677,357.000000
736.647389,-744.149037,362.000000
510.990199,-938.988843,333.000000
708.600000,-538.439442,336.440000
542.281475,-1154.964996,355.000000
906.700000,-584.000000,340.000000
907.900000,-796.100000,343.000000
832.057949,-973.900000,334.480000
995.200000,-948.500000,347.400000
1168.000000,-564.000000,338.000000
1142.500000,-807.000000,325.000000
1190.200000,-964.800000,327.000000
1172.000000,-1103.700000,321.000000
1342.600000,-713.100000,354.000000
1383.300000,-933.400000,343.000000
1349.100000,-574.600000,319.000000
1526.200000,-982.900000,321.000000
