170.000000,-215.000000,326.000000
276.942095,-75.879633,317.000000
364.000000,-228.500000,320.000000
21.585786,-321.669048,345.000000
106.575198,-381.735277,348.000000
73.388205,-564.107728,330.000000
129.327055,-537.705183,330.000000
447.800000,-41.800000,326.000000
769.250000,-16.633333,333.520000
564.700000,-215.800000,345.000000
783.200000,-205.219221,348.640000
915.866723,-33.041051,336.000000
951.100000,-156.800000,359.000000
657.400000,-316.900000,339.000000
751.384270,-311.200000,364.600000
961.640367,-349.700000,363.400000
1167.900000,-321.331034,350.560000
405.300000,-517.700000,325.000000
613.553333,-522.000000,348.320000
1204.500000,-524.600000,337.000000
246.991194,-870.490408,334.000000
469.956422,-783.129981,341.000000
376.522177,-936.144802,361.000000
648.079893,-733.082564,345.000000
510.990199,-938.988843,333.000000
765.700000,-537.600000,354.000000
732.676822,-715.964328,370.000000
507.345520,-1167.269124,375.480000
810.548205,-920.900000,359.560000
1066.900000,-542.000000,340.000000
931.800000,-741.400000,345.000000
1073.100000,-931.100000,329.000000
1194.100000,-732.900000,334.000000
1124.200000,-934.800000,327.000000
1187.000000,-1103.700000,321.000000
1302.800000,-735.200000,354.000000
1342.600000,-699.100000,354.000000
1383.300000,-915.400000,343.000000
1511.200000,-952.900000,321.000000
