170.000000,-215.000000,326.000000
276.942095,-75.879633,317.000000
106.575198,-381.735277,348.000000
110.289710,-540.143610,330.000000
82.017483,-632.929171,369.200000
447.800000,-41.800000,326.000000
769.250000,-19.433333,336.880000
721.400000,-125.900000,328.000000
417.334382,-229.500000,320.280000
638.700000,-215.800000,345.000000
915.866723,-33.041051,336.000000
917.539442,-235.100000,337.920000
502.100000,-327.253043,336.480000
775.600000,-324.860550,357.840000
997.200000,-354.799083,334.880000
1100.100000,-309.410127,346.040000
405.300000,-517.700000,325.000000
480.900000,-469.700000,347.000000
1188.300000,-528.400000,324.000000
1333.833656,-500.306042,341.680000
522.900000,-554.300000,346.000000
216.808806,-773.109592,334.000000
540.717791,-720.168065,330.000000
469.956422,-783.129981,341.000000
326.144341,-973.523251,352.000000
705.700000,-537.600000,354.000000
732.676822,-715.964328,370.000000
540.122345,-944.326861,375.480000
531.718525,-1108.035004,355.000000
909.000000,-630.500000,351.000000
907.900000,-736.100000,343.000000
840.300000,-937.860000,347.960000
952.927887,-973.700000,366.640000
1238.100000,-732.900000,334.000000
1190.200000,-964.800000,327.000000
1302.800000,-735.200000,354.000000
1430.300000,-933.400000,343.000000
1526.200000,-982.900000,321.000000
