170.000000,-215.000000,326.000000
294.877905,-19.080367,317.000000
364.000000,-131.500000,320.000000
-23.669048,-276.414214,345.000000
131.088620,-361.166074,348.000000
110.289710,-540.143610,330.000000
769.250000,-20.966667,338.720000
776.400000,-125.900000,328.000000
638.700000,-215.800000,345.000000
1000.997510,-45.486178,347.000000
1095.100000,-242.800000,359.000000
375.100000,-304.932174,335.240000
657.400000,-316.900000,339.000000
758.920734,-350.600000,371.280000
960.231193,-349.700000,360.840000
1100.100000,-309.398734,346.000000
405.300000,-517.700000,325.000000
622.600000,-522.000000,338.200000
862.300000,-520.592000,339.360000
330.760431,-702.598578,329.000000
187.852304,-796.142633,334.000000
563.255024,-701.917774,330.000000
337.077823,-1000.255198,361.000000
709.946274,-792.784768,352.640000
626.976768,-932.677435,346.000000
485.976597,-1104.685122,340.040000
511.182034,-1169.856886,364.160000
909.000000,-630.500000,351.000000
784.300000,-959.494872,344.200000
986.200000,-803.200000,345.000000
1073.100000,-931.100000,329.000000
1168.000000,-564.000000,338.000000
1105.500000,-781.000000,325.000000
1124.200000,-964.800000,327.000000
1305.600000,-713.100000,354.000000
1430.300000,-933.400000,343.000000
1366.100000,-620.600000,319.000000
1526.200000,-952.900000,321.000000
