170.000000,-215.000000,326.000000
315.281341,-42.551835,317.000000
24.414214,-228.330952,345.000000
131.088620,-361.166074,348.000000
84.029500,-429.708859,342.000000
127.038241,-576.126552,333.600000
725.264583,-38.700000,331.640000
418.787865,-229.500000,316.360000
638.700000,-195.800000,345.000000
743.200000,-226.509610,345.480000
1000.997510,-45.486178,347.000000
911.109163,-235.100000,359.440000
706.400000,-316.900000,339.000000
997.200000,-358.986239,347.920000
1167.900000,-317.420690,347.320000
379.300000,-517.700000,325.000000
450.900000,-469.700000,347.000000
574.200000,-522.300000,361.000000
575.400000,-428.586667,374.720000
862.300000,-514.772000,358.760000
335.517914,-708.831720,332.000000
275.947696,-847.457367,334.000000
337.077823,-1000.255198,361.000000
612.422855,-705.434323,357.000000
736.647389,-744.149037,362.000000
540.662898,-944.994388,372.600000
483.971025,-1102.208447,350.840000
537.602050,-1158.584952,348.040000
906.700000,-541.000000,340.000000
819.450769,-973.900000,352.040000
1023.800000,-741.400000,345.000000
1011.100000,-931.100000,329.000000
1253.000000,-564.000000,338.000000
1194.100000,-732.900000,334.000000
1124.200000,-934.800000,327.000000
1302.800000,-703.200000,354.000000
1305.600000,-699.100000,354.000000
1302.765000,-908.500000,321.960000
1508.400000,-956.300000,310.000000
