170.000000,-215.000000,326.000000
294.877905,-19.080367,317.000000
364.000000,-131.500000,320.000000
24.414214,-228.330952,345.000000
49.431380,-313.633926,348.000000
129.327055,-537.705183,330.000000
776.400000,-65.900000,328.000000
638.700000,-215.800000,345.000000
783.200000,-210.859221,357.880000
915.866723,-33.041051,336.000000
1095.100000,-242.800000,359.000000
750.273394,-315.600000,373.800000
937.200000,-376.569725,344.320000
1200.403448,-338.900000,342.400000
405.300000,-517.700000,325.000000
480.900000,-469.700000,347.000000
517.200000,-399.300000,361.000000
891.960000,-524.900000,365.680000
562.900000,-554.300000,346.000000
356.282086,-703.368280,332.000000
216.808806,-773.109592,334.000000
540.717791,-720.168065,330.000000
392.255187,-955.573451,361.000000
525.165233,-929.993991,350.000000
732.676822,-715.964328,370.000000
537.554782,-1158.655029,348.520000
906.700000,-584.000000,340.000000
840.300000,-927.939487,333.360000
1023.800000,-741.400000,345.000000
1073.100000,-931.100000,329.000000
1253.000000,-564.000000,338.000000
1194.100000,-732.900000,334.000000
1124.200000,-964.800000,327.000000
1305.600000,-699.100000,354.000000
1359.800000,-701.500000,354.000000
1383.300000,-915.400000,343.000000
1508.400000,-956.300000,310.000000
