170.000000,-215.000000,326.000000
294.877905,-19.080367,317.000000
106.575198,-381.735277,348.000000
84.029500,-429.708859,342.000000
130.962927,-602.007636,341.760000
507.800000,6.200000,326.000000
719.620833,1.300000,337.840000
721.400000,-125.900000,328.000000
409.547865,-229.500000,341.280000
638.700000,-195.800000,345.000000
924.835074,-7.574039,336.000000
1095.100000,-156.800000,359.000000
464.331304,-380.800000,322.680000
762.439633,-350.600000,362.360000
937.200000,-372.382569,357.360000
1167.900000,-300.475862,333.280000
574.200000,-399.300000,361.000000
912.300000,-507.752000,367.840000
1269.500000,-524.600000,337.000000
1335.977295,-475.107368,338.760000
475.416590,-642.707183,354.000000
522.900000,-554.300000,346.000000
216.808806,-773.109592,334.000000
469.956422,-783.129981,341.000000
368.110223,-939.539950,352.000000
648.079893,-733.082564,345.000000
705.181369,-705.291739,362.000000
765.700000,-537.600000,354.000000
626.976768,-932.677435,346.000000
519.343101,-1175.361595,340.080000
829.961538,-973.900000,337.400000
930.200000,-803.200000,345.000000
957.648451,-931.700000,347.680000
1105.500000,-781.000000,325.000000
1124.200000,-934.800000,327.000000
1342.600000,-713.100000,354.000000
1308.000000,-904.780000,353.520000
1349.100000,-574.600000,319.000000
1526.200000,-982.900000,321.000000
