1	2	3	7	8	18	22	24	25	
0	2	3	4	7	8	9	11	
0	1	3	7	8	9	11	24	25	
0	1	2	4	7	8	11	18	22	26	28	
1	3	5	22	24	25	28	30	
4	6	
5	18	23	24	25	
0	1	2	3	8	9	11	
0	1	2	3	7	11	
1	2	7	11	
11	
1	2	3	7	8	9	10	

22	

38	39	

20	38	39	
0	3	6	22	24	25	

17	21	32	34	38	39	
20	32	34	38	39	
0	3	4	13	18	25	28	29	
6	24	25	
0	2	4	6	18	23	25	
0	2	4	6	18	22	23	24	
3	
28	30	
3	4	22	27	33	
22	34	40	
4	27	
40	41	42	
20	21	38	39	40	
28	34	35	37	
20	21	29	33	39	40	
33	37	
37	
33	35	36	
15	17	20	21	32	
15	17	20	21	32	34	40	42	
29	31	32	34	39	41	42	
31	40	42	
31	39	40	41	
