1	2	3	7	8	9	12	19	20	25	31	
0	2	3	7	8	9	10	11	12	
0	1	3	6	7	8	9	10	11	12	19	25	
0	1	2	7	8	9	12	19	20	24	29	
6	8	14	16	20	24	25	26	29	
6	20	21	
2	4	5	7	14	19	20	25	
0	1	2	3	6	8	9	10	11	12	
0	1	2	3	4	7	10	
0	1	2	3	7	10	11	12	
1	2	7	8	9	11	12	
1	2	7	9	10	
0	1	2	3	7	9	10	
15	16	21	35	
4	6	16	19	20	
13	
4	13	14	21	22	23	
18	

0	2	3	6	14	25	
0	3	4	5	6	14	22	24	29	31	
5	13	16	22	23	35	37	40	43	44	
16	20	21	43	
16	21	
3	4	20	25	27	29	31	
0	2	4	6	19	24	
4	
24	

3	4	20	24	31	

0	20	24	29	
33	39	42	
32	39	41	42	44	
35	37	39	40	42	44	
13	21	34	40	
38	40	
21	34	38	40	
36	37	40	41	43	
32	33	34	40	41	42	
21	34	35	36	37	38	39	41	44	
33	38	39	40	42	44	
32	33	34	39	41	44	
21	22	38	
21	33	34	40	41	42	
