1	2	3	4	10	16	17	
0	3	4	7	8	9	
0	4	16	
0	1	6	23	
0	1	2	6	16	17	
16	17	18	20	21	22	23	24	25	27	29	
3	4	8	9	
1	8	10	
1	6	7	9	10	
1	6	8	12	
0	7	8	
32	
9	

30	32	34	37	38	39	40	
31	32	34	36	37	38	39	
0	2	4	5	26	32	
0	4	5	23	
5	23	25	26	32	34	

5	
5	24	
5	
3	5	17	18	29	34	
5	21	
5	18	34	38	39	
16	18	32	34	38	39	
5	

5	23	37	40	41	42	
14	32	33	36	
15	39	40	
11	14	15	16	18	26	30	38	39	40	
30	35	36	
14	15	18	23	25	26	38	39	
33	36	40	
15	30	33	35	
14	15	29	41	
14	15	25	26	32	34	
14	15	25	26	31	32	34	
14	29	31	32	35	41	42	
29	37	40	
29	40	
