1	2	3	6	7	10	16	18	20	26	
0	2	3	6	9	10	21	
0	1	3	6	7	10	16	18	23	26	
0	1	2	16	18	20	21	23	26	
18	20	26	
16	20	21	22	23	
0	1	2	7	8	9	10	13	
0	2	6	8	9	
6	7	10	
1	6	7	10	13	
0	1	2	6	8	9	11	
10	
18	
6	9	
17	28	29	30	33	34	35	
28	30	31	32	33	34	
0	2	3	5	18	20	21	
14	28	31	36	
0	2	3	4	12	16	19	21	26	
18	20	23	26	34	
0	3	4	5	16	19	23	24	
1	3	5	16	18	23	26	
5	
2	3	5	19	20	21	26	
20	26	

0	2	3	4	18	19	21	23	24	29	30	32	34	36	

14	15	17	
14	26	30	
14	15	26	29	34	
15	17	32	33	
15	26	31	33	36	
14	15	31	32	35	37	
14	15	19	26	30	35	37	
14	33	34	37	
17	26	32	
33	34	35	
