1	2	3	6	11	17	19	24	
0	2	3	5	6	9	10	
0	1	3	5	6	11	17	19	
0	1	2	4	5	6	17	18	19	24	25	
3	5	6	19	24	29	
1	2	3	4	17	18	19	21	25	29	
0	1	2	3	4	8	9	10	11	

6	9	11	
1	6	8	10	11	
1	6	9	
0	2	6	8	9	
16	


36	37	
12	
0	2	3	5	24	
3	5	19	24	26	27	
0	2	3	4	5	18	22	26	27	33	

5	
19	33	34	35	
28	33	34	35	36	37	38	39	
0	3	4	17	18	
3	5	
18	19	27	
18	19	26	
23	29	34	36	38	39	
4	5	28	
41	
40	41	
33	34	36	38	39	41	
19	22	23	32	34	37	38	39	
22	23	28	32	33	35	36	
22	23	34	36	37	40	
15	23	28	32	34	35	37	40	
15	23	33	35	36	40	
23	28	32	33	39	
23	28	32	33	38	40	42	
31	35	36	37	39	
30	31	32	
39	
