1	4	8	9	11	19	30	
0	3	4	8	9	10	13	
3	5	6	9	25	30	
1	2	5	6	9	26	28	30	
0	1	7	9	19	28	
2	3	6	9	
2	3	5	7	9	14	19	23	25	
4	6	8	9	10	13	15	
0	1	7	9	10	13	15	
0	1	2	3	4	5	6	7	8	11	12	24	
1	7	8	11	12	15	
0	9	10	13	
9	10	13	16	
1	7	8	11	12	16	
6	19	24	
7	8	10	
12	13	21	33	

36	
0	4	6	14	24	
23	24	27	28	29	36	
16	22	29	33	
21	35	36	37	38	39	40	42	
6	20	24	25	28	30	
9	14	19	20	23	25	26	
2	6	23	24	30	
3	24	28	31	
20	28	30	
3	4	20	23	26	27	30	
20	21	34	36	
0	2	3	23	25	27	28	34	35	41	
26	32	39	
31	34	38	39	41	
16	21	
29	30	32	
22	30	37	38	40	41	
18	20	22	29	42	
22	35	38	43	
22	32	35	37	39	40	41	
22	31	32	38	40	41	
22	35	38	39	41	43	
30	32	35	38	39	40	
22	36	
37	40	
