1	2	7	10	22	23	24	
0	2	6	7	8	11	22	
0	1	6	7	8	10	11	22	23	24	
4	5	6	25	28	
3	5	6	12	22	23	24	25	27	28	
3	4	6	22	28	
1	2	3	4	5	12	16	18	22	23	26	28	
0	1	2	8	9	11	13	17	
1	2	7	10	
7	13	
0	2	8	11	
1	2	7	10	35	
4	6	22	23	24	26	28	
7	9	

35	
6	18	24	25	26	27	28	
7	
6	16	

25	32	
32	33	
0	1	2	4	5	6	12	24	
0	2	4	6	12	24	26	
0	2	4	12	16	22	23	26	
3	4	16	20	27	
6	12	16	23	24	27	28	
4	16	25	26	28	
3	4	5	6	12	16	26	27	


34	36	
20	21	33	36	
21	32	34	35	36	37	
31	33	35	36	
11	15	33	34	36	37	
31	32	33	34	35	37	39	
33	35	36	38	39	
37	
36	37	
