1	2	3	9	14	15	19	20	24	
0	2	3	4	
0	1	3	5	9	19	20	
0	1	2	4	6	9	14	15	16	21	24	
1	3	16	19	20	24	
2	16	17	20	22	23	
3	7	9	
6	
9	
0	2	3	6	8	12	


9	26	
28	30	33	34	
0	3	16	20	
0	3	16	22	
3	4	5	14	15	19	20	22	
5	26	28	30	31	32	33	34	36	
24	
0	2	4	16	20	21	
0	2	4	5	14	16	19	24	
3	19	
5	15	16	24	
5	24	
0	3	4	18	20	22	23	28	30	31	33	34	
35	
12	17	31	33	34	
29	35	
13	17	24	29	30	31	33	
27	28	31	32	35	
13	17	24	28	33	34	
17	24	26	28	29	32	36	
17	29	31	35	
13	17	24	26	28	30	
13	17	24	26	30	35	36	
25	27	29	32	34	
17	31	34	
