1	8	9	24	25	26	27	
0	8	9	24	25	26	27	
3	8	9	11	24	25	26	27	36	37	40	41	46	47	55	121	131	150	151	156	157	180	181	186	190	191	221	227	240	241	774	846	848	849	851	881	882	891	893	1138	2083	2422	
2	8	9	11	24	25	26	27	36	37	40	41	46	47	55	150	151	156	157	180	181	186	221	240	241	846	848	849	851	881	882	891	893	1138	2083	2422	
5	8	10	11	16	17	46	47	100	101	121	126	127	141	180	181	186	221	240	241	591	621	774	776	792	793	807	846	848	849	851	881	882	891	893	919	921	922	1067	1068	1069	1138	2083	
4	8	9	10	11	46	47	180	181	186	221	227	240	241	846	848	882	891	893	1138	2083	
7	8	9	907	908	909	910	917	918	919	920	921	922	2413	
6	8	9	907	908	909	910	917	918	919	920	921	922	2413	
0	1	2	3	4	5	6	7	9	10	11	16	17	36	40	46	100	101	106	107	116	117	120	121	126	127	131	157	180	181	186	196	221	227	240	241	296	306	336	337	591	596	597	621	739	740	774	775	776	792	793	846	848	849	850	851	880	881	882	891	893	907	908	909	910	917	918	919	920	921	922	931	932	1067	1068	1069	1137	1138	1152	2083	2413	2422	
0	1	2	3	5	6	7	8	10	11	16	17	35	36	46	54	56	57	100	101	121	126	127	180	181	186	221	240	241	591	597	621	774	775	776	792	793	807	846	848	849	851	881	882	891	893	919	921	922	1067	1068	1069	1138	2083	
4	5	8	9	11	18	19	24	25	26	27	35	36	37	47	54	55	56	57	
2	3	4	5	8	9	10	18	19	24	25	26	27	35	36	37	47	54	55	56	57	
13	18	19	24	25	26	27	35	36	37	46	47	54	56	57	120	130	131	136	137	150	151	156	157	161	180	181	186	190	221	226	240	846	848	1067	2083	
12	18	19	24	25	26	27	35	36	37	46	47	54	57	120	130	131	136	137	150	151	156	157	161	180	181	186	190	191	221	240	241	846	848	1067	
15	18	19	100	101	102	103	110	111	112	113	120	121	126	127	130	131	146	147	150	151	156	157	180	181	220	221	240	280	591	774	793	919	921	922	2083	
14	18	19	100	101	102	103	110	111	120	121	126	127	130	131	146	147	150	151	156	157	180	181	220	221	240	280	591	621	774	793	919	921	922	2083	
4	8	9	17	18	19	101	591	919	921	922	
4	8	9	16	18	19	101	591	919	921	
10	11	12	13	14	15	16	17	19	35	36	46	54	55	56	57	100	102	103	120	121	130	131	136	137	157	180	181	186	190	221	227	240	241	280	846	848	882	891	893	1068	1138	2083	
10	11	12	13	14	15	16	17	18	35	36	46	54	55	56	57	100	102	103	120	121	130	131	136	157	180	181	186	187	221	240	280	517	526	591	921	2083	2099	2417	
21	28	29	
20	28	29	
23	28	29	31	54	55	56	57	66	67	180	181	190	210	211	216	217	220	221	226	227	230	231	240	241	271	470	471	472	473	474	475	476	477	481	491	536	880	881	882	891	893	1138	1787	1886	1919	1920	1936	2083	2095	2099	
22	28	29	31	54	55	56	57	61	66	67	210	211	216	217	220	221	226	227	230	231	240	241	271	470	471	472	473	474	475	476	477	481	491	531	880	881	882	891	893	1778	1786	1787	1919	1920	1936	2083	2095	2099	
0	1	2	3	10	11	12	13	25	28	29	30	31	54	55	56	57	60	61	66	67	100	102	220	221	230	231	240	241	
0	1	2	3	10	11	12	13	24	28	29	30	31	54	55	56	57	60	61	66	67	220	221	226	230	231	240	241	1919	2083	
0	1	2	3	10	11	12	13	27	28	29	120	121	122	123	130	131	132	133	351	352	353	370	372	373	592	602	603	612	613	774	775	776	777	778	919	921	
0	1	2	3	10	11	12	13	26	28	29	100	120	121	122	123	130	131	132	133	351	352	353	370	372	373	592	602	603	612	613	774	775	776	777	778	919	921	1007	
20	21	22	23	24	25	26	27	29	30	31	54	55	56	57	61	66	67	100	102	221	226	227	231	240	241	267	271	1919	1920	1936	2083	2095	2099	
20	21	22	23	24	25	26	27	28	30	31	54	55	56	57	61	66	67	100	102	120	121	130	131	221	226	227	231	240	241	271	1919	1920	1936	2083	2095	2099	
24	25	28	29	31	38	39	
22	23	24	25	28	29	30	38	39	
33	38	39	54	55	56	57	60	61	66	67	180	181	186	187	190	210	211	216	217	220	221	226	227	230	240	241	267	271	470	471	472	473	474	475	476	477	478	479	481	491	531	796	807	812	813	881	882	891	893	1066	1067	1138	1382	1384	1385	1778	1786	1787	1919	1931	1936	2083	2095	2099	2416	
32	38	39	54	55	56	57	60	61	66	67	158	180	181	186	187	190	210	211	216	217	220	221	226	227	230	240	241	267	271	276	470	471	472	473	474	475	476	477	478	479	481	482	488	489	491	531	546	622	632	796	802	803	807	812	813	881	882	891	893	1058	1066	1067	1138	1382	1383	1384	1385	1778	1786	1787	1801	1919	1920	1931	1936	2083	2095	2099	2416	
35	38	39	40	41	54	55	60	61	66	220	221	230	240	241	2422	
9	10	11	12	13	18	19	34	38	39	40	41	48	49	54	55	60	61	66	100	101	102	108	109	120	121	122	128	129	130	131	132	133	142	151	158	159	160	171	180	181	186	187	197	210	211	216	217	220	221	226	227	230	240	241	267	271	276	350	351	352	353	358	359	363	370	371	372	373	380	381	386	387	388	389	390	391	398	399	408	409	418	419	420	426	427	454	455	456	457	459	460	461	463	464	465	466	467	468	469	482	516	527	540	541	590	591	592	602	603	612	613	621	622	627	628	631	632	641	642	648	745	746	774	775	776	777	778	792	793	796	797	802	803	807	812	813	842	846	847	848	849	850	851	919	921	922	932	966	967	968	1007	1027	1028	1058	1066	1067	1068	1069	1079	1080	1151	1382	1383	1384	1385	1757	1778	1786	1787	1800	1801	1919	1920	1931	1936	1945	1960	1981	1987	2083	2095	2098	2099	2403	2415	2416	2418	2422	
2	3	8	9	10	11	12	13	18	19	37	38	39	100	101	102	108	109	120	121	122	123	128	129	130	131	132	133	142	160	351	352	353	358	359	363	370	371	372	373	591	592	602	603	612	613	745	746	774	775	776	777	778	919	921	922	932	1007	
2	3	10	11	12	13	36	38	39	100	102	120	121	122	123	130	131	
30	31	32	33	34	35	36	37	39	54	57	61	142	180	181	186	216	217	221	227	240	241	267	271	276	372	426	427	491	540	590	591	592	602	603	612	613	621	622	631	647	648	745	746	774	775	776	777	778	796	797	802	803	807	812	813	846	848	909	919	921	922	932	966	1007	1008	1058	1066	1067	1068	1069	1079	1080	1382	1383	1384	1385	1757	1763	1778	1786	1787	1797	1800	1801	1919	1920	1931	1936	1960	1977	1981	1987	2083	2095	2099	2416	2418	
30	31	32	33	34	35	36	37	38	54	57	61	142	180	181	186	216	217	221	227	240	241	267	271	276	372	491	540	590	591	592	602	603	612	613	621	622	631	647	648	745	746	774	775	776	777	778	796	802	803	807	812	813	846	848	881	882	891	893	909	919	921	922	932	958	966	1007	1008	1058	1066	1067	1068	1069	1382	1383	1384	1385	1757	1778	1786	1787	1801	1919	1920	1931	1936	1960	1977	1987	2083	2095	2099	2416	2418	
2	3	8	34	35	41	48	49	54	56	57	2422	
2	3	34	35	40	48	49	54	56	57	2422	
43	48	49	54	55	56	57	60	61	66	180	181	186	210	211	216	217	220	221	226	227	230	240	241	271	470	471	472	473	475	476	477	491	531	540	1763	1787	2083	2095	2099	2422	
42	48	49	54	55	56	57	180	181	186	210	211	216	217	220	221	226	227	230	240	241	267	271	1787	2083	2095	2099	2422	
45	48	49	100	101	102	120	121	130	131	150	151	180	181	210	211	216	217	220	221	226	227	271	1919	2083	2095	
44	48	49	100	101	102	120	121	130	131	150	151	180	181	186	210	211	217	220	221	226	227	267	271	1919	1920	2083	
2	3	4	5	8	9	12	13	18	19	47	48	49	100	101	102	120	121	130	131	132	133	142	160	351	352	353	363	370	372	373	591	592	602	603	612	613	745	746	774	775	776	777	778	919	921	932	1007	
2	3	4	5	10	11	12	13	46	48	49	100	101	102	120	121	122	130	131	132	133	142	160	351	352	353	372	373	602	603	745	774	775	776	777	778	919	921	1007	
35	40	41	42	43	44	45	46	47	49	54	55	56	57	120	121	130	131	133	142	180	181	186	196	210	211	216	217	221	226	227	240	241	267	271	353	363	370	591	592	846	848	849	851	919	921	922	932	1067	1068	1919	1920	1931	1936	2083	2095	2098	2099	2422	
35	40	41	42	43	44	45	46	47	48	54	55	56	57	60	61	120	121	130	131	133	142	180	181	186	196	210	211	216	217	221	226	227	240	241	267	271	353	363	370	372	373	591	592	602	603	612	613	621	774	775	776	777	778	792	793	846	848	849	850	851	919	921	922	932	1067	1068	1069	1382	1778	1786	1787	1919	1931	1936	2083	2095	2098	2099	2422	
51	58	59	60	61	66	67	70	71	76	1677	1683	1886	1908	1914	1915	1919	1920	1929	1931	2083	
50	58	59	60	61	66	67	70	71	76	1677	1886	1908	1914	1915	1919	1920	1929	1931	2083	
53	58	59	60	61	66	67	70	71	76	230	231	240	241	1677	1908	1914	1915	1919	1920	
52	58	59	60	61	66	67	70	71	76	77	230	231	240	241	246	247	570	1677	1683	1906	1908	1914	1915	1919	1920	1929	1931	1936	1937	1945	2083	2421	
9	10	11	12	13	18	19	22	23	24	25	28	29	32	33	34	35	38	39	40	41	42	43	48	49	55	58	59	100	101	102	109	120	121	130	131	138	139	150	151	152	153	158	159	170	172	173	178	179	180	181	182	183	190	191	192	193	220	221	230	231	236	237	288	310	311	312	313	318	319	320	321	330	331	332	338	339	344	350	351	352	353	358	359	360	361	368	369	390	398	440	441	442	443	448	449	450	451	452	453	454	455	456	457	458	459	460	461	462	463	464	465	466	467	468	469	623	624	631	633	634	786	787	788	789	846	848	849	851	881	882	891	893	921	977	978	1037	1046	1151	2420	2422	
2	3	10	11	18	19	22	23	24	25	28	29	32	33	34	35	42	43	48	49	54	58	59	100	101	102	109	120	121	150	151	152	153	158	159	170	172	173	178	179	180	181	182	183	190	191	192	193	201	220	221	222	223	230	231	310	311	312	313	318	319	320	321	330	331	332	350	351	352	353	358	359	360	368	369	390	398	441	448	449	457	459	622	623	624	632	2416	2420	2422	
9	10	11	12	18	19	22	23	24	25	28	29	32	33	40	41	42	43	48	49	57	58	59	100	101	102	109	120	121	130	131	150	151	152	153	158	159	180	181	183	2422	
9	10	11	12	13	18	19	22	23	24	25	28	29	32	33	38	39	40	41	42	43	48	49	56	58	59	100	101	102	109	120	121	130	131	150	151	152	153	158	159	180	181	183	2422	
50	51	52	53	54	55	56	57	59	180	181	183	190	191	221	240	846	848	849	851	881	882	891	893	1067	1677	1683	1884	1885	1886	1903	1906	1908	1914	1915	1919	1920	1929	1931	1937	2083	2397	2420	
50	51	52	53	54	55	56	57	58	180	181	183	221	240	587	846	848	1677	1683	1778	1786	1787	1800	1885	1886	1903	1906	1908	1914	1915	1919	1920	1929	1931	1936	1937	1945	1960	1987	1988	2083	2420	
24	25	32	33	34	35	42	49	50	51	52	53	61	68	69	2422	
23	24	25	28	29	32	33	34	35	38	39	42	49	50	51	52	53	60	68	69	2422	
63	68	69	1128	1666	1667	1668	1669	1676	1677	1682	1683	1702	1703	1712	1716	1717	1736	1742	1743	1757	1763	1764	1765	1768	1775	1778	1786	1787	1790	1791	1801	1806	1807	1810	1821	1823	1837	1884	1885	1886	1929	1931	1936	2403	2404	2405	
62	68	69	1128	1666	1667	1676	1677	1682	1683	1702	1703	1712	1716	1717	1736	1742	1743	1757	1763	1764	1765	1768	1775	1778	1786	1787	1790	1791	1801	1806	1807	1810	1821	1823	1837	1884	1885	1886	1929	1931	1936	2402	2403	2404	
65	68	69	70	71	72	73	78	79	80	81	88	89	242	252	253	261	262	263	272	273	520	521	522	523	532	533	540	541	542	543	548	549	550	551	552	553	570	571	578	579	580	586	587	624	652	654	681	682	692	712	713	714	715	723	728	729	807	846	847	848	849	850	851	870	871	880	881	882	919	921	1087	1088	1128	1129	1130	1137	1138	1139	1386	1666	1667	1677	1682	1683	1687	1692	1693	1696	1702	1703	1727	1746	1747	1749	1752	1778	1786	1787	1790	1791	1801	1806	1821	1823	1837	1906	1908	1914	1915	1919	1920	1929	1931	1936	1937	1945	1960	1967	1988	2083	2402	2417	2421	
64	68	69	70	71	73	80	81	242	252	253	261	262	263	272	273	550	621	652	654	807	846	848	849	850	851	870	871	880	881	882	884	885	887	921	1087	1088	1137	1138	1139	1382	1386	1666	1667	1676	1677	1682	1692	1727	1757	1778	1786	1787	1790	1791	1800	1801	1806	1908	1914	1915	1919	1920	1929	1931	1936	1937	1945	1967	2083	2417	
22	23	24	25	28	29	32	33	34	35	42	50	51	52	53	67	68	69	70	242	243	252	253	261	262	263	272	273	520	521	522	523	532	533	540	541	542	543	550	551	552	553	652	654	681	712	713	714	715	786	846	847	848	849	850	851	870	871	919	1067	1387	2422	
22	23	24	25	28	29	32	33	50	51	52	53	66	68	69	70	242	243	252	253	261	262	263	272	273	520	521	522	523	532	533	540	541	542	543	550	551	552	553	652	654	681	712	713	714	715	786	846	847	848	849	850	851	870	871	919	1067	1387	
60	61	62	63	64	65	66	67	69	242	243	252	253	262	263	522	550	551	552	553	587	652	654	681	682	712	713	714	715	723	728	786	846	847	848	849	850	851	870	871	880	881	882	919	921	1067	1087	1088	1089	1128	1129	1130	1137	1138	1139	1230	1386	1387	1677	1683	1747	1752	1757	1778	1786	1787	1790	1791	1800	1801	1806	1811	1821	1823	1837	1906	1908	1914	1915	1919	1920	1929	1931	1936	1937	1945	1960	1967	2083	2402	2415	2417	
60	61	62	63	64	65	66	67	68	242	243	252	253	262	263	522	550	551	552	553	587	622	623	624	652	654	664	681	682	712	713	714	715	723	728	807	846	847	848	849	850	851	861	870	871	880	881	882	919	921	1087	1088	1089	1128	1129	1130	1137	1138	1139	1385	1386	1677	1683	1747	1752	1753	1757	1768	1769	1778	1786	1787	1790	1791	1800	1801	1806	1807	1821	1823	1837	1906	1908	1914	1915	1919	1920	1929	1931	1936	1937	1945	1960	1967	2083	2416	2417	
50	51	52	53	64	65	66	67	71	78	79	243	
50	51	52	53	64	65	70	78	79	243	
64	73	78	79	86	87	96	97	728	880	882	1128	1129	1130	1138	1823	1837	2402	2421	
64	65	72	78	79	80	81	86	87	96	97	880	882	1137	1139	2421	
75	78	79	98	262	263	272	273	490	513	520	521	522	523	532	533	540	541	542	543	550	551	552	553	570	571	580	581	587	591	592	603	654	664	681	682	807	846	847	848	849	850	851	871	880	881	882	891	892	893	895	1128	1129	1130	1667	1672	1673	1676	1677	1682	1683	1686	1687	1692	1693	1821	1823	1837	1884	1885	1886	1892	1896	1902	1903	1908	1915	1919	1920	1931	1936	2083	2417	2419	
74	78	79	262	263	272	273	490	513	520	521	522	523	532	533	540	541	542	543	550	551	552	553	570	571	580	581	587	591	592	654	664	681	807	846	848	849	850	851	871	880	881	882	891	892	893	895	1128	1667	1672	1673	1677	1682	1683	1686	1687	1693	1884	1885	1886	1892	1896	1902	1903	1908	1919	1920	1931	2083	2417	2419	
50	51	52	53	77	78	79	242	243	252	253	261	262	263	272	273	520	521	522	523	532	533	540	541	542	543	550	551	552	553	654	681	712	713	846	848	849	850	851	921	1067	1386	2417	
53	76	78	79	242	243	244	245	252	253	260	261	262	263	272	273	513	520	521	522	523	532	533	540	541	542	543	550	551	552	553	621	654	681	682	712	713	846	847	848	849	850	851	921	2417	
64	70	71	72	73	74	75	76	77	79	242	243	252	253	261	262	263	272	273	520	521	522	523	532	533	540	541	542	543	550	551	552	553	652	654	681	682	712	713	715	807	846	847	848	849	850	851	870	871	880	881	882	921	1130	1137	1138	1139	1666	1673	1892	1902	1903	1908	1919	1920	1931	1936	2083	2416	2417	2421	
64	70	71	72	73	74	75	76	77	78	242	243	244	252	253	260	261	262	263	272	273	490	520	521	522	523	532	533	540	541	542	543	550	551	552	553	580	586	587	592	621	654	664	681	682	712	713	715	728	807	846	847	848	849	850	851	870	871	880	881	882	921	1128	1129	1130	1138	1682	1683	1696	1821	1823	1837	1920	1929	1931	1936	1937	1943	1944	2083	2402	2417	2419	2421	
64	65	73	81	88	89	
64	65	73	80	88	89	243	
83	88	89	580	581	1666	1667	1676	1677	1682	1683	1686	1687	1692	1693	1696	1702	1703	1712	1727	1736	1737	1742	1743	1752	1757	1768	1775	1778	1786	1787	1790	1791	1800	1801	1806	1807	1810	1902	1903	1908	1914	1915	1919	1920	1931	1936	2404	
82	88	89	580	581	1666	1667	1672	1673	1676	1677	1682	1683	1686	1687	1692	1693	1696	1702	1703	1712	1726	1727	1736	1737	1742	1743	1752	1757	1768	1775	1778	1786	1787	1790	1791	1800	1801	1806	1807	1810	1892	1902	1903	1908	1914	1915	1919	1920	1931	1936	2404	
85	88	89	90	91	98	99	252	253	260	262	263	520	521	522	523	532	533	540	550	551	552	553	570	571	580	581	587	591	652	653	654	662	664	728	807	846	848	849	850	851	861	870	871	880	881	882	921	1087	1088	1098	1129	1130	1137	1138	1139	1667	1672	1673	1676	1677	1682	1683	1686	1687	1692	1693	1696	1702	1703	1747	1749	1778	1786	1892	1893	1896	1902	1903	1908	1919	1920	1931	1936	1945	1960	1967	2417	2419	2421	
84	88	89	90	91	260	1673	2421	
72	73	87	88	89	571	881	2421	
72	73	86	88	89	571	881	2421	
64	80	81	82	83	84	85	86	87	89	242	243	250	251	252	253	260	261	262	263	272	273	490	520	521	522	523	540	550	551	552	553	591	592	603	621	652	653	654	662	692	712	713	714	715	723	846	848	849	850	851	861	870	871	880	881	882	883	884	885	887	921	1005	1087	1088	1097	1098	1137	1138	1382	1384	1385	1386	1677	1683	1686	1687	1696	1736	1737	1752	1753	1757	1768	1775	1778	1786	1787	1790	1791	1800	1801	1806	1807	1810	1902	1903	1906	1908	1914	1915	1919	1920	1931	1936	1945	1967	2404	2411	2417	2419	2421	
64	80	81	82	83	84	85	86	87	88	242	243	244	245	252	253	260	261	262	263	272	273	490	520	521	522	523	540	541	550	551	552	553	586	587	591	592	602	603	621	652	653	654	662	664	682	692	712	713	714	715	723	728	807	846	848	849	850	851	861	863	870	871	880	881	882	921	1087	1088	1098	1128	1129	1130	1137	1138	1139	1382	1672	1673	1677	1683	1686	1687	1696	1726	1747	1749	1752	1778	1786	1787	1892	1902	1903	1906	1908	1915	1919	1920	1931	1936	1937	1945	1960	1967	2083	2417	2419	2421	
84	85	91	98	99	1666	2421	
84	85	90	98	99	1666	2421	
93	98	99	580	581	1138	1666	1667	1672	1673	1676	1677	1682	1683	1686	1687	1692	1693	1696	1702	1703	1712	1726	1736	1737	1757	1768	1775	1778	1786	1787	1790	1791	1800	1801	1806	1807	1810	1892	1893	1896	1902	1903	1908	1919	1920	1931	1936	2404	
92	98	99	580	581	1666	1667	1672	1673	1676	1677	1682	1683	1686	1687	1692	1693	1696	1702	1703	1712	1736	1737	1757	1768	1775	1778	1786	1787	1790	1791	1800	1801	1806	1807	1810	1892	1893	1896	1902	1903	1908	1919	1920	1931	1936	2404	
95	98	99	262	272	273	490	510	513	520	521	522	523	532	533	550	551	570	571	580	581	587	653	654	846	848	849	851	880	881	882	1137	1138	1672	1673	1676	1677	1682	1683	1686	1687	1692	1693	1696	1749	1884	1885	1886	1892	1896	1902	1903	1919	1920	1931	1936	1944	1945	1960	1988	2417	2419	
94	98	99	262	272	273	490	513	520	521	522	523	532	533	540	541	550	551	553	570	571	580	581	587	591	654	662	664	681	807	846	848	849	851	871	880	881	882	1137	1138	1672	1673	1676	1677	1682	1683	1686	1687	1692	1693	1884	1885	1886	1892	1896	1902	1903	1908	1919	1920	1931	2083	2417	2419	
72	73	97	98	99	571	871	881	
72	73	96	98	99	553	571	871	881	
74	84	90	91	92	93	94	95	96	97	99	243	252	253	262	263	272	273	490	510	513	520	521	522	523	532	533	550	551	553	570	571	580	587	653	654	846	848	849	851	871	880	881	882	1137	1138	1666	1667	1672	1673	1676	1677	1682	1683	1686	1687	1692	1693	1696	1749	1884	1885	1886	1892	1896	1902	1903	1919	1920	1931	1936	1943	1945	1960	1988	2417	2418	2419	2421	
84	90	91	92	93	94	95	96	97	98	242	252	253	255	262	263	272	273	490	513	520	521	522	523	532	533	550	551	553	570	571	580	651	846	848	849	850	851	870	871	880	881	882	884	921	1088	1138	1382	1666	1667	1672	1673	1676	1677	1682	1683	1686	1687	1692	1693	1696	1702	1703	1712	1726	1736	1737	1757	1768	1775	1778	1786	1787	1790	1791	1800	1801	1806	1807	1810	1892	1893	1896	1902	1903	1908	1919	1920	1931	1936	2404	2417	2419	2421	
4	8	9	14	15	18	19	24	27	28	29	35	36	37	44	45	46	47	54	55	56	57	101	108	109	
4	8	9	14	15	16	17	35	36	44	45	46	47	54	55	56	57	100	108	109	
14	15	18	19	24	28	29	35	36	37	44	45	46	47	54	55	56	57	103	108	109	111	112	113	114	120	121	126	127	140	141	146	147	157	621	774	793	846	848	1067	1068	
14	15	18	19	102	108	109	111	112	113	114	126	127	140	141	146	147	774	846	848	881	882	891	893	1138	2083	
105	108	109	110	111	126	127	137	140	141	146	280	591	774	776	846	848	881	882	891	893	917	918	919	921	922	1138	2083	
104	108	109	110	111	112	113	114	115	116	117	118	119	126	127	137	140	141	146	147	280	290	591	774	775	776	792	793	846	848	880	881	882	891	893	908	917	918	919	920	921	922	1138	2083	2413	
8	107	108	109	907	908	909	910	917	918	919	920	921	922	2413	
8	106	108	109	115	116	117	907	908	909	910	917	918	919	920	921	922	2413	
35	36	100	101	102	103	104	105	106	107	109	126	141	146	196	280	591	621	774	775	776	792	793	846	848	880	881	882	891	893	908	909	917	918	919	920	921	922	1067	1068	1137	1138	1152	2083	2413	
35	36	54	55	56	57	100	101	102	103	104	105	106	107	108	120	121	126	141	146	240	280	591	621	774	775	776	792	793	846	848	876	881	882	891	893	908	909	917	918	919	920	921	922	1067	1068	1069	1137	1138	1152	2083	2413	
14	15	104	105	111	112	113	114	115	116	117	118	119	124	125	126	127	136	137	146	280	921	
14	15	102	103	104	105	110	112	113	114	115	116	117	118	119	124	125	126	127	136	137	146	280	921	
14	102	103	105	110	111	113	114	115	116	117	118	119	124	125	126	127	146	147	280	
14	102	103	105	110	111	112	114	115	116	117	118	119	124	125	126	127	136	146	147	280	
102	103	105	110	111	112	113	115	116	117	118	119	126	127	146	147	280	
105	107	110	111	112	113	114	116	117	118	119	126	127	136	137	146	147	280	286	287	290	296	297	306	307	330	336	337	591	596	597	739	740	846	848	856	857	907	908	909	910	917	918	919	920	921	922	931	932	1138	2413	
8	105	107	110	111	112	113	114	115	117	118	119	126	127	137	146	280	286	287	290	296	297	306	307	330	336	337	591	596	597	739	740	846	848	856	857	907	908	909	910	917	918	919	920	921	922	931	932	1138	2413	
8	105	107	110	111	112	113	114	115	116	118	119	126	127	137	146	186	280	286	287	290	296	297	306	307	336	337	591	596	597	739	740	846	848	856	857	907	908	909	910	917	918	919	920	921	922	931	932	1138	2413	
105	110	111	112	113	114	115	116	117	119	126	127	136	137	146	280	290	846	848	856	857	918	919	920	921	922	2413	
105	110	111	112	113	114	115	116	117	118	126	127	136	137	146	280	286	287	290	296	297	306	307	336	337	591	596	597	739	740	846	848	856	857	907	908	909	910	917	918	919	920	921	922	931	932	1138	2413	
8	12	13	14	15	18	19	26	27	29	35	36	37	44	45	46	47	48	49	54	55	56	57	102	109	121	128	129	2422	
2	4	8	9	14	15	18	19	26	27	29	35	36	37	44	45	46	47	48	49	54	55	56	57	102	109	120	128	129	158	159	2422	
26	27	35	36	37	47	123	128	129	136	137	141	
26	27	36	37	122	128	129	136	137	141	
110	111	112	113	125	128	129	137	140	141	280	846	848	
110	111	112	113	124	128	129	137	140	141	846	848	
4	8	9	14	15	102	103	104	105	108	109	110	111	112	113	114	115	116	117	118	119	127	128	129	280	921	
4	8	9	14	15	102	103	104	105	110	111	112	113	114	115	116	117	118	119	126	128	129	280	921	
35	36	120	121	122	123	124	125	126	127	129	186	196	591	592	621	622	774	775	776	792	793	807	846	847	848	849	850	851	876	880	881	882	891	893	920	921	942	1067	1068	1069	1079	1087	1088	1137	1138	1152	1230	1796	1919	1920	2083	2411	2415	2416	
35	36	120	121	122	123	124	125	126	127	128	186	196	591	592	621	622	774	775	776	792	793	807	846	847	848	849	850	851	876	880	881	882	891	893	921	942	1067	1068	1069	1079	1088	1137	1138	1152	2083	2415	2416	
12	13	14	15	18	19	26	27	29	35	36	37	44	45	46	47	48	49	54	56	57	131	138	139	156	157	2422	
2	8	12	13	14	15	18	19	26	27	29	35	36	37	44	45	46	47	48	49	54	56	57	130	138	139	156	157	2422	
26	27	35	36	46	47	133	138	139	154	155	156	157	166	167	170	171	176	177	184	185	186	187	190	191	196	197	210	211	216	217	227	266	271	381	390	391	396	397	410	416	417	420	426	427	496	497	500	501	506	621	622	627	628	631	642	651	652	657	658	677	776	792	793	807	846	847	848	849	850	851	880	881	882	891	893	975	1067	1068	1069	1079	1087	1088	1137	1138	1151	1757	1763	1796	1797	2411	2414	2415	2416	2418	2419	2420	
26	27	35	36	46	47	48	49	132	138	139	154	155	156	157	158	159	166	167	168	169	170	171	176	177	178	179	186	187	190	191	196	197	210	211	216	217	250	267	271	276	358	359	380	381	386	387	388	389	390	391	396	397	398	399	408	409	410	416	417	418	419	420	426	427	450	451	452	453	454	455	456	457	458	459	460	461	462	463	464	465	466	467	468	469	500	501	506	507	621	622	627	628	631	641	642	651	652	657	658	667	668	677	702	776	792	793	796	802	803	807	812	813	842	846	847	848	849	850	851	877	880	881	882	891	893	967	968	1028	1066	1067	1068	1069	1079	1087	1088	1094	1097	1098	1137	1138	1151	1230	1763	1796	1797	1915	1919	1920	1930	2083	2286	2411	2414	2415	2416	2418	2422	
135	138	139	140	141	
134	138	139	140	141	142	143	170	171	176	177	190	191	196	216	217	266	271	351	381	386	387	390	391	396	397	410	416	417	426	427	466	467	621	622	627	628	652	657	658	667	668	774	775	776	792	793	807	846	848	849	850	851	876	880	881	882	891	893	1067	1068	1069	1087	1088	1097	1137	1138	1151	1778	1786	1787	1796	2095	2098	2099	2411	2415	2416	2418	2419	
12	13	18	19	110	111	113	115	118	119	122	123	137	138	139	140	141	591	592	921	941	942	
12	13	18	104	105	110	111	115	116	117	118	119	122	123	124	125	136	138	139	140	141	
54	130	131	132	133	134	135	136	137	139	186	190	191	196	216	217	267	271	276	427	496	590	591	592	593	621	622	627	641	642	651	652	657	658	667	668	677	699	702	774	775	776	792	793	796	802	807	812	813	842	846	847	848	849	850	851	876	877	880	881	882	891	893	921	941	975	1046	1067	1068	1069	1079	1080	1087	1088	1094	1097	1098	1137	1138	1151	1230	1763	1796	1797	1915	1919	1920	1930	2083	2403	2411	2414	2415	2416	2418	
54	130	131	132	133	134	135	136	137	138	186	190	191	196	216	217	250	267	271	276	427	496	590	591	592	621	622	627	641	642	651	652	657	658	667	668	677	699	702	774	775	776	792	793	796	802	807	812	813	846	847	848	849	850	851	876	877	880	881	882	891	893	921	931	941	975	1067	1068	1069	1079	1080	1087	1088	1094	1097	1098	1137	1138	1151	1230	1757	1763	1787	1796	1797	1800	1915	1919	2083	2403	2411	2414	2415	2416	2418	2419	
102	103	104	105	124	125	134	135	136	137	141	148	149	
4	102	103	104	105	108	109	122	123	124	125	134	135	136	137	140	148	149	
35	36	38	39	46	47	48	49	135	143	148	149	154	155	156	157	158	159	164	165	166	167	168	169	174	175	176	177	178	179	184	185	186	187	190	191	196	197	216	217	226	227	255	266	267	351	358	359	370	380	381	386	387	388	389	390	391	396	397	398	399	408	409	410	411	416	417	418	419	420	421	426	427	430	431	436	437	438	439	450	451	452	453	454	455	456	457	458	459	460	461	462	463	464	465	466	467	468	469	470	471	472	473	476	479	480	481	482	486	487	488	489	490	491	496	497	500	501	506	507	516	520	521	526	527	547	556	621	622	627	628	642	651	652	657	658	667	668	698	776	792	793	796	802	807	812	813	846	847	848	849	850	851	870	871	876	877	880	881	882	891	893	975	1067	1068	1069	1079	1087	1088	1094	1097	1098	1137	1138	1151	1230	1757	1763	1778	1786	1787	1914	1915	1919	1920	1929	1930	1931	1936	1937	1945	1980	1981	1987	2083	2095	2098	2099	2398	2403	2411	2414	2415	2416	2417	2418	2420	
135	142	148	149	164	165	168	169	170	171	176	177	178	179	184	185	186	190	191	196	197	216	217	226	227	245	255	266	267	271	276	351	358	359	370	380	381	386	387	388	389	390	391	396	397	398	399	408	409	410	416	417	418	419	420	426	427	436	437	438	439	450	451	452	453	454	455	456	457	458	459	460	461	462	463	464	465	466	467	468	469	480	481	486	487	488	489	490	491	496	497	500	501	506	507	621	622	627	628	641	642	651	652	657	658	667	668	677	698	699	776	792	793	802	803	807	812	813	846	847	848	849	850	851	876	877	880	881	882	891	893	967	968	975	1067	1068	1069	1079	1087	1088	1094	1097	1098	1137	1138	1151	1230	1757	1763	1778	1786	1787	1796	1797	1936	1937	1945	1980	1981	1987	2095	2098	2099	2411	2414	2415	2416	2418	2419	2420	
145	148	149	280	281	350	351	356	357	358	359	368	370	380	381	386	387	388	389	390	391	396	397	398	399	406	407	408	409	410	411	416	417	418	419	420	426	427	430	431	438	439	450	451	452	453	454	455	456	457	458	459	460	461	466	469	480	481	482	486	487	488	489	490	491	496	497	500	501	506	507	510	511	516	517	518	519	520	521	526	527	540	541	546	547	556	570	577	580	621	622	637	651	652	657	692	722	723	728	796	846	847	848	870	871	876	877	880	881	882	891	892	893	1079	1087	1088	1094	1098	1137	1138	1139	1676	1677	1682	1686	1687	1757	1778	1786	1787	1884	1885	1886	1892	1902	1903	1908	1914	1915	1919	1920	1929	1930	1931	1936	1937	1945	1980	1981	2083	2095	2098	2099	2398	2416	2417	2418	
144	148	149	280	281	282	283	350	351	356	357	358	359	361	368	369	370	371	380	381	386	387	388	389	390	391	396	397	398	399	406	407	408	409	410	411	416	417	418	419	420	421	426	427	430	431	438	439	446	449	450	451	452	453	454	455	456	457	458	459	460	461	466	469	480	481	482	486	487	488	489	490	491	496	497	500	501	506	507	510	511	516	517	518	519	520	521	526	527	539	540	546	547	556	570	577	579	580	591	621	622	637	651	652	657	658	692	722	723	728	774	775	776	787	792	793	796	846	847	848	870	871	876	877	880	881	882	891	892	893	1079	1087	1088	1094	1098	1137	1138	1139	1152	1676	1677	1682	1686	1687	1757	1778	1786	1787	1884	1885	1886	1892	1896	1902	1903	1908	1914	1915	1919	1920	1929	1930	1931	1936	1937	1945	1980	1981	2083	2095	2098	2099	2398	2414	2415	2416	2417	2418	
14	15	102	103	104	105	108	109	110	111	112	113	114	115	116	117	118	119	147	148	149	280	591	921	
14	15	102	103	105	112	113	114	115	146	148	149	280	
140	141	142	143	144	145	146	147	149	186	190	191	196	216	217	255	266	267	271	276	427	491	496	527	556	590	591	592	621	622	627	641	642	651	652	657	658	667	668	677	774	775	776	792	793	796	802	807	813	846	847	848	849	850	851	870	871	876	877	880	881	882	891	893	921	932	941	975	1067	1068	1069	1079	1087	1088	1094	1097	1098	1137	1138	1151	1230	1757	1763	1778	1786	1787	1886	1929	1931	1936	1937	1945	1980	1981	1987	2083	2095	2098	2099	2403	2411	2414	2415	2416	2418	2419	2420	
140	141	142	143	144	145	146	147	148	186	190	191	196	216	217	255	266	267	271	427	491	496	526	527	556	590	591	592	621	622	651	652	657	658	667	774	775	776	792	793	796	807	846	847	848	870	871	876	877	880	881	882	891	893	921	931	941	1067	1068	1069	1079	1087	1088	1094	1097	1098	1137	1138	1151	1230	1757	1763	1778	1786	1787	1919	1920	1929	1930	1931	1936	1937	1945	1980	1981	1987	2083	2095	2098	2099	2398	2403	2411	2414	2415	2416	2417	2418	2419	2420	
2	3	12	13	14	15	44	45	54	55	56	57	151	158	159	
2	3	12	13	14	15	35	44	45	54	55	56	57	150	158	159	
54	55	56	57	153	158	159	180	181	186	187	226	380	381	386	387	622	631	632	638	796	802	803	807	812	813	1048	1066	1067	1069	1382	1383	1384	1385	2416	
54	55	56	57	152	158	159	180	181	186	187	380	381	386	387	622	631	638	647	648	802	803	807	812	813	1048	1066	1067	1068	1069	1382	1383	1384	1385	2416	
132	133	142	155	158	159	160	161	168	169	170	171	178	179	186	187	191	196	197	350	351	352	353	363	370	372	373	380	381	386	387	390	391	420	457	466	467	591	592	602	603	612	613	621	622	631	641	642	648	668	677	745	746	774	775	776	777	778	797	802	803	807	812	813	846	847	848	849	850	851	919	920	921	922	932	966	1007	1008	1066	1067	1068	1069	1079	1382	1383	1384	1385	2411	2416	2418	
132	133	142	154	158	159	160	161	162	163	168	169	170	171	172	173	178	179	186	187	350	351	352	353	358	359	361	363	370	371	372	373	380	381	386	387	390	391	392	393	420	457	466	467	591	592	602	603	612	613	621	622	631	641	647	648	774	775	776	777	778	796	797	802	803	807	812	813	846	847	848	919	920	921	922	932	1008	1048	1066	1067	1068	1069	1079	1080	1382	1383	1384	1385	2416	2418	
2	3	12	13	14	15	130	131	132	133	142	157	158	159	160	171	350	351	352	353	370	372	373	591	592	602	603	612	613	745	746	774	775	776	777	778	919	921	922	932	1007	1008	1027	1151	
2	3	8	12	13	14	15	18	19	102	130	131	132	133	142	156	158	159	160	171	179	350	351	352	353	358	359	363	368	370	372	373	398	591	592	602	603	612	613	745	746	774	775	776	777	778	919	921	922	932	966	1007	1008	1027	1151	
33	35	54	55	56	57	121	133	142	150	151	152	153	154	155	156	157	159	180	181	186	187	372	373	420	591	592	602	603	612	613	621	622	631	632	641	647	648	745	746	774	775	776	777	778	796	797	802	803	807	812	813	846	847	848	919	920	921	922	932	958	1007	1008	1066	1067	1068	1069	1079	1080	1382	1383	1384	1385	2416	2418	
35	54	55	56	57	121	133	142	150	151	152	153	154	155	156	157	158	180	181	186	187	191	196	372	373	420	426	427	591	592	602	603	612	613	621	622	631	632	641	642	667	668	677	745	746	774	775	776	777	778	796	802	803	807	812	813	846	847	848	849	850	851	919	921	922	932	966	968	1007	1008	1027	1066	1067	1068	1069	1079	1094	1098	1151	1382	1383	1384	1385	1387	2411	2414	2416	2418	
35	36	46	47	154	155	156	157	161	168	169	
12	13	154	155	160	168	169	
155	163	168	169	170	186	187	190	191	196	197	216	271	380	381	386	387	450	457	466	467	517	526	641	642	657	658	667	668	677	807	812	813	846	847	848	849	850	851	1066	1067	1068	1069	1079	1087	1088	1382	1384	1385	1931	1936	2083	2095	2098	2411	2414	2416	2417	
155	162	168	169	170	186	187	190	191	196	197	380	381	386	387	450	457	466	467	517	526	641	642	657	658	667	668	677	807	812	813	846	847	848	849	850	851	1066	1067	1068	1069	1079	1087	1088	1382	1384	1385	1931	1936	2083	2095	2098	2099	2411	2414	2416	2417	
142	143	165	168	169	170	171	190	191	196	197	216	217	271	846	848	849	851	880	881	882	891	893	1067	1068	1137	1138	1796	1797	2419	
142	143	164	168	169	170	171	190	191	196	197	216	217	271	846	848	849	851	880	881	882	891	893	921	1067	1068	1137	1138	2419	
132	133	142	167	168	169	350	351	352	353	372	373	592	602	603	612	613	745	746	774	775	776	777	778	919	921	922	1007	
132	133	142	166	168	169	350	351	352	353	372	373	591	592	602	603	612	613	745	746	774	775	776	777	778	919	921	922	1007	
133	142	143	154	155	160	161	162	163	164	165	166	167	169	170	171	184	185	186	187	190	191	196	197	216	217	226	227	245	271	591	592	621	652	657	774	775	776	777	778	807	846	848	849	850	851	880	881	882	891	893	919	921	922	1067	1068	1069	1079	1088	1137	1138	1382	1384	1796	1797	2416	2418	2419	2420	
133	142	143	154	155	160	161	162	163	164	165	166	167	168	170	171	184	185	186	187	190	191	196	197	216	217	226	227	245	271	500	501	591	592	621	651	652	657	774	775	776	777	778	807	846	847	848	849	850	851	880	881	882	891	893	919	921	922	1067	1068	1069	1079	1087	1088	1137	1138	1382	1384	2416	2418	2419	2420	
54	55	132	133	135	143	154	155	162	163	164	165	168	169	171	178	179	184	185	186	187	217	226	227	2420	
35	132	133	135	143	154	155	156	157	164	165	168	169	170	178	179	184	185	186	187	217	226	227	266	2420	
54	55	155	173	178	179	184	185	186	187	190	191	196	197	216	217	226	227	271	380	381	386	387	450	451	457	466	500	501	506	507	632	642	651	652	657	658	667	668	677	807	812	813	846	848	849	850	851	880	881	882	891	893	1066	1067	1068	1069	1087	1088	1137	1138	1382	1796	1797	2411	2419	2420	
54	55	155	172	178	179	184	185	186	187	190	191	196	197	216	217	226	227	271	380	381	386	387	436	437	450	451	457	496	500	501	506	507	632	651	652	657	658	667	702	807	812	813	846	848	849	850	851	880	881	882	891	893	1066	1067	1068	1069	1087	1088	1138	1763	1796	1797	2420	
142	178	179	190	191	196	197	271	283	310	311	312	313	320	321	330	331	332	350	351	352	353	360	361	371	380	381	386	387	390	391	436	437	450	451	490	496	497	500	501	506	507	591	592	621	632	651	652	699	702	774	775	776	777	778	807	846	848	849	850	851	880	881	882	891	893	919	921	922	1067	1068	1069	1079	1137	1138	1763	1778	1786	1787	1796	1797	1981	2418	2419	
142	178	179	190	191	196	197	271	283	310	311	312	313	320	321	330	331	332	350	351	352	353	360	361	371	380	381	386	387	390	391	436	437	450	451	490	496	497	500	501	506	507	591	592	621	632	651	652	699	702	774	775	776	777	778	807	846	848	849	850	851	880	881	882	891	893	919	921	922	1067	1068	1069	1137	1138	1763	1778	1786	1787	1796	1797	1981	2418	2419	
132	133	135	142	143	177	178	179	350	351	352	353	360	361	372	373	591	592	602	603	612	613	745	746	774	775	776	777	778	919	921	922	1007	
132	133	135	142	143	176	178	179	350	351	352	353	360	361	370	372	373	591	592	602	603	612	613	745	746	774	775	776	777	778	919	921	922	1007	
54	55	133	142	143	154	155	170	171	172	173	174	175	176	177	179	184	186	187	190	191	196	197	216	217	226	227	266	271	320	321	330	331	332	350	351	352	353	360	361	370	371	372	373	380	381	386	387	390	391	420	426	427	436	437	487	490	491	496	497	500	501	591	592	602	603	621	631	651	652	657	698	699	702	774	775	776	777	778	807	846	847	848	849	850	851	880	881	882	891	893	919	921	922	1007	1008	1067	1068	1069	1079	1087	1088	1137	1138	1230	1382	1757	1763	1778	1786	1787	1796	1797	1800	1936	1945	1981	2095	2099	2411	2414	2418	2419	2420	
54	55	133	142	143	154	155	157	170	171	172	173	174	175	176	177	178	184	186	187	190	191	196	197	216	217	226	227	266	271	320	332	350	351	352	353	360	361	370	372	373	380	381	386	387	390	391	420	426	427	436	437	486	487	490	491	496	497	500	501	591	592	602	603	612	613	621	631	641	652	657	658	698	699	774	775	776	777	778	792	793	807	846	847	848	849	850	851	880	881	882	891	893	919	921	922	1007	1008	1067	1068	1069	1079	1087	1088	1137	1138	1151	1230	1757	1763	1778	1786	1787	1796	1797	1936	1937	1945	1981	2095	2099	2411	2414	2415	2418	2419	2420	
2	3	4	5	8	9	12	13	14	15	18	19	22	32	33	35	38	39	42	43	44	45	48	49	54	55	56	57	58	59	152	153	158	159	181	188	189	2422	
2	3	4	5	8	9	12	13	14	15	18	19	22	32	33	35	38	39	42	43	44	45	48	49	54	55	56	57	58	59	152	153	158	159	180	188	189	2422	
54	55	183	188	189	190	191	196	197	210	211	216	217	226	227	250	267	271	276	516	527	556	632	802	803	812	813	1048	1058	1066	1382	1383	1384	1778	1786	1919	1931	1936	1960	1981	1987	2083	2095	2098	2099	2420	
54	55	56	57	58	59	182	188	189	190	191	196	197	208	209	210	211	216	217	218	219	226	227	228	229	238	239	267	271	276	277	470	471	472	473	476	478	479	482	491	516	527	531	540	541	550	556	632	639	640	700	701	702	802	803	846	848	849	851	880	881	882	891	893	1048	1055	1056	1058	1067	1068	1137	1138	1383	1384	1749	1757	1763	1768	1778	1786	1787	1797	1800	1801	1886	1903	1908	1919	1920	1930	1931	1936	1937	1943	1944	1945	1960	1981	1987	2083	2095	2098	2099	2403	2420	
132	142	143	168	169	170	171	172	173	178	179	185	188	189	190	191	196	197	210	211	216	217	227	271	310	311	312	313	318	319	320	321	330	331	332	350	351	352	353	360	361	363	372	373	380	381	382	383	390	391	392	393	403	420	591	592	601	602	603	621	622	623	624	632	774	775	788	789	802	803	812	813	920	921	922	1048	1066	1382	1383	1384	1936	1945	1981	2083	2095	2098	2099	2412	2416	2418	2420	
132	142	143	168	169	170	171	172	173	184	188	189	190	191	196	197	210	211	216	217	227	271	320	332	350	351	352	353	360	361	363	371	372	380	381	390	391	392	393	420	467	517	526	591	592	602	603	621	622	623	624	631	632	647	648	774	775	776	802	807	812	813	919	921	922	1048	1066	1067	1068	1069	1080	1382	1383	1384	1385	1936	1945	2083	2095	2098	2099	2412	2416	2417	2418	2420	
2	3	4	5	8	9	12	13	18	19	32	33	35	38	39	42	43	45	48	49	117	128	129	132	133	138	139	142	143	148	149	152	153	154	155	158	159	162	163	168	169	170	171	172	173	178	179	187	188	189	281	288	289	312	320	330	331	332	338	339	342	343	344	345	346	347	348	349	350	351	352	353	358	359	360	361	363	368	369	370	371	372	373	378	379	390	391	392	393	398	399	403	408	409	410	411	420	421	422	423	428	429	590	591	592	601	602	603	608	609	612	613	618	620	621	622	743	744	745	751	752	753	774	775	776	777	778	909	919	920	921	922	2418	2422	
19	32	33	35	132	133	142	152	153	154	155	158	159	162	163	168	169	170	171	172	173	178	179	186	188	189	312	320	332	347	349	350	351	352	353	358	359	360	361	363	368	369	370	371	372	373	390	391	392	393	398	399	408	409	420	423	591	592	602	603	621	622	774	775	776	777	778	919	920	921	922	2418	
180	181	182	183	184	185	186	187	189	196	250	267	271	276	591	592	621	622	623	624	774	775	776	778	802	803	806	807	812	813	846	848	849	851	880	881	882	891	893	909	919	920	921	922	1045	1048	1066	1067	1068	1069	1137	1138	1382	1383	1384	1385	1749	1886	1892	1903	1908	1919	1920	1929	1930	1931	1936	1937	1944	1945	1981	1987	2083	2095	2098	2099	2397	2412	2416	2420	
180	181	182	183	184	185	186	187	188	196	267	271	276	591	592	621	622	623	624	774	775	788	789	802	803	806	812	813	846	848	849	851	880	881	882	891	893	909	919	920	921	922	1045	1048	1066	1067	1068	1137	1138	1382	1383	1384	1749	1768	1778	1786	1787	1800	1886	1903	1908	1919	1920	1930	1931	1936	1937	1944	1945	1960	1981	1987	2083	2095	2098	2099	2397	2412	2416	2420	
2	12	13	18	22	32	33	54	55	58	132	133	135	138	139	142	143	148	149	162	163	164	165	168	169	172	173	174	175	178	179	182	183	184	185	191	198	199	216	217	226	227	255	266	267	2420	
2	13	54	55	58	132	133	135	138	139	142	143	148	149	154	159	162	163	164	165	168	169	172	173	174	175	178	179	182	183	184	185	190	198	199	216	217	226	227	255	266	267	2420	
54	55	193	198	199	216	217	226	440	470	471	472	473	474	475	476	477	478	479	480	481	482	486	487	488	489	490	491	496	497	506	507	510	511	516	517	518	519	520	521	526	527	530	541	556	577	579	641	642	652	657	658	667	668	678	693	797	846	847	848	849	850	851	870	871	880	881	882	891	892	893	895	1068	1069	1077	1078	1137	1757	1763	1778	1786	1787	1797	1800	1801	1908	1914	1915	1919	1920	1929	1930	1931	1936	1937	1945	1981	1987	2083	2095	2099	2398	2417	
54	55	192	198	199	208	209	216	217	218	219	226	228	229	238	239	255	265	266	267	276	277	440	470	471	472	473	474	475	476	477	478	479	480	481	482	486	487	488	489	490	491	496	497	498	499	506	507	508	509	510	511	516	517	518	519	520	521	526	527	528	529	530	541	548	549	550	551	556	558	559	570	577	579	580	587	588	589	641	642	651	652	657	658	667	668	670	678	693	698	699	700	701	702	710	712	713	730	731	732	797	846	847	848	849	850	851	861	866	870	871	876	880	881	882	891	892	893	895	904	905	906	1068	1069	1077	1078	1137	1684	1685	1734	1735	1749	1757	1763	1768	1778	1786	1787	1797	1800	1801	1892	1896	1902	1903	1908	1914	1915	1919	1920	1929	1930	1931	1936	1937	1944	1945	1980	1981	1987	2083	2095	2098	2099	2397	2398	2403	2417	
195	198	199	280	281	282	283	292	293	303	310	311	313	318	319	330	331	350	351	380	381	382	383	422	423	430	431	436	437	450	451	457	466	467	470	471	472	473	475	476	477	478	479	490	491	496	497	501	506	507	510	511	516	517	520	521	526	527	577	580	581	591	592	621	622	623	624	631	632	641	642	647	648	651	652	657	658	667	668	677	788	789	796	807	812	813	846	847	848	849	850	851	880	881	882	891	893	921	1048	1067	1068	1069	1080	1138	1384	1676	1677	1682	1778	1786	1787	1796	1797	1892	1902	1903	1908	1919	1920	1930	1931	1936	1937	1945	1981	2083	2095	2099	2416	2417	2418	
194	198	199	280	281	282	283	288	289	290	291	292	293	298	299	303	308	309	310	311	312	313	318	319	320	321	330	331	332	338	339	340	341	342	346	347	348	349	350	351	352	353	358	359	360	361	362	363	368	369	372	378	379	380	381	382	383	388	389	390	391	392	393	398	399	400	402	403	408	409	420	421	422	423	428	429	430	431	432	433	438	439	440	441	446	447	448	449	450	451	452	453	454	455	456	457	458	459	460	461	462	463	464	465	466	467	468	469	470	471	472	473	474	475	476	477	478	479	480	481	482	486	487	488	489	490	491	496	497	498	499	500	501	506	507	508	509	510	511	516	517	518	519	520	521	526	527	528	529	530	540	541	546	547	548	549	550	551	556	558	559	570	571	577	579	580	581	587	588	589	590	591	592	601	602	603	608	609	612	618	619	620	621	622	623	624	631	632	633	634	639	640	641	642	649	650	651	652	657	658	667	668	670	678	689	693	698	699	700	701	702	710	712	713	721	728	730	731	732	743	744	752	753	773	786	788	789	796	797	804	805	806	807	846	847	848	849	850	851	860	861	866	871	876	880	881	882	891	892	893	895	896	904	905	921	978	1037	1044	1045	1048	1056	1063	1067	1068	1069	1077	1078	1088	1137	1138	1152	1179	1374	1380	1381	1676	1677	1682	1684	1685	1686	1687	1733	1734	1735	1747	1749	1754	1755	1757	1763	1768	1776	1777	1778	1786	1787	1797	1800	1886	1892	1896	1897	1902	1903	1908	1914	1915	1919	1920	1929	1930	1931	1936	1937	1943	1944	1945	1980	1981	1987	2083	2095	2098	2099	2397	2398	2403	2412	2416	2417	2418	
8	48	49	108	128	129	132	133	135	138	139	142	143	148	149	154	159	162	163	164	165	168	169	172	173	174	175	178	179	182	183	184	185	188	189	197	198	199	280	281	282	283	288	289	292	293	303	309	310	311	312	313	318	319	320	321	330	331	332	338	339	340	341	342	343	344	346	347	348	349	350	351	352	353	358	359	360	361	362	363	368	369	370	371	372	373	378	379	380	381	382	383	388	389	390	391	392	393	398	399	402	403	408	409	410	420	421	422	423	428	429	590	591	592	601	602	603	608	609	612	613	618	619	620	621	622	623	624	632	639	743	744	751	752	753	788	789	909	920	921	1045	1048	1056	1063	2412	2416	2418	2420	
35	132	133	142	143	154	162	163	164	165	168	169	172	173	174	175	178	179	182	183	184	185	196	198	199	281	282	283	292	293	303	308	309	310	311	312	313	318	319	320	321	330	331	332	350	351	352	353	358	359	360	361	368	369	370	371	373	380	381	382	383	388	389	390	398	409	420	422	423	591	592	621	622	623	624	632	788	789	921	1048	2412	2416	2418	2420	
190	191	192	193	194	195	196	197	199	591	592	621	623	624	789	807	812	813	846	847	848	849	850	851	871	876	880	881	882	891	892	893	895	920	921	1048	1067	1068	1069	1080	1087	1088	1097	1098	1137	1138	1383	1384	1562	1757	1778	1786	1787	1796	1797	1800	1886	1892	1902	1903	1908	1914	1915	1919	1920	1929	1930	1931	1936	1937	1945	1980	1981	1987	2083	2095	2098	2099	2398	2411	2412	
190	191	192	193	194	195	196	197	198	591	592	621	623	624	786	789	807	812	813	846	847	848	849	850	851	871	876	880	881	882	891	892	893	895	920	921	1048	1067	1068	1069	1080	1088	1097	1098	1137	1138	1152	1383	1384	1562	1757	1778	1786	1787	1796	1797	1800	1886	1892	1902	1903	1908	1914	1915	1919	1920	1929	1930	1931	1936	1937	1945	1980	1981	1987	2083	2095	2098	2099	2398	2411	2412	
201	208	209	212	213	224	225	234	235	254	255	256	257	264	265	266	267	277	1672	
55	200	208	209	212	213	224	225	234	235	236	237	254	255	256	257	264	265	266	267	277	1672	
203	208	209	234	235	254	255	256	257	266	267	276	277	491	510	511	516	517	520	521	526	527	577	586	587	876	881	891	893	1919	1920	1929	1930	1931	1936	1937	2083	2095	2417	
202	208	209	234	235	254	255	256	257	266	267	276	277	491	510	511	516	517	518	519	520	521	526	527	536	537	586	681	682	871	876	877	880	881	882	891	893	895	1087	1088	1778	1786	1787	1936	1937	2095	2411	2417	
205	208	209	321	330	331	332	338	339	340	341	346	347	360	361	363	368	369	378	379	392	393	398	399	402	403	408	409	420	421	422	423	428	429	433	439	440	441	442	443	448	449	450	451	452	453	454	455	456	457	458	459	460	461	462	463	464	465	466	467	468	469	470	471	472	473	474	475	476	477	478	479	480	481	482	486	487	488	489	490	491	498	499	510	511	516	517	518	519	520	521	526	527	528	529	531	536	537	539	550	556	570	571	577	578	579	580	581	587	591	592	601	602	603	608	609	612	619	621	622	623	624	631	632	633	639	640	641	642	643	649	650	651	652	681	682	687	688	703	710	711	712	713	743	786	787	788	789	796	807	846	848	849	850	851	861	866	870	871	876	877	880	881	882	891	892	893	895	921	977	1046	1048	1067	1087	1088	1094	1097	1098	1113	1151	1152	1676	1677	1682	1686	1687	1757	1763	1778	1786	1787	1800	1801	1821	1892	1896	1902	1903	1908	1914	1915	1919	1920	1929	1930	1931	1936	1937	1945	1960	1977	1981	1987	2083	2095	2098	2099	2398	2411	2412	2416	2417	2418	
204	208	209	330	331	332	338	339	340	341	346	347	363	368	369	392	399	402	403	408	409	420	421	422	423	428	429	439	440	441	442	443	448	449	450	451	452	453	454	455	456	457	458	459	460	461	462	463	464	465	466	467	468	469	470	471	472	473	474	475	476	477	478	479	480	481	486	487	488	489	490	491	510	511	516	517	518	519	520	521	526	527	531	536	537	539	547	570	571	577	578	579	580	581	587	591	592	602	603	612	619	621	622	623	624	631	632	633	651	652	681	688	703	710	711	712	713	743	786	787	788	789	796	807	846	848	849	850	851	870	871	876	877	880	881	882	891	892	893	895	1046	1048	1067	1087	1088	1094	1097	1098	1113	1151	1676	1677	1682	1686	1687	1757	1778	1786	1787	1801	1821	1892	1896	1902	1903	1908	1914	1915	1919	1920	1929	1930	1931	1936	1937	1945	1960	1981	1987	2083	2095	2098	2099	2398	2411	2412	2416	2417	2418	
207	208	209	212	213	481	652	846	848	
206	208	209	212	213	481	652	846	848	1067	
183	193	200	201	202	203	204	205	206	207	209	255	266	267	276	277	556	591	592	621	622	623	624	651	652	681	688	713	786	787	788	789	846	848	849	850	851	861	866	870	871	876	877	880	881	882	891	892	893	895	921	1046	1067	1087	1088	1094	1097	1098	1113	1151	1232	1562	1757	1763	1778	1786	1787	1800	1801	1821	1929	1931	1936	1937	1945	1960	1981	1987	2083	2095	2098	2099	2286	2397	2411	2415	2416	2420	
183	193	200	201	202	203	204	205	206	207	208	255	266	267	276	277	556	591	592	621	622	623	624	651	652	681	688	713	786	787	788	789	796	846	848	849	850	851	861	866	870	871	876	877	880	881	882	891	892	893	895	921	1046	1067	1087	1088	1094	1097	1098	1113	1151	1232	1562	1757	1763	1778	1786	1787	1800	1801	1821	1931	1936	1937	1945	1960	1981	1987	2083	2095	2098	2099	2286	2397	2411	2412	2415	2416	2420	
22	23	32	33	35	42	43	44	45	48	49	132	133	182	183	184	185	211	218	219	226	227	2420	2422	
22	23	32	33	35	42	43	44	45	48	49	132	133	182	183	184	185	210	218	219	226	227	2420	2422	
200	201	206	207	213	218	219	224	225	226	227	246	254	255	256	257	266	267	270	271	276	277	851	
200	201	206	207	212	218	219	224	225	226	227	247	254	255	256	257	264	265	266	267	270	271	277	851	2419	
215	218	219	280	281	282	283	288	289	290	291	292	293	298	299	303	308	309	310	318	319	321	330	331	332	338	339	340	341	346	347	349	350	360	361	363	368	369	378	380	381	382	383	388	389	390	391	392	393	398	399	402	403	408	409	420	421	422	423	428	429	430	431	432	433	438	439	440	441	442	443	448	449	450	451	452	453	454	455	456	457	458	459	460	461	462	463	464	465	466	467	468	469	470	471	472	473	474	475	476	477	478	479	480	481	482	486	487	488	489	490	491	498	499	510	511	516	517	518	519	520	521	526	527	531	536	537	539	546	547	548	549	556	570	571	577	579	580	581	587	591	592	602	603	608	609	612	619	621	622	623	624	631	632	633	634	639	640	650	651	652	681	682	698	699	702	712	713	743	786	787	788	789	796	797	807	846	848	849	850	851	870	871	876	877	880	881	882	891	892	893	895	977	978	1046	1048	1067	1068	1087	1088	1113	1151	1676	1677	1682	1686	1687	1757	1763	1778	1786	1787	1800	1801	1821	1884	1885	1886	1892	1896	1902	1903	1908	1914	1915	1919	1920	1929	1930	1931	1936	1937	1945	1960	1981	1987	2083	2095	2098	2099	2398	2412	2416	2417	2418	
214	218	219	280	281	282	283	290	291	292	293	298	299	303	308	309	321	330	331	332	338	339	340	341	346	347	349	368	369	380	381	382	388	389	390	392	398	399	402	403	408	409	420	421	422	423	430	431	432	433	438	439	440	441	442	443	448	449	450	451	452	453	454	455	456	457	458	459	460	461	462	463	464	465	466	467	468	469	470	471	472	473	474	475	476	477	478	479	480	481	482	486	487	488	489	490	491	510	511	516	517	518	519	520	521	526	527	531	536	537	539	546	547	548	570	571	577	578	579	580	581	587	591	592	603	612	621	622	623	624	631	632	633	634	652	681	699	712	713	786	787	789	807	846	848	849	851	870	871	876	880	881	882	891	892	893	895	1048	1067	1068	1087	1088	1151	1676	1677	1682	1686	1687	1778	1786	1787	1821	1884	1885	1886	1892	1902	1903	1908	1914	1915	1919	1920	1929	1930	1931	1936	2083	2095	2099	2398	2416	2417	2418	
22	23	32	33	35	38	39	42	43	44	48	49	132	133	135	138	139	142	143	148	149	162	164	165	168	169	172	173	178	179	182	183	184	185	190	191	192	193	217	218	219	422	423	430	432	433	439	440	441	442	443	448	449	450	451	452	453	454	455	456	457	458	459	460	461	462	463	464	465	466	467	468	469	470	474	476	477	479	480	486	487	490	591	592	603	612	621	622	623	624	631	632	633	634	641	786	787	788	789	796	807	848	921	977	978	1037	1046	1048	1067	1068	1069	1151	2412	2416	2420	2422	
22	23	32	33	35	38	39	42	43	44	45	48	49	132	133	135	138	139	142	143	148	149	164	165	168	169	170	171	172	173	178	179	182	183	184	185	190	191	192	193	216	218	219	281	423	432	433	439	440	441	442	443	448	449	450	451	452	453	454	455	456	457	458	459	460	461	462	463	464	465	466	467	468	469	470	474	476	477	479	480	486	487	490	592	602	603	612	618	619	620	621	622	623	624	631	632	633	634	639	640	641	642	649	650	743	786	787	788	789	796	797	798	799	807	808	809	848	921	977	978	1037	1046	1048	1067	1068	1069	1151	1152	2412	2416	2420	2422	
183	193	210	211	212	213	214	215	216	217	219	255	266	267	271	276	277	556	591	592	621	622	623	624	651	652	681	713	786	787	788	789	796	806	807	846	848	849	850	851	861	866	870	871	876	877	880	881	882	891	892	893	895	921	978	1046	1048	1067	1068	1087	1088	1094	1098	1113	1151	1152	1757	1763	1778	1786	1787	1800	1801	1821	1960	1981	1987	2083	2412	2416	2420	
183	193	210	211	212	213	214	215	216	217	218	245	267	271	276	277	556	592	621	622	623	624	651	652	681	713	786	787	788	789	796	799	806	807	808	809	846	848	849	850	851	861	866	870	871	876	877	880	881	882	891	892	893	895	921	978	1046	1048	1067	1068	1069	1087	1088	1094	1113	1151	1152	1757	1763	1787	1800	1801	1821	2083	2412	2416	2420	
14	15	22	23	24	25	32	33	34	35	42	43	44	45	54	55	221	228	229	2422	
2	3	4	5	8	9	12	13	14	15	18	19	22	23	24	25	28	29	32	33	34	35	38	39	42	43	44	45	48	49	54	55	58	59	220	228	229	2422	
55	223	228	229	234	235	236	237	246	247	251	256	257	276	277	510	518	526	527	681	849	861	866	870	871	876	877	881	891	893	1087	1088	1094	1097	1098	1113	1232	1562	2083	2286	2411	2417	
55	222	228	229	234	235	236	237	246	247	251	256	257	276	277	510	526	527	681	1087	1088	2417	
200	201	212	213	225	228	229	256	266	267	270	271	276	277	846	848	880	881	882	891	893	1821	
200	201	212	213	224	228	229	256	266	267	270	271	276	277	520	521	
12	22	23	25	28	29	32	33	35	42	43	44	45	48	49	142	143	152	168	169	170	171	172	173	178	179	182	183	190	191	192	193	210	211	212	213	227	228	229	282	283	293	310	311	312	313	318	319	321	330	331	350	441	448	449	481	612	621	632	846	848	921	2420	2422	
2	5	8	18	22	23	28	29	32	33	35	38	39	42	43	44	45	48	49	132	142	143	168	169	170	171	172	173	178	179	182	183	184	185	190	191	210	211	212	213	226	228	229	282	283	292	293	309	846	848	2420	2422	
183	193	220	221	222	223	224	225	226	227	229	276	277	621	622	623	624	651	652	681	688	718	786	787	788	789	796	806	807	846	848	849	850	851	861	866	870	871	876	877	880	881	882	891	893	921	978	1046	1048	1067	1069	1087	1088	1094	1097	1098	1113	1151	1152	1232	1562	2083	2286	2411	2412	2416	2420	
183	193	220	221	222	223	224	225	226	227	228	250	267	271	276	277	591	592	621	622	623	624	651	652	681	688	713	786	787	788	789	796	806	807	846	848	849	850	851	861	866	870	871	876	877	880	881	882	891	892	893	895	921	978	1046	1048	1067	1069	1087	1088	1094	1097	1098	1113	1151	1152	1232	1562	2286	2411	2412	2416	2420	
22	23	24	25	32	33	34	35	42	43	52	53	54	55	231	238	239	2422	
22	23	24	25	28	29	52	53	54	55	230	238	239	
233	238	239	246	247	
232	238	239	246	247	
200	201	202	203	222	223	235	238	239	246	247	251	511	518	519	651	652	846	848	1067	
200	201	202	203	222	223	234	238	239	246	247	251	491	510	511	846	848	850	851	
54	201	222	223	237	238	239	
54	201	222	223	236	238	239	
183	193	230	231	232	233	234	235	236	237	239	240	621	622	623	624	651	652	654	673	674	681	786	787	788	789	796	846	848	849	850	851	881	882	891	893	921	978	1046	1048	1067	1069	1151	1152	1232	1233	2412	2416	2420	
183	193	230	231	232	233	234	235	236	237	238	276	621	622	623	624	651	652	654	681	688	786	787	788	789	796	806	846	848	849	850	851	891	921	978	1046	1048	1067	1069	1097	1098	1151	1152	1232	2411	2412	2416	2420	
2	3	4	5	8	9	12	13	14	15	18	19	22	23	24	25	28	29	32	33	34	35	38	39	42	43	48	49	52	53	58	59	109	238	241	248	249	2422	
2	3	4	5	8	9	13	18	22	23	24	25	28	29	32	33	34	35	38	39	42	43	48	49	52	53	240	248	249	2422	
64	65	66	67	68	69	76	77	78	79	88	89	99	243	248	249	580	581	1666	1667	1672	1673	1676	1677	1682	1683	1686	1687	1692	1693	1694	1695	1886	1892	1896	1897	1902	1903	1908	1914	1915	1919	1920	1929	1930	2083	2398	2421	
66	67	68	69	70	71	76	77	78	79	81	88	89	98	242	248	249	550	551	556	557	569	570	571	577	578	579	580	581	586	587	692	698	699	703	710	711	718	719	722	723	728	860	871	880	881	882	891	892	893	895	1128	1666	1667	1672	1673	1676	1677	1682	1683	1684	1685	1686	1687	1692	1693	1694	1695	1747	1749	1757	1763	1768	1769	1775	1778	1786	1787	1800	1801	1807	1821	1823	1886	1892	1897	1902	1903	1906	1908	1914	1915	1919	1920	1929	1931	1936	1937	1943	1944	1945	1960	1987	1988	2083	2397	2402	2403	2421	
77	79	89	245	248	249	250	251	1667	1672	1673	2421	
77	89	143	168	169	219	244	248	249	250	251	1666	
53	212	222	223	232	233	234	235	247	248	249	251	
53	213	222	223	232	233	234	235	246	248	249	251	
240	241	242	243	244	245	246	247	249	1673	1886	1892	1902	1903	
240	241	242	243	244	245	246	247	248	591	592	846	848	849	851	880	881	882	891	892	893	895	921	1067	1128	1673	1757	1763	1778	1786	1787	1800	1801	1807	1821	1823	1886	1892	1902	1903	1908	1914	1915	1919	1920	1929	1931	1936	1937	1944	1945	1960	1987	1988	2083	2402	
88	133	139	182	188	229	244	245	251	258	259	2420	
88	222	223	234	235	244	245	246	247	250	258	259	
64	65	66	67	68	69	76	77	78	79	84	88	89	98	99	253	258	259	261	570	571	579	580	581	586	587	1666	1667	1672	1673	1676	1677	1682	1683	1686	1687	1692	1693	1694	1695	1749	1778	1786	1884	1885	1886	1892	1896	1897	1902	1903	1908	1914	1915	1919	1920	1929	1930	1931	1936	1937	1943	1944	1945	1960	1987	2083	2099	2397	2398	2421	
64	65	66	67	68	69	76	77	78	79	84	88	89	98	99	252	258	259	261	570	571	579	580	581	586	587	1666	1667	1672	1673	1676	1677	1682	1683	1686	1687	1692	1693	1694	1695	1749	1884	1885	1886	1892	1896	1897	1902	1903	1908	1914	1915	1919	1920	1929	1930	1931	1936	1937	1943	1944	1945	1960	1987	2083	2099	2397	2398	2421	
200	201	202	203	212	213	255	258	259	260	261	266	267	270	271	276	277	488	489	491	492	510	511	512	513	518	519	651	652	653	654	673	674	681	682	846	848	849	850	851	1046	1067	1151	
99	142	143	148	149	190	191	193	200	201	202	203	208	209	212	213	218	254	258	259	260	261	266	267	270	271	332	338	339	340	341	342	346	347	349	363	368	372	378	379	398	420	423	428	429	450	451	453	454	455	456	457	458	459	460	461	464	466	467	468	469	480	481	487	490	499	511	590	591	592	601	602	603	608	609	612	619	621	622	623	624	631	632	633	634	639	640	743	756	757	763	774	775	846	848	851	921	1667	2415	2416	2418	
200	201	202	203	212	213	222	223	224	225	257	258	259	488	489	491	510	511	512	513	652	653	654	673	674	682	846	848	849	851	1067	
200	201	202	203	212	213	222	223	256	258	259	488	491	510	511	512	513	652	653	654	673	674	682	846	848	849	850	851	1067	
250	251	252	253	254	255	256	257	259	591	592	621	623	624	652	654	774	786	789	807	846	848	849	850	851	870	871	876	877	880	881	882	891	892	893	895	921	998	1007	1046	1067	1087	1088	1094	1097	1098	1151	1232	1757	1778	1786	1787	1800	1801	1807	1821	1823	1886	1892	1902	1903	1908	1914	1915	1919	1920	1929	1930	1931	1936	1937	1945	1957	1960	1981	1987	2083	2095	2099	2398	2411	
250	251	252	253	254	255	256	257	258	591	592	621	623	624	652	654	774	786	789	807	846	848	849	850	851	870	871	876	877	880	881	882	891	892	893	895	921	997	998	1007	1008	1067	1087	1088	1094	1097	1098	1151	1232	1757	1778	1786	1787	1800	1801	1807	1821	1823	1886	1892	1902	1903	1908	1914	1915	1919	1920	1929	1930	1931	1936	1937	1945	1960	1981	1987	2083	2095	2099	2398	2411	
77	79	84	85	88	89	254	255	261	268	269	1666	2421	
64	65	66	67	76	77	78	79	88	89	252	253	254	255	260	268	269	1666	2421	
64	65	66	67	68	69	74	75	76	77	78	79	84	88	89	94	95	98	99	263	268	269	550	551	556	557	570	571	577	578	579	580	581	586	587	698	710	711	712	713	722	870	871	876	880	881	882	891	892	893	895	1087	1088	1666	1667	1672	1673	1676	1677	1682	1686	1687	1692	1693	1752	1757	1778	1786	1787	1800	1801	1807	1884	1885	1886	1892	1896	1902	1903	1908	1914	1915	1919	1920	1929	1930	1931	1936	1937	1945	1957	1960	1981	1987	2083	2095	2099	2398	2421	
64	65	66	67	68	69	74	75	76	77	78	79	84	88	89	98	99	262	268	269	550	551	556	557	569	570	571	577	578	579	580	581	586	587	698	699	703	710	711	712	713	722	870	871	876	877	880	881	882	891	892	893	895	1087	1088	1094	1666	1667	1672	1673	1676	1677	1682	1686	1687	1692	1693	1753	1757	1778	1786	1787	1800	1801	1807	1821	1884	1885	1886	1892	1896	1902	1903	1908	1914	1915	1919	1920	1929	1930	1931	1936	1937	1945	1957	1960	1981	1987	2083	2095	2099	2398	2421	
200	201	213	265	268	269	270	271	580	581	1676	1677	1682	1686	1687	1692	1693	1884	1885	1886	1892	1902	1903	2419	
193	200	201	213	264	268	269	270	271	1676	1677	1682	1684	1686	1687	1692	1693	1884	1885	1886	1892	1896	1902	1903	2419	
132	135	142	143	148	149	171	178	179	190	191	193	200	201	202	203	208	209	212	213	218	224	225	254	255	267	268	269	270	271	331	332	338	339	340	341	342	346	347	349	358	361	363	368	369	372	378	379	389	390	391	392	393	398	399	402	403	408	409	420	421	422	423	428	429	450	451	454	455	456	457	458	459	460	461	466	467	468	469	480	486	487	490	499	590	591	592	601	602	603	608	609	612	619	621	622	623	631	632	633	639	640	743	846	848	849	850	851	919	921	1067	2416	2418	
28	32	33	35	38	39	43	45	48	49	133	138	139	142	143	148	149	182	183	188	189	190	191	193	200	201	202	203	208	209	212	213	218	219	224	225	229	254	255	266	268	269	270	271	292	293	299	303	308	309	310	311	312	313	318	319	321	330	331	332	338	339	340	341	346	347	349	350	351	358	360	361	363	368	369	372	378	379	390	398	409	420	421	422	423	428	429	601	608	2418	2420	2422	
260	261	262	263	264	265	266	267	269	591	592	621	623	624	652	654	774	775	786	789	807	846	848	849	850	851	870	871	876	877	880	881	882	891	892	893	895	919	921	1006	1067	1087	1088	1094	1097	1098	1151	1232	1757	1778	1786	1787	1800	1801	1807	1821	1823	1886	1892	1902	1903	1908	1914	1915	1919	1920	1929	1930	1931	1936	1937	1945	1957	1960	1981	1987	2083	2095	2099	2282	2283	2398	2411	
260	261	262	263	264	265	266	267	268	591	592	621	623	624	652	654	774	775	786	789	807	846	848	849	850	851	870	871	876	877	880	881	882	891	892	893	895	919	921	1067	1087	1088	1094	1097	1098	1128	1151	1232	1563	1757	1778	1786	1787	1800	1801	1807	1821	1823	1886	1892	1902	1903	1908	1914	1915	1919	1920	1929	1930	1931	1936	1937	1945	1960	1981	1987	2083	2095	2099	2282	2283	2398	2402	2411	
212	213	224	225	254	255	264	265	266	267	271	278	279	1672	1673	2419	
22	23	28	29	32	33	35	38	39	42	43	44	45	48	49	132	133	135	138	139	143	148	149	162	164	165	168	169	172	173	174	175	178	179	182	183	184	185	188	189	212	213	218	219	224	225	229	254	255	264	265	266	267	270	278	279	1672	1673	2419	2420	2422	
64	65	66	67	74	75	76	77	78	79	88	89	94	95	98	99	273	278	279	550	551	556	557	570	571	577	578	579	580	581	586	587	880	881	882	891	893	1666	1667	1672	1673	1676	1677	1682	1686	1687	1693	1746	1747	1749	1752	1778	1786	1787	1884	1885	1886	1892	1902	1903	1908	1915	1919	1920	1929	1930	1931	1936	1937	1945	1957	1960	1981	1987	2083	2095	2098	2419	2421	
64	65	66	67	74	75	76	77	78	79	88	89	94	95	98	99	272	278	279	550	551	556	557	570	571	577	580	581	586	587	881	882	891	893	1666	1667	1672	1673	1676	1677	1682	1686	1687	1693	1746	1747	1749	1752	1884	1885	1886	1892	1902	1903	1908	1915	1919	1920	1929	1930	1931	1936	1937	1943	1945	1960	1981	1987	2083	2095	2098	2419	2421	
275	278	279	280	281	282	330	331	380	381	420	421	430	431	432	433	440	441	442	443	470	471	476	477	479	491	510	511	512	513	520	521	550	551	570	571	577	580	581	587	621	651	652	1676	1677	1682	1686	1687	1749	1884	1885	1886	1892	1902	1903	1908	1919	1920	1930	1931	1936	1937	1943	1944	1945	2083	2095	2098	2417	2418	
274	278	279	280	281	282	288	289	290	291	292	293	298	299	303	308	309	330	331	332	338	339	340	341	360	361	363	368	369	380	381	382	388	389	390	392	398	399	402	403	408	409	420	421	422	423	428	429	430	431	432	433	438	439	440	441	442	443	448	449	454	455	456	457	458	459	470	471	472	473	474	475	476	477	478	479	480	481	486	487	488	489	490	491	492	493	510	511	512	513	518	519	520	521	550	551	556	570	571	577	578	579	580	581	586	587	591	592	602	603	621	622	623	624	652	654	756	786	787	846	848	849	850	851	870	871	876	880	881	882	891	892	893	895	921	1067	1087	1088	1676	1677	1682	1686	1687	1746	1747	1749	1778	1786	1787	1801	1821	1823	1884	1885	1886	1892	1896	1902	1903	1908	1914	1915	1919	1920	1929	1930	1931	1936	1937	1943	1944	1945	1981	2083	2095	2098	2398	2415	2416	2417	2418	
33	35	38	39	133	138	139	143	148	182	183	188	189	193	202	203	208	209	212	218	219	222	223	224	225	228	229	239	254	277	278	279	281	282	283	288	289	290	291	292	293	298	299	303	308	309	310	311	312	313	318	319	321	330	331	332	338	339	340	341	346	347	350	360	361	363	368	369	372	378	379	382	389	390	391	392	393	398	399	402	403	408	409	420	421	422	423	428	429	442	443	449	450	451	454	455	456	457	458	459	460	461	466	469	471	472	473	474	475	476	477	478	480	481	482	486	487	488	489	490	491	492	493	498	499	508	509	510	511	512	513	518	519	590	591	592	601	602	603	608	609	612	619	621	622	623	624	631	632	633	634	639	640	641	642	649	650	651	652	653	654	673	674	682	743	756	757	763	774	775	786	787	788	789	846	848	849	850	851	919	921	975	976	997	998	1007	1008	1067	1233	2415	2416	2418	2420	
183	193	200	201	202	203	208	209	212	213	218	219	222	223	224	225	228	229	254	276	278	279	288	289	331	338	339	340	341	346	347	378	379	420	422	423	428	429	450	451	454	455	456	457	458	459	460	461	466	469	472	473	474	475	478	480	481	482	486	487	488	489	490	491	492	493	498	499	509	510	511	512	513	518	519	590	591	592	601	602	603	608	609	619	621	622	623	624	631	632	633	634	639	640	641	642	649	650	651	652	653	654	673	674	682	743	756	757	763	774	775	786	787	788	789	846	848	849	850	851	919	921	975	976	997	998	1008	1067	2415	2416	2418	2420	
270	271	272	273	274	275	276	277	279	591	592	621	623	624	652	654	774	786	807	846	848	849	850	851	870	871	876	877	880	881	882	891	892	893	895	919	921	922	1067	1087	1088	1094	1097	1098	1151	1232	1757	1778	1786	1787	1800	1801	1807	1821	1823	1886	1892	1902	1903	1908	1914	1915	1919	1920	1929	1930	1931	1936	1937	1945	1957	1960	1981	1987	2083	2095	2098	2099	2282	2283	2398	2411	2419	
270	271	272	273	274	275	276	277	278	591	592	621	623	624	652	654	774	786	807	846	848	849	850	851	870	871	876	877	880	881	882	891	892	893	895	919	921	1067	1087	1088	1094	1097	1098	1151	1232	1757	1778	1786	1787	1800	1801	1807	1821	1823	1886	1892	1902	1903	1908	1914	1915	1919	1920	1929	1930	1931	1936	1937	1945	1960	1981	1987	2083	2095	2098	2099	2398	2411	2419	
14	15	18	19	104	105	108	109	110	111	112	113	114	115	116	117	118	119	124	126	127	144	145	146	147	194	195	196	214	215	274	275	281	288	289	
144	145	186	194	195	196	197	214	215	217	274	275	276	280	288	289	2420	
145	194	195	196	197	214	215	226	227	274	275	276	283	288	289	350	351	356	357	361	386	387	390	391	396	397	406	407	420	426	427	480	491	496	527	621	622	774	776	792	793	846	848	856	857	880	881	882	891	893	1079	1137	1138	1778	1786	1787	1892	1902	1903	1908	1915	1919	1920	1929	1930	1931	1936	1937	1945	1981	2083	2095	2098	2099	2416	2417	2418	
145	174	175	194	195	196	197	214	215	226	227	276	282	288	289	350	351	356	357	361	386	387	390	391	396	397	406	407	420	426	427	480	491	527	621	622	774	776	792	793	846	848	856	857	880	881	882	891	893	1079	1137	1138	1778	1786	1892	1902	1903	1908	1915	1919	1920	1930	1931	1936	1937	1945	1981	2083	2095	2098	2099	2416	2417	2418	
285	288	289	290	291	292	293	298	299	303	308	309	310	311	318	319	320	321	330	331	332	338	339	342	343	345	348	350	351	356	357	358	359	360	361	366	367	368	369	370	371	376	377	386	390	391	396	397	398	399	406	407	408	409	410	411	416	417	418	419	420	421	426	427	451	474	475	478	480	481	482	486	487	488	489	490	491	496	497	500	501	516	520	521	526	527	536	537	539	540	541	546	547	556	590	591	606	607	616	621	622	638	652	657	658	692	722	723	728	774	775	776	787	792	793	846	847	848	856	857	870	871	876	877	880	881	882	891	892	893	908	917	918	920	1046	1087	1088	1094	1137	1138	1139	1152	1778	1787	1892	1902	1903	1908	1914	1915	1919	1920	1929	1930	1931	1936	1937	1945	1980	1981	2083	2095	2098	2099	2398	2413	2414	2415	2416	2417	2418	
