3672	1733	3668	
3672	1726	3661	
3672	1725	3656	
3672	1736	3670	
3672	1727	3065	3657	
3669	2118	3667	
3661	2376	3666	
3651	3280	3653	
3644	3646	
3652	3585	3579	3660	
3665	2524	3443	3648	
3672	1722	1295	3674	
3672	1719	3662	
3672	1721	2999	3658	
3668	1929	1935	3669	
3656	2765	3665	
3670	1650	3671	
3658	3049	3022	3651	
3655	3185	3654	
3657	2759	3346	3652	
3674	3675	
3678	3681	
3681	240	3683	
3662	1062	1052	3677	
3666	3650	
3671	1508	2059	3673	
3675	3676	
3677	3678	
3650	3649	
3648	3513	3647	
3646	3359	3645	
3660	3528	3644	
3676	969	554	3679	
3653	3232	3240	3655	
3681	3680	
3659	2564	2879	3682	
3680	989	3663	
3663	2916	3659	
3682	3664	
