3664	2794	3669	
3658	3662	
3672	2769	2034	3668	
3678	3680	
3672	2771	3664	
3672	2768	1726	3658	
3672	1333	3671	
3672	1718	3063	3659	
3651	3653	
3660	3007	3198	3652	
3672	2678	3676	
3672	1107	3678	
3672	1348	3660	
3668	1929	1937	3670	
3671	1225	3673	
3659	3654	
3676	3677	
3670	2230	3667	
3669	2335	3650	
3662	3442	3647	
3673	1408	3674	
3654	2759	3148	3663	
3677	1204	1439	3675	
3680	944	3679	
3652	3651	
3667	3649	
3650	3648	
3647	3556	3646	
3663	3146	3156	3145	3644	
3679	972	941	3682	
3646	3645	
3684	3686	
3682	636	3681	
3681	3684	
3684	3683	
3683	2557	3665	
3665	2878	3661	
3655	3260	3656	
3661	2952	2966	3180	3657	
3657	3655	
3665	881	3666	
3666	3685	
