3669	1735	3666	
3678	989	3662	
3659	3441	3644	
3665	2119	3664	
3660	2848	3658	
3669	1732	3661	
3669	1730	3660	
3669	1736	3667	
3676	297	3679	
3669	1729	2779	3655	
3669	1718	1268	3673	
3679	3681	
3671	994	976	3675	
3657	2541	3680	
3669	1722	3671	
3669	1721	3069	3207	3656	
3666	2104	3665	
3661	2484	2357	3663	
3667	1599	3668	
3655	3651	
3673	3672	
3656	3052	3042	3650	
3663	3649	
3658	2827	3659	
3668	1184	3670	
3651	3646	
3672	928	3674	
3675	3676	
3650	3652	
3649	3648	
3646	3645	
3674	553	3677	
3652	2976	3654	
3648	3529	3647	
3679	3678	
3654	3184	3653	
3662	2875	3657	
