3669	1693	3667	
3669	1694	3661	
3661	2388	2375	3664	
3669	1695	2820	3660	
3669	1687	1333	3668	
3669	1702	1722	3027	3656	
3676	3677	
3669	1689	1295	3673	
3669	1692	1382	3672	
3658	2904	3663	
3669	1688	2678	1099	3657	
3667	1919	3666	
3660	3125	3659	
3668	1878	3670	
3656	3057	3652	
3673	1132	3674	
3680	3681	
3672	1085	877	3676	
3652	3349	3651	
3657	3207	3043	3653	
3666	2231	3665	
3664	3649	
3659	3443	3647	
3670	1167	3671	
3674	928	3675	
3653	3296	3650	
3665	3648	
3649	3493	3646	
3647	3451	3644	
3651	3141	3645	
3675	635	3678	
3677	282	3680	
3650	3168	3655	
3680	413	3679	
3655	3181	3654	
3679	143	3662	
3662	2917	3658	
