3669	1734	3666	
3669	1728	3660	
3669	1725	3656	
3669	1737	3667	
3669	1727	3064	3657	
3669	1718	1293	3672	
3669	1722	1328	3671	
3669	1721	1108	1100	3658	
3666	1936	3665	
3660	2417	3663	
3656	3662	
3667	1598	3668	
3657	3343	3651	
3672	1195	3673	
3671	992	3675	
3658	3052	3041	3649	
3665	2239	3664	
3663	3648	
3662	2848	3647	
3668	1447	1532	3670	
3651	3571	3655	
3673	970	3674	
3675	3676	
3649	3652	
3648	3646	
3647	3644	
3655	3486	3650	
3674	555	3677	
3676	3680	
3652	3165	3175	3654	
3644	3645	
3680	380	3679	
3654	3187	3653	
3679	2557	3661	
3661	2553	3659	
3659	2559	3678	
3680	3681	
