170.000000,-215.000000,326.000000
294.877905,-19.080367,317.000000
141.941125,-591.029437,334.440000
661.750000,-38.700000,336.280000
390.000000,-229.500000,326.880000
868.694535,-14.823756,328.000000
951.100000,-242.800000,359.000000
646.650000,-379.100000,335.120000
1100.100000,-300.000000,332.720000
492.771855,-663.390383,354.000000
562.900000,-533.300000,346.000000
275.947696,-847.457367,334.000000
554.155354,-817.298488,356.000000
524.115020,-1178.580295,367.240000
906.700000,-541.000000,340.000000
844.200000,-824.200000,351.000000
1168.000000,-585.000000,338.000000
1187.200000,-809.500000,330.000000
1445.200000,-705.900000,338.680000
1430.300000,-915.400000,343.000000
1411.900000,-1106.700000,311.000000
