170.000000,-215.000000,326.000000
256.538659,-52.408165,317.000000
69.669048,-273.585786,345.000000
49.431380,-313.633926,348.000000
110.289710,-540.143610,330.000000
87.939624,-638.851313,338.840000
447.800000,-41.800000,326.000000
704.391667,1.300000,331.040000
390.000000,-221.428090,322.960000
638.700000,-215.800000,345.000000
712.800000,-187.500000,326.000000
924.835074,-7.574039,336.000000
1095.100000,-242.800000,359.000000
706.400000,-316.900000,339.000000
937.200000,-369.633945,365.920000
1100.100000,-307.541772,339.480000
405.300000,-517.700000,325.000000
450.900000,-469.700000,347.000000
574.200000,-522.300000,361.000000
634.400000,-477.810909,367.480000
1269.500000,-524.600000,337.000000
1358.823453,-478.770632,342.080000
335.517914,-708.831720,332.000000
275.947696,-847.457367,334.000000
563.255024,-701.917774,330.000000
321.344813,-980.826549,361.000000
261.106658,-906.882939,337.000000
525.165233,-929.993991,350.000000
703.427163,-578.400000,352.480000
747.442595,-704.007240,370.000000
536.538528,-1160.161688,358.840000
906.700000,-584.000000,340.000000
907.900000,-796.100000,343.000000
784.300000,-944.247179,366.640000
995.200000,-951.363099,352.240000
1194.100000,-732.900000,334.000000
1190.200000,-934.800000,327.000000
1302.800000,-735.200000,354.000000
1342.600000,-699.100000,354.000000
1430.300000,-933.400000,343.000000
1448.900000,-1106.700000,311.000000
1526.200000,-982.900000,321.000000
