170.000000,-215.000000,326.000000
131.088620,-361.166074,348.000000
16.611795,-395.892272,330.000000
182.672945,-554.294817,330.000000
769.250000,1.300000,332.880000
721.400000,-125.900000,328.000000
423.000000,-229.500000,343.160000
638.700000,-215.800000,345.000000
915.866723,-33.041051,336.000000
921.400000,-235.100000,361.440000
646.650000,-379.100000,362.280000
706.400000,-316.900000,339.000000
937.200000,-384.700000,351.920000
1100.100000,-300.000000,339.440000
1167.900000,-381.000000,330.960000
405.300000,-517.700000,325.000000
450.900000,-469.700000,347.000000
574.200000,-522.300000,361.000000
772.000000,-522.000000,380.200000
1136.300000,-528.400000,324.000000
356.282086,-703.368280,332.000000
216.808806,-773.109592,334.000000
368.110223,-939.539950,352.000000
555.577145,-732.165677,357.000000
739.710150,-803.424966,376.880000
626.976768,-932.677435,346.000000
539.772422,-1155.367243,366.520000
907.900000,-736.100000,343.000000
840.300000,-973.900000,362.840000
1066.900000,-542.000000,340.000000
1073.100000,-931.100000,329.000000
1238.100000,-732.900000,334.000000
1190.200000,-934.800000,327.000000
1342.600000,-713.100000,354.000000
1430.300000,-933.400000,343.000000
1349.100000,-620.600000,319.000000
1508.400000,-956.300000,310.000000
