170.000000,-215.000000,326.000000
276.942095,-75.879633,317.000000
141.941125,-591.029437,368.560000
769.250000,1.300000,358.080000
390.000000,-229.500000,341.600000
638.700000,-215.800000,345.000000
868.694535,-14.823756,328.000000
1095.100000,-242.800000,359.000000
1100.100000,-345.000000,339.760000
480.900000,-508.700000,347.000000
575.400000,-522.000000,335.040000
1188.300000,-528.400000,324.000000
276.655510,-809.360107,362.000000
542.827587,-803.309861,356.000000
524.115020,-1178.580295,345.040000
897.700000,-628.600000,368.600000
840.300000,-920.900000,353.120000
1105.500000,-807.000000,325.000000
1187.000000,-1103.700000,321.000000
1445.200000,-705.900000,313.560000
1430.300000,-933.400000,343.000000
