170.000000,-215.000000,326.000000
276.942095,-75.879633,317.000000
364.000000,-228.500000,320.000000
110.289710,-540.143610,330.000000
661.750000,1.300000,360.560000
783.200000,-238.400000,367.000000
882.313141,23.848373,328.000000
822.300000,-293.700000,334.000000
1100.100000,-345.000000,353.040000
480.900000,-508.700000,347.000000
634.400000,-522.000000,364.080000
862.300000,-524.900000,342.160000
1188.300000,-528.400000,324.000000
246.991194,-870.490408,334.000000
558.622422,-811.254185,339.000000
485.884980,-1119.019705,341.960000
560.734840,-1127.606756,355.000000
840.300000,-973.900000,334.760000
1105.500000,-807.000000,325.000000
1172.000000,-1103.700000,321.000000
1445.200000,-705.900000,321.040000
1422.100000,-942.300000,316.000000
