170.000000,-215.000000,326.000000
315.281341,-42.551835,317.000000
-23.669048,-276.414214,345.000000
131.088620,-361.166074,348.000000
84.029500,-429.708859,342.000000
124.970563,-574.058875,352.040000
721.400000,-125.900000,328.000000
390.000000,-189.500000,322.680000
638.700000,-195.800000,345.000000
862.505465,30.823756,328.000000
924.835074,-7.574039,336.000000
921.400000,-160.100000,335.080000
375.100000,-380.800000,354.120000
646.650000,-379.100000,330.480000
775.600000,-350.600000,376.440000
937.200000,-349.700000,339.200000
1167.300000,-315.900000,362.960000
405.300000,-517.700000,325.000000
574.200000,-522.300000,361.000000
772.000000,-522.000000,374.800000
912.300000,-524.900000,367.200000
1188.300000,-528.400000,324.000000
1309.918626,-489.551924,337.880000
330.760431,-702.598578,329.000000
246.991194,-870.490408,334.000000
540.717791,-720.168065,330.000000
376.522177,-936.144802,361.000000
510.990199,-938.988843,333.000000
747.442595,-704.007240,370.000000
542.281475,-1154.964996,355.000000
840.300000,-973.900000,350.920000
930.200000,-803.200000,345.000000
995.200000,-931.700000,366.920000
1142.500000,-781.000000,325.000000
1190.200000,-934.800000,327.000000
1302.800000,-703.200000,354.000000
1430.300000,-915.400000,343.000000
1349.100000,-620.600000,319.000000
1508.400000,-984.300000,310.000000
