170.000000,-215.000000,326.000000
256.538659,-52.408165,317.000000
364.000000,-228.500000,320.000000
24.414214,-228.330952,345.000000
106.575198,-381.735277,348.000000
124.970563,-574.058875,367.720000
721.400000,-65.900000,328.000000
638.700000,-215.800000,345.000000
712.800000,-237.500000,326.000000
956.402490,-53.713822,347.000000
951.100000,-242.800000,359.000000
775.600000,-350.600000,363.000000
997.200000,-384.700000,353.240000
1217.300000,-338.900000,348.400000
405.300000,-517.700000,325.000000
574.200000,-522.300000,361.000000
658.000000,-400.000000,357.120000
862.300000,-524.900000,344.440000
1136.300000,-528.400000,324.000000
356.282086,-703.368280,332.000000
187.852304,-796.142633,334.000000
326.144341,-973.523251,352.000000
648.079893,-733.082564,345.000000
525.165233,-929.993991,350.000000
739.710150,-803.424966,374.360000
539.772422,-1155.367243,346.160000
909.000000,-663.500000,351.000000
840.300000,-920.900000,354.680000
986.200000,-803.200000,345.000000
1073.100000,-931.100000,329.000000
1238.100000,-732.900000,334.000000
1124.200000,-934.800000,327.000000
1342.600000,-699.100000,354.000000
1359.800000,-701.500000,354.000000
1430.300000,-915.400000,343.000000
1508.400000,-956.300000,310.000000
