170.000000,-215.000000,326.000000
315.281341,-42.551835,317.000000
364.000000,-228.500000,320.000000
69.669048,-273.585786,345.000000
49.431380,-313.633926,348.000000
182.370500,-410.291141,342.000000
131.462291,-580.550602,356.280000
769.250000,-38.466667,359.720000
721.400000,-125.900000,328.000000
638.700000,-215.800000,345.000000
1000.997510,-45.486178,347.000000
951.100000,-156.800000,359.000000
706.400000,-316.900000,339.000000
937.200000,-378.560550,338.120000
1127.900000,-321.137931,362.600000
405.300000,-475.700000,325.000000
574.200000,-399.300000,361.000000
862.300000,-511.232000,370.560000
492.771855,-663.390383,354.000000
522.900000,-533.300000,346.000000
356.282086,-703.368280,332.000000
216.808806,-773.109592,334.000000
540.717791,-720.168065,330.000000
337.077823,-1000.255198,361.000000
714.913124,-812.528582,350.800000
541.210959,-945.671187,369.680000
520.170053,-1175.919381,337.640000
906.700000,-541.000000,340.000000
907.900000,-796.100000,343.000000
784.300000,-962.837949,339.280000
1073.100000,-931.100000,329.000000
1253.000000,-564.000000,338.000000
1142.500000,-781.000000,325.000000
1190.200000,-934.800000,327.000000
1172.000000,-1103.700000,321.000000
1305.600000,-713.100000,354.000000
1383.300000,-915.400000,343.000000
1366.100000,-620.600000,319.000000
1526.200000,-952.900000,321.000000
