170.000000,-215.000000,326.000000
276.942095,-75.879633,317.000000
141.941125,-591.029437,335.400000
507.800000,6.200000,326.000000
390.000000,-229.500000,329.160000
712.800000,-237.500000,326.000000
848.886859,-7.848373,328.000000
846.400000,-235.100000,351.480000
1100.100000,-345.000000,326.240000
450.900000,-508.700000,347.000000
772.000000,-522.000000,361.200000
862.300000,-524.900000,351.400000
1204.500000,-524.600000,337.000000
276.655510,-809.360107,362.000000
521.844646,-820.301512,356.000000
524.115020,-1178.580295,354.240000
840.300000,-973.900000,348.800000
1200.200000,-809.500000,330.000000
1187.000000,-1103.700000,321.000000
1445.200000,-705.900000,339.720000
1430.300000,-915.400000,343.000000
