170.000000,-215.000000,326.000000
256.538659,-52.408165,317.000000
250.000000,-228.500000,320.000000
91.029437,-641.941125,356.160000
661.750000,1.300000,338.440000
783.200000,-238.400000,370.120000
848.886859,-7.848373,328.000000
1095.100000,-242.800000,359.000000
1127.900000,-381.000000,337.280000
379.300000,-517.700000,325.000000
574.200000,-522.300000,361.000000
1204.500000,-524.600000,337.000000
246.991194,-870.490408,334.000000
542.827587,-803.309861,356.000000
485.884980,-1119.019705,349.560000
542.281475,-1154.964996,355.000000
906.700000,-541.000000,340.000000
840.300000,-973.900000,351.480000
1142.500000,-807.000000,325.000000
1172.000000,-1103.700000,321.000000
1432.700000,-760.200000,336.000000
1430.300000,-915.400000,343.000000
