170.000000,-215.000000,326.000000
294.877905,-19.080367,317.000000
364.000000,-228.500000,320.000000
73.388205,-564.107728,330.000000
661.750000,-38.700000,342.720000
638.700000,-215.800000,345.000000
882.313141,23.848373,328.000000
951.100000,-242.800000,359.000000
1127.900000,-276.000000,359.960000
480.900000,-508.700000,347.000000
517.200000,-522.300000,361.000000
1269.500000,-524.600000,337.000000
276.655510,-809.360107,362.000000
533.172413,-834.290139,356.000000
488.583840,-1107.904799,344.400000
531.718525,-1108.035004,355.000000
906.700000,-541.000000,340.000000
840.300000,-920.900000,369.320000
1142.500000,-807.000000,325.000000
1432.700000,-760.200000,336.000000
1422.100000,-942.300000,316.000000
