170.000000,-215.000000,326.000000
294.877905,-19.080367,317.000000
24.414214,-228.330952,345.000000
106.575198,-381.735277,348.000000
16.611795,-395.892272,330.000000
164.967316,-519.545563,330.000000
776.400000,-125.900000,328.000000
390.000000,-229.500000,353.720000
638.700000,-215.800000,345.000000
862.505465,30.823756,328.000000
956.402490,-53.713822,347.000000
951.100000,-242.800000,359.000000
511.950000,-379.100000,332.560000
727.600000,-311.200000,346.280000
997.200000,-384.700000,329.480000
1167.300000,-338.900000,353.360000
379.300000,-475.700000,325.000000
480.900000,-508.700000,347.000000
634.400000,-522.000000,337.520000
1320.099628,-507.918938,339.400000
216.808806,-773.109592,334.000000
540.717791,-720.168065,330.000000
432.826519,-737.278369,341.000000
337.077823,-1000.255198,361.000000
705.181369,-705.291739,362.000000
525.165233,-929.993991,350.000000
765.700000,-537.600000,354.000000
560.734840,-1127.606756,355.000000
909.000000,-630.500000,351.000000
840.300000,-973.900000,341.720000
931.800000,-741.400000,345.000000
1073.100000,-931.100000,329.000000
1253.000000,-564.000000,338.000000
1194.100000,-732.900000,334.000000
1124.200000,-934.800000,327.000000
1302.800000,-703.200000,354.000000
1308.000000,-908.500000,323.640000
1508.400000,-984.300000,310.000000
