170.000000,-215.000000,326.000000
294.877905,-19.080367,317.000000
141.941125,-591.029437,351.080000
507.800000,-41.800000,326.000000
783.200000,-238.400000,360.880000
862.505465,30.823756,328.000000
921.400000,-235.100000,368.480000
1100.100000,-345.000000,326.280000
379.300000,-517.700000,325.000000
575.400000,-522.000000,374.880000
276.655510,-809.360107,362.000000
558.622422,-811.254185,339.000000
513.265160,-1135.393244,355.000000
906.700000,-541.000000,340.000000
892.700000,-988.700000,340.000000
1168.000000,-585.000000,338.000000
1200.200000,-809.500000,330.000000
1445.200000,-705.900000,314.120000
1430.300000,-915.400000,343.000000
