170.000000,-215.000000,326.000000
276.942095,-75.879633,317.000000
364.000000,-131.500000,320.000000
24.414214,-228.330952,345.000000
114.741891,-466.597191,342.000000
-20.289710,-419.856390,330.000000
124.970563,-574.058875,336.560000
721.400000,-65.900000,328.000000
564.700000,-215.800000,345.000000
712.800000,-237.500000,326.000000
956.402490,-53.713822,347.000000
1095.100000,-156.800000,359.000000
727.600000,-311.200000,362.720000
997.200000,-384.700000,339.360000
1167.900000,-381.000000,325.080000
405.300000,-475.700000,325.000000
574.200000,-399.300000,361.000000
634.400000,-522.000000,366.400000
912.300000,-524.900000,348.760000
403.647120,-605.714937,361.960000
330.760431,-702.598578,329.000000
216.808806,-773.109592,334.000000
321.344813,-980.826549,361.000000
648.079893,-733.082564,345.000000
708.600000,-536.400000,350.480000
732.676822,-715.964328,370.000000
548.846271,-955.100013,372.240000
513.265160,-1135.393244,355.000000
907.900000,-736.100000,343.000000
840.300000,-973.900000,362.800000
995.200000,-973.700000,342.880000
1168.000000,-564.000000,338.000000
1194.100000,-732.900000,334.000000
1124.200000,-964.800000,327.000000
1302.800000,-735.200000,354.000000
1342.600000,-699.100000,354.000000
1430.300000,-933.400000,343.000000
1508.400000,-956.300000,310.000000
