170.000000,-215.000000,326.000000
315.281341,-42.551835,317.000000
364.000000,-228.500000,320.000000
110.289710,-540.143610,330.000000
507.800000,-41.800000,326.000000
862.505465,30.823756,328.000000
921.400000,-235.100000,343.880000
511.950000,-379.100000,358.720000
1100.100000,-300.000000,345.960000
405.300000,-517.700000,325.000000
912.300000,-524.900000,362.120000
1269.500000,-524.600000,337.000000
562.900000,-554.300000,346.000000
278.544490,-843.439893,362.000000
518.741257,-813.551287,333.000000
524.115020,-1178.580295,371.840000
844.200000,-824.200000,351.000000
1268.300000,-853.500000,314.000000
1187.000000,-1103.700000,321.000000
1432.700000,-760.200000,336.000000
1430.300000,-933.400000,343.000000
