170.000000,-215.000000,326.000000
294.877905,-19.080367,317.000000
364.000000,-131.500000,320.000000
-23.669048,-276.414214,345.000000
131.088620,-361.166074,348.000000
110.289710,-540.143610,330.000000
507.800000,-41.800000,326.000000
702.331250,1.300000,330.120000
564.700000,-215.800000,345.000000
783.200000,-197.674805,336.280000
915.866723,-33.041051,336.000000
921.400000,-166.661753,346.960000
450.747826,-380.800000,327.600000
706.400000,-316.900000,339.000000
989.515596,-384.700000,332.960000
1100.100000,-313.237975,359.480000
405.300000,-517.700000,325.000000
517.200000,-399.300000,361.000000
1188.300000,-528.400000,324.000000
1333.473813,-500.505506,342.160000
562.900000,-533.300000,346.000000
342.273816,-716.204494,332.000000
187.852304,-796.142633,334.000000
326.144341,-973.523251,352.000000
565.016951,-743.822867,357.000000
705.193116,-578.400000,343.440000
709.820554,-806.239782,371.480000
568.507246,-939.178869,362.360000
514.286493,-1171.950870,355.000000
821.977949,-973.900000,348.520000
1066.900000,-596.000000,340.000000
931.800000,-741.400000,345.000000
1011.100000,-931.100000,329.000000
1105.500000,-807.000000,325.000000
1190.200000,-964.800000,327.000000
1302.800000,-735.200000,354.000000
1383.300000,-915.400000,343.000000
1511.200000,-982.900000,321.000000
