170.000000,-215.000000,326.000000
276.942095,-75.879633,317.000000
21.585786,-321.669048,345.000000
131.088620,-361.166074,348.000000
141.941125,-591.029437,363.000000
507.800000,6.200000,326.000000
769.250000,1.300000,347.040000
423.000000,-229.500000,351.360000
564.700000,-215.800000,345.000000
783.200000,-238.400000,357.840000
924.835074,-7.574039,336.000000
921.400000,-235.100000,364.360000
646.650000,-379.100000,354.080000
732.600000,-315.600000,351.720000
937.200000,-384.700000,337.760000
1217.300000,-315.900000,338.960000
379.300000,-475.700000,325.000000
450.900000,-508.700000,347.000000
517.200000,-522.300000,361.000000
912.300000,-524.900000,361.800000
1136.300000,-528.400000,324.000000
246.991194,-870.490408,334.000000
563.255024,-701.917774,330.000000
448.973481,-800.121631,341.000000
368.110223,-939.539950,352.000000
736.647389,-744.149037,362.000000
525.165233,-929.993991,350.000000
765.700000,-577.600000,354.000000
542.281475,-1154.964996,355.000000
907.900000,-736.100000,343.000000
784.300000,-973.900000,347.160000
932.200000,-973.700000,347.520000
1238.100000,-732.900000,334.000000
1124.200000,-934.800000,327.000000
1172.000000,-1103.700000,321.000000
1342.600000,-699.100000,354.000000
1359.800000,-701.500000,354.000000
1308.000000,-908.500000,332.480000
1511.200000,-982.900000,321.000000
