170.000000,-215.000000,326.000000
294.877905,-19.080367,317.000000
21.585786,-321.669048,345.000000
131.088620,-361.166074,348.000000
182.672945,-554.294817,330.000000
721.400000,-65.900000,328.000000
390.000000,-229.500000,348.200000
564.700000,-215.800000,345.000000
712.800000,-187.500000,326.000000
924.835074,-7.574039,336.000000
951.100000,-242.800000,359.000000
775.600000,-350.600000,376.720000
997.200000,-384.700000,362.080000
1217.300000,-338.900000,346.360000
405.300000,-517.700000,325.000000
480.900000,-469.700000,347.000000
574.200000,-399.300000,361.000000
1204.500000,-524.600000,337.000000
522.900000,-554.300000,346.000000
187.852304,-796.142633,334.000000
540.717791,-720.168065,330.000000
448.973481,-800.121631,341.000000
321.344813,-980.826549,361.000000
525.165233,-929.993991,350.000000
705.700000,-537.600000,354.000000
747.442595,-704.007240,370.000000
470.227578,-1142.232757,355.840000
513.265160,-1135.393244,355.000000
906.700000,-584.000000,340.000000
840.300000,-973.900000,367.720000
931.800000,-741.400000,345.000000
1073.100000,-931.100000,329.000000
1194.100000,-732.900000,334.000000
1190.200000,-934.800000,327.000000
1187.000000,-1103.700000,321.000000
1302.800000,-703.200000,354.000000
1342.600000,-699.100000,354.000000
1430.300000,-915.400000,343.000000
1511.200000,-952.900000,321.000000
