170.000000,-215.000000,326.000000
315.281341,-42.551835,317.000000
73.388205,-564.107728,330.000000
661.750000,-38.700000,339.040000
564.700000,-215.800000,345.000000
848.886859,-7.848373,328.000000
918.300000,-293.700000,334.000000
1127.900000,-276.000000,329.080000
405.300000,-475.700000,325.000000
574.200000,-522.300000,361.000000
862.300000,-524.900000,369.800000
1188.300000,-528.400000,324.000000
475.416590,-642.707183,354.000000
275.947696,-847.457367,334.000000
533.172413,-834.290139,356.000000
531.718525,-1108.035004,355.000000
840.300000,-973.900000,336.880000
1142.500000,-807.000000,325.000000
1172.000000,-1103.700000,321.000000
1446.700000,-760.200000,336.000000
1446.100000,-942.300000,316.000000
