170.000000,-215.000000,326.000000
256.538659,-52.408165,317.000000
21.585786,-321.669048,345.000000
114.741891,-466.597191,342.000000
147.032684,-572.454437,330.000000
447.800000,6.200000,326.000000
776.400000,-125.900000,328.000000
423.000000,-229.500000,342.840000
638.700000,-195.800000,345.000000
862.505465,30.823756,328.000000
997.529848,-62.230888,347.000000
951.100000,-156.800000,359.000000
511.950000,-379.100000,352.040000
732.600000,-350.600000,349.880000
997.200000,-384.700000,365.200000
1100.100000,-345.000000,351.520000
379.300000,-517.700000,325.000000
517.200000,-522.300000,361.000000
330.760431,-702.598578,329.000000
275.947696,-847.457367,334.000000
563.255024,-701.917774,330.000000
337.077823,-1000.255198,361.000000
736.647389,-744.149037,362.000000
708.600000,-536.400000,342.640000
538.147825,-941.888531,370.560000
488.583840,-1107.904799,355.440000
524.115020,-1178.580295,361.520000
906.700000,-584.000000,340.000000
907.900000,-796.100000,343.000000
784.300000,-920.900000,347.120000
1011.100000,-931.100000,329.000000
1253.000000,-585.000000,338.000000
1194.100000,-732.900000,334.000000
1190.200000,-934.800000,327.000000
1187.000000,-1103.700000,321.000000
1302.800000,-735.200000,354.000000
1305.600000,-699.100000,354.000000
1430.300000,-915.400000,343.000000
1411.900000,-1106.700000,311.000000
1526.200000,-952.900000,321.000000
