170.000000,-215.000000,326.000000
315.281341,-42.551835,317.000000
21.585786,-321.669048,345.000000
106.575198,-381.735277,348.000000
141.941125,-591.029437,334.760000
721.400000,-65.900000,328.000000
423.000000,-229.500000,321.880000
564.700000,-215.800000,345.000000
712.800000,-187.500000,326.000000
915.866723,-33.041051,336.000000
921.400000,-235.100000,363.120000
502.100000,-380.800000,319.000000
775.600000,-315.600000,362.680000
937.200000,-384.700000,355.320000
1127.900000,-381.000000,339.560000
405.300000,-475.700000,325.000000
574.200000,-522.300000,361.000000
912.300000,-524.900000,356.120000
365.352880,-646.685063,345.840000
342.273816,-716.204494,332.000000
275.947696,-847.457367,334.000000
392.255187,-955.573451,361.000000
648.079893,-733.082564,345.000000
510.990199,-938.988843,333.000000
705.700000,-577.600000,354.000000
747.442595,-704.007240,370.000000
524.115020,-1178.580295,363.120000
784.300000,-920.900000,366.040000
1023.800000,-741.400000,345.000000
995.200000,-931.700000,344.480000
1168.000000,-585.000000,338.000000
1194.100000,-732.900000,334.000000
1190.200000,-964.800000,327.000000
1187.000000,-1103.700000,321.000000
1302.800000,-703.200000,354.000000
1430.300000,-915.400000,343.000000
1349.100000,-574.600000,319.000000
1511.200000,-952.900000,321.000000
