170.000000,-215.000000,326.000000
-23.669048,-276.414214,345.000000
106.575198,-381.735277,348.000000
84.029500,-429.708859,342.000000
141.941125,-591.029437,347.640000
769.250000,-38.700000,356.000000
390.000000,-229.500000,326.560000
564.700000,-215.800000,345.000000
783.200000,-238.400000,339.440000
956.402490,-53.713822,347.000000
921.400000,-160.100000,353.560000
511.950000,-379.100000,364.840000
706.400000,-316.900000,339.000000
937.200000,-349.700000,366.160000
1100.100000,-345.000000,344.800000
405.300000,-475.700000,325.000000
450.900000,-508.700000,347.000000
912.300000,-524.900000,365.000000
1136.300000,-528.400000,324.000000
522.900000,-533.300000,346.000000
356.282086,-703.368280,332.000000
246.991194,-870.490408,334.000000
563.255024,-701.917774,330.000000
326.144341,-973.523251,352.000000
510.990199,-938.988843,333.000000
708.600000,-536.400000,362.480000
739.710150,-803.424966,370.320000
488.583840,-1107.904799,346.800000
524.115020,-1178.580295,362.280000
840.300000,-920.900000,346.840000
931.800000,-741.400000,345.000000
995.200000,-973.700000,346.160000
1105.500000,-781.000000,325.000000
1124.200000,-964.800000,327.000000
1302.800000,-735.200000,354.000000
1342.600000,-699.100000,354.000000
1308.000000,-908.500000,357.960000
1526.200000,-982.900000,321.000000
