170.000000,-215.000000,326.000000
364.000000,-131.500000,320.000000
21.585786,-321.669048,345.000000
131.088620,-361.166074,348.000000
110.289710,-540.143610,330.000000
83.929110,-634.840798,359.400000
721.400000,-65.900000,328.000000
564.700000,-195.800000,345.000000
765.059740,-238.400000,360.920000
915.866723,-33.041051,336.000000
1095.100000,-242.800000,359.000000
389.235652,-380.800000,349.880000
764.648807,-350.600000,356.760000
937.200000,-381.283486,329.640000
1159.329885,-381.000000,331.640000
379.300000,-517.700000,325.000000
517.200000,-399.300000,361.000000
723.097931,-522.000000,370.320000
1269.500000,-524.600000,337.000000
522.900000,-533.300000,346.000000
335.517914,-708.831720,332.000000
275.947696,-847.457367,334.000000
540.717791,-720.168065,330.000000
376.522177,-936.144802,361.000000
736.647389,-744.149037,362.000000
525.165233,-929.993991,350.000000
517.214717,-1173.925982,346.360000
909.000000,-663.500000,351.000000
907.900000,-736.100000,343.000000
840.300000,-941.719487,353.640000
1073.100000,-931.100000,329.000000
1105.500000,-781.000000,325.000000
1190.200000,-964.800000,327.000000
1172.000000,-1103.700000,321.000000
1302.800000,-735.200000,354.000000
1430.300000,-915.400000,343.000000
1366.100000,-620.600000,319.000000
1508.400000,-956.300000,310.000000
