170.000000,-215.000000,326.000000
315.281341,-42.551835,317.000000
21.585786,-321.669048,345.000000
131.088620,-361.166074,348.000000
124.970563,-574.058875,368.720000
721.400000,-65.900000,328.000000
423.000000,-229.500000,344.800000
564.700000,-215.800000,345.000000
743.200000,-238.400000,351.720000
997.529848,-62.230888,347.000000
921.400000,-235.100000,346.640000
727.600000,-311.200000,352.360000
937.200000,-384.700000,332.360000
1167.300000,-338.900000,353.320000
405.300000,-517.700000,325.000000
450.900000,-469.700000,347.000000
517.200000,-399.300000,361.000000
575.400000,-522.000000,337.280000
772.000000,-522.000000,345.640000
1136.300000,-528.400000,324.000000
1320.099628,-507.918938,338.680000
275.947696,-847.457367,334.000000
469.956422,-783.129981,341.000000
326.144341,-973.523251,352.000000
648.079893,-733.082564,345.000000
732.676822,-715.964328,370.000000
596.252175,-916.711469,370.400000
488.583840,-1107.904799,356.480000
524.115020,-1178.580295,373.160000
906.700000,-541.000000,340.000000
784.300000,-973.900000,340.920000
931.800000,-741.400000,345.000000
1073.100000,-931.100000,329.000000
1238.100000,-732.900000,334.000000
1190.200000,-934.800000,327.000000
1187.000000,-1103.700000,321.000000
1302.800000,-735.200000,354.000000
1383.300000,-915.400000,343.000000
1508.400000,-984.300000,310.000000
