170.000000,-215.000000,326.000000
315.281341,-42.551835,317.000000
110.289710,-540.143610,330.000000
769.250000,-38.700000,345.520000
390.000000,-229.500000,347.840000
712.800000,-237.500000,326.000000
868.694535,-14.823756,328.000000
918.300000,-293.700000,334.000000
1100.100000,-345.000000,332.520000
405.300000,-517.700000,325.000000
658.000000,-522.000000,381.160000
862.300000,-524.900000,369.480000
1204.500000,-524.600000,337.000000
278.544490,-843.439893,362.000000
521.844646,-820.301512,356.000000
539.772422,-1155.367243,365.680000
809.800000,-1055.800000,337.000000
1187.200000,-809.500000,330.000000
1446.700000,-723.200000,336.000000
1446.100000,-942.300000,316.000000
