170.000000,-215.000000,326.000000
294.877905,-19.080367,317.000000
364.000000,-131.500000,320.000000
69.669048,-273.585786,345.000000
106.575198,-381.735277,348.000000
110.289710,-540.143610,330.000000
769.250000,-23.566667,341.840000
721.400000,-125.900000,328.000000
638.700000,-195.800000,345.000000
959.870152,-36.969112,347.000000
921.400000,-167.761355,350.640000
375.100000,-310.367826,333.360000
511.950000,-347.708000,333.080000
757.613483,-311.200000,351.400000
985.464220,-384.700000,340.320000
1217.300000,-321.102759,332.680000
379.300000,-517.700000,325.000000
892.880000,-524.900000,363.840000
1136.300000,-528.400000,324.000000
522.900000,-554.300000,346.000000
342.273816,-716.204494,332.000000
216.808806,-773.109592,334.000000
326.144341,-973.523251,352.000000
648.079893,-733.082564,345.000000
736.647389,-744.149037,362.000000
510.990199,-938.988843,333.000000
531.718525,-1108.035004,355.000000
906.700000,-541.000000,340.000000
784.300000,-947.046667,362.520000
931.800000,-741.400000,345.000000
1011.100000,-931.100000,329.000000
1142.500000,-807.000000,325.000000
1190.200000,-934.800000,327.000000
1172.000000,-1103.700000,321.000000
1302.800000,-735.200000,354.000000
1430.300000,-933.400000,343.000000
1349.100000,-574.600000,319.000000
1508.400000,-984.300000,310.000000
