170.000000,-215.000000,326.000000
276.942095,-75.879633,317.000000
250.000000,-228.500000,320.000000
73.388205,-564.107728,330.000000
507.800000,-41.800000,326.000000
638.700000,-215.800000,345.000000
862.505465,30.823756,328.000000
921.400000,-235.100000,362.360000
1100.100000,-300.000000,339.160000
480.900000,-508.700000,347.000000
517.200000,-522.300000,361.000000
862.300000,-524.900000,359.960000
1320.099628,-507.918938,341.040000
246.991194,-870.490408,334.000000
518.741257,-813.551287,333.000000
539.772422,-1155.367243,340.280000
822.471850,-810.310803,344.280000
1105.500000,-807.000000,325.000000
1187.000000,-1103.700000,321.000000
1446.700000,-760.200000,336.000000
1430.300000,-915.400000,343.000000
