170.000000,-215.000000,326.000000
294.877905,-19.080367,317.000000
364.000000,-228.500000,320.000000
49.431380,-313.633926,348.000000
182.370500,-410.291141,342.000000
164.967316,-519.545563,330.000000
776.400000,-125.900000,328.000000
638.700000,-215.800000,345.000000
882.313141,23.848373,328.000000
959.870152,-36.969112,347.000000
921.400000,-235.100000,362.520000
646.650000,-379.100000,332.560000
727.600000,-311.200000,364.760000
937.200000,-384.700000,334.040000
1217.300000,-338.900000,335.440000
379.300000,-517.700000,325.000000
658.000000,-522.000000,348.120000
862.300000,-524.900000,363.080000
1136.300000,-528.400000,324.000000
1320.099628,-507.918938,342.760000
275.947696,-847.457367,334.000000
469.956422,-783.129981,341.000000
368.110223,-939.539950,352.000000
565.016951,-743.822867,357.000000
736.647389,-744.149037,362.000000
525.165233,-929.993991,350.000000
513.265160,-1135.393244,355.000000
909.000000,-663.500000,351.000000
907.900000,-736.100000,343.000000
840.300000,-920.900000,360.160000
1073.100000,-931.100000,329.000000
1105.500000,-807.000000,325.000000
1124.200000,-964.800000,327.000000
1359.800000,-701.500000,354.000000
1430.300000,-915.400000,343.000000
1508.400000,-984.300000,310.000000
