170.000000,-215.000000,326.000000
294.877905,-19.080367,317.000000
364.000000,-131.500000,320.000000
21.585786,-321.669048,345.000000
182.370500,-410.291141,342.000000
141.941125,-591.029437,370.680000
769.250000,-38.700000,360.280000
721.400000,-125.900000,328.000000
638.700000,-195.800000,345.000000
915.866723,-33.041051,336.000000
951.100000,-156.800000,359.000000
502.100000,-380.800000,334.280000
706.400000,-316.900000,339.000000
997.200000,-384.700000,330.600000
1167.300000,-315.900000,323.120000
405.300000,-475.700000,325.000000
574.200000,-522.300000,361.000000
1188.300000,-528.400000,324.000000
1320.099628,-507.918938,340.000000
365.352880,-646.685063,333.920000
342.273816,-716.204494,332.000000
246.991194,-870.490408,334.000000
540.717791,-720.168065,330.000000
376.522177,-936.144802,361.000000
708.600000,-578.400000,345.800000
747.442595,-704.007240,370.000000
626.976768,-932.677435,346.000000
513.265160,-1135.393244,355.000000
906.700000,-584.000000,340.000000
784.300000,-920.900000,353.360000
1023.800000,-741.400000,345.000000
932.200000,-931.700000,344.360000
1194.100000,-732.900000,334.000000
1124.200000,-934.800000,327.000000
1187.000000,-1103.700000,321.000000
1302.800000,-735.200000,354.000000
1383.300000,-915.400000,343.000000
1508.400000,-956.300000,310.000000
