170.000000,-215.000000,326.000000
315.281341,-42.551835,317.000000
91.029437,-641.941125,350.280000
507.800000,6.200000,326.000000
638.700000,-215.800000,345.000000
848.886859,-7.848373,328.000000
846.400000,-235.100000,371.000000
1167.900000,-381.000000,338.800000
379.300000,-517.700000,325.000000
517.200000,-522.300000,361.000000
278.544490,-843.439893,362.000000
558.622422,-811.254185,339.000000
485.884980,-1119.019705,367.360000
542.281475,-1154.964996,355.000000
906.700000,-541.000000,340.000000
844.200000,-890.200000,351.000000
1253.000000,-585.000000,338.000000
1200.200000,-809.500000,330.000000
1445.200000,-705.900000,330.080000
1422.100000,-942.300000,316.000000
1411.900000,-1106.700000,311.000000
