170.000000,-215.000000,326.000000
294.877905,-19.080367,317.000000
21.585786,-321.669048,345.000000
131.088620,-361.166074,348.000000
124.970563,-574.058875,335.560000
776.400000,-65.900000,328.000000
423.000000,-229.500000,332.360000
638.700000,-215.800000,345.000000
712.800000,-187.500000,326.000000
959.870152,-36.969112,347.000000
921.400000,-160.100000,360.600000
769.600000,-311.200000,349.040000
937.200000,-349.700000,360.240000
1167.900000,-381.000000,358.160000
405.300000,-517.700000,325.000000
517.200000,-399.300000,361.000000
862.300000,-524.900000,373.040000
1362.081374,-484.648076,338.080000
519.583410,-640.892817,354.000000
275.947696,-847.457367,334.000000
540.717791,-720.168065,330.000000
448.973481,-800.121631,341.000000
321.344813,-980.826549,361.000000
732.676822,-715.964328,370.000000
548.846271,-955.100013,339.800000
524.115020,-1178.580295,342.320000
906.700000,-584.000000,340.000000
784.300000,-920.900000,336.600000
931.800000,-741.400000,345.000000
995.200000,-931.700000,368.520000
1168.000000,-564.000000,338.000000
1194.100000,-732.900000,334.000000
1190.200000,-964.800000,327.000000
1187.000000,-1103.700000,321.000000
1342.600000,-699.100000,354.000000
1359.800000,-701.500000,354.000000
1383.300000,-933.400000,343.000000
1526.200000,-982.900000,321.000000
