170.000000,-215.000000,326.000000
294.877905,-19.080367,317.000000
91.029437,-641.941125,363.960000
661.750000,1.300000,337.480000
423.000000,-229.500000,353.680000
882.313141,23.848373,328.000000
1095.100000,-242.800000,359.000000
511.950000,-247.100000,336.120000
1167.900000,-276.000000,349.560000
379.300000,-517.700000,325.000000
772.000000,-522.000000,344.440000
1136.300000,-528.400000,324.000000
278.544490,-843.439893,362.000000
533.172413,-834.290139,356.000000
542.281475,-1154.964996,355.000000
906.700000,-584.000000,340.000000
822.471850,-810.310803,360.520000
1268.300000,-875.500000,314.000000
1432.700000,-723.200000,336.000000
1422.100000,-976.300000,316.000000
