170.000000,-215.000000,326.000000
69.669048,-273.585786,345.000000
106.575198,-381.735277,348.000000
131.844616,-580.932928,358.240000
507.800000,-41.800000,326.000000
776.400000,-125.900000,328.000000
399.862921,-189.500000,331.600000
564.700000,-195.800000,345.000000
868.694535,-14.823756,328.000000
924.835074,-7.574039,336.000000
921.400000,-167.163745,348.640000
375.100000,-346.566957,320.840000
732.600000,-346.258716,342.520000
987.666055,-384.700000,336.320000
1100.100000,-305.354430,331.800000
517.200000,-399.300000,361.000000
610.442424,-522.000000,351.800000
739.975172,-522.000000,357.440000
382.049456,-631.454030,352.400000
330.760431,-702.598578,329.000000
275.947696,-847.457367,334.000000
376.522177,-936.144802,361.000000
648.079893,-733.082564,345.000000
732.676822,-715.964328,370.000000
544.041355,-949.166435,354.600000
531.718525,-1108.035004,355.000000
909.000000,-630.500000,351.000000
804.919487,-920.900000,351.720000
986.200000,-743.200000,345.000000
956.228732,-931.700000,346.080000
1168.000000,-564.000000,338.000000
1142.500000,-807.000000,325.000000
1124.200000,-964.800000,327.000000
1172.000000,-1103.700000,321.000000
1305.600000,-699.100000,354.000000
1359.800000,-701.500000,354.000000
1383.300000,-933.400000,343.000000
1508.400000,-984.300000,310.000000
