170.000000,-215.000000,326.000000
256.538659,-52.408165,317.000000
364.000000,-131.500000,320.000000
106.575198,-381.735277,348.000000
84.029500,-429.708859,342.000000
110.289710,-540.143610,330.000000
447.800000,-41.800000,326.000000
776.400000,-125.900000,328.000000
564.700000,-215.800000,345.000000
868.694535,-14.823756,328.000000
915.866723,-33.041051,336.000000
921.400000,-235.100000,371.240000
502.100000,-380.800000,358.720000
706.400000,-316.900000,339.000000
937.200000,-349.700000,331.520000
1167.300000,-315.900000,349.760000
379.300000,-517.700000,325.000000
480.900000,-469.700000,347.000000
658.000000,-522.000000,355.200000
862.300000,-524.900000,366.640000
1269.500000,-524.600000,337.000000
1320.099628,-507.918938,339.760000
356.282086,-703.368280,332.000000
246.991194,-870.490408,334.000000
563.255024,-701.917774,330.000000
368.110223,-939.539950,352.000000
736.647389,-744.149037,362.000000
626.976768,-932.677435,346.000000
513.265160,-1135.393244,355.000000
906.700000,-541.000000,340.000000
840.300000,-920.900000,353.080000
930.200000,-743.200000,345.000000
995.200000,-973.700000,338.000000
1142.500000,-781.000000,325.000000
1190.200000,-964.800000,327.000000
1187.000000,-1103.700000,321.000000
1359.800000,-701.500000,354.000000
1383.300000,-933.400000,343.000000
1508.400000,-956.300000,310.000000
