170.000000,-215.000000,326.000000
256.538659,-52.408165,317.000000
110.289710,-540.143610,330.000000
661.750000,1.300000,323.320000
423.000000,-229.500000,345.480000
564.700000,-215.800000,345.000000
868.694535,-14.823756,328.000000
951.100000,-242.800000,359.000000
1100.100000,-300.000000,332.960000
405.300000,-517.700000,325.000000
517.200000,-522.300000,361.000000
912.300000,-524.900000,336.320000
1136.300000,-528.400000,324.000000
246.991194,-870.490408,334.000000
521.844646,-820.301512,356.000000
524.115020,-1178.580295,353.480000
822.471850,-810.310803,361.480000
1142.500000,-807.000000,325.000000
1172.000000,-1103.700000,321.000000
1445.200000,-705.900000,319.440000
1430.300000,-915.400000,343.000000
1411.900000,-1106.700000,311.000000
