170.000000,-215.000000,326.000000
294.877905,-19.080367,317.000000
-23.669048,-276.414214,345.000000
49.431380,-313.633926,348.000000
114.741891,-466.597191,342.000000
73.388205,-564.107728,330.000000
124.970563,-574.058875,341.120000
776.400000,-65.900000,328.000000
390.000000,-229.500000,322.640000
564.700000,-195.800000,345.000000
783.200000,-191.400000,357.840000
956.402490,-53.713822,347.000000
1095.100000,-156.800000,359.000000
502.100000,-380.800000,321.760000
727.600000,-311.200000,340.160000
997.200000,-384.700000,366.600000
1167.300000,-338.900000,353.440000
405.300000,-517.700000,325.000000
480.900000,-469.700000,347.000000
574.200000,-522.300000,361.000000
912.300000,-524.900000,349.760000
1269.500000,-524.600000,337.000000
335.517914,-708.831720,332.000000
246.991194,-870.490408,334.000000
368.110223,-939.539950,352.000000
261.106658,-906.882939,337.000000
565.016951,-743.822867,357.000000
525.165233,-929.993991,350.000000
708.600000,-536.400000,360.400000
747.442595,-704.007240,370.000000
539.772422,-1155.367243,368.640000
840.300000,-920.900000,342.560000
931.800000,-741.400000,345.000000
1073.100000,-931.100000,329.000000
1105.500000,-807.000000,325.000000
1190.200000,-964.800000,327.000000
1187.000000,-1103.700000,321.000000
1342.600000,-699.100000,354.000000
1359.800000,-701.500000,354.000000
1430.300000,-915.400000,343.000000
1508.400000,-956.300000,310.000000
