170.000000,-215.000000,326.000000
276.942095,-75.879633,317.000000
364.000000,-131.500000,320.000000
131.088620,-361.166074,348.000000
84.029500,-429.708859,342.000000
164.967316,-519.545563,330.000000
447.800000,6.200000,326.000000
661.750000,1.300000,331.080000
776.400000,-65.900000,328.000000
638.700000,-195.800000,345.000000
743.200000,-238.400000,357.880000
924.835074,-7.574039,336.000000
1095.100000,-242.800000,359.000000
375.100000,-380.800000,353.840000
657.400000,-316.900000,339.000000
769.600000,-311.200000,365.560000
997.200000,-349.700000,355.440000
1217.300000,-315.900000,327.920000
450.900000,-508.700000,347.000000
912.300000,-524.900000,337.720000
1204.500000,-524.600000,337.000000
562.900000,-533.300000,346.000000
342.273816,-716.204494,332.000000
187.852304,-796.142633,334.000000
321.344813,-980.826549,361.000000
648.079893,-733.082564,345.000000
705.181369,-705.291739,362.000000
525.165233,-929.993991,350.000000
765.700000,-537.600000,354.000000
539.772422,-1155.367243,338.600000
907.900000,-796.100000,343.000000
784.300000,-920.900000,337.960000
995.200000,-973.700000,360.440000
1105.500000,-807.000000,325.000000
1124.200000,-934.800000,327.000000
1302.800000,-735.200000,354.000000
1305.600000,-699.100000,354.000000
1308.000000,-908.500000,332.880000
1511.200000,-982.900000,321.000000
