170.000000,-215.000000,326.000000
294.877905,-19.080367,317.000000
364.000000,-228.500000,320.000000
24.414214,-228.330952,345.000000
49.431380,-313.633926,348.000000
182.370500,-410.291141,342.000000
73.388205,-564.107728,330.000000
124.970563,-574.058875,360.880000
447.800000,6.200000,326.000000
721.400000,-125.900000,328.000000
564.700000,-215.800000,345.000000
862.505465,30.823756,328.000000
915.866723,-33.041051,336.000000
921.400000,-160.100000,338.160000
375.100000,-380.800000,347.720000
769.600000,-311.200000,342.000000
937.200000,-349.700000,365.320000
1127.900000,-381.000000,340.520000
405.300000,-517.700000,325.000000
574.200000,-522.300000,361.000000
575.400000,-398.000000,348.160000
1204.500000,-524.600000,337.000000
356.282086,-703.368280,332.000000
187.852304,-796.142633,334.000000
540.717791,-720.168065,330.000000
368.110223,-939.539950,352.000000
510.990199,-938.988843,333.000000
708.600000,-578.400000,368.600000
739.710150,-803.424966,353.200000
539.772422,-1155.367243,337.000000
784.300000,-920.900000,359.040000
1066.900000,-542.000000,340.000000
986.200000,-803.200000,345.000000
1011.100000,-931.100000,329.000000
1238.100000,-732.900000,334.000000
1124.200000,-934.800000,327.000000
1302.800000,-735.200000,354.000000
1430.300000,-933.400000,343.000000
1349.100000,-574.600000,319.000000
1511.200000,-952.900000,321.000000
