170.000000,-215.000000,326.000000
256.538659,-52.408165,317.000000
250.000000,-228.500000,320.000000
110.289710,-540.143610,330.000000
769.250000,1.300000,331.040000
638.700000,-215.800000,345.000000
882.313141,23.848373,328.000000
1095.100000,-242.800000,359.000000
1100.100000,-345.000000,339.480000
405.300000,-517.700000,325.000000
574.200000,-522.300000,361.000000
1269.500000,-524.600000,337.000000
275.947696,-847.457367,334.000000
554.155354,-817.298488,356.000000
524.115020,-1178.580295,358.840000
906.700000,-584.000000,340.000000
809.800000,-995.800000,337.000000
1254.300000,-853.500000,314.000000
1445.200000,-705.900000,332.800000
1430.300000,-933.400000,343.000000
1448.900000,-1106.700000,311.000000
