170.000000,-215.000000,326.000000
294.877905,-19.080367,317.000000
364.000000,-228.500000,320.000000
-23.669048,-276.414214,345.000000
106.575198,-381.735277,348.000000
84.029500,-429.708859,342.000000
141.941125,-591.029437,349.120000
721.400000,-65.900000,328.000000
564.700000,-215.800000,345.000000
712.800000,-237.500000,326.000000
924.835074,-7.574039,336.000000
921.400000,-160.100000,339.360000
502.100000,-380.800000,358.440000
727.600000,-311.200000,375.960000
937.200000,-349.700000,347.760000
1217.300000,-315.900000,354.720000
379.300000,-475.700000,325.000000
480.900000,-508.700000,347.000000
517.200000,-522.300000,361.000000
772.000000,-522.000000,366.400000
1188.300000,-528.400000,324.000000
1351.900372,-466.281062,341.160000
335.517914,-708.831720,332.000000
187.852304,-796.142633,334.000000
326.144341,-973.523251,352.000000
555.577145,-732.165677,357.000000
705.181369,-705.291739,362.000000
538.147825,-941.888531,374.600000
531.718525,-1108.035004,355.000000
909.000000,-663.500000,351.000000
907.900000,-796.100000,343.000000
784.300000,-973.900000,340.120000
1011.100000,-931.100000,329.000000
1105.500000,-807.000000,325.000000
1190.200000,-934.800000,327.000000
1342.600000,-699.100000,354.000000
1359.800000,-701.500000,354.000000
1308.000000,-908.500000,330.360000
1508.400000,-984.300000,310.000000
