170.000000,-215.000000,326.000000
276.942095,-75.879633,317.000000
24.414214,-228.330952,345.000000
182.370500,-410.291141,342.000000
16.611795,-395.892272,330.000000
81.759999,-632.671687,370.520000
129.327055,-537.705183,330.000000
447.800000,-41.800000,326.000000
769.250000,-25.000000,343.560000
401.079101,-189.500000,334.880000
638.700000,-195.800000,345.000000
783.200000,-203.192727,345.320000
924.835074,-7.574039,336.000000
1095.100000,-156.800000,359.000000
502.100000,-351.424348,344.840000
706.400000,-316.900000,339.000000
937.200000,-368.888991,368.240000
1142.263218,-276.000000,344.240000
1208.978161,-338.900000,327.480000
379.300000,-517.700000,325.000000
480.900000,-469.700000,347.000000
517.200000,-522.300000,361.000000
912.300000,-501.524000,347.080000
1269.500000,-524.600000,337.000000
1327.866251,-503.613828,349.640000
356.282086,-703.368280,332.000000
187.852304,-796.142633,334.000000
326.144341,-973.523251,352.000000
226.135089,-935.202356,337.000000
555.577145,-732.165677,357.000000
736.647389,-744.149037,362.000000
525.165233,-929.993991,350.000000
765.700000,-537.600000,354.000000
538.523769,-1157.218448,338.680000
907.900000,-796.100000,343.000000
840.300000,-941.610769,353.480000
779.700000,-1100.400000,330.000000
941.321690,-931.700000,329.280000
1238.100000,-732.900000,334.000000
1124.200000,-964.800000,327.000000
1218.600000,-1104.500000,312.000000
1302.800000,-735.200000,354.000000
1430.300000,-915.400000,343.000000
1510.847277,-766.160273,327.000000
1526.200000,-952.900000,321.000000
