170.000000,-215.000000,326.000000
315.281341,-42.551835,317.000000
364.000000,-228.500000,320.000000
110.289710,-540.143610,330.000000
769.250000,1.300000,329.200000
564.700000,-215.800000,345.000000
868.694535,-14.823756,328.000000
846.400000,-235.100000,355.440000
1100.100000,-345.000000,339.520000
405.300000,-517.700000,325.000000
574.200000,-522.300000,361.000000
912.300000,-524.900000,355.080000
1204.500000,-524.600000,337.000000
246.991194,-870.490408,334.000000
533.172413,-834.290139,356.000000
488.583840,-1107.904799,338.920000
560.734840,-1127.606756,355.000000
840.300000,-973.900000,370.400000
1268.300000,-853.500000,314.000000
1172.000000,-1103.700000,321.000000
1445.200000,-705.900000,347.200000
1430.300000,-933.400000,343.000000
