170.000000,-215.000000,326.000000
256.538659,-52.408165,317.000000
364.000000,-228.500000,320.000000
110.289710,-540.143610,330.000000
507.800000,6.200000,326.000000
638.700000,-215.800000,345.000000
862.505465,30.823756,328.000000
951.100000,-242.800000,359.000000
1127.900000,-381.000000,330.000000
574.200000,-522.300000,361.000000
1204.500000,-524.600000,337.000000
475.416590,-642.707183,354.000000
276.655510,-809.360107,362.000000
533.172413,-834.290139,356.000000
488.583840,-1107.904799,361.680000
524.115020,-1178.580295,352.640000
906.700000,-541.000000,340.000000
840.300000,-973.900000,369.880000
1200.200000,-809.500000,330.000000
1187.000000,-1103.700000,321.000000
1445.200000,-705.900000,347.720000
1446.100000,-942.300000,316.000000
