170.000000,-215.000000,326.000000
315.281341,-42.551835,317.000000
364.000000,-228.500000,320.000000
91.029437,-641.941125,371.800000
507.800000,6.200000,326.000000
667.800000,-237.500000,326.000000
848.886859,-7.848373,328.000000
921.400000,-235.100000,367.400000
1127.900000,-381.000000,361.840000
379.300000,-517.700000,325.000000
574.200000,-522.300000,361.000000
246.991194,-870.490408,334.000000
518.741257,-813.551287,333.000000
539.772422,-1155.367243,341.880000
897.700000,-628.600000,341.360000
840.300000,-920.900000,355.280000
1168.000000,-564.000000,338.000000
1142.500000,-807.000000,325.000000
1187.000000,-1103.700000,321.000000
1445.200000,-705.900000,329.600000
1430.300000,-915.400000,343.000000
1448.900000,-1106.700000,311.000000
