170.000000,-215.000000,326.000000
276.942095,-75.879633,317.000000
250.000000,-228.500000,320.000000
141.941125,-591.029437,350.120000
661.750000,-38.700000,334.400000
667.800000,-237.500000,326.000000
868.694535,-14.823756,328.000000
846.400000,-235.100000,373.920000
1100.100000,-345.000000,332.760000
634.400000,-522.000000,367.400000
912.300000,-524.900000,352.880000
1188.300000,-528.400000,324.000000
475.416590,-642.707183,354.000000
275.947696,-847.457367,334.000000
558.622422,-811.254185,339.000000
470.227578,-1142.232757,359.560000
531.718525,-1108.035004,355.000000
844.200000,-824.200000,351.000000
1105.500000,-807.000000,325.000000
1172.000000,-1103.700000,321.000000
1445.200000,-705.900000,313.080000
1430.300000,-915.400000,343.000000
