170.000000,-215.000000,326.000000
294.877905,-19.080367,317.000000
106.575198,-381.735277,348.000000
124.970563,-574.058875,357.120000
769.250000,-38.700000,324.320000
390.000000,-189.500000,337.440000
638.700000,-195.800000,345.000000
783.200000,-191.400000,373.320000
924.835074,-7.574039,336.000000
1095.100000,-156.800000,359.000000
511.950000,-379.100000,341.800000
775.600000,-315.600000,368.320000
997.200000,-384.700000,343.040000
1127.900000,-381.000000,341.200000
405.300000,-517.700000,325.000000
480.900000,-469.700000,347.000000
517.200000,-522.300000,361.000000
335.517914,-708.831720,332.000000
216.808806,-773.109592,334.000000
563.255024,-701.917774,330.000000
376.522177,-936.144802,361.000000
510.990199,-938.988843,333.000000
705.700000,-537.600000,354.000000
747.442595,-704.007240,370.000000
470.227578,-1142.232757,356.840000
542.281475,-1154.964996,355.000000
906.700000,-541.000000,340.000000
907.900000,-736.100000,343.000000
784.300000,-920.900000,349.800000
1011.100000,-931.100000,329.000000
1253.000000,-585.000000,338.000000
1105.500000,-807.000000,325.000000
1124.200000,-934.800000,327.000000
1172.000000,-1103.700000,321.000000
1302.800000,-735.200000,354.000000
1430.300000,-915.400000,343.000000
1366.100000,-620.600000,319.000000
1511.200000,-952.900000,321.000000
