170.000000,-215.000000,326.000000
276.942095,-75.879633,317.000000
364.000000,-131.500000,320.000000
-23.669048,-276.414214,345.000000
131.088620,-361.166074,348.000000
110.289710,-540.143610,330.000000
769.250000,1.300000,332.280000
721.400000,-125.900000,328.000000
638.700000,-215.800000,345.000000
956.402490,-53.713822,347.000000
1095.100000,-156.800000,359.000000
646.650000,-379.100000,355.120000
775.600000,-350.600000,362.080000
997.200000,-349.700000,359.440000
1167.300000,-338.900000,337.600000
379.300000,-517.700000,325.000000
575.400000,-522.000000,373.800000
912.300000,-524.900000,339.560000
1188.300000,-528.400000,324.000000
1362.081374,-484.648076,339.160000
356.282086,-703.368280,332.000000
246.991194,-870.490408,334.000000
326.144341,-973.523251,352.000000
648.079893,-733.082564,345.000000
736.647389,-744.149037,362.000000
705.700000,-577.600000,354.000000
585.553729,-903.499987,371.240000
513.265160,-1135.393244,355.000000
907.900000,-796.100000,343.000000
840.300000,-973.900000,348.760000
1011.100000,-931.100000,329.000000
1105.500000,-807.000000,325.000000
1190.200000,-964.800000,327.000000
1305.600000,-713.100000,354.000000
1430.300000,-915.400000,343.000000
1349.100000,-574.600000,319.000000
1511.200000,-982.900000,321.000000
