170.000000,-215.000000,326.000000
276.942095,-75.879633,317.000000
24.414214,-228.330952,345.000000
49.431380,-313.633926,348.000000
110.289710,-540.143610,330.000000
447.800000,6.200000,326.000000
776.400000,-65.900000,328.000000
390.000000,-229.500000,343.200000
564.700000,-215.800000,345.000000
783.200000,-238.400000,367.080000
1000.997510,-45.486178,347.000000
1095.100000,-242.800000,359.000000
706.400000,-316.900000,339.000000
997.200000,-349.700000,364.520000
1167.900000,-381.000000,349.280000
379.300000,-517.700000,325.000000
574.200000,-522.300000,361.000000
658.000000,-400.000000,364.040000
862.300000,-524.900000,338.040000
1362.081374,-484.648076,339.720000
330.760431,-702.598578,329.000000
216.808806,-773.109592,334.000000
321.344813,-980.826549,361.000000
611.788063,-705.825859,335.000000
736.647389,-744.149037,362.000000
510.990199,-938.988843,333.000000
531.718525,-1108.035004,355.000000
909.000000,-630.500000,351.000000
840.300000,-973.900000,371.200000
1023.800000,-741.400000,345.000000
932.200000,-973.700000,350.800000
1168.000000,-585.000000,338.000000
1194.100000,-732.900000,334.000000
1124.200000,-934.800000,327.000000
1305.600000,-699.100000,354.000000
1359.800000,-701.500000,354.000000
1430.300000,-915.400000,343.000000
1508.400000,-984.300000,310.000000
