170.000000,-215.000000,326.000000
315.281341,-42.551835,317.000000
69.669048,-273.585786,345.000000
114.741891,-466.597191,342.000000
110.289710,-540.143610,330.000000
721.400000,-65.900000,328.000000
390.000000,-208.160674,352.480000
564.700000,-195.800000,345.000000
760.280519,-238.400000,370.120000
915.866723,-33.041051,336.000000
921.400000,-164.868924,340.960000
502.100000,-308.748696,330.080000
706.400000,-316.900000,339.000000
974.080734,-384.700000,361.000000
1156.902299,-381.000000,336.920000
405.300000,-475.700000,325.000000
450.900000,-508.700000,347.000000
517.200000,-522.300000,361.000000
862.300000,-514.124000,360.920000
1269.500000,-524.600000,337.000000
330.760431,-702.598578,329.000000
275.947696,-847.457367,334.000000
540.717791,-720.168065,330.000000
376.522177,-936.144802,361.000000
733.515508,-808.441288,351.000000
626.976768,-932.677435,346.000000
519.492224,-1175.462179,339.640000
906.700000,-584.000000,340.000000
784.300000,-951.422564,356.080000
986.200000,-743.200000,345.000000
1011.100000,-931.100000,329.000000
1194.100000,-732.900000,334.000000
1190.200000,-934.800000,327.000000
1342.600000,-713.100000,354.000000
1383.300000,-915.400000,343.000000
1349.100000,-574.600000,319.000000
1511.200000,-952.900000,321.000000
