170.000000,-215.000000,326.000000
256.538659,-52.408165,317.000000
69.669048,-273.585786,345.000000
106.575198,-381.735277,348.000000
16.611795,-395.892272,330.000000
91.029437,-641.941125,349.280000
147.032684,-572.454437,330.000000
661.750000,-38.700000,329.800000
721.400000,-125.900000,328.000000
423.000000,-189.500000,336.160000
638.700000,-195.800000,345.000000
868.694535,-14.823756,328.000000
915.866723,-33.041051,336.000000
921.400000,-160.100000,336.440000
502.100000,-380.800000,354.480000
706.400000,-316.900000,339.000000
937.200000,-349.700000,361.960000
1167.900000,-381.000000,331.880000
379.300000,-517.700000,325.000000
450.900000,-469.700000,347.000000
574.200000,-522.300000,361.000000
1188.300000,-528.400000,324.000000
1362.081374,-484.648076,342.160000
275.947696,-847.457367,334.000000
540.717791,-720.168065,330.000000
411.843578,-754.270019,341.000000
326.144341,-973.523251,352.000000
736.647389,-744.149037,362.000000
765.700000,-537.600000,354.000000
548.846271,-955.100013,376.320000
488.583840,-1107.904799,351.920000
513.265160,-1135.393244,355.000000
907.900000,-736.100000,343.000000
840.300000,-973.900000,355.840000
1066.900000,-542.000000,340.000000
932.200000,-931.700000,361.840000
1142.500000,-781.000000,325.000000
1124.200000,-964.800000,327.000000
1172.000000,-1103.700000,321.000000
1305.600000,-713.100000,354.000000
1383.300000,-933.400000,343.000000
1349.100000,-620.600000,319.000000
1526.200000,-982.900000,321.000000
