170.000000,-215.000000,326.000000
315.281341,-42.551835,317.000000
364.000000,-228.500000,320.000000
24.414214,-228.330952,345.000000
151.658109,-373.402809,342.000000
16.611795,-395.892272,330.000000
141.941125,-591.029437,372.960000
769.250000,1.300000,348.320000
721.400000,-125.900000,328.000000
564.700000,-215.800000,345.000000
1000.997510,-45.486178,347.000000
921.400000,-235.100000,371.080000
502.100000,-380.800000,329.080000
775.600000,-350.600000,345.200000
937.200000,-384.700000,331.240000
1100.100000,-345.000000,338.280000
405.300000,-475.700000,325.000000
480.900000,-508.700000,347.000000
574.200000,-522.300000,361.000000
862.300000,-524.900000,363.480000
1188.300000,-528.400000,324.000000
1320.099628,-507.918938,338.040000
342.273816,-716.204494,332.000000
187.852304,-796.142633,334.000000
321.344813,-980.826549,361.000000
226.135089,-935.202356,337.000000
648.079893,-733.082564,345.000000
747.442595,-704.007240,370.000000
548.846271,-955.100013,365.840000
524.115020,-1178.580295,356.960000
906.700000,-541.000000,340.000000
907.900000,-796.100000,343.000000
840.300000,-920.900000,369.280000
1011.100000,-931.100000,329.000000
1194.100000,-732.900000,334.000000
1190.200000,-934.800000,327.000000
1302.800000,-703.200000,354.000000
1308.000000,-908.500000,352.680000
1511.200000,-952.900000,321.000000
