170.000000,-215.000000,326.000000
276.942095,-75.879633,317.000000
73.388205,-564.107728,330.000000
661.750000,-38.700000,338.120000
423.000000,-229.500000,347.040000
564.700000,-215.800000,345.000000
882.313141,23.848373,328.000000
846.400000,-235.100000,339.920000
1100.100000,-300.000000,332.680000
634.400000,-522.000000,370.960000
1269.500000,-524.600000,337.000000
365.352880,-646.685063,346.480000
278.544490,-843.439893,362.000000
518.741257,-813.551287,333.000000
485.884980,-1119.019705,374.920000
531.718525,-1108.035004,355.000000
906.700000,-541.000000,340.000000
844.200000,-824.200000,351.000000
1187.200000,-809.500000,330.000000
1446.700000,-760.200000,336.000000
1430.300000,-915.400000,343.000000
1448.900000,-1106.700000,311.000000
