170.000000,-215.000000,326.000000
364.000000,-131.500000,320.000000
21.585786,-321.669048,345.000000
106.575198,-381.735277,348.000000
73.388205,-564.107728,330.000000
101.188367,-597.841070,369.360000
685.758333,1.300000,322.720000
776.400000,-125.900000,328.000000
638.700000,-195.800000,345.000000
868.694535,-14.823756,328.000000
915.866723,-33.041051,336.000000
918.411952,-235.100000,335.000000
502.100000,-315.803478,332.520000
768.057248,-350.600000,348.120000
997.200000,-359.345872,349.040000
1152.709195,-381.000000,346.040000
379.300000,-475.700000,325.000000
480.900000,-508.700000,347.000000
517.200000,-522.300000,361.000000
912.300000,-504.020000,355.400000
1188.300000,-528.400000,324.000000
1338.916018,-473.478407,342.680000
330.760431,-702.598578,329.000000
187.852304,-796.142633,334.000000
563.255024,-701.917774,330.000000
326.144341,-973.523251,352.000000
705.181369,-705.291739,362.000000
765.700000,-577.600000,354.000000
556.198345,-949.146421,377.160000
497.259337,-1100.879520,362.680000
536.006768,-1160.950055,364.240000
907.900000,-736.100000,343.000000
813.506154,-920.900000,363.680000
1073.100000,-931.100000,329.000000
1238.100000,-732.900000,334.000000
1124.200000,-934.800000,327.000000
1187.000000,-1103.700000,321.000000
1302.800000,-735.200000,354.000000
1305.600000,-699.100000,354.000000
1383.300000,-915.400000,343.000000
1526.200000,-952.900000,321.000000
