170.000000,-215.000000,326.000000
256.538659,-52.408165,317.000000
364.000000,-228.500000,320.000000
-23.669048,-276.414214,345.000000
106.575198,-381.735277,348.000000
164.967316,-519.545563,330.000000
447.800000,6.200000,326.000000
769.250000,-18.933333,336.280000
721.400000,-125.900000,328.000000
564.700000,-215.800000,345.000000
915.866723,-33.041051,336.000000
1095.100000,-242.800000,359.000000
657.400000,-316.900000,339.000000
756.332844,-350.600000,377.840000
950.080734,-349.700000,342.400000
1100.100000,-312.975949,358.560000
405.300000,-517.700000,325.000000
450.900000,-469.700000,347.000000
517.200000,-522.300000,361.000000
907.040000,-524.900000,335.520000
335.517914,-708.831720,332.000000
187.852304,-796.142633,334.000000
392.255187,-955.573451,361.000000
648.079893,-733.082564,345.000000
705.700000,-537.600000,354.000000
747.442595,-704.007240,370.000000
578.886644,-930.773798,349.880000
542.281475,-1154.964996,355.000000
832.488718,-973.900000,333.880000
986.200000,-743.200000,345.000000
995.200000,-943.909577,339.640000
1168.000000,-564.000000,338.000000
1142.500000,-781.000000,325.000000
1124.200000,-964.800000,327.000000
1305.600000,-713.100000,354.000000
1430.300000,-933.400000,343.000000
1349.100000,-574.600000,319.000000
1508.400000,-956.300000,310.000000
