170.000000,-215.000000,326.000000
276.942095,-75.879633,317.000000
364.000000,-228.500000,320.000000
73.388205,-564.107728,330.000000
769.250000,1.300000,361.800000
743.200000,-238.400000,342.400000
882.313141,23.848373,328.000000
822.300000,-293.700000,334.000000
1100.100000,-300.000000,339.680000
480.900000,-508.700000,347.000000
634.400000,-522.000000,338.600000
862.300000,-524.900000,344.000000
1269.500000,-524.600000,337.000000
275.947696,-847.457367,334.000000
521.844646,-820.301512,356.000000
470.227578,-1142.232757,360.400000
560.734840,-1127.606756,355.000000
809.800000,-995.800000,337.000000
1105.500000,-807.000000,325.000000
1445.200000,-705.900000,324.760000
1430.300000,-933.400000,343.000000
1411.900000,-1106.700000,311.000000
