170.000000,-215.000000,326.000000
256.538659,-52.408165,317.000000
250.000000,-228.500000,320.000000
110.289710,-540.143610,330.000000
507.800000,-41.800000,326.000000
848.886859,-7.848373,328.000000
921.400000,-235.100000,350.000000
511.950000,-379.100000,341.280000
1167.900000,-381.000000,347.000000
480.900000,-508.700000,347.000000
517.200000,-522.300000,361.000000
1204.500000,-524.600000,337.000000
278.544490,-843.439893,362.000000
558.622422,-811.254185,339.000000
488.583840,-1107.904799,337.800000
539.772422,-1155.367243,338.120000
906.700000,-584.000000,340.000000
822.471850,-810.310803,368.680000
1187.200000,-809.500000,330.000000
1445.200000,-705.900000,348.240000
1430.300000,-933.400000,343.000000
