170.000000,-215.000000,326.000000
256.538659,-52.408165,317.000000
110.289710,-540.143610,330.000000
769.250000,1.300000,339.640000
667.800000,-237.500000,326.000000
868.694535,-14.823756,328.000000
846.400000,-235.100000,352.400000
375.100000,-247.800000,334.640000
1100.100000,-300.000000,325.960000
405.300000,-517.700000,325.000000
574.200000,-522.300000,361.000000
862.300000,-524.900000,350.720000
1136.300000,-528.400000,324.000000
275.947696,-847.457367,334.000000
558.622422,-811.254185,339.000000
524.115020,-1178.580295,368.000000
840.300000,-920.900000,362.280000
1142.500000,-807.000000,325.000000
1172.000000,-1103.700000,321.000000
1432.700000,-723.200000,336.000000
1422.100000,-942.300000,316.000000
