1181	422	1178	
1181	1170	
1181	903	778	1165	
1181	438	1179	
1181	879	1166	
1181	364	435	1185	
1181	1171	
1181	364	1167	
1178	677	1177	
1170	765	1175	
1165	1174	
1179	642	520	1180	
1166	1026	1161	
1185	1184	
1171	279	278	1187	
1167	938	1162	
1177	680	1176	
1175	1157	
1174	914	912	1155	
1180	489	501	1182	
1161	1133	1128	1169	
1184	384	1183	
1187	328	1186	
1162	1009	1159	
1157	1156	
1155	1154	
1169	1092	1152	
1186	310	1189	
1159	1067	1164	
1154	1153	
1152	1144	1160	
1189	213	1188	
1164	1163	
1153	1158	
1188	1191	
1191	109	1190	
1190	326	340	1172	
1172	935	1168	
1168	360	1173	
1191	79	1192	
