1175	545	1172	
1175	545	1168	
1175	545	778	1163	
1175	543	432	1173	
1175	543	959	977	1164	
1175	546	1178	
1175	543	445	1177	
1175	543	880	863	1165	
1172	621	1171	
1168	1170	
1163	1167	
1173	515	1174	
1164	969	1159	
1178	297	1179	
1177	267	1182	
1165	939	943	1160	
1171	717	1169	
1170	741	1157	
1167	1156	
1174	620	453	1176	
1159	994	1154	
1179	371	1180	
1182	202	1183	
1160	1044	1158	
1157	1155	
1156	1152	
1154	1060	1153	
1180	1184	
1183	1186	
1158	1036	1162	
1186	109	1185	
1162	1161	
1185	134	131	1181	
1181	933	1166	
1166	933	1187	
1186	1188	
