2401	884	1137	2405	
2401	2400	
2401	1132	1830	2395	
2401	906	2408	
2401	1133	2034	2396	
2401	732	2412	
2401	1763	2411	
2401	730	2397	
2405	1155	2407	
2400	1597	2406	
2395	1818	1461	2403	
2408	1230	2409	
2396	2000	2391	
2412	848	2413	
2411	880	2416	
2397	1816	2392	
2407	2404	
2406	1514	2389	
2403	2250	2388	
2409	1151	2410	
2391	2050	2038	2399	
2413	636	2414	
2416	509	2417	
2392	2390	
2388	2387	
2399	2250	2384	
2417	2420	
2390	1995	2394	
2384	2386	
2420	218	2418	
2394	2393	
2386	2385	
2418	2415	
2415	2398	
2398	589	2419	
2419	1677	2402	
2420	226	2421	
