3660	1699	1695	3667	
3660	2767	3663	
3660	1723	3659	
3660	1333	3669	
3660	3014	2759	3656	
3660	1659	3673	
3660	1687	3672	
3660	2750	2739	3657	
3667	2091	3668	
3663	2377	3665	
3659	3664	
3669	1249	3670	
3656	3651	
3673	3674	
3672	992	3676	
3657	3206	3077	3652	
3668	2232	3666	
3665	3649	
3664	3438	3442	3648	
3670	1755	1405	3671	
3651	3587	3655	
3674	1219	3675	
3676	3677	
3652	3391	3650	
3649	3647	
3648	3530	3644	
3655	3646	
3675	752	3678	
3677	3681	
3650	3268	3654	
3644	3645	
3681	261	3679	
3654	3653	
3679	2556	3661	
3661	2942	3658	
3658	852	859	3680	
3680	3662	
3681	3682	
