1171	898	659	1175	
1171	892	1170	
1171	898	778	1164	
1171	898	1178	
1171	554	979	1165	
1171	865	1183	
1171	357	1181	
1171	364	1166	
1175	609	677	1177	
1170	639	1176	
1164	910	1169	
1178	515	1179	
1165	1160	
1183	1182	
1181	326	1185	
1166	889	982	1161	
1177	680	1174	
1176	736	1156	
1169	1154	
1179	526	387	1180	
1160	1128	1133	1168	
1182	1184	
1185	1186	
1161	1158	
1156	1155	
1154	1152	
1168	1133	1159	
1186	1189	
1158	968	1163	
1152	1153	
1159	1128	1157	
1189	133	1187	
1163	1162	
1187	326	1172	
1172	922	1167	
1167	826	1188	
1188	1173	
1189	190	1190	
