1179	556	1177	
1179	556	1172	
1179	554	894	889	1165	
1179	556	593	1180	
1179	553	884	1166	
1179	553	539	1184	
1179	554	1170	
1179	554	866	862	1167	
1177	611	1176	
1172	1174	
1165	890	716	1173	
1180	592	1178	
1166	1046	983	1161	
1184	1183	
1170	349	345	1186	
1167	949	1162	
1176	717	1175	
1174	1104	1157	
1173	1156	
1178	465	488	1181	
1161	994	1131	1169	
1183	371	374	1182	
1186	1185	
1162	1159	
1157	1155	
1156	1154	
1169	1087	1152	
1185	174	1188	
1159	1068	1164	
1154	1132	1060	1153	
1152	1160	
1188	1187	
1164	1163	
1153	1158	
1187	1191	
1191	86	1189	
1189	360	1171	
1171	360	932	1168	
1168	933	820	1190	
1191	1192	
