3670	2796	2048	3667	
3670	3661	
3670	2815	2488	3655	
3670	2795	3669	
3670	1720	3066	3656	
3670	2679	3674	
3670	3662	
3670	1353	3657	
3667	1943	2106	3668	
3661	3665	
3655	3660	
3669	1938	3671	
3656	3652	
3674	3675	
3662	993	3677	
3657	2760	3107	3651	
3668	2060	3666	
3665	3649	
3660	3426	3494	3647	
3671	1411	3672	
3652	3582	3587	3659	
3675	1140	1187	3673	
3677	3676	
3651	3382	3650	
3666	3468	3648	
3649	3646	
3647	3531	3644	
3659	3572	3645	
3676	553	3679	
3650	3166	3654	
3679	590	3678	
3654	3653	
3678	3682	
3682	3680	
3680	1035	3663	
3663	2915	3658	
3658	892	3681	
3681	2546	3664	
3682	287	3683	
