2411	1137	2409	
2411	1139	2404	
2411	1132	1829	2397	
2411	1139	1228	2412	
2411	1131	2009	2398	
2411	1138	850	2416	
2411	1130	2402	
2411	1128	885	2399	
2409	1248	2408	
2404	2406	
2397	1820	2405	
2412	1210	2410	
2398	1997	2393	
2416	2415	
2402	555	2418	
2399	1953	2394	
2408	1467	2407	
2406	2285	2389	
2405	2388	
2410	990	994	2413	
2393	2191	2039	2401	
2415	753	751	2414	
2418	2417	
2394	2391	
2389	2387	
2388	2386	
2401	2250	2384	
2417	348	2420	
2391	2088	2396	
2386	2381	2368	2385	
2384	2392	
2420	2419	
2396	2395	
2385	2390	
2419	2423	
2423	172	2421	
2421	1683	2403	
2403	1920	1912	2400	
2400	1914	1672	2422	
2423	2424	
