1176	545	1173	
1176	545	767	1170	
1176	543	959	1162	
1176	545	658	1175	
1176	543	959	889	1163	
1176	546	539	1179	
1176	543	1181	
1176	543	959	889	1164	
1173	589	1174	
1170	709	1171	
1162	990	1168	
1175	1177	
1163	1057	1158	
1179	1180	
1181	327	320	1183	
1164	889	1159	
1174	730	1172	
1171	1155	
1168	914	1154	
1177	387	1178	
1158	1132	1133	1167	
1180	317	1182	
1183	1184	
1159	1041	1156	
1154	1152	
1167	907	1061	1157	
1184	1187	
1156	1015	1161	
1152	1153	
1187	1185	
1161	1160	
1185	326	1169	
1160	1005	931	1165	
1169	825	826	1166	
1166	826	1186	
1187	1188	
