3662	1331	1648	3668	
3662	3661	
3662	3009	3655	
3662	1332	3669	
3662	3656	
3662	1292	3675	
3662	3673	
3662	3014	3657	
3668	1959	3667	
3661	2418	3665	
3655	2854	3659	
3669	1862	3670	
3656	2758	3652	
3675	1226	3674	
3673	1058	1036	3677	
3657	2760	3650	
3667	2231	3666	
3665	3494	3647	
3659	2858	3660	
3670	1411	3671	
3652	3651	
3674	3672	
3677	770	3676	
3650	3649	
3666	2260	3648	
3647	3646	
3660	3443	3644	
3651	3140	3645	
3676	966	942	3679	
3649	3167	3654	
3679	297	3678	
3654	3653	
3678	3681	
3681	3680	
3680	2540	3663	
3663	2604	3658	
3658	1095	3664	
3681	253	3682	
