3662	2768	2049	3666	
3662	2409	3661	
3662	3014	2760	3655	
3662	1299	3668	
3662	3014	2760	3656	
3662	1292	3673	
3662	3671	
3662	3014	3657	
3666	1761	3667	
3661	3664	
3655	2810	3660	
3668	1249	3669	
3656	3083	3651	
3673	3672	
3671	815	3675	
3657	3051	3652	
3667	2231	3665	
3664	3495	3648	
3660	2849	3647	
3669	1447	1532	3670	
3651	3140	3580	3659	
3672	966	3674	
3675	3676	
3652	3045	3649	
3647	3535	3646	
3659	3441	3644	
3676	3678	
3649	3166	3654	
3644	3650	
3678	408	3677	
3654	3219	3653	
3650	3645	
3677	126	3663	
3663	2917	3658	
3658	2565	2877	3679	
3678	286	3680	
