3663	2771	3669	
3663	3662	
3663	1725	3656	
3663	1356	3670	
3663	1720	3657	
3663	1687	3674	
3663	1108	3673	
3663	1349	3658	
3669	1918	3668	
3662	2318	3666	
3656	3661	
3670	3671	
3657	3346	3652	
3674	1130	3675	
3673	793	3677	
3658	2979	3653	
3668	2079	3667	
3666	3650	
3661	3428	3494	3648	
3671	1753	3672	
3652	3141	3581	3660	
3675	929	3676	
3677	3678	
3653	3651	
3650	3649	
3648	3647	
3660	3456	3644	
3678	3681	
3651	3655	
3647	3632	3621	3645	
3644	3646	
3681	279	3680	
3655	3654	
3680	2556	3664	
3664	2874	3659	
3659	2558	3679	
3679	2548	3665	
3681	3682	
