3668	2771	3666	
3668	2768	1726	3660	
3668	3009	3655	
3668	1355	3667	
3668	3014	2757	3656	
3668	1101	3671	
3668	3661	
3668	1111	3657	
3666	1760	3665	
3660	2417	3663	
3655	2762	3662	
3667	1598	3669	
3656	3083	3651	
3671	3672	
3661	839	3675	
3657	3315	3076	3652	
3665	2271	3664	
3663	3648	
3662	2523	3647	
3669	1753	3670	
3651	3570	3659	
3672	1220	3673	
3675	3676	
3652	3308	3649	
3648	3646	
3647	3644	
3659	3570	3650	
3676	3679	
3649	3167	3654	
3644	3645	
3679	287	3678	
3654	3653	
3678	3674	
3674	2917	3658	
3658	2917	2559	3677	
3679	72	3680	
