2402	1822	1345	2406	
2402	1585	2401	
2402	1974	1814	2395	
2402	852	2408	
2402	1974	1814	2396	
2402	850	2413	
2402	2411	
2402	1813	2397	
2406	1155	2407	
2401	2404	
2395	1847	2400	
2408	821	2409	
2396	2017	2391	
2413	2412	
2411	539	2415	
2397	2001	2392	
2407	1467	2405	
2404	2285	2388	
2400	1873	2387	
2409	949	1006	2410	
2391	2054	2342	2399	
2412	802	2414	
2415	2416	
2392	1997	2389	
2387	2313	2386	
2399	2250	2384	
2416	2418	
2389	2071	2394	
2384	2390	
2418	218	2417	
2394	2105	2393	
2390	2385	
2417	84	2403	
2403	1929	2398	
2398	1689	1892	2419	
2418	190	2420	
