3663	2039	3669	
3663	1725	3662	
3663	3065	2757	3656	
3663	3670	
3663	2753	3029	3657	
3663	1657	3676	
3663	3675	
3663	1108	3658	
3669	2107	3668	
3662	2375	3666	
3656	3661	
3670	1248	3671	
3657	3198	3652	
3676	3674	
3675	1104	3678	
3658	3313	3079	3653	
3668	2060	3667	
3666	2289	3649	
3661	2849	3648	
3671	1445	1516	3672	
3652	3585	3579	3660	
3674	1458	3673	
3678	3677	
3653	3308	3651	
3648	3535	3647	
3660	3442	3644	
3677	528	3680	
3651	3165	3655	
3647	3645	
3644	3646	
3680	912	3679	
3655	3224	3654	
3645	3650	
3679	3683	
3683	3682	
3682	2556	3664	
3664	2939	3659	
3659	2559	3681	
3681	102	3665	
3683	3684	
