1177	898	1176	
1177	1172	
1177	903	904	1169	
1177	438	1178	
1177	553	974	1165	
1177	865	1184	
1177	364	1183	
1177	437	1166	
1176	677	1175	
1172	908	759	1173	
1169	1168	
1178	407	1179	
1165	1045	1160	
1184	400	1182	
1183	1186	
1166	1012	1161	
1175	663	1174	
1173	1157	
1168	914	1156	
1179	495	488	1180	
1160	1132	1164	
1182	446	1181	
1186	310	1185	
1161	983	1158	
1156	1115	1155	
1164	1152	
1185	1187	
1158	1154	
1155	1150	1144	1153	
1187	1189	
1189	1188	
1188	132	825	1170	
1170	935	1167	
1167	872	1163	
1163	1001	1159	
1159	1162	
1186	360	1171	
1189	89	1190	
