1170	422	1177	
1170	1169	
1170	959	889	1164	
1170	542	1179	
1170	959	889	1165	
1170	421	1182	
1170	445	1181	
1170	361	1166	
1177	677	1176	
1169	765	1174	
1164	1173	
1179	514	526	1178	
1165	1071	1161	
1182	1183	
1181	326	1185	
1166	950	963	1159	
1176	680	1175	
1174	1157	
1173	815	1156	
1178	516	453	1180	
1161	1132	1131	1168	
1183	306	1184	
1185	1186	
1159	1158	
1157	1155	
1156	1085	1154	
1168	1087	1152	
1186	1188	
1158	1031	1163	
1154	1153	
1152	1160	
1188	1187	
1163	1162	
1187	826	825	1171	
1171	923	1167	
1167	829	831	1172	
1188	66	1189	
