1177	556	1174	
1177	554	1169	
1177	555	1168	
1177	556	1175	
1177	555	895	1163	
1177	553	414	1181	
1177	553	1179	
1177	553	855	841	1164	
1174	616	1173	
1169	765	1171	
1168	1166	
1175	515	1176	
1163	1159	
1181	1180	
1179	272	345	1183	
1164	1046	969	1158	
1173	680	1172	
1171	1157	
1166	1167	
1176	489	1178	
1159	1154	
1180	306	1182	
1183	1184	
1158	1160	
1157	1156	
1167	1087	1152	
1154	1153	
1182	182	1185	
1184	98	1187	
1160	1000	1004	1162	
1156	1155	
1187	1186	
1162	948	1161	
1186	822	46	1170	
1170	291	1165	
1165	820	1188	
1187	1189	
