1177	556	659	1174	
1177	555	1168	
1177	554	1163	
1177	556	1176	
1177	554	974	1164	
1177	556	539	1183	
1177	556	431	1181	
1177	554	893	889	1165	
1174	629	1175	
1168	765	1172	
1163	916	1171	
1176	422	1178	
1164	979	1159	
1183	391	1182	
1181	274	1185	
1165	889	1160	
1175	717	1173	
1172	1156	
1171	814	1155	
1178	465	488	1179	
1159	1132	1133	1167	
1182	398	473	1180	
1185	1184	
1160	1157	
1155	1154	
1167	1087	1152	
1184	1186	
1157	1036	1162	
1152	1158	
1186	1188	
1162	1161	
1158	1153	
1188	109	1187	
1187	42	1169	
1169	933	1166	
1166	930	1189	
1189	1170	
1188	113	1190	
