3661	2793	3666	
3661	3660	
3661	2796	2431	3655	
3661	1722	3668	
3661	2751	3010	3656	
3661	2680	3673	
3661	3671	
3661	1351	3657	
3666	2092	3667	
3660	2375	3664	
3655	2854	3663	
3668	1596	3669	
3656	3347	3651	
3673	1197	3672	
3671	815	3676	
3657	3051	3041	3649	
3667	2232	3665	
3664	3648	
3663	3428	3646	
3669	1165	3670	
3651	3570	3584	3659	
3672	965	3674	
3676	3677	
3649	3250	3652	
3648	3647	
3646	3435	3644	
3659	3584	3650	
3677	3679	
3652	3654	
3644	3645	
3679	330	3678	
3654	3653	
3678	405	3675	
3675	850	3658	
3658	2922	3662	
3679	3680	
