3664	1702	1693	3668	
3664	3663	
3664	2752	3010	3657	
3664	1380	3671	
3664	1725	3658	
3664	1101	3675	
3664	3674	
3664	1103	2667	3659	
3668	1761	3669	
3663	2207	3666	
3657	2855	3661	
3671	1492	1636	3670	
3658	3653	
3675	3676	
3674	2599	1052	3678	
3659	3375	3651	
3669	2255	3667	
3666	3649	
3661	3648	
3670	1183	3672	
3653	3138	3362	3662	
3676	1139	3673	
3678	997	3677	
3651	3248	3654	
3649	3555	3647	
3648	3646	
3662	3443	3644	
3677	941	3680	
3654	3656	
3646	3637	3620	3645	
3644	3584	3652	
3680	910	3679	
3656	3655	
3645	3650	
3679	3682	
3682	3681	
3681	2555	3665	
3665	2559	3660	
3660	2573	2570	3683	
3682	199	3684	
