1	2	3	5	6	12	16	
0	2	3	5	8	10	12	
0	1	4	5	25	27	
0	1	5	12	16	17	18	24	
2	5	12	17	18	19	
0	1	2	3	4	7	8	10	13	
0	7	8	9	
5	6	
1	5	6	9	10	13	
6	8	
1	5	8	

0	1	3	4	16	17	22	
5	8	
15	17	20	37	38	
14	17	21	29	37	
0	3	12	17	29	
3	4	12	14	15	16	18	22	
3	4	17	19	20	26	29	
4	18	20	29	33	37	
14	18	19	29	
15	26	29	32	33	34	35	36	37	
12	17	27	

3	
2	28	
18	21	30	36	37	
2	22	
25	32	34	35	38	
15	16	18	19	20	21	37	
26	
35	39	
21	28	33	34	35	36	37	38	39	
19	21	32	34	
21	28	32	33	36	38	
21	28	31	32	36	38	
21	26	32	34	35	37	38	39	
14	15	19	21	26	29	32	36	
14	28	32	34	35	36	
31	32	36	
