1	2	3	4	5	6	7	10	12	17	18	
0	3	4	5	6	7	8	9	10	11	27	
0	4	5	6	12	
0	1	5	6	27	
0	1	2	5	6	12	17	18	24	27	
0	1	2	3	4	6	12	17	18	19	22	24	27	31	
0	1	2	3	4	5	8	9	11	
0	1	9	10	
1	6	9	10	14	
1	6	7	8	10	13	14	
0	1	7	8	9	11	
1	6	10	15	32	
0	2	4	5	17	18	22	27	
9	14	
8	9	13	
11	20	30	32	

0	4	5	12	18	27	
0	4	5	12	17	19	21	22	27	
5	18	31	33	36	37	
15	21	30	32	33	35	36	37	
18	20	32	
5	12	18	

4	5	
28	
32	
1	3	4	5	12	17	18	
25	29	
28	31	35	38	
15	20	32	34	
5	19	29	35	
11	15	20	21	26	30	33	36	37	
19	20	32	34	39	
30	33	38	
20	29	31	38	
19	20	32	
19	20	32	
29	34	35	39	
33	38	
