5	6	9	15	16	20	
2	3	4	5	9	11	
1	3	4	6	11	15	16	20	21	24	
1	2	4	11	16	19	21	
1	2	3	11	15	16	19	20	21	
0	1	7	9	10	12	
0	2	
5	9	

0	1	5	7	10	17	
5	9	13	30	
1	2	3	4	15	16	
5	
10	14	17	30	
13	17	29	31	32	33	35	36	
0	2	4	11	16	
0	2	3	4	11	15	19	20	
9	13	14	18	19	25	30	32	33	34	35	36	37	
17	19	25	
3	4	16	17	18	25	26	
0	2	4	16	22	24	
2	3	4	
20	

2	20	
17	18	19	35	
19	33	36	37	

31	33	36	
14	30	34	36	
10	13	17	29	34	
14	28	32	33	34	36	37	
14	17	31	33	34	
14	17	26	28	31	32	34	36	37	
17	29	30	31	32	33	36	37	
14	17	25	36	
14	17	26	28	29	31	33	34	35	37	
17	26	31	33	34	36	
