1	2	4	5	6	7	16	17	18	22	
0	2	4	5	7	8	9	
0	1	4	5	7	12	14	16	17	18	22	24	26	
4	24	
0	1	2	3	5	12	16	17	18	22	24	25	
0	1	2	4	6	8	9	
0	5	8	9	13	
0	1	2	
1	5	6	9	10	13	
1	5	6	8	13	
8	11	14	31	32	
10	14	29	31	32	
2	4	14	16	18	22	24	
6	8	9	
2	10	11	12	20	29	31	32	35	36	
28	29	30	31	32	33	36	
0	2	4	12	17	22	
0	2	4	16	18	22	24	26	
0	2	4	12	17	19	20	26	
18	20	33	35	36	38	
14	18	19	32	
33	34	36	
0	2	4	12	16	17	23	
22	
2	3	4	12	17	26	
4	
2	17	18	24	

15	37	
11	14	15	30	31	32	33	36	
15	29	31	32	33	35	36	
10	11	14	15	29	30	32	35	36	
10	11	14	15	20	29	30	31	33	35	36	37	
15	19	21	29	30	32	34	
21	33	35	37	
14	19	30	31	32	34	36	38	
14	15	19	21	29	30	31	32	35	
28	32	34	
19	35	
