1	2	3	7	10	12	18	23	24	
0	2	3	7	
0	1	3	7	10	12	18	26	
0	1	2	12	18	23	24	26	
25	
18	19	23	24	26	30	

0	1	2	8	9	10	13	14	
7	10	
7	14	
0	2	7	8	

0	2	3	23	24	
7	14	
7	9	13	
21	22	31	32	33	36	38	39	


0	2	3	5	24	
5	21	24	25	26	27	33	
21	33	35	37	40	
15	19	20	33	34	
15	25	33	
0	3	5	12	24	26	
0	3	5	12	18	19	23	26	
4	19	22	
2	3	5	19	23	24	
19	33	34	36	

30	38	
5	29	36	38	
15	32	
15	31	33	35	37	
15	19	20	21	22	27	32	36	
21	27	35	36	37	
20	32	34	36	39	
15	27	30	33	34	35	37	38	
20	32	34	36	39	
15	29	30	36	40	
15	35	37	
20	38	
