1	2	3	5	9	15	16	24	
0	3	5	6	8	10	
0	4	22	23	
0	1	4	11	15	16	20	22	
2	3	11	16	17	20	22	23	
0	1	6	7	8	9	10	
1	5	8	9	
5	8	
1	5	6	7	
0	5	6	10	
1	5	9	
3	4	15	16	

18	19	33	34	35	36	37	

0	3	11	16	20	
0	3	4	11	15	22	
4	20	30	32	35	36	
13	25	32	34	35	36	
13	25	
3	4	15	17	

2	3	4	16	24	
2	4	
0	22	
18	19	26	28	32	35	36	
25	
33	34	37	38	
25	29	30	31	
28	30	31	32	34	35	36	38	39	
17	28	29	32	35	36	
28	29	32	
17	18	25	29	30	31	33	34	
13	27	32	37	
13	18	27	29	32	37	38	
13	17	18	25	29	30	
13	17	18	25	29	30	
13	27	33	34	38	39	
27	29	34	37	39	
29	37	38	
