1	2	3	4	6	9	15	16	
0	2	3	4	7	9	10	
0	1	3	4	5	6	7	9	10	15	
0	1	2	
0	1	2	15	16	19	20	21	
2	15	17	18	19	
0	2	10	11	
1	2	

0	1	2	10	13	
1	2	6	9	13	29	
6	12	
11	
9	10	18	27	

0	2	4	5	24	
0	4	22	
5	22	23	24	28	30	
5	13	24	27	29	30	31	33	34	35	37	
4	5	21	
4	
4	19	
16	17	
17	28	29	30	34	35	
15	17	18	

32	33	36	37	
13	18	28	29	32	
17	23	27	29	30	32	34	35	36	37	
10	18	23	27	28	33	
17	18	23	28	34	35	36	
18	32	
26	27	28	31	36	37	
18	26	29	36	
18	23	28	30	
18	23	28	30	36	37	
26	28	30	32	33	35	37	
18	26	28	32	35	36	
