1	2	3	4	6	7	10	12	17	21	22	25	
0	3	4	6	7	9	10	11	12	
0	3	4	6	12	17	22	23	
0	1	2	4	6	7	10	12	17	
0	1	2	3	6	12	17	22	23	
12	17	18	22	23	24	
0	1	2	3	4	7	11	23	
0	1	3	6	8	9	10	13	
7	9	10	
1	7	8	
0	1	3	7	8	11	
1	6	10	34	
0	1	2	3	4	5	17	21	22	23	
7	25	
29	
16	35	
15	29	30	31	32	33	34	35	
0	2	3	4	5	12	22	23	
5	29	30	33	35	
20	26	29	33	35	
19	26	29	33	35	
0	12	24	
0	2	4	5	12	17	27	
2	4	5	6	12	17	
5	21	
0	13	
19	20	27	31	33	35	
22	26	
29	36	
14	16	18	19	20	28	31	36	
16	18	32	33	35	
16	26	29	32	33	
16	30	31	33	36	
16	18	19	20	26	30	31	32	34	36	
11	16	33	36	37	
15	16	18	19	20	26	30	
28	29	32	33	34	
34	
