1	5	6	10	16	17	
0	2	5	6	8	9	10	11	
1	3	6	17	22	
2	4	12	16	17	19	21	22	24	
3	5	12	16	17	18	19	21	22	24	
0	1	4	6	7	8	9	10	11	
0	1	2	5	7	8	9	10	11	
5	6	8	10	
1	5	6	7	9	10	
1	5	6	8	
0	1	5	6	7	8	11	
1	5	6	10	14	
3	4	16	17	19	

11	
27	28	29	31	32	33	34	35	
0	3	4	12	17	19	27	
0	2	3	4	12	16	18	21	22	27	
4	17	27	29	31	32	33	34	35	
3	4	12	16	21	
21	
3	4	17	19	20	
2	3	4	17	
28	29	31	32	34	35	
3	4	

36	
15	16	17	18	35	
15	23	29	30	32	34	36	
15	18	23	28	31	32	34	
28	32	33	34	
15	18	23	29	35	
15	18	23	28	29	30	33	
15	18	30	32	34	36	37	
15	18	23	28	29	30	33	36	37	
15	18	23	27	31	
26	28	33	34	37	
33	34	36	
