1	2	7	8	9	11	17	18	22	25	27	
0	2	4	6	7	10	
0	1	6	7	8	9	10	11	22	23	
4	5	6	11	27	
1	3	5	6	22	24	27	
3	4	6	13	17	18	22	23	24	
1	2	3	4	5	7	13	17	18	19	22	27	30	
0	1	2	6	10	23	
0	2	9	10	11	
0	2	8	10	
1	2	7	8	9	11	
0	2	3	8	10	12	
11	15	20	32	
5	6	15	17	23	

12	13	20	
21	36	
0	5	6	13	18	23	25	
0	5	6	17	22	23	27	
6	23	24	25	27	28	33	
12	15	21	31	32	33	36	
16	20	27	31	33	34	36	
0	2	4	5	6	18	27	
2	5	7	13	17	18	19	24	
4	5	19	23	27	29	
0	17	19	

0	3	4	6	18	19	21	22	24	33	35	
19	37	
24	35	37	
6	
20	21	35	
12	20	
19	20	21	27	36	
21	35	
27	29	31	34	37	
16	20	21	33	
28	29	35	

