1	2	4	6	7	8	17	20	21	22	28	
0	2	3	4	6	8	9	12	21	
0	1	3	4	6	7	8	9	17	20	21	25	28	
1	2	5	20	21	22	24	28	
0	1	2	5	6	8	17	20	21	22	25	28	
3	4	6	8	18	20	21	24	25	28	
0	1	2	4	5	8	9	12	
0	2	8	10	11	
0	1	2	4	5	6	7	11	
1	2	6	10	11	
7	9	
7	8	9	12	
1	6	11	15	32	


12	18	

0	2	4	20	21	28	
5	15	19	32	33	36	37	38	
18	33	
0	2	3	4	5	17	21	22	25	28	
0	1	2	3	4	5	17	20	25	28	
0	3	4	20	25	28	

3	5	
2	4	5	20	21	22	28	


0	2	3	4	5	17	20	21	22	25	34	

36	39	
32	33	34	39	
12	18	31	
18	19	31	34	35	
28	31	33	
33	36	39	
18	30	35	39	
18	
18	
30	31	35	36	40	
39	
