1	5	6	7	9	10	16	17	18	22	28	
0	5	7	8	10	11	
3	4	25	26	
2	4	12	16	17	18	22	23	25	26	
2	3	5	7	12	17	18	19	22	25	
0	1	4	7	8	11	
0	7	8	9	11	
0	1	4	5	6	10	23	
1	5	6	9	10	13	
0	6	8	11	
0	1	7	8	11	14	
1	5	6	9	10	14	32	
3	4	16	17	18	23	25	
8	
10	11	15	19	32	
14	19	33	34	
0	3	12	17	18	22	23	
0	3	4	12	16	18	23	
0	3	4	12	16	17	20	25	
4	14	15	20	27	32	34	36	37	38	
18	19	38	
33	34	35	38	
0	3	4	16	26	
3	7	12	16	17	

2	3	4	12	18	28	
2	3	22	28	
19	
0	25	26	

35	37	
39	
11	14	19	
15	21	34	35	
15	19	21	33	35	
21	30	33	34	
19	37	39	
19	30	36	39	
19	20	21	
31	36	37	
