1	2	3	6	9	15	
0	5	7	9	10	
0	5	15	
0	4	5	22	26	
3	5	11	15	19	20	22	24	
1	2	3	4	11	15	16	19	20	21	22	
0	7	10	
1	6	8	9	12	
7	
0	1	7	10	17	
1	6	9	13	30	
4	5	15	16	
7	
10	14	17	
13	17	31	
0	2	4	5	11	19	
5	11	19	20	24	
9	13	14	18	25	30	32	34	35	36	
17	25	31	32	36	
4	5	15	16	24	
4	5	16	
5	
3	4	5	24	

4	16	19	22	30	33	
17	18	
3	
34	
31	34	
30	31	32	35	
10	17	24	29	33	
14	18	28	29	32	33	34	35	36	37	
17	18	29	31	33	34	
24	30	31	32	35	37	
17	27	28	31	32	35	37	
17	29	31	33	34	36	38	
17	18	31	35	
31	33	34	
35	
