1	2	3	5	6	8	16	17	18	21	
0	3	4	5	6	9	
0	3	5	6	16	21	
0	1	2	4	5	6	8	10	16	17	18	23	24	
1	3	5	18	21	22	24	
0	1	2	3	4	6	12	16	17	18	20	21	22	23	
0	1	2	3	5	7	9	21	
6	8	10	
0	3	7	
1	6	
3	7	11	14	30	
10	14	30	
5	14	16	18	21	

10	11	12	19	30	31	34	
29	
0	2	3	5	12	17	21	
0	3	5	16	18	21	24	
0	3	4	5	12	17	19	20	23	24	29	
14	18	29	36	
5	18	21	
0	2	4	5	6	12	16	17	20	23	
4	5	24	
3	5	18	21	24	
3	4	17	18	22	23	33	


35	
32	37	
15	18	19	31	33	34	36	
10	11	14	31	
14	29	30	32	33	34	35	37	
28	31	33	
24	29	31	32	35	
14	29	31	36	
27	31	33	37	
19	29	34	
28	31	35	
