3	5	6	15	16	20	25	
2	4	5	25	26	
1	4	5	17	21	25	
0	15	16	17	24	25	
1	2	17	18	21	24	25	26	
0	1	2	7	8	
0	7	8	12	
5	6	8	9	10	17	
5	6	7	9	10	
7	8	
7	8	

6	
14	19	35	
13	28	
0	3	17	22	
0	3	17	20	24	25	
2	3	4	7	15	16	22	25	
4	23	25	29	34	
13	28	29	36	
0	16	24	25	
2	4	24	25	26	
15	17	24	
18	
3	4	16	20	21	22	25	
0	1	2	3	4	16	17	18	20	21	24	
1	4	21	
29	35	
14	19	29	30	31	36	
18	19	27	28	30	32	34	
28	29	31	33	37	
28	30	37	
29	33	34	
30	32	34	35	37	
18	29	32	33	35	37	
13	27	33	34	37	
19	28	
30	31	33	34	35	
