1	2	4	7	9	10	16	17	23	
0	2	4	7	10	
0	1	4	7	10	16	
5	6	10	22	
0	1	2	16	17	20	21	24	25	
3	6	20	22	
3	5	12	16	17	18	20	22	
0	1	2	8	13	
7	9	10	13	
0	8	
0	1	2	3	8	

6	16	17	
7	8	
15	32	36	
14	30	
0	2	4	6	12	17	30	
0	4	6	12	16	22	23	24	30	32	
6	30	32	36	
29	30	31	32	34	35	36	
4	5	6	25	
4	
3	5	6	17	24	
0	17	24	
4	17	22	23	28	29	34	
4	20	
27	35	37	
26	35	37	
24	29	30	31	34	
19	24	28	31	32	34	36	37	
15	16	17	18	19	28	31	36	37	
19	28	29	30	32	33	34	35	36	37	38	
14	17	18	19	29	31	36	
31	34	
19	24	28	29	31	33	
19	26	27	31	
14	18	19	29	30	31	32	
26	27	29	30	31	38	
31	37	
