1	2	3	4	8	18	19	25	
0	2	3	4	7	8	11	12	13	22	
0	1	3	4	7	8	12	13	18	22	
0	1	2	4	8	11	12	18	19	
0	1	2	3	8	18	19	22	23	
23	24	27	
7	14	18	19	22	23	26	
1	2	6	8	14	18	19	22	23	24	27	
0	1	2	3	4	7	9	11	13	15	22	
8	13	
11	12	15	
1	3	8	10	
1	2	3	10	13	
1	2	8	9	12	16	
6	7	18	19	22	23	
8	10	
13	
21	29	31	32	33	34	35	36	37	
0	2	3	4	6	7	14	19	22	28	30	
0	3	4	6	7	14	18	20	23	24	25	28	30	
19	28	30	32	33	
17	26	30	31	32	33	34	35	36	37	
1	2	4	6	7	8	14	18	23	
4	5	6	7	14	19	22	
5	7	19	
0	19	
6	21	27	31	32	34	36	37	
5	7	26	
18	19	20	30	36	37	
17	35	38	
18	19	20	21	28	36	37	
17	21	26	32	33	34	35	36	37	38	
17	20	21	26	31	33	34	37	
17	20	21	31	32	34	35	38	
17	21	26	31	32	33	35	38	
17	21	29	31	33	34	38	
17	21	26	28	30	31	37	
17	21	26	28	30	31	32	36	
29	31	33	34	35	39	
38	
