1	2	4	6	7	8	11	14	20	25	
0	2	3	4	6	8	9	13	
0	1	3	4	6	7	10	11	12	14	20	
1	2	25	26	28	29	
0	1	2	6	14	20	25	26	
20	21	24	25	26	27	28	
0	1	2	4	7	8	9	13	
0	2	6	9	10	
0	1	6	9	10	13	
1	6	7	8	11	12	
2	7	8	11	12	
0	2	9	10	
2	9	10	17	
1	6	8	18	38	
0	2	4	25	
16	
15	
12	34	
13	

0	2	4	5	24	25	33	
5	24	33	
23	24	30	33	43	
22	30	33	39	43	
5	20	21	22	
0	3	4	5	14	20	29	
3	4	5	
5	
3	5	31	
3	25	
22	23	
28	
39	41	42	
20	21	22	23	
17	35	36	38	
34	37	41	
34	38	41	
35	38	
13	34	36	37	41	
23	32	41	42	
41	44	
32	35	36	38	39	40	
32	39	44	
22	23	
40	42	
