1	5	6	7	12	21	25	27	
0	5	7	8	11	12	
3	4	7	12	17	21	22	23	27	
2	4	22	
2	3	5	7	12	17	22	27	
0	1	4	7	8	9	11	13	
0	7	9	11	
0	1	2	4	5	6	10	
1	5	
5	6	10	
7	9	11	16	
1	5	6	10	
0	1	2	4	17	21	22	23	27	
5	
15	17	19	36	
14	17	30	36	
10	19	
2	4	12	14	15	21	
19	30	
14	16	18	30	
26	27	30	33	34	35	36	
0	2	12	17	22	27	
2	3	4	12	21	27	
2	12	
29	
0	
20	30	
0	2	4	12	20	21	22	33	35	

24	37	
15	18	19	20	26	32	36	
32	34	38	
30	31	
20	27	35	37	
20	31	35	
20	27	33	34	37	38	
14	15	20	30	37	38	
29	33	35	36	38	
31	35	36	37	
