1	2	5	6	7	16	17	18	
0	2	4	5	7	8	9	
0	1	3	4	5	25	
2	4	12	16	17	18	22	25	
1	2	3	12	16	17	18	22	24	27	
0	1	2	6	7	8	9	12	
0	5	7	8	9	
0	1	5	6	8	9	
1	5	6	7	9	
1	5	6	7	8	10	
9	
15	
3	4	5	16	18	

15	36	37	
11	14	20	21	29	30	31	32	33	36	
0	3	4	12	17	27	
0	3	4	16	18	
0	3	4	12	17	19	22	25	27	
18	31	33	36	39	
15	21	26	29	31	33	36	38	
15	20	26	29	31	32	33	34	35	36	38	
3	4	18	

4	
2	3	18	26	
20	21	25	29	34	
4	16	18	
34	35	
15	20	21	26	31	33	36	38	
15	31	33	35	
15	19	20	21	29	30	32	33	
15	21	31	33	34	
15	19	20	21	29	30	31	32	34	35	38	
21	26	28	32	33	37	39	
21	28	30	33	37	
14	15	19	20	21	29	38	
14	34	35	39	
20	21	29	33	36	
19	34	37	
