1	2	5	9	14	18	19	20	
0	2	3	5	9	10	18	
0	1	3	7	9	14	18	22	23	
1	2	4	18	19	20	21	23	
3	6	14	15	18	19	20	21	22	
0	1	6	7	9	10	11	
4	5	9	20	
2	5	8	11	
7	
0	1	2	5	6	10	12	
1	5	9	12	
5	7	
9	10	

0	2	4	18	19	20	
4	16	17	20	21	22	23	26	
15	17	26	
15	16	26	29	35	
0	1	2	3	4	14	19	20	
0	3	4	14	18	20	22	24	
0	3	4	6	14	15	18	19	22	
3	4	15	23	
2	4	15	19	20	23	
2	3	15	21	22	
19	
27	31	32	34	
15	16	17	33	
25	28	30	34	
27	29	31	
17	28	30	31	34	
27	29	
25	28	29	32	34	36	
25	31	34	
26	35	
25	27	29	31	32	
17	33	
31	
