1	2	3	7	8	9	16	17	18	
0	3	7	8	9	10	11	12	
0	3	4	6	7	16	
0	1	2	5	7	8	16	17	18	24	
2	5	6	17	18	19	22	25	
3	4	6	22	
2	4	5	7	16	17	18	20	22	23	24	25	
0	1	2	3	6	9	10	11	12	
0	1	3	10	11	
0	1	7	10	12	13	
1	7	8	9	11	13	
1	7	8	10	12	
1	7	9	11	32	
9	10	
15	21	36	
14	30	31	32	36	
0	2	3	6	17	
0	3	4	6	16	18	
0	3	4	6	17	21	25	
4	
6	36	
14	18	
4	5	6	24	
6	
3	6	22	
4	6	18	
30	31	32	36	
31	37	
29	
28	
15	26	31	32	36	38	
15	26	27	30	32	33	34	36	37	
12	15	26	30	31	
31	35	
31	
33	37	39	
14	15	20	26	30	31	38	
27	31	35	
30	36	
35	
