1	2	3	5	6	7	10	16	21	26	
0	2	3	5	6	9	10	22	
0	1	3	5	6	7	10	16	24	26	
0	1	2	5	16	21	22	24	26	
5	20	21	26	
0	1	2	3	4	12	16	17	18	20	21	24	25	
0	1	2	7	8	9	10	13	
0	2	6	8	9	
6	7	10	
1	6	7	10	13	
0	1	2	6	8	9	11	
10	14	29	
5	14	16	22	
6	9	
11	12	19	29	33	34	35	
28	30	31	32	33	34	
0	2	3	5	12	21	22	
5	19	20	22	23	24	28	
5	28	32	34	
14	17	28	31	36	
4	5	17	21	22	24	26	
0	3	4	5	16	20	24	25	
1	3	12	16	17	20	24	26	
17	
2	3	5	17	20	21	22	26	
5	21	26	
0	2	3	4	20	22	24	25	29	30	32	34	36	
35	
15	17	18	19	
11	14	26	30	
15	26	29	31	32	34	35	
15	19	30	32	33	
15	18	26	30	31	33	36	
14	15	31	32	35	37	
14	15	18	26	30	35	37	
14	27	30	33	34	37	
19	26	32	
33	34	35	
