1	2	5	6	7	8	13	23	
0	2	5	7	8	9	11	12	13	
0	1	5	6	7	8	9	13	21	25	26	
4	13	22	23	24	26	27	
3	5	8	13	22	25	
0	1	2	4	7	8	9	11	12	
0	2	8	14	
0	1	2	5	8	11	12	14	
0	1	2	4	5	6	7	23	
1	2	5	11	
15	
1	5	7	9	12	
1	5	7	11	16	
0	1	2	3	4	14	21	22	23	25	27	
6	7	13	15	
10	14	
12	30	
30	
19	21	23	25	26	
18	
35	37	38	
2	13	18	22	23	25	26	27	
3	4	13	21	23	25	27	
0	3	8	13	18	21	22	25	
3	26	
2	4	13	18	21	22	23	26	
2	3	18	21	24	25	
3	13	21	22	

31	36	39	
16	17	32	37	38	
29	34	
30	
34	35	39	
31	33	35	
20	33	34	39	
29	39	
20	30	
20	30	
29	33	35	36	40	
39	
