1	2	3	6	11	16	19	20	24	
0	2	3	6	7	11	
0	1	3	5	6	7	11	20	
0	1	2	11	16	19	23	24	
11	14	16	19	20	24	
2	11	12	17	19	23	24	
0	1	2	7	13	
1	2	6	8	13	
7	9	
8	
14	28	30	
0	1	2	3	4	5	14	16	19	20	24	25	
5	14	16	19	
6	7	
4	10	11	12	18	28	30	31	32	34	
18	29	30	32	33	34	
0	3	4	11	12	19	27	
5	27	34	36	37	
14	15	27	36	
0	3	4	5	11	12	16	20	24	
0	2	4	11	19	23	24	


3	5	20	24	
0	3	4	5	11	19	20	23	
11	
32	33	35	
16	17	18	30	
10	14	29	30	32	
15	28	30	31	
10	14	15	27	28	29	31	34	36	
14	29	30	
14	15	26	28	33	35	
15	26	32	35	
14	15	17	30	35	37	
26	32	33	34	37	
17	18	30	
17	34	35	
