1	2	3	7	9	13	18	19	
0	3	7	13	24	
0	3	4	6	7	13	18	
0	1	2	7	9	11	13	18	19	25	
2	5	6	13	16	18	19	22	
4	6	22	
2	4	5	7	13	14	18	19	22	23	24	25	
0	1	2	3	6	
9	11	
0	3	8	10	
9	11	
3	8	10	12	16	33	
11	15	16	20	31	33	
0	1	2	3	4	6	16	18	19	22	
6	16	18	19	
12	
4	11	12	13	14	20	21	31	36	37	
20	31	35	36	37	
0	2	3	4	6	13	14	19	28	
0	3	4	6	13	14	18	25	28	
12	16	17	21	28	31	33	34	36	37	
16	20	26	28	36	37	
4	5	6	13	25	27	
6	
1	6	
3	6	19	22	
21	27	31	33	36	37	
22	26	
18	19	20	21	36	37	

39	
12	16	17	20	26	33	
38	
11	12	20	26	31	39	
20	35	
17	34	38	39	
16	17	20	21	26	28	
16	17	20	21	26	28	39	
32	35	39	
30	33	35	37	38	
