1	2	3	7	8	11	17	24	26	
0	3	7	8	9	11	12	
0	4	6	7	
0	1	4	5	6	7	22	23	25	
2	3	6	17	21	22	25	26	
3	6	19	
2	3	4	5	7	17	19	
0	1	2	3	6	8	9	12	14	
0	1	7	11	12	
1	7	
11	15	19	
0	1	8	10	12	
1	7	8	11	
14	
7	13	
10	20	29	33	34	35	36	37	
20	28	29	30	36	
0	4	6	
24	26	29	
5	6	10	29	32	35	36	
15	16	26	28	29	36	
4	
3	4	23	24	26	
3	22	26	
0	18	22	
3	4	
0	4	18	20	22	23	28	30	32	35	36	

16	20	26	29	30	31	33	35	36	37	38	
15	16	18	19	20	28	33	36	
16	26	28	35	
28	32	33	35	37	
19	26	31	33	38	
15	28	29	31	32	35	37	
15	35	37	
15	19	26	28	30	31	33	34	37	38	
15	16	19	20	26	28	29	
15	28	31	33	34	35	
28	32	35	
