1	2	6	10	16	17	25	26	
0	2	6	8	10	21	
0	1	4	6	7	10	16	17	23	25	
4	5	14	16	17	21	23	24	25	26	
2	3	5	23	25	
3	4	16	17	18	21	23	24	
0	1	2	7	8	9	10	12	13	
2	6	8	9	10	
1	6	7	9	10	13	
6	7	8	13	
0	1	2	6	7	8	

6	13	18	
6	8	9	12	
3	20	28	29	32	33	34	35	36	
34	35	
0	2	3	5	17	21	
0	2	3	5	16	21	23	25	
5	12	19	21	23	24	26	
18	28	32	34	35	37	
14	25	34	35	
1	3	5	16	17	18	25	

2	3	4	5	17	18	25	
3	5	18	
0	2	3	4	17	20	21	23	26	29	33	34	35	
0	3	18	25	33	36	

14	19	31	34	35	
14	25	31	
31	32	
28	29	30	
14	19	30	33	
14	25	26	32	36	
14	15	19	20	25	28	
14	15	19	20	25	28	36	37	
14	26	33	35	
19	35	
