1	2	3	4	11	16	26	
0	3	4	5	11	21	
0	3	5	22	24	
0	1	2	4	7	8	9	11	12	16	26	
0	1	3	5	11	12	14	16	20	21	26	
1	2	4	11	12	17	
9	
3	8	9	13	
3	7	9	
3	6	7	8	10	14	29	
9	14	17	29	
0	1	3	4	5	14	16	20	21	
3	4	5	14	16	20	21	
7	
4	9	10	11	12	17	18	
17	18	29	34	35	
0	3	4	11	12	21	25	
5	10	14	15	18	25	29	30	31	33	34	35	
14	15	17	25	26	33	34	35	
23	26	
4	11	12	24	
1	4	11	12	16	22	26	
2	21	26	
19	26	
2	20	
16	17	18	
0	3	4	18	19	21	22	23	29	31	34	35	
32	33	
29	31	37	
9	10	15	17	26	28	30	32	
17	29	31	32	33	
17	26	28	30	32	
27	29	30	31	36	
17	18	27	30	36	
15	17	18	26	35	
15	17	18	26	34	36	37	
32	33	35	37	
28	35	36	
