1	2	3	5	9	17	18	22	23	
0	3	4	5	10	
0	3	5	7	22	23	
0	1	2	4	5	17	18	
1	3	6	7	18	22	23	
0	1	2	3	7	17	18	
4	7	18	19	
2	4	5	6	17	18	22	28	
9	11	
0	8	10	
1	9	11	14	
8	10	

14	
10	13	
20	21	34	35	36	37	38	
30	32	33	35	36	37	39	
0	3	5	7	18	22	23	26	
0	3	4	5	6	7	17	20	25	26	
6	20	21	26	31	33	34	36	37	39	
15	18	19	26	
15	19	27	
0	2	4	7	17	23	
0	2	4	17	22	
29	30	
18	
17	18	19	20	
21	31	35	37	
7	
24	
16	24	32	36	38	
19	27	33	
16	30	34	
16	19	31	34	35	36	37	38	39	40	
15	19	32	33	35	
15	16	27	33	34	38	
15	16	19	30	33	38	
15	16	19	27	33	38	40	
15	30	33	35	36	37	40	
16	19	33	
33	37	38	
