1	2	3	7	17	21	22	23	
0	2	3	7	9	
0	1	3	7	9	17	22	23	
0	1	2	7	10	17	
5	17	22	23	27	
4	22	24	27	
17	18	22	23	24	26	27	29	
0	1	2	3	9	

1	2	7	
3	14	


21	
10	
19	20	31	37	38	
20	30	31	32	35	36	37	
0	2	3	4	6	22	23	
6	31	34	37	
15	30	31	32	
15	16	26	31	32	34	35	36	37	
0	13	
0	2	4	5	6	17	23	27	
0	2	4	6	17	22	
5	6	

6	20	31	32	36	37	
4	5	6	22	
29	39	
6	28	35	38	
16	19	31	32	36	37	
15	16	18	19	20	26	30	32	33	35	37	
16	19	20	26	30	31	34	36	37	
31	34	35	36	
18	20	32	33	35	
16	20	29	31	33	34	36	38	39	
16	20	26	30	32	33	35	37	38	39	
15	16	18	20	26	30	31	32	36	
15	29	35	36	39	
28	35	36	38	
