1	2	7	10	16	22	
0	6	7	8	10	
0	4	6	16	22	23	
4	5	6	10	25	27	
2	3	5	6	12	14	21	22	23	25	26	
3	4	6	22	
1	2	3	4	5	16	17	22	23	24	25	
0	1	8	12	
1	7	9	10	
8	
0	1	3	8	11	18	
10	14	18	30	32	
4	7	13	
12	
4	11	18	30	32	33	34	36	
18	
0	2	6	22	23	
6	19	21	23	25	26	
10	11	14	15	19	30	32	33	35	36	39	
17	18	32	
34	36	38	
4	17	22	23	24	25	26	27	
0	2	4	5	6	16	21	27	
2	4	6	16	17	21	
6	21	
3	4	6	17	21	26	
4	17	21	25	30	34	
3	21	22	

34	35	37	
11	14	18	26	31	32	34	
30	32	33	35	
11	14	18	19	30	31	33	36	37	
14	18	31	32	34	
14	20	26	29	30	33	36	37	39	
18	29	31	37	
14	18	20	32	34	37	38	
29	32	34	35	36	
20	36	
18	34	
