1	2	3	5	11	19	20	
0	5	7	8	10	11	20	
0	4	5	11	
0	4	5	24	26	
2	3	5	11	15	21	22	24	
0	1	2	3	4	11	15	16	21	22	23	24	25	26	
7	12	
1	6	8	12	
1	7	12	
10	
1	9	13	31	
0	1	2	4	5	15	19	20	21	22	
6	7	8	
10	14	28	29	
13	28	30	31	
4	5	11	20	21	
5	30	32	35	36	
31	
24	25	28	30	32	33	34	35	36	
0	11	20	23	24	
0	1	11	15	19	21	23	
4	5	11	15	20	
4	5	11	
5	19	20	
3	4	5	18	19	
5	18	28	32	35	36	
3	5	30	
34	
13	14	18	25	29	30	31	32	35	36	
13	28	30	31	33	
14	16	18	26	28	29	37	
10	14	17	28	29	32	35	36	37	
16	18	25	28	31	33	34	
18	29	32	34	37	38	
18	27	32	33	37	
16	18	25	28	31	
16	18	25	28	31	
30	31	33	34	38	
33	37	
