1522.700000,-1084.758000,304.586000
1522.700000,-1102.035000,304.466000
1508.947000,-1072.200000,304.096000
1509.644000,-1072.200000,304.904000
1505.700000,-1108.899000,305.608000
1505.700000,-1083.939000,305.342000
1506.924000,-1111.200000,305.120000
1519.878000,-1111.200000,305.780000
1517.345000,-1103.244000,306.000000
1520.847000,-1096.926000,306.000000
1493.900000,-1078.542000,306.536000
1493.900000,-1071.470000,307.140000
1485.044000,-1052.600000,306.048000
1470.452000,-1052.600000,307.578000
1469.900000,-1069.600000,307.558000
1469.900000,-1069.940000,306.014000
1485.068000,-1086.600000,307.070000
1470.932000,-1086.600000,306.452000
1486.916000,-1060.624000,308.000000
1483.220000,-1067.016000,308.000000
1570.100000,-967.460000,302.708000
1570.100000,-970.320000,307.342000
1540.404000,-963.400000,307.993000
1564.116000,-963.400000,301.875000
1538.100000,-964.600000,306.285000
1538.100000,-977.800000,303.408000
1544.244000,-983.400000,304.577000
1546.164000,-983.400000,304.941000
1561.588000,-976.940000,308.000000
1545.076000,-967.700000,308.000000
1526.200000,-972.220000,305.380000
1526.200000,-957.010000,305.840000
1518.880000,-952.900000,320.500000
1520.260000,-952.900000,310.220000
1511.200000,-971.500000,315.600000
1511.200000,-980.770000,314.600000
1522.465000,-982.900000,310.720000
1518.130000,-982.900000,318.980000
1522.570000,-956.410000,321.000000
1524.430000,-953.080000,321.000000
1508.400000,-958.652000,302.755000
1508.400000,-982.256000,306.202000
1506.384000,-956.300000,309.550000
1482.990000,-956.300000,308.173000
1466.400000,-961.312000,307.354000
1466.400000,-960.164000,301.144000
1479.462000,-984.300000,305.158000
1494.582000,-984.300000,303.115000
1499.286000,-971.924000,310.000000
1489.332000,-978.588000,310.000000
1503.154298,-736.308267,304.590000
1511.003736,-742.331353,324.678000
1474.931878,-729.189471,325.002000
1472.526053,-732.324803,303.591000
1500.286950,-758.057050,318.387000
1484.426230,-745.886691,309.504000
1520.910103,-753.046142,311.799000
1521.025768,-752.895405,315.417000
1520.100494,-753.933693,327.000000
1496.565833,-750.172451,327.000000
1427.300000,-624.005000,310.628000
1427.300000,-598.013000,312.518000
1423.292000,-569.000000,324.218000
1426.724000,-569.000000,316.460000
1403.300000,-585.986000,319.826000
1403.300000,-600.749000,320.402000
1413.620000,-626.000000,315.434000
1405.436000,-626.000000,324.344000
1423.268000,-594.023000,326.000000
1424.276000,-590.546000,326.000000
1390.800000,-627.670000,308.968000
1390.800000,-626.200000,312.696000
1347.240000,-622.000000,315.016000
1376.820000,-622.000000,314.448000
1330.800000,-634.012000,313.056000
1330.800000,-632.724000,308.200000
1390.140000,-636.000000,311.104000
1348.740000,-636.000000,309.952000
1382.160000,-634.306000,316.000000
1363.020000,-624.366000,316.000000
1366.100000,-613.516000,309.067000
1366.100000,-578.740000,318.153000
1361.238000,-574.600000,317.372000
1358.586000,-574.600000,309.562000
1349.100000,-593.782000,314.688000
1349.100000,-619.450000,311.971000
1358.433000,-620.600000,312.004000
1357.736000,-620.600000,314.380000
1364.077000,-589.320000,319.000000
1352.517000,-618.714000,319.000000
1347.700000,-592.326000,308.144000
1347.700000,-616.721000,308.518000
1326.575000,-580.600000,309.656000
1331.400000,-580.600000,308.956000
1322.700000,-620.657000,309.166000
1322.700000,-588.144000,309.394000
1325.400000,-621.600000,308.678000
1340.625000,-621.600000,309.832000
1345.325000,-611.760000,310.000000
1344.325000,-611.350000,310.000000
1448.900000,-1099.329000,306.240000
1448.900000,-1097.844000,308.980000
1433.915000,-1079.700000,310.015000
1417.043000,-1079.700000,310.070000
1411.900000,-1094.172000,308.795000
1411.900000,-1090.338000,306.165000
1436.616000,-1106.700000,307.575000
1446.199000,-1106.700000,307.260000
1446.310000,-1085.127000,311.000000
1431.473000,-1094.307000,311.000000
1344.200000,-1079.578000,308.000000
1344.200000,-1089.642000,308.000000
1324.920000,-1073.900000,308.000000
1342.800000,-1073.900000,308.000000
1324.200000,-1077.164000,308.000000
1324.200000,-1094.402000,308.000000
1328.740000,-1107.900000,308.000000
1326.920000,-1107.900000,308.000000
1343.280000,-1095.694000,308.000000
1328.040000,-1085.154000,308.000000
1442.100000,-1054.360000,318.984000
1442.100000,-1047.260000,307.288000
1424.284000,-1042.200000,315.064000
1432.580000,-1042.200000,310.792000
1408.100000,-1055.300000,311.160000
1408.100000,-1058.440000,314.296000
1434.858000,-1062.200000,307.256000
1419.830000,-1062.200000,317.800000
1441.386000,-1043.840000,319.000000
1437.204000,-1044.640000,319.000000
1434.000000,-1007.056000,322.480000
1434.000000,-1006.968000,315.080000
1426.613000,-1006.000000,317.600000
1390.479000,-1006.000000,319.460000
1345.000000,-1010.730000,312.700000
1345.000000,-1006.484000,303.840000
1375.794000,-1028.000000,307.820000
1394.306000,-1028.000000,308.220000
1345.267000,-1017.484000,323.000000
1391.280000,-1026.086000,323.000000
1344.900000,-1038.151000,322.150000
1344.900000,-1058.565000,321.980000
1305.034000,-1009.300000,317.985000
1301.624000,-1009.300000,308.703000
1282.900000,-1054.966000,313.837000
1282.900000,-1022.929000,312.426000
1339.072000,-1068.300000,309.689000
1330.268000,-1068.300000,316.149000
1284.636000,-1066.117000,323.000000
1294.308000,-1050.836000,323.000000
1446.100000,-973.886000,314.950000
1446.100000,-963.550000,305.878000
1441.252000,-942.300000,311.534000
1424.332000,-942.300000,308.944000
1422.100000,-953.656000,308.104000
1422.100000,-957.260000,312.010000
1433.260000,-976.300000,304.688000
1445.452000,-976.300000,315.062000
1423.348000,-956.002000,316.000000
1442.452000,-959.096000,316.000000
1399.000000,-967.010000,305.703000
1399.000000,-968.528000,304.839000
1364.710000,-954.800000,304.968000
1393.735000,-954.800000,305.496000
1354.000000,-984.269000,304.236000
1354.000000,-976.217000,303.153000
1355.125000,-987.800000,303.504000
1362.190000,-987.800000,303.810000
1357.465000,-982.652000,306.000000
1376.995000,-964.205000,306.000000
1337.700000,-978.030000,307.504000
1337.700000,-958.131000,307.796000
1332.564000,-951.300000,306.528000
1332.484000,-951.300000,304.672000
1321.700000,-966.249000,305.548000
1321.700000,-979.647000,305.548000
1331.044000,-984.300000,304.572000
1327.956000,-984.300000,306.424000
1323.316000,-960.672000,308.000000
1324.500000,-953.808000,308.000000
1430.300000,-919.918000,336.932000
1430.300000,-933.364000,313.685000
1388.893000,-915.400000,326.887000
1405.155000,-915.400000,322.664000
1383.300000,-915.616000,316.883000
1383.300000,-916.624000,331.643000
1390.068000,-933.400000,306.879000
1411.547000,-933.400000,340.622000
1389.222000,-928.432000,343.000000
1422.733000,-930.988000,343.000000
1308.000000,-886.252000,347.696000
1308.000000,-893.236000,337.808000
1300.080000,-836.500000,335.984000
1294.608000,-836.500000,348.320000
1290.000000,-877.684000,324.224000
1290.000000,-856.444000,310.832000
1302.654000,-908.500000,312.512000
1304.580000,-908.500000,321.344000
1292.700000,-848.380000,356.000000
1299.054000,-883.804000,356.000000
1302.100000,-756.632000,330.287000
1302.100000,-768.254000,334.782000
1302.100000,-753.200000,323.182000
1287.790000,-753.200000,312.133000
1287.100000,-756.606000,316.106000
1287.100000,-765.862000,318.484000
1291.045000,-779.200000,309.030000
1287.385000,-779.200000,324.835000
1289.725000,-768.930000,336.000000
1289.590000,-764.848000,336.000000
1356.800000,-788.380000,329.562000
1356.800000,-785.350000,315.526000
1316.552000,-779.800000,322.486000
1345.064000,-779.800000,321.877000
1284.800000,-790.165000,315.381000
1284.800000,-790.240000,328.228000
1344.056000,-794.800000,308.305000
1301.288000,-794.800000,334.579000
1299.128000,-780.490000,336.000000
1344.560000,-783.385000,336.000000
1451.000000,-761.795000,327.144000
1451.000000,-764.000000,322.680000
1438.505000,-761.600000,318.324000
1411.940000,-761.600000,330.564000
1346.000000,-765.365000,309.540000
1346.000000,-775.175000,302.448000
1386.110000,-776.600000,300.756000
1391.990000,-776.600000,310.332000
1369.520000,-768.890000,336.000000
1397.870000,-762.035000,336.000000
1446.700000,-739.961000,326.244000
1446.700000,-758.387000,334.776000
1437.194000,-723.200000,317.460000
1438.552000,-723.200000,306.660000
1432.700000,-753.170000,308.640000
1432.700000,-727.418000,314.544000
1445.888000,-760.200000,335.856000
1441.758000,-760.200000,322.428000
1436.172000,-757.499000,336.000000
1434.912000,-753.540000,336.000000
1445.200000,-719.295000,333.840000
1445.200000,-717.030000,314.544000
1425.208000,-705.900000,322.080000
1378.756000,-705.900000,325.056000
1361.200000,-711.450000,310.368000
1361.200000,-710.760000,335.520000
1403.284000,-720.900000,346.656000
1433.104000,-720.900000,346.032000
1384.132000,-711.405000,348.000000
1430.248000,-715.065000,348.000000
1359.800000,-713.858000,340.560000
1359.800000,-721.221000,338.838000
1347.032000,-701.500000,330.312000
1359.800000,-701.500000,348.036000
1343.800000,-735.873000,320.022000
1343.800000,-721.221000,315.234000
1344.776000,-738.500000,351.774000
1344.856000,-738.500000,324.432000
1348.552000,-731.396000,354.000000
1351.560000,-716.374000,354.000000
1342.600000,-709.936000,339.552000
1342.600000,-703.622000,352.950000
1329.391000,-699.100000,329.262000
1334.867000,-699.100000,320.148000
1305.600000,-705.946000,319.014000
1305.600000,-709.488000,329.346000
1328.540000,-713.100000,350.766000
1315.775000,-713.100000,338.544000
1317.514000,-702.572000,354.000000
1311.113000,-701.788000,354.000000
1302.800000,-710.080000,338.502000
1302.800000,-706.848000,325.062000
1287.211000,-703.200000,328.254000
1295.677000,-703.200000,334.260000
1285.800000,-704.736000,317.964000
1285.800000,-733.632000,343.458000
1288.860000,-735.200000,349.716000
1294.028000,-735.200000,352.656000
1291.682000,-725.248000,354.000000
1299.621000,-734.656000,354.000000
1268.400000,-1078.925000,317.319000
1268.400000,-1092.675000,317.999000
1256.500000,-1042.900000,313.154000
1252.700000,-1042.900000,321.722000
1243.400000,-1076.340000,309.006000
1243.400000,-1051.755000,308.445000
1261.875000,-1097.900000,321.858000
1260.750000,-1097.900000,312.168000
1252.675000,-1049.995000,324.000000
1255.325000,-1085.470000,324.000000
1228.600000,-1076.476000,309.910000
1228.600000,-1095.076000,311.920000
1228.240000,-1073.500000,308.690000
1220.230000,-1073.500000,308.015000
1218.600000,-1078.677000,307.465000
1218.600000,-1084.970000,309.110000
1221.590000,-1104.500000,311.245000
1227.630000,-1104.500000,310.205000
1222.550000,-1091.170000,312.000000
1220.010000,-1090.984000,312.000000
1220.900000,-1099.860000,310.674000
1220.900000,-1099.360000,309.960000
1202.455000,-1094.500000,309.939000
1219.443000,-1094.500000,310.617000
1189.900000,-1101.770000,309.207000
1189.900000,-1100.290000,311.274000
1216.498000,-1104.500000,311.475000
1193.372000,-1104.500000,311.931000
1202.920000,-1094.600000,312.000000
1214.824000,-1098.050000,312.000000
1216.600000,-1071.355000,307.533000
1216.600000,-1060.855000,307.656000
1215.360000,-1056.700000,307.289000
1214.552000,-1056.700000,307.875000
1208.600000,-1060.990000,307.044000
1208.600000,-1068.535000,307.094000
1211.944000,-1071.700000,307.800000
1211.168000,-1071.700000,307.313000
1212.152000,-1063.465000,308.000000
1212.344000,-1058.890000,308.000000
1195.000000,-1066.012000,310.527000
1195.000000,-1053.448000,311.976000
1187.860000,-1051.000000,309.792000
1190.350000,-1051.000000,309.633000
1185.000000,-1081.456000,309.060000
1185.000000,-1086.928000,310.290000
1194.770000,-1087.000000,311.325000
1190.310000,-1087.000000,310.947000
1189.690000,-1083.076000,312.000000
1186.320000,-1084.732000,312.000000
1187.000000,-1100.008000,315.324000
1187.000000,-1100.008000,313.619000
1182.890000,-1077.700000,312.640000
1176.890000,-1077.700000,316.017000
1172.000000,-1088.230000,320.945000
1172.000000,-1083.082000,318.426000
1180.055000,-1103.700000,318.261000
1183.100000,-1103.700000,320.835000
1179.395000,-1086.332000,321.000000
1183.940000,-1096.602000,321.000000
1148.400000,-1085.050000,311.000000
1148.400000,-1093.825000,311.000000
1106.750000,-1077.600000,311.000000
1104.200000,-1077.600000,311.000000
1098.400000,-1101.725000,311.000000
1098.400000,-1088.000000,311.000000
1103.200000,-1102.600000,311.000000
1145.850000,-1102.600000,311.000000
1124.300000,-1096.900000,311.000000
1121.350000,-1090.550000,311.000000
1231.100000,-1014.258000,309.870000
1231.100000,-1007.680000,309.002000
1222.454000,-998.000000,309.382000
1229.054000,-998.000000,309.440000
1209.100000,-1009.528000,310.892000
1209.100000,-1011.772000,309.878000
1223.532000,-1020.000000,310.404000
1212.576000,-1020.000000,310.316000
1221.024000,-1002.686000,311.000000
1211.806000,-1004.798000,311.000000
1206.100000,-1012.039000,311.055000
1206.100000,-1014.171000,310.685000
1192.772000,-1004.700000,309.830000
1201.872000,-1004.700000,311.780000
1192.100000,-1008.144000,313.610000
1192.100000,-1038.935000,312.875000
1195.110000,-1045.700000,312.385000
1197.252000,-1045.700000,313.970000
1200.038000,-1031.473000,314.000000
1203.118000,-1008.759000,314.000000
1143.300000,-1029.040000,317.404000
1143.300000,-1000.887000,321.422000
1123.844000,-999.900000,313.988000
1123.882000,-999.900000,324.488000
1105.300000,-1030.121000,324.558000
1105.300000,-1001.968000,313.554000
1134.750000,-1046.900000,321.142000
1127.226000,-1046.900000,316.620000
1127.758000,-1004.271000,326.000000
1122.438000,-1041.730000,326.000000
1268.000000,-925.800000,310.534000
1268.000000,-933.320000,308.070000
1265.941000,-925.200000,308.819000
1247.091000,-925.200000,309.603000
1239.000000,-927.230000,314.111000
1239.000000,-927.740000,311.136000
1248.715000,-935.200000,312.396000
1261.794000,-935.200000,312.662000
1256.864000,-930.540000,315.000000
1242.335000,-932.010000,315.000000
1238.900000,-963.833000,311.348000
1238.900000,-967.199000,311.384000
1230.697000,-947.300000,310.372000
1226.810000,-947.300000,312.260000
1225.900000,-972.479000,313.392000
1225.900000,-962.579000,313.136000
1237.522000,-980.300000,312.416000
1238.848000,-980.300000,310.012000
1234.220000,-979.442000,314.000000
1236.014000,-962.876000,314.000000
1224.200000,-975.748000,311.252000
1224.200000,-960.404000,312.728000
1221.920000,-949.400000,310.272000
1222.532000,-949.400000,313.604000
1212.200000,-958.416000,313.296000
1212.200000,-968.216000,310.480000
1217.648000,-977.400000,312.316000
1214.660000,-977.400000,311.356000
1220.180000,-961.020000,314.000000
1217.504000,-956.736000,314.000000
1179.800000,-969.884000,311.152000
1179.800000,-967.508000,310.072000
1162.550000,-965.300000,310.176000
1171.773000,-965.300000,310.948000
1156.800000,-975.884000,313.196000
1156.800000,-975.872000,311.824000
1157.099000,-977.300000,312.220000
1166.322000,-977.300000,312.700000
1172.647000,-975.560000,314.000000
1159.238000,-965.936000,314.000000
1190.200000,-959.460000,314.488000
1190.200000,-964.050000,316.018000
1169.740000,-934.800000,310.323000
1153.372000,-934.800000,319.741000
1124.200000,-948.030000,323.175000
1124.200000,-937.530000,323.464000
1162.018000,-964.800000,319.010000
1165.318000,-964.800000,310.187000
1171.324000,-943.680000,327.000000
1175.020000,-960.120000,327.000000
1268.300000,-859.264000,310.195000
1268.300000,-870.352000,312.455000
1256.134000,-853.500000,313.975000
1257.562000,-853.500000,313.550000
1254.300000,-853.522000,312.750000
1254.300000,-860.100000,309.645000
1256.148000,-875.500000,311.530000
1265.962000,-875.500000,310.740000
1264.632000,-869.692000,314.000000
1260.362000,-867.470000,314.000000
1257.000000,-844.863000,311.430000
1257.000000,-841.776000,311.054000
1251.852000,-830.100000,312.940000
1245.288000,-830.100000,311.492000
1245.000000,-841.860000,312.452000
1245.000000,-840.789000,311.930000
1253.304000,-851.100000,311.962000
1245.504000,-851.100000,312.368000
1254.156000,-833.817000,313.000000
1246.164000,-839.025000,313.000000
1157.500000,-846.890000,316.000000
1157.500000,-853.010000,316.000000
1144.656000,-842.600000,316.000000
1155.082000,-842.600000,316.000000
1144.500000,-846.200000,316.000000
1144.500000,-864.140000,316.000000
1147.763000,-872.600000,316.000000
1147.763000,-872.600000,316.000000
1154.731000,-861.110000,316.000000
1154.393000,-849.080000,316.000000
1145.100000,-866.460000,316.000000
1145.100000,-859.770000,316.000000
1125.920000,-857.700000,316.000000
1131.275000,-857.700000,316.000000
1110.100000,-867.885000,316.000000
1110.100000,-871.620000,316.000000
1138.485000,-872.700000,316.000000
1126.235000,-872.700000,316.000000
1138.520000,-858.570000,316.000000
1124.975000,-857.805000,316.000000
1259.300000,-790.316000,310.859000
1259.300000,-798.461000,310.964000
1257.160000,-790.100000,310.103000
1247.220000,-790.100000,310.745000
1239.300000,-792.251000,310.348000
1239.300000,-791.333000,310.527000
1246.700000,-799.100000,310.592000
1252.700000,-799.100000,310.308000
1256.020000,-794.582000,310.000000
1241.080000,-797.273000,310.000000
1213.100000,-777.465000,313.000000
1213.100000,-792.959000,313.000000
1204.429000,-749.100000,313.000000
1202.518000,-749.100000,313.000000
1200.100000,-797.778000,313.000000
1200.100000,-770.206000,313.000000
1212.190000,-810.100000,313.000000
1211.527000,-810.100000,313.000000
1211.293000,-806.379000,313.000000
1209.876000,-784.968000,313.000000
1200.200000,-803.705000,314.564000
1200.200000,-779.610000,325.036000
1197.262000,-748.500000,327.416000
1199.901000,-748.500000,328.759000
1187.200000,-770.338000,323.251000
1187.200000,-782.416000,315.482000
1193.557000,-809.500000,319.103000
1188.344000,-809.500000,319.205000
1198.705000,-771.619000,330.000000
1192.608000,-771.619000,330.000000
1142.500000,-789.996000,318.476000
1142.500000,-788.826000,318.308000
1113.418000,-781.000000,323.761000
1133.916000,-781.000000,319.841000
1105.500000,-804.842000,322.053000
1105.500000,-800.890000,321.374000
1107.313000,-807.000000,320.338000
1116.526000,-807.000000,322.907000
1139.170000,-802.320000,325.000000
1108.460000,-785.420000,325.000000
1270.600000,-750.018000,312.172000
1270.600000,-740.983000,313.520000
1253.350000,-739.800000,315.196000
1248.550000,-739.800000,314.396000
1220.600000,-746.001000,314.216000
1220.600000,-752.462000,315.272000
1251.000000,-752.800000,313.240000
1245.950000,-752.800000,312.148000
1267.300000,-743.180000,316.000000
1257.800000,-752.280000,316.000000
1238.100000,-698.888000,317.323000
1238.100000,-727.708000,329.189000
1198.280000,-688.900000,330.158000
1209.456000,-688.900000,332.912000
1194.100000,-690.484000,326.010000
1194.100000,-696.952000,319.635000
1201.492000,-732.900000,321.845000
1225.604000,-732.900000,323.358000
1236.296000,-719.744000,334.000000
1212.052000,-721.944000,334.000000
1172.300000,-717.944000,318.988000
1172.300000,-718.136000,317.106000
1160.236000,-696.600000,318.500000
1149.940000,-696.600000,317.544000
1146.300000,-715.672000,318.010000
1146.300000,-709.176000,317.982000
1165.202000,-728.600000,317.522000
1170.350000,-728.600000,318.420000
1171.858000,-701.112000,319.000000
1148.146000,-713.944000,319.000000
1138.700000,-687.120000,321.910000
1138.700000,-692.460000,320.167000
1138.028000,-685.500000,321.175000
1136.768000,-685.500000,320.824000
1110.700000,-687.825000,320.443000
1110.700000,-694.530000,321.481000
1118.736000,-700.500000,319.708000
1114.480000,-700.500000,319.138000
1110.924000,-694.230000,322.000000
1131.280000,-690.480000,322.000000
1202.900000,-653.556000,339.735000
1202.900000,-647.088000,334.675000
1155.094000,-641.500000,334.123000
1180.104000,-641.500000,339.712000
1120.900000,-657.230000,328.488000
1120.900000,-659.342000,321.749000
1190.272000,-663.500000,322.876000
1149.108000,-663.500000,326.786000
1123.524000,-641.984000,341.000000
1153.618000,-644.206000,341.000000
1148.800000,-643.316000,322.447000
1148.800000,-601.780000,316.434000
1143.080000,-599.800000,320.732000
1129.280000,-599.800000,317.960000
1108.800000,-611.856000,319.024000
1108.800000,-600.724000,319.493000
1125.040000,-643.800000,317.309000
1130.920000,-643.800000,321.026000
1111.080000,-620.128000,323.000000
1111.320000,-640.016000,323.000000
1251.400000,-608.092000,319.856000
1251.400000,-627.628000,314.378000
1182.604000,-587.500000,317.172000
1183.094000,-587.500000,316.787000
1153.400000,-627.532000,314.477000
1153.400000,-598.540000,319.196000
1248.068000,-635.500000,311.793000
1228.174000,-635.500000,310.605000
1161.338000,-630.844000,321.000000
1224.548000,-621.340000,321.000000
1253.000000,-582.270000,333.904000
1253.000000,-577.146000,329.488000
1230.730000,-564.000000,326.064000
1175.990000,-564.000000,336.496000
1168.000000,-572.274000,318.256000
1168.000000,-573.219000,311.504000
1212.625000,-585.000000,310.416000
1250.620000,-585.000000,318.512000
1177.010000,-571.203000,338.000000
1201.150000,-574.395000,338.000000
994.600000,-1072.740000,372.749000
994.600000,-1076.378000,320.690000
950.212000,-1062.200000,356.401000
988.336000,-1062.200000,335.363000
940.600000,-1094.602000,339.986000
940.600000,-1084.232000,350.036000
945.190000,-1096.200000,323.638000
950.374000,-1096.200000,364.709000
947.620000,-1088.856000,383.000000
943.516000,-1071.924000,383.000000
1076.100000,-1038.700000,326.814000
1076.100000,-1009.432000,319.308000
1063.146000,-998.200000,322.404000
1065.050000,-998.200000,323.250000
1042.100000,-1025.902000,318.012000
1042.100000,-1044.532000,327.192000
1063.996000,-1052.200000,313.602000
1055.360000,-1052.200000,313.134000
1047.370000,-1010.296000,330.000000
1066.512000,-1002.358000,330.000000
1024.800000,-1005.614000,325.182000
1024.800000,-1049.246000,324.687000
932.582000,-995.300000,322.986000
972.468000,-995.300000,326.658000
926.800000,-999.188000,320.781000
926.800000,-998.918000,319.629000
946.792000,-1049.300000,318.585000
985.600000,-1049.300000,321.591000
944.342000,-1031.210000,327.000000
964.236000,-1042.172000,327.000000
995.200000,-958.202000,373.954000
995.200000,-964.838000,324.609000
963.700000,-931.700000,356.559000
948.391000,-931.700000,340.158000
932.200000,-958.244000,339.235000
932.200000,-943.292000,355.707000
980.269000,-973.700000,321.840000
983.167000,-973.700000,371.256000
945.052000,-936.110000,390.000000
935.035000,-959.336000,390.000000
1073.100000,-888.412000,325.486000
1073.100000,-911.780000,320.810000
1069.380000,-885.100000,322.070000
1014.014000,-885.100000,323.876000
1011.100000,-893.886000,318.640000
1011.100000,-907.410000,326.942000
1031.126000,-931.100000,315.224000
1012.216000,-931.100000,316.008000
1025.236000,-910.216000,329.000000
1055.058000,-905.754000,329.000000
1021.800000,-847.640000,324.350000
1021.800000,-841.295000,324.506000
1001.373000,-824.600000,322.880000
1016.454000,-824.600000,325.820000
988.800000,-858.395000,321.416000
988.800000,-855.875000,321.134000
1017.906000,-869.600000,325.946000
996.324000,-869.600000,322.448000
997.149000,-868.970000,326.000000
1001.109000,-835.400000,326.000000
1078.200000,-802.862000,350.900000
1078.200000,-760.094000,322.089000
1072.830000,-751.400000,339.432000
1067.070000,-751.400000,332.382000
1048.200000,-768.140000,327.917000
1048.200000,-800.216000,342.675000
1061.460000,-805.400000,363.449000
1061.310000,-805.400000,352.968000
1056.510000,-774.458000,365.000000
1049.310000,-753.020000,365.000000
1028.200000,-776.964000,334.872000
1028.200000,-803.796000,329.328000
995.728000,-758.100000,329.482000
1002.636000,-758.100000,334.146000
984.200000,-799.860000,324.114000
984.200000,-763.524000,338.964000
984.244000,-806.100000,340.724000
1012.624000,-806.100000,321.782000
997.488000,-799.716000,342.000000
1015.000000,-797.508000,342.000000
986.200000,-793.240000,337.671000
986.200000,-787.780000,339.960000
969.512000,-743.200000,332.547000
941.960000,-743.200000,344.559000
930.200000,-768.940000,327.402000
930.200000,-762.580000,328.158000
961.616000,-803.200000,343.278000
978.080000,-803.200000,332.757000
948.456000,-761.680000,345.000000
950.584000,-779.920000,345.000000
1023.800000,-696.388000,337.540000
1023.800000,-712.508000,326.920000
944.956000,-679.400000,332.640000
931.892000,-679.400000,331.300000
931.800000,-740.718000,327.760000
931.800000,-712.384000,335.680000
942.840000,-741.400000,342.860000
937.780000,-741.400000,340.060000
964.092000,-725.776000,345.000000
934.376000,-704.386000,345.000000
1083.800000,-647.500000,323.214000
1083.800000,-624.040000,322.024000
1065.035000,-604.600000,321.506000
1074.440000,-604.600000,323.557000
1038.800000,-637.480000,319.791000
1038.800000,-649.060000,325.090000
1069.400000,-664.600000,325.083000
1051.130000,-664.600000,319.623000
1055.720000,-615.940000,326.000000
1069.940000,-616.180000,326.000000
987.100000,-615.545000,325.156000
987.100000,-613.185000,325.538000
969.532000,-606.400000,324.666000
979.576000,-606.400000,325.976000
969.100000,-612.772000,324.178000
969.100000,-662.450000,324.412000
973.402000,-665.400000,325.688000
977.794000,-665.400000,324.850000
976.300000,-643.511000,326.000000
975.508000,-664.456000,326.000000
965.000000,-648.252000,335.401000
965.000000,-659.722000,327.785000
956.424000,-626.200000,331.253000
954.968000,-626.200000,331.508000
949.000000,-650.879000,327.088000
949.000000,-632.120000,335.231000
961.784000,-663.200000,339.940000
960.072000,-663.200000,338.954000
955.800000,-628.790000,343.000000
949.304000,-654.875000,343.000000
1066.900000,-543.944000,331.522000
1066.900000,-579.638000,329.938000
1053.980000,-542.000000,327.112000
953.204000,-542.000000,333.880000
930.900000,-554.258000,322.720000
930.900000,-561.926000,337.822000
979.588000,-596.000000,336.310000
1053.572000,-596.000000,323.764000
991.964000,-569.540000,340.000000
1023.788000,-572.510000,340.000000
813.700000,-1078.957000,324.544000
813.700000,-1079.367000,327.547000
791.430000,-1059.400000,321.860000
812.170000,-1059.400000,329.956000
779.700000,-1091.626000,319.165000
779.700000,-1083.098000,321.365000
810.912000,-1100.400000,327.481000
783.474000,-1100.400000,323.774000
795.816000,-1098.350000,330.000000
791.498000,-1073.996000,330.000000
892.700000,-1083.151000,331.680000
892.700000,-1017.334000,325.808000
877.078000,-988.700000,327.760000
874.085000,-988.700000,329.312000
819.700000,-1024.338000,339.856000
819.700000,-1069.864000,332.816000
854.594000,-1091.700000,335.936000
843.060000,-1091.700000,336.320000
856.054000,-1028.973000,340.000000
820.503000,-1003.841000,340.000000
809.800000,-1017.280000,329.915000
809.800000,-999.940000,329.850000
787.354000,-995.800000,326.743000
796.344000,-995.800000,332.697000
780.800000,-1050.100000,336.558000
780.800000,-1055.620000,335.544000
781.873000,-1055.800000,333.386000
796.170000,-1055.800000,325.391000
795.967000,-1045.660000,337.000000
800.375000,-1052.080000,337.000000
773.400000,-1092.150000,328.896000
773.400000,-1093.675000,334.576000
756.084000,-1072.200000,324.976000
738.404000,-1072.200000,322.080000
721.400000,-1083.825000,337.072000
721.400000,-1077.350000,325.584000
752.444000,-1097.200000,333.152000
759.828000,-1097.200000,329.088000
749.844000,-1079.000000,338.000000
738.976000,-1090.400000,338.000000
772.800000,-1013.584000,368.848000
772.800000,-1036.600000,338.176000
750.475000,-1000.200000,342.496000
750.725000,-1000.200000,361.828000
747.800000,-1001.600000,424.036000
747.800000,-1023.440000,385.480000
751.700000,-1056.200000,397.684000
771.500000,-1056.200000,409.132000
762.100000,-1040.072000,433.000000
747.850000,-1029.264000,433.000000
840.300000,-956.887000,352.796000
840.300000,-944.273000,358.724000
814.932000,-920.900000,333.686000
835.148000,-920.900000,375.806000
784.300000,-951.852000,392.654000
784.300000,-954.025000,392.888000
824.396000,-973.900000,373.544000
793.092000,-973.900000,331.970000
817.676000,-929.009000,401.000000
821.596000,-937.330000,401.000000
844.200000,-832.054000,337.497000
844.200000,-839.512000,346.695000
843.456000,-824.200000,332.373000
825.538000,-824.200000,330.273000
782.200000,-833.704000,348.228000
782.200000,-879.244000,334.872000
799.250000,-890.200000,343.104000
804.954000,-890.200000,339.471000
820.702000,-863.338000,351.000000
802.660000,-830.866000,351.000000
769.300000,-852.140000,350.979000
769.300000,-825.778000,338.253000
759.004000,-824.700000,335.544000
760.120000,-824.700000,352.050000
751.300000,-859.147000,383.172000
751.300000,-826.807000,365.847000
766.330000,-873.700000,367.737000
761.668000,-873.700000,379.644000
762.910000,-826.366000,393.000000
769.174000,-868.359000,393.000000
740.130787,-872.108679,349.404000
743.647088,-864.669888,359.421000
757.039576,-831.433305,334.032000
748.519502,-827.405884,373.218000
739.523827,-835.953364,381.597000
739.730669,-835.515788,387.015000
731.364803,-867.965017,366.225000
737.020743,-870.638568,337.812000
745.248002,-848.928143,393.000000
741.148774,-857.113416,393.000000
869.700000,-752.402000,330.112000
869.700000,-755.988000,339.454000
835.150000,-742.700000,325.702000
823.250000,-742.700000,325.396000
819.700000,-760.784000,339.310000
819.700000,-752.864000,329.338000
867.400000,-764.700000,334.900000
869.450000,-764.700000,333.280000
854.400000,-762.830000,343.000000
835.750000,-753.106000,343.000000
907.900000,-788.960000,329.662000
907.900000,-759.740000,327.502000
899.150000,-736.100000,325.270000
903.070000,-736.100000,331.444000
872.900000,-759.020000,338.860000
872.900000,-776.360000,335.386000
890.855000,-796.100000,334.468000
880.040000,-796.100000,339.328000
898.065000,-757.400000,343.000000
907.375000,-751.880000,343.000000
834.952469,-786.233250,379.060000
837.474363,-781.368021,426.296000
808.518971,-758.023905,527.040000
826.976653,-767.591459,469.220000
783.606230,-787.506568,479.216000
784.729117,-785.340299,512.144000
785.436632,-791.113569,431.196000
799.020207,-798.154626,358.872000
815.959496,-797.744019,529.000000
825.862766,-769.447013,529.000000
909.000000,-655.646000,332.040000
909.000000,-662.708000,346.488000
885.753000,-630.500000,350.184000
873.909000,-630.500000,327.744000
846.000000,-647.033000,344.304000
846.000000,-633.470000,333.000000
885.816000,-663.500000,338.448000
885.186000,-663.500000,338.256000
894.384000,-638.288000,351.000000
865.656000,-658.385000,351.000000
840.600000,-646.469000,344.578000
840.600000,-659.441000,341.804000
792.292000,-641.800000,399.693000
800.768000,-641.800000,357.791000
788.600000,-643.180000,381.881000
788.600000,-648.677000,373.778000
798.584000,-664.800000,363.996000
831.864000,-664.800000,389.765000
829.784000,-657.371000,404.000000
839.352000,-656.428000,404.000000
897.700000,-615.748000,359.615000
897.700000,-612.652000,429.060000
857.684000,-592.600000,522.155000
817.750000,-592.600000,476.145000
869.820000,-592.600000,508.610000
815.700000,-614.920000,469.480000
815.700000,-610.888000,523.230000
877.282000,-628.600000,417.020000
819.062000,-628.600000,355.315000
872.936000,-628.600000,370.795000
906.700000,-544.612000,327.055000
906.700000,-555.964000,337.300000
900.844000,-541.000000,338.380000
884.130000,-541.000000,325.585000
784.700000,-548.697000,334.720000
784.700000,-571.831000,328.870000
822.642000,-584.000000,331.045000
815.200000,-584.000000,332.155000
887.302000,-564.994000,340.000000
821.788000,-550.331000,340.000000
551.065277,-1141.942474,328.360000
558.169823,-1131.409551,329.710000
543.121937,-1115.726703,351.040000
549.302412,-1119.895486,336.280000
518.081488,-1128.252744,343.690000
514.612255,-1133.396093,342.850000
538.509354,-1152.420668,336.370000
526.583648,-1144.376678,349.420000
538.430195,-1152.287665,355.000000
559.629675,-1127.179754,355.000000
524.663030,-1177.767839,339.992000
525.211039,-1176.955382,404.387000
530.773219,-1149.297204,460.037000
507.278294,-1133.449677,439.208000
506.308320,-1132.795422,422.354000
481.219074,-1125.937194,421.241000
483.755573,-1122.176680,474.029000
493.399178,-1157.862198,382.286000
506.278277,-1166.549260,349.850000
522.983384,-1177.816997,479.435000
526.971204,-1161.559544,485.000000
507.393349,-1160.479017,485.000000
501.531092,-1097.420321,329.843000
494.676664,-1102.970927,376.569000
502.119968,-1080.128085,375.959000
501.145780,-1078.925063,328.928000
480.346005,-1091.413994,361.014000
491.508930,-1082.374436,342.287000
488.459235,-1107.750924,346.130000
487.201852,-1106.198187,355.646000
490.253950,-1104.583628,387.000000
489.541160,-1090.800598,387.000000
569.018528,-1085.742523,329.251000
584.899506,-1072.882361,342.985000
599.044727,-1040.819045,411.546000
608.348600,-1052.308371,366.856000
554.113719,-1025.753664,384.950000
547.571704,-1031.051283,390.727000
545.823903,-1072.026760,358.245000
529.542126,-1051.920440,414.598000
591.851681,-1062.857030,434.000000
589.664760,-1066.069135,434.000000
623.017358,-1030.877486,326.448000
622.843278,-1031.018454,342.064000
601.135592,-997.493335,350.640000
619.296519,-1019.920214,349.072000
585.921190,-1000.439671,342.800000
588.238639,-998.563038,356.048000
588.894957,-1004.623631,334.992000
594.455632,-1011.490493,331.056000
616.795408,-1033.738725,358.000000
613.117635,-1016.094031,358.000000
632.245240,-1004.751416,336.879000
654.452186,-986.768586,335.218000
649.258704,-973.776644,334.195000
648.531839,-972.879040,326.627000
618.122266,-973.724910,331.511000
602.874662,-986.072176,329.036000
615.803168,-1003.968206,328.816000
612.438821,-999.813584,331.445000
650.426046,-989.519333,337.000000
609.233846,-993.067047,337.000000
669.936329,-948.784302,364.635000
649.904614,-965.005664,333.786000
665.508557,-933.763297,355.119000
668.472656,-937.423655,342.327000
662.482908,-935.518570,345.564000
660.076864,-937.466945,350.868000
639.343745,-958.657012,336.048000
643.940931,-964.334063,359.409000
647.358022,-948.017379,366.000000
653.097644,-961.454930,366.000000
433.493215,-1097.894673,328.940000
431.338967,-1099.639149,328.510000
437.179984,-1061.870348,328.696000
426.849690,-1049.113497,328.729000
401.089790,-1061.083231,328.452000
409.706785,-1054.105327,328.948000
414.130067,-1100.144732,328.207000
418.354695,-1105.361713,328.167000
420.998823,-1047.294109,329.000000
423.711858,-1081.477690,329.000000
465.321804,-1037.900407,387.540000
454.951569,-1046.298059,382.990000
465.141065,-1035.236484,371.680000
465.402862,-1035.559777,332.225000
444.806406,-1021.057701,355.755000
435.207099,-1028.831066,346.460000
430.962228,-1043.877640,339.895000
427.477052,-1039.573805,360.695000
438.186189,-1028.492903,393.000000
446.395762,-1029.071364,393.000000
522.526283,-1024.803071,383.024000
528.139608,-1020.257490,337.712000
524.975928,-1003.789501,367.408000
530.273547,-1010.331516,351.728000
501.137646,-1012.527778,351.792000
500.294443,-1013.210590,365.744000
508.830831,-1033.111455,336.112000
500.681762,-1023.048192,379.760000
497.877327,-1017.713143,390.000000
530.456084,-1016.665107,390.000000
493.668338,-1010.186424,370.483000
517.686034,-990.737278,353.431000
515.998942,-986.095577,358.527000
511.888221,-981.019260,364.162000
495.378034,-979.206470,346.522000
503.946068,-972.268213,374.893000
484.007817,-1002.205379,334.566000
485.252613,-1003.742573,336.624000
495.107881,-982.710332,377.000000
488.331764,-1002.817686,377.000000
551.436804,-1002.321917,356.628000
542.344196,-1009.684965,357.070000
532.710700,-964.538434,348.332000
534.953597,-967.308182,330.516000
507.253462,-968.615865,340.036000
520.173513,-958.153413,337.962000
506.043607,-971.332711,331.706000
531.089300,-1002.261566,345.408000
512.832068,-973.478875,362.000000
520.047556,-976.946881,362.000000
580.302617,-976.411930,332.090000
588.977897,-969.386826,328.955000
611.811599,-936.809015,330.870000
599.337210,-921.404428,330.050000
575.829631,-936.284257,329.645000
576.540719,-935.708429,331.145000
562.415784,-972.740224,328.425000
570.674985,-982.939487,332.240000
587.264731,-934.024267,333.000000
593.754478,-962.587589,333.000000
584.400699,-926.308605,374.201000
576.436507,-932.757880,359.096000
586.826844,-905.072154,360.293000
595.021854,-915.192148,371.522000
584.937452,-903.999038,346.385000
554.882109,-928.337375,384.005000
539.688401,-943.790985,332.420000
540.073545,-944.266598,339.488000
553.200368,-933.724206,386.000000
578.335207,-922.404754,386.000000
639.944225,-922.176595,341.842000
660.171780,-905.796644,343.552000
656.453787,-883.271672,337.450000
659.767158,-887.363345,329.494000
616.618748,-883.161014,333.040000
604.658471,-892.846254,333.436000
618.594220,-922.325850,328.648000
609.673604,-911.309806,337.378000
639.617620,-876.638868,346.000000
644.712942,-875.465871,346.000000
708.051450,-844.489093,426.952000
674.284458,-871.833064,354.600000
713.141756,-840.367045,394.500000
701.401784,-825.869387,383.727000
685.986379,-817.320450,362.048000
688.550961,-815.243693,412.854000
658.051138,-851.786584,329.463000
665.451946,-860.925821,441.981000
672.738985,-838.541503,461.000000
677.700772,-865.643807,461.000000
728.596963,-812.424247,378.680000
724.361517,-815.854043,365.984000
730.194825,-791.674519,361.844000
727.102345,-787.855623,381.095000
709.293303,-793.313534,344.939000
717.375621,-786.768602,396.206000
717.273979,-815.443995,397.103000
717.019104,-815.129251,342.317000
726.208627,-788.579342,398.000000
719.906110,-805.148047,398.000000
763.900000,-675.728000,368.055000
763.900000,-686.539000,376.728000
761.401000,-675.500000,356.099000
743.908000,-675.500000,338.459000
742.900000,-680.269000,344.143000
742.900000,-684.696000,349.190000
750.922000,-694.500000,381.138000
743.257000,-694.500000,359.921000
748.822000,-684.734000,383.000000
748.192000,-684.050000,383.000000
740.753700,-709.423801,356.840000
741.949728,-708.455277,338.360000
728.213711,-680.261546,347.080000
742.883169,-698.376818,347.120000
707.162901,-678.720913,337.280000
708.875731,-677.333891,355.880000
731.034296,-713.935977,367.520000
710.757593,-688.896334,364.600000
714.129367,-690.856164,370.000000
741.505213,-703.951287,370.000000
766.000000,-647.854000,358.256000
766.000000,-590.914000,354.620000
748.626000,-578.200000,349.472000
738.990000,-578.200000,362.504000
693.000000,-607.060000,340.688000
693.000000,-648.634000,370.388000
729.573000,-656.200000,367.868000
724.828000,-656.200000,342.272000
717.163000,-606.826000,371.000000
735.267000,-580.618000,371.000000
765.700000,-550.960000,346.440000
765.700000,-575.720000,351.620000
717.820000,-537.600000,341.560000
730.900000,-537.600000,336.000000
705.700000,-574.760000,336.660000
705.700000,-542.080000,340.380000
709.360000,-577.600000,351.780000
744.400000,-577.600000,344.760000
727.060000,-569.920000,354.000000
720.280000,-570.480000,354.000000
708.600000,-568.908000,454.355000
708.600000,-567.648000,372.655000
693.606000,-536.400000,401.895000
675.462000,-536.400000,419.740000
666.600000,-556.938000,349.435000
666.600000,-549.924000,466.825000
692.640000,-578.400000,511.760000
702.468000,-578.400000,513.910000
433.962948,-1013.159387,351.920000
426.502346,-1019.200862,351.120000
410.698286,-974.180771,342.160000
408.200513,-971.096278,359.880000
407.019750,-971.926339,332.360000
395.758905,-981.045192,368.640000
390.375067,-996.754157,362.600000
386.798010,-992.336860,337.400000
404.587410,-999.431753,369.000000
416.327586,-1000.391248,369.000000
470.180987,-976.470089,372.936000
478.387649,-969.824466,400.980000
469.395246,-942.194009,352.928000
479.044615,-954.109988,336.938000
435.478552,-931.226271,332.920000
432.195888,-933.884521,354.896000
452.274768,-971.900483,394.830000
435.522888,-951.213635,372.854000
462.779417,-940.583599,410.000000
454.168057,-933.254608,410.000000
508.752019,-940.801286,330.620000
508.285731,-941.178878,329.130000
509.857422,-937.589980,329.400000
497.868869,-922.785350,330.225000
475.607364,-903.303320,328.175000
457.398834,-918.048297,331.320000
465.618141,-930.629489,331.955000
471.376422,-937.740375,332.415000
480.543871,-928.515257,333.000000
484.816002,-953.621816,333.000000
546.800976,-912.473711,339.479000
529.501707,-926.482383,340.802000
549.289493,-864.444028,334.355000
548.156717,-863.045165,345.401000
500.135660,-873.056965,329.231000
526.620795,-851.609726,329.000000
519.841182,-923.419336,345.086000
513.497633,-915.585704,333.599000
551.617388,-868.272148,350.000000
519.071535,-901.112529,350.000000
583.744517,-885.030580,336.125000
596.707312,-874.533516,342.470000
626.327845,-844.563849,332.465000
613.489709,-828.710071,330.755000
596.992120,-835.700096,343.790000
593.215190,-838.758593,334.040000
571.637493,-872.367833,340.130000
580.756345,-883.628678,337.325000
598.888077,-853.581982,344.000000
588.202860,-851.541728,344.000000
573.874899,-849.790182,330.150000
572.219578,-851.130634,328.645000
570.098073,-825.247603,328.442000
582.766292,-840.891551,330.178000
544.993419,-834.575156,333.734000
551.264987,-829.496541,331.704000
559.867265,-860.284079,332.019000
543.479762,-840.047198,333.237000
553.893827,-847.711416,334.000000
573.197005,-846.092823,334.000000
576.312467,-825.440805,341.910000
590.686559,-813.800895,346.985000
595.383279,-805.414129,333.370000
595.546902,-805.616187,354.650000
579.347073,-806.255556,359.795000
569.896978,-813.908091,327.315000
568.968368,-823.642933,351.255000
567.184874,-821.440502,334.980000
585.728226,-810.321986,362.000000
590.287374,-806.646789,362.000000
631.945725,-789.484901,338.832000
637.084214,-785.323834,355.024000
628.164756,-771.083519,331.024000
632.834314,-776.849942,330.032000
604.326983,-786.114926,355.216000
603.628329,-786.680685,337.040000
604.759061,-788.261349,347.376000
610.196389,-794.975890,344.048000
615.926440,-791.545341,358.000000
607.644201,-789.013232,358.000000
668.286430,-807.680802,332.278000
665.536888,-809.907338,330.402000
670.574179,-776.497822,328.862000
660.390516,-763.922046,333.468000
636.586278,-758.719024,339.432000
643.798192,-752.878931,336.534000
649.825474,-796.956762,336.016000
652.818522,-800.652869,339.600000
665.577282,-780.096437,341.000000
664.145696,-802.152688,341.000000
728.300841,-750.907938,341.912000
706.292067,-768.730292,348.949000
706.660272,-707.118032,334.348000
708.894359,-709.876900,355.738000
701.264553,-708.463514,357.784000
685.877063,-720.924058,331.527000
665.349272,-751.444139,350.189000
688.350932,-779.848824,338.316000
694.399053,-754.234323,362.000000
698.083396,-746.103763,362.000000
425.057080,-926.462866,334.904000
429.596389,-922.787006,345.488000
420.954694,-888.938017,330.512000
437.381215,-909.223081,331.430000
385.398070,-878.799006,344.102000
385.910987,-878.383654,335.372000
406.507004,-923.534125,339.710000
382.354946,-893.708817,339.314000
424.890527,-898.675055,347.000000
402.092861,-881.953661,347.000000
466.818035,-890.378755,333.757000
462.784648,-893.644928,332.788000
466.177900,-886.728025,329.121000
459.721073,-878.754508,336.949000
435.164662,-858.106971,343.485000
420.476603,-870.001127,341.110000
426.070107,-884.869497,338.830000
426.948009,-885.953616,345.271000
446.534890,-887.926960,347.000000
462.213946,-886.695338,347.000000
505.483786,-861.022908,332.464000
527.725704,-843.011759,337.408000
515.693827,-825.960786,328.560000
518.227471,-829.089576,340.912000
472.452850,-845.307767,340.640000
506.072185,-818.083367,328.416000
479.968045,-877.184064,336.736000
473.343189,-869.003048,331.920000
477.130716,-871.201389,344.000000
477.569160,-863.924865,344.000000
459.114826,-846.459554,335.874000
463.358820,-843.022835,356.644000
487.675678,-817.432926,328.310000
479.700930,-807.584932,332.433000
464.696430,-811.057430,351.746000
467.069057,-809.136115,339.222000
448.896592,-837.872419,344.151000
453.880810,-844.027415,346.011000
472.508591,-827.059119,359.000000
455.653532,-824.556671,359.000000
546.160853,-823.772307,333.670000
541.460675,-827.578437,334.569000
545.659529,-806.807018,355.594000
543.643186,-804.317042,340.891000
524.320633,-818.296497,348.489000
533.154451,-811.143012,347.242000
521.991907,-820.483364,341.413000
533.093119,-834.192219,353.593000
533.360342,-828.301216,356.000000
542.668864,-823.450077,356.000000
522.891217,-810.190716,328.230000
532.823142,-802.148002,330.582000
535.422599,-786.480557,332.766000
539.124262,-791.051730,331.896000
510.377102,-776.574622,331.302000
505.038109,-780.898053,327.210000
509.604784,-802.268682,329.832000
501.687933,-792.492186,328.524000
530.276088,-794.235605,333.000000
525.779910,-787.157832,333.000000
575.828434,-797.321031,328.353000
577.600327,-795.886181,338.129000
549.124036,-751.854183,338.181000
568.834351,-776.194394,327.976000
544.154263,-745.764695,334.996000
523.684239,-762.340994,330.823000
525.847416,-770.780423,331.824000
536.419999,-783.836475,333.670000
557.112296,-796.804329,339.000000
550.107299,-755.690287,339.000000
580.387945,-751.917079,326.936000
574.425681,-756.745225,327.614000
591.905588,-734.861998,331.472000
590.786656,-733.480232,328.928000
574.689152,-738.517237,330.008000
584.938153,-730.217759,330.242000
571.211570,-753.799454,328.538000
570.586025,-753.026971,331.556000
590.278434,-740.683299,332.000000
575.998732,-752.859271,332.000000
628.592360,-733.394314,326.320000
614.020873,-745.194071,331.050000
612.029722,-706.124283,333.880000
616.520553,-711.669996,333.240000
608.990338,-708.091412,331.430000
604.840378,-711.451983,325.430000
593.548524,-730.972376,328.990000
605.208572,-745.371336,327.620000
614.440053,-738.513475,335.000000
607.388557,-730.759012,335.000000
584.737807,-727.853232,327.531000
585.970361,-726.855130,355.086000
607.249841,-699.046183,352.479000
603.228484,-694.080220,329.313000
570.794440,-719.842955,344.427000
578.948256,-713.240125,336.540000
563.232828,-741.619658,336.342000
555.954737,-732.631965,343.734000
608.493543,-706.107035,357.000000
584.468213,-712.302307,357.000000
693.589561,-696.229561,326.660000
678.435214,-708.501309,330.560000
690.601077,-690.250908,341.760000
687.645159,-686.600654,334.940000
645.175834,-656.941891,336.880000
622.933916,-674.953040,339.320000
623.933499,-703.264250,332.000000
619.250097,-697.480730,343.700000
667.456732,-709.149813,345.000000
678.631746,-696.254342,345.000000
329.803131,-1024.966173,325.696000
341.168891,-1015.762362,332.368000
289.397756,-941.819536,334.768000
312.676317,-970.566165,334.996000
233.164375,-929.510153,331.840000
228.722986,-933.106719,325.624000
305.146265,-1032.773032,328.900000
265.045969,-983.253291,328.252000
306.379961,-1029.863166,337.000000
304.120623,-960.644313,337.000000
342.319673,-996.010432,327.190000
340.885061,-997.172158,359.250000
388.683793,-951.163147,353.615000
382.783915,-943.877404,331.915000
356.768681,-952.140867,345.075000
369.073233,-942.176838,339.580000
329.053988,-990.346587,336.535000
331.854464,-993.804887,347.245000
370.461917,-971.419829,361.000000
335.117830,-975.270785,361.000000
353.631993,-951.264189,330.198000
337.852822,-964.041910,336.292000
313.204536,-871.737074,346.830000
311.458172,-869.580494,341.110000
259.730980,-884.473419,341.462000
283.819396,-864.967004,345.928000
259.712651,-891.486947,336.072000
317.552229,-962.912878,350.746000
331.504819,-964.611851,352.000000
332.033913,-945.615459,352.000000
368.542721,-877.556666,457.020000
377.273178,-870.486880,409.236000
377.909397,-837.915926,424.680000
392.635494,-856.101142,438.144000
333.077315,-813.629296,392.472000
330.655728,-815.590259,335.052000
344.007414,-861.200110,360.264000
320.309726,-831.935901,363.960000
384.985473,-863.593060,459.000000
358.837006,-839.185500,459.000000
407.867752,-836.541365,348.120000
406.072544,-837.995095,348.098000
378.964704,-790.075547,342.752000
404.452180,-821.549959,330.916000
374.514946,-786.344361,337.384000
357.588707,-800.050959,335.734000
358.406748,-812.359058,331.994000
363.239929,-818.327539,340.552000
359.699419,-799.654232,349.000000
377.597776,-796.586854,349.000000
455.960800,-794.463412,340.104000
468.005009,-784.710204,331.130000
452.691017,-761.808981,336.674000
453.656395,-763.001123,334.196000
420.320686,-747.405393,333.258000
412.431100,-753.794253,337.262000
438.874147,-787.649993,329.842000
430.594179,-777.425083,340.328000
431.427380,-741.599959,341.000000
443.421619,-791.635323,341.000000
502.907424,-756.064868,326.000000
485.395994,-770.245345,326.000000
504.442894,-753.030300,326.000000
481.630030,-724.858759,326.000000
465.302517,-711.884667,326.000000
464.739086,-712.340924,326.000000
456.756759,-740.224284,326.000000
472.342508,-759.471081,326.000000
458.133231,-722.615955,326.000000
469.842576,-745.001802,326.000000
573.114038,-691.267484,339.192000
570.251810,-693.585271,340.488000
575.541318,-669.012287,335.272000
570.885606,-663.262961,327.992000
552.358670,-673.332342,331.368000
559.660733,-667.419248,331.480000
560.327486,-696.306226,327.464000
561.618852,-697.900930,334.984000
569.523212,-662.594338,341.000000
558.880226,-673.505864,341.000000
540.988238,-719.949061,329.310000
552.752674,-710.422409,326.520000
559.655312,-697.472499,328.090000
561.568446,-699.835022,327.615000
531.884470,-675.850765,326.870000
524.559869,-681.782110,328.710000
525.765139,-701.703077,325.645000
518.892960,-693.216643,329.805000
530.564881,-682.838441,330.000000
551.173944,-702.436170,330.000000
534.377869,-672.118707,338.408000
540.159058,-667.437192,335.240000
542.520110,-652.860963,334.488000
546.282187,-657.506741,338.744000
512.033387,-672.198278,330.584000
512.868819,-671.521758,326.248000
514.997048,-687.200489,326.680000
509.499305,-680.411342,329.752000
510.961063,-675.588677,341.000000
539.990511,-658.278128,341.000000
579.177484,-650.104358,344.138000
597.729245,-635.134975,348.376000
594.018727,-628.365970,337.794000
589.939479,-623.310502,328.070000
571.686855,-618.885116,331.450000
580.172818,-612.037807,333.764000
567.570748,-641.769691,325.080000
568.044232,-642.356486,339.458000
575.824469,-621.657683,349.000000
562.601028,-631.731440,349.000000
288.718358,-836.316073,354.615000
280.933137,-841.767344,337.920000
279.616312,-813.588570,346.040000
281.728794,-816.605507,345.585000
262.603776,-819.199238,337.500000
273.293710,-811.714065,353.250000
263.324639,-821.703693,328.960000
274.552398,-837.738594,360.915000
268.239409,-821.944190,362.000000
279.737559,-835.948833,362.000000
254.230320,-864.732148,330.696000
257.734057,-861.945150,329.086000
253.415779,-819.130864,327.280000
222.486139,-780.246978,332.152000
201.954120,-784.925542,323.864000
204.154814,-783.175031,321.218000
225.937749,-844.022600,320.434000
245.217028,-868.259975,324.284000
222.919133,-794.105069,334.000000
230.567536,-819.946554,334.000000
331.411069,-794.579437,326.000000
325.717049,-799.141207,326.000000
303.821626,-750.366778,326.000000
332.260788,-785.864655,326.000000
299.994602,-749.274840,326.000000
285.659656,-760.759297,326.000000
283.834163,-776.598475,326.000000
282.974454,-775.525384,326.000000
293.369581,-771.355279,326.000000
299.380247,-759.562908,326.000000
287.007503,-712.901381,326.860000
297.560891,-703.230983,325.284000
298.433715,-693.614966,325.884000
299.988248,-695.311442,326.160000
278.199763,-703.339746,324.908000
272.584659,-708.485041,327.036000
275.676128,-719.105785,327.928000
272.382626,-715.511558,327.912000
293.711359,-693.745687,328.000000
299.114538,-698.333737,328.000000
355.273490,-704.292487,329.837000
356.268077,-703.381116,329.599000
355.876732,-702.925913,328.122000
352.687946,-699.445964,331.132000
346.850604,-698.447223,326.414000
348.615646,-696.829860,325.665000
337.700071,-711.213126,331.706000
339.557944,-713.240639,327.198000
343.830621,-705.107229,332.000000
340.493996,-710.606098,332.000000
337.596466,-696.334505,327.330000
333.688159,-699.915809,328.970000
341.841368,-686.567741,326.110000
341.264414,-685.938106,325.060000
329.519359,-694.241419,324.890000
336.201303,-688.118545,326.155000
330.207123,-701.994748,328.665000
329.847709,-701.602516,327.250000
327.698175,-698.862982,329.000000
331.413627,-693.749407,329.000000
358.839003,-696.804849,326.568000
365.375661,-691.319942,325.320000
372.293221,-678.739050,325.588000
357.902492,-661.588847,326.196000
351.509575,-665.098158,324.612000
348.479103,-667.641026,327.072000
347.609320,-685.103571,327.636000
339.668322,-675.639858,327.948000
355.746710,-674.262668,328.000000
363.843739,-684.806873,328.000000
404.377288,-673.343329,328.468000
404.631564,-672.691145,328.664000
395.603412,-655.159063,327.492000
406.392397,-659.365512,329.540000
379.678984,-681.632889,326.516000
381.929326,-675.861062,326.416000
378.063459,-685.886614,329.536000
382.218802,-687.506715,327.292000
386.425303,-684.150470,330.000000
396.197538,-664.481697,330.000000
422.906434,-661.027482,337.267000
438.050622,-640.561286,326.038000
434.810626,-630.411192,332.612000
433.155485,-629.186451,330.199000
408.726304,-631.436810,327.976000
398.057563,-645.854787,334.360000
408.920390,-658.525522,342.340000
405.983097,-656.352039,338.521000
420.481568,-634.320780,345.000000
420.543846,-621.414309,345.000000
401.978675,-604.314946,350.832000
403.541406,-605.626232,339.562000
370.464327,-640.593478,338.876000
380.543237,-628.581901,350.293000
367.625734,-648.592214,326.920000
365.607973,-646.899111,361.024000
372.006542,-643.422709,363.915000
390.832506,-620.986799,371.755000
381.794291,-630.581996,372.000000
395.537183,-614.553893,372.000000
552.532679,-600.222454,335.056000
551.250321,-601.298480,338.200000
577.243525,-569.689205,329.176000
572.950989,-564.573560,343.456000
547.787958,-580.706416,323.320000
557.219497,-572.792415,324.712000
536.999432,-605.737249,341.464000
539.001073,-608.122712,329.944000
567.742685,-574.160254,346.000000
550.305722,-589.167561,346.000000
562.900000,-536.555000,334.456000
562.900000,-544.556000,322.264000
523.820000,-533.300000,328.600000
523.020000,-533.300000,327.520000
522.900000,-535.568000,322.744000
522.900000,-544.430000,332.776000
532.500000,-554.300000,340.864000
525.420000,-554.300000,338.032000
541.220000,-546.509000,346.000000
527.420000,-541.805000,346.000000
503.630535,-654.278869,339.355000
510.842843,-648.227023,335.063000
510.280988,-629.806622,332.250000
516.008226,-636.632078,341.414000
484.318026,-635.237991,325.174000
482.414406,-636.835318,347.765000
489.283447,-659.233060,347.098000
480.137222,-648.333014,325.116000
508.760741,-631.751935,354.000000
510.484933,-640.667489,354.000000
499.187032,-597.479857,321.000000
496.953021,-599.225257,321.000000
497.993096,-593.905109,321.000000
490.703664,-584.575062,321.000000
471.139705,-572.439156,321.000000
451.254254,-587.975373,321.000000
457.997906,-599.563024,321.000000
460.777002,-603.120104,321.000000
474.883653,-593.319576,321.000000
460.251948,-601.652174,321.000000
470.500000,-566.532000,321.000000
470.500000,-569.556000,321.000000
463.950000,-563.200000,321.000000
464.250000,-563.200000,321.000000
460.500000,-568.709000,321.000000
460.500000,-564.306000,321.000000
469.680000,-570.200000,321.000000
467.400000,-570.200000,321.000000
465.820000,-569.850000,321.000000
461.550000,-568.639000,321.000000
448.846976,-587.348057,321.000000
450.348626,-583.722754,321.000000
453.177208,-571.275732,321.000000
447.458393,-568.906922,321.000000
443.541401,-574.025589,321.000000
443.396746,-574.374815,321.000000
443.452596,-586.730725,321.000000
447.351367,-588.345650,321.000000
448.368197,-576.901651,321.000000
449.107593,-580.656420,321.000000
432.146743,-581.584603,322.588000
430.772878,-585.298643,323.768000
427.877238,-568.586002,321.608000
435.418802,-571.375712,324.644000
416.115935,-593.215341,324.632000
419.550598,-583.930241,321.520000
415.519297,-596.001391,323.656000
416.262105,-596.276164,322.396000
422.890588,-593.322357,325.000000
426.276405,-579.445085,325.000000
479.100000,-554.480000,321.000000
479.100000,-549.300000,321.000000
465.072000,-546.500000,321.000000
468.474000,-546.500000,321.000000
437.100000,-551.150000,321.000000
437.100000,-554.350000,321.000000
462.174000,-556.500000,321.000000
450.456000,-556.500000,321.000000
462.510000,-549.220000,321.000000
441.132000,-547.990000,321.000000
413.881637,-558.663921,321.000000
416.242848,-552.415155,321.000000
408.893202,-546.601963,321.000000
412.924966,-548.125440,321.000000
407.538802,-547.159189,321.000000
393.823978,-583.454418,321.000000
395.212576,-584.192927,321.000000
398.683073,-585.504319,321.000000
403.718611,-575.092083,321.000000
401.710997,-584.082850,321.000000
395.664934,-560.892018,321.000000
394.064458,-565.566625,321.000000
397.317545,-542.080089,321.000000
395.255079,-541.373949,321.000000
387.034929,-555.226135,321.000000
390.358321,-545.519299,321.000000
390.170659,-568.171814,321.000000
390.369337,-568.239837,321.000000
396.991754,-546.334959,321.000000
389.769448,-560.329013,321.000000
1357.085546,-487.417309,320.744000
1334.709276,-499.820678,306.072000
1361.959202,-484.427672,307.024000
1353.111911,-468.466737,318.336000
1345.855001,-469.632066,349.360000
1334.561911,-475.891928,330.600000
1312.718402,-494.602853,335.696000
1319.549854,-506.927119,342.864000
1333.918097,-492.551886,360.000000
1330.913629,-480.003111,360.000000
1269.500000,-511.400000,316.672000
1269.500000,-507.890000,319.444000
1232.320000,-494.600000,309.840000
1263.650000,-494.600000,325.576000
1204.500000,-515.690000,331.008000
1204.500000,-513.290000,331.708000
1258.775000,-524.600000,324.148000
1214.575000,-524.600000,309.840000
1250.195000,-495.620000,337.000000
1253.315000,-503.960000,337.000000
1269.000000,-455.200000,312.250000
1269.000000,-425.326000,321.889000
1265.463000,-416.200000,307.105000
1260.927000,-416.200000,326.488000
1242.000000,-426.457000,322.981000
1242.000000,-448.648000,310.087000
1252.638000,-455.200000,317.857000
1251.855000,-455.200000,314.686000
1261.656000,-434.686000,328.000000
1253.205000,-420.217000,328.000000
1188.300000,-510.512000,313.150000
1188.300000,-497.168000,310.630000
1152.368000,-496.400000,323.734000
1161.884000,-496.400000,313.696000
1136.300000,-522.704000,320.304000
1136.300000,-497.712000,316.762000
1185.908000,-528.400000,316.888000
1166.148000,-528.400000,319.828000
1175.404000,-525.648000,324.000000
1140.408000,-524.976000,324.000000
1131.300000,-521.840000,313.603000
1131.300000,-519.200000,314.146000
1125.050000,-486.600000,315.868000
1113.350000,-486.600000,314.803000
1106.300000,-501.880000,315.136000
1106.300000,-496.600000,315.460000
1119.150000,-526.600000,314.404000
1125.875000,-526.600000,313.117000
1125.725000,-500.800000,316.000000
1124.875000,-513.960000,316.000000
1190.100000,-455.496000,313.408000
1190.100000,-460.608000,317.744000
1128.540000,-449.700000,319.456000
1119.648000,-449.700000,319.496000
1114.100000,-466.656000,317.496000
1114.100000,-457.980000,313.248000
1119.648000,-467.700000,315.544000
1189.492000,-467.700000,315.000000
1174.976000,-464.010000,320.000000
1144.956000,-458.250000,320.000000
1203.900000,-434.832000,313.168000
1203.900000,-421.692000,309.836000
1169.120000,-407.400000,338.838000
1191.116000,-407.400000,317.282000
1109.900000,-425.436000,330.542000
1109.900000,-431.484000,324.728000
1169.402000,-443.400000,322.246000
1128.888000,-443.400000,332.174000
1187.544000,-415.896000,342.000000
1116.480000,-416.976000,342.000000
963.800000,-500.846000,324.381000
963.800000,-500.501000,325.170000
932.214000,-496.200000,326.649000
952.070000,-496.200000,325.827000
929.800000,-497.603000,325.914000
929.800000,-516.394000,326.484000
936.328000,-519.200000,325.182000
943.774000,-519.200000,324.141000
958.700000,-511.748000,327.000000
954.756000,-497.488000,327.000000
1005.000000,-452.890000,324.678000
1005.000000,-462.940000,340.902000
970.770000,-433.600000,344.308000
966.150000,-433.600000,346.570000
935.000000,-452.200000,337.964000
935.000000,-436.240000,326.264000
987.640000,-463.600000,331.620000
978.400000,-463.600000,331.958000
996.250000,-437.110000,348.000000
962.860000,-459.010000,348.000000
912.300000,-497.390000,332.800000
912.300000,-517.970000,331.300000
909.900000,-494.900000,408.400000
874.100000,-494.900000,353.200000
862.300000,-500.300000,383.900000
862.300000,-503.810000,375.100000
877.850000,-524.900000,359.500000
903.800000,-524.900000,397.000000
907.250000,-511.610000,425.000000
865.350000,-514.040000,425.000000
911.700000,-465.260000,323.350000
911.700000,-466.660000,331.975000
895.892000,-444.300000,342.225000
886.402000,-444.300000,337.450000
885.700000,-473.860000,336.125000
885.700000,-464.540000,342.925000
908.346000,-484.300000,330.025000
886.714000,-484.300000,323.400000
909.724000,-484.220000,347.000000
904.550000,-461.420000,347.000000
914.100000,-431.120000,324.016000
914.100000,-412.700000,397.440000
905.750000,-402.200000,402.640000
904.950000,-402.200000,420.216000
864.100000,-411.170000,377.160000
864.100000,-423.650000,338.992000
885.600000,-432.200000,351.784000
876.500000,-432.200000,361.768000
911.500000,-415.340000,425.000000
883.550000,-408.770000,425.000000
864.200000,-480.795000,331.395000
864.200000,-475.779000,336.609000
819.126000,-473.100000,391.040000
839.896000,-473.100000,353.910000
802.200000,-489.402000,371.764000
802.200000,-490.675000,371.211000
863.580000,-492.100000,352.488000
830.534000,-492.100000,388.512000
862.526000,-489.801000,410.000000
805.486000,-473.290000,410.000000
863.600000,-449.255000,408.420000
863.600000,-450.908000,363.232000
845.868000,-433.200000,389.144000
826.338000,-433.200000,380.533000
801.600000,-441.142000,369.789000
801.600000,-435.746000,397.834000
835.638000,-452.200000,350.513000
842.954000,-452.200000,336.056000
863.414000,-439.261000,410.000000
846.054000,-448.419000,410.000000
772.000000,-434.892000,416.172000
772.000000,-488.084000,397.728000
772.000000,-511.020000,396.597000
675.556000,-400.000000,394.857000
679.660000,-400.000000,416.781000
658.000000,-519.194000,373.629000
658.000000,-441.846000,348.834000
658.000000,-454.534000,340.830000
670.426000,-522.000000,352.401000
757.864000,-522.000000,367.887000
660.508000,-492.720000,420.000000
701.320000,-472.102000,420.000000
720.814000,-423.790000,420.000000
634.400000,-488.024000,386.446000
634.400000,-461.612000,330.280000
610.505000,-398.000000,370.342000
633.220000,-398.000000,344.734000
575.400000,-464.588000,354.172000
575.400000,-466.448000,359.188000
614.812000,-522.000000,338.068000
580.415000,-522.000000,373.642000
578.114000,-422.800000,391.000000
577.996000,-445.368000,391.000000
574.200000,-419.841000,357.094000
574.200000,-436.692000,336.472000
519.195000,-399.300000,346.804000
561.147000,-399.300000,345.670000
517.200000,-411.108000,336.556000
517.200000,-493.026000,354.868000
530.196000,-522.300000,326.308000
534.015000,-522.300000,322.066000
521.247000,-478.143000,361.000000
557.556000,-420.579000,361.000000
480.900000,-493.373000,343.696000
480.900000,-473.405000,340.056000
465.180000,-469.700000,336.864000
467.760000,-469.700000,346.188000
450.900000,-495.284000,330.004000
450.900000,-507.569000,324.320000
474.510000,-508.700000,323.172000
466.020000,-508.700000,330.452000
453.750000,-472.859000,347.000000
462.060000,-507.257000,347.000000
405.300000,-477.716000,323.864000
405.300000,-512.870000,317.712000
403.116000,-475.700000,321.904000
388.452000,-475.700000,319.464000
379.300000,-484.730000,319.952000
379.300000,-483.260000,321.216000
388.322000,-517.700000,318.000000
397.838000,-517.700000,322.968000
382.420000,-497.624000,325.000000
380.210000,-507.368000,325.000000
499.500000,-428.268000,315.334000
499.500000,-439.736000,316.150000
469.922000,-398.500000,315.822000
460.078000,-398.500000,315.712000
453.500000,-445.775000,316.312000
453.500000,-422.290000,315.274000
495.176000,-459.500000,316.800000
495.912000,-459.500000,316.836000
460.124000,-457.182000,315.000000
485.654000,-431.745000,315.000000
1271.200000,-358.617000,375.765000
1271.200000,-324.891000,371.685000
1264.095000,-290.800000,354.940000
1268.890000,-290.800000,390.300000
1236.200000,-315.182000,334.200000
1236.200000,-334.527000,323.915000
1252.510000,-363.800000,313.460000
1240.820000,-363.800000,342.530000
1242.115000,-320.146000,392.000000
1248.905000,-315.328000,392.000000
1217.300000,-324.387000,381.208000
1217.300000,-321.811000,321.439000
1179.200000,-315.900000,359.980000
1203.550000,-315.900000,340.492000
1167.300000,-336.462000,338.665000
1167.300000,-334.484000,359.545000
1168.600000,-338.900000,317.437000
1184.350000,-338.900000,378.598000
1176.950000,-335.289000,400.000000
1168.650000,-318.798000,400.000000
1167.900000,-361.050000,379.120000
1167.900000,-281.040000,350.758000
1155.020000,-276.000000,357.805000
1148.500000,-276.000000,369.811000
1127.900000,-323.565000,336.577000
1127.900000,-277.785000,388.777000
1151.300000,-381.000000,315.349000
1149.900000,-381.000000,320.830000
1136.620000,-305.715000,400.000000
1155.540000,-372.285000,400.000000
1100.100000,-311.250000,429.130000
1100.100000,-337.755000,434.660000
1012.000000,-300.000000,390.578000
1030.700000,-300.000000,469.262000
1039.000000,-300.000000,418.228000
1000.100000,-300.585000,351.868000
1000.100000,-310.215000,345.864000
1014.600000,-345.000000,313.316000
1076.000000,-345.000000,380.466000
1097.000000,-345.000000,316.950000
1024.300000,-332.580000,471.000000
1035.500000,-331.860000,471.000000
997.200000,-373.885000,396.499000
997.200000,-371.750000,330.554000
970.740000,-349.700000,369.794000
943.020000,-349.700000,354.425000
937.200000,-369.755000,343.198000
937.200000,-364.960000,378.296000
979.440000,-384.700000,425.602000
995.340000,-384.700000,402.167000
953.220000,-355.440000,428.000000
938.280000,-367.165000,428.000000
998.100000,-263.585000,393.774000
998.100000,-273.700000,367.178000
998.040000,-259.000000,367.178000
991.380000,-259.000000,391.049000
938.100000,-263.620000,340.473000
938.100000,-281.575000,414.920000
953.940000,-294.000000,422.877000
948.780000,-294.000000,329.791000
955.560000,-280.175000,428.000000
979.020000,-269.115000,428.000000
879.400000,-372.033000,372.002000
879.400000,-363.753000,380.238000
866.520000,-358.900000,354.607000
871.994000,-358.900000,395.787000
856.400000,-374.816000,337.283000
856.400000,-378.565000,340.336000
875.329000,-381.900000,390.959000
865.301000,-381.900000,355.885000
863.668000,-359.935000,396.000000
864.358000,-360.740000,396.000000
830.200000,-350.484000,373.864000
830.200000,-350.164000,336.280000
826.360000,-350.100000,356.296000
813.208000,-350.100000,352.048000
798.200000,-358.132000,338.656000
798.200000,-352.148000,367.816000
810.456000,-382.100000,393.088000
817.304000,-382.100000,383.584000
809.080000,-365.652000,400.000000
798.520000,-377.972000,400.000000
889.700000,-320.756000,373.266000
889.700000,-338.776000,359.982000
846.923000,-296.800000,353.176000
843.080000,-296.800000,377.940000
826.700000,-339.783000,333.168000
826.700000,-311.269000,395.898000
886.046000,-349.800000,395.160000
877.478000,-349.800000,331.856000
849.695000,-345.878000,405.000000
869.099000,-331.833000,405.000000
918.300000,-290.276000,329.468000
918.300000,-280.356000,331.657000
895.356000,-261.700000,326.784000
827.100000,-261.700000,323.066000
822.300000,-273.540000,324.089000
822.300000,-277.124000,325.475000
870.492000,-293.700000,332.405000
823.740000,-293.700000,327.884000
859.644000,-273.444000,334.000000
854.652000,-276.164000,334.000000
775.600000,-327.255000,390.476000
775.600000,-328.690000,342.407000
741.286000,-315.600000,363.771000
768.763000,-315.600000,366.278000
732.600000,-348.150000,337.175000
732.600000,-339.820000,390.149000
735.223000,-350.600000,419.579000
742.232000,-350.600000,414.020000
750.402000,-343.845000,438.000000
732.643000,-324.105000,438.000000
769.600000,-300.352000,373.971000
769.600000,-271.120000,366.940000
754.564000,-263.200000,352.255000
754.144000,-263.200000,386.342000
727.600000,-286.672000,330.450000
727.600000,-306.448000,405.833000
753.682000,-311.200000,397.734000
745.828000,-311.200000,336.324000
745.996000,-275.104000,415.000000
755.530000,-264.832000,415.000000
706.400000,-267.382000,331.240000
706.400000,-314.065000,335.736000
661.467000,-253.900000,327.320000
678.127000,-253.900000,323.240000
657.400000,-256.987000,323.416000
657.400000,-260.830000,326.744000
666.220000,-316.900000,335.512000
688.907000,-316.900000,330.248000
680.087000,-297.244000,339.000000
673.472000,-305.812000,339.000000
646.650000,-333.560000,346.950000
646.650000,-345.572000,327.260000
582.398100,-247.100000,333.530000
540.641100,-247.100000,339.305000
511.950000,-327.356000,320.055000
511.950000,-289.208000,351.350000
611.628000,-379.100000,361.635000
626.714400,-379.100000,363.395000
577.548900,-264.128000,375.000000
645.572400,-328.280000,375.000000
528.518100,-302.012000,375.000000
502.100000,-260.435000,330.436000
502.100000,-319.221000,330.528000
497.528000,-247.800000,319.166000
375.608000,-247.800000,340.602000
375.100000,-270.144000,353.942000
375.100000,-318.157000,350.676000
413.073000,-380.800000,342.718000
382.974000,-380.800000,314.750000
440.124000,-323.477000,355.000000
458.412000,-301.798000,355.000000
401.262000,-290.626000,355.000000
1095.100000,-202.896000,336.640000
1095.100000,-185.008000,351.160000
1009.276000,-156.800000,326.880000
1065.580000,-156.800000,319.920000
951.100000,-219.322000,357.080000
951.100000,-220.268000,328.680000
1074.796000,-242.800000,347.320000
990.124000,-242.800000,337.440000
1028.284000,-157.660000,359.000000
997.180000,-173.656000,359.000000
992.572000,-176.408000,359.000000
921.400000,-233.300000,429.667000
921.400000,-168.950000,360.391000
921.400000,-223.850000,553.912000
909.775000,-160.100000,368.172000
890.275000,-160.100000,415.360000
859.225000,-160.100000,473.341000
846.400000,-181.625000,557.928000
846.400000,-231.125000,470.329000
846.400000,-198.200000,392.770000
877.750000,-235.100000,496.684000
882.400000,-235.100000,525.047000
860.425000,-235.100000,563.450000
994.700000,-77.789400,322.528000
994.700000,-86.743800,323.293000
961.095000,-70.200000,320.332000
965.372000,-70.200000,325.264000
947.700000,-85.597200,327.127000
947.700000,-73.057400,327.235000
993.666000,-88.400000,324.931000
980.083000,-88.400000,320.206000
975.195000,-86.416200,328.000000
978.109000,-84.359600,328.000000
998.025723,-59.836395,329.936000
998.570146,-57.207475,341.951000
989.728614,-43.152502,323.321000
966.738421,-38.391462,320.864000
958.462281,-43.767464,343.733000
958.600988,-43.097676,326.777000
978.487881,-58.287486,337.118000
993.375984,-61.370665,332.690000
983.810044,-47.707021,347.000000
970.687661,-49.145659,347.000000
856.017979,-111.166077,330.203000
854.078391,-114.118818,326.129000
834.212926,-90.282471,325.079000
857.778682,-105.762280,330.728000
819.525190,-101.878562,340.934000
823.464977,-95.880808,335.327000
822.057829,-104.312707,335.810000
822.385131,-104.527704,339.926000
840.349488,-111.286728,344.000000
854.657887,-111.615557,344.000000
885.975508,-90.607506,322.914000
891.908749,-81.112335,323.910000
875.226721,-62.570194,321.444000
882.520783,-67.128029,325.224000
837.009958,-53.856892,325.980000
833.647355,-59.238181,326.538000
864.830246,-84.963626,324.510000
847.241728,-73.973100,321.852000
875.164329,-68.655860,327.000000
874.934657,-66.721173,327.000000
923.229739,-12.132634,324.704000
924.189353,-9.407664,333.152000
885.283861,6.354142,320.800000
905.702745,-0.836483,320.656000
882.570967,4.876355,332.880000
874.418736,-18.273159,324.160000
883.329314,-21.582820,328.976000
896.194871,-26.113498,327.664000
905.831640,-19.545547,336.000000
887.427602,-21.337164,336.000000
873.883224,-0.089675,318.510000
870.560284,-9.525675,317.054000
872.151803,27.426744,315.325000
869.041998,28.521880,319.901000
853.735083,5.918905,325.153000
859.740888,22.973314,322.748000
864.257615,-13.261270,321.968000
863.465308,-12.982255,325.595000
875.262769,22.288677,328.000000
871.670860,-4.222463,328.000000
783.200000,-194.220000,344.865000
783.200000,-222.091000,364.038000
780.320000,-191.400000,326.077000
748.040000,-191.400000,380.901000
743.200000,-200.988000,384.212000
743.200000,-210.764000,397.764000
756.600000,-238.400000,365.424000
781.000000,-238.400000,337.627000
772.480000,-216.451000,403.000000
768.400000,-215.934000,403.000000
712.800000,-212.500000,321.326000
712.800000,-209.700000,324.980000
684.360000,-187.500000,325.856000
708.795000,-187.500000,320.294000
667.800000,-225.650000,324.392000
667.800000,-218.600000,321.608000
708.075000,-237.500000,322.922000
674.730000,-237.500000,322.922000
701.865000,-236.200000,326.000000
681.030000,-203.150000,326.000000
638.700000,-214.600000,321.684000
638.700000,-200.500000,320.843000
624.566000,-195.800000,343.608000
616.648000,-195.800000,327.194000
564.700000,-202.260000,336.503000
564.700000,-212.420000,333.516000
598.296000,-215.800000,329.427000
591.636000,-215.800000,339.867000
622.494000,-204.080000,345.000000
635.592000,-197.880000,345.000000
423.000000,-204.740000,320.308000
423.000000,-190.500000,349.767000
398.217000,-189.500000,387.503000
406.269000,-189.500000,369.258000
390.000000,-224.780000,365.787000
390.000000,-191.100000,388.749000
390.462000,-229.500000,343.982000
408.909000,-229.500000,319.240000
416.598000,-223.700000,394.000000
410.493000,-225.260000,394.000000
776.400000,-115.160000,320.323000
776.400000,-114.860000,326.551000
759.350000,-65.900000,327.127000
736.965000,-65.900000,319.522000
721.400000,-92.420000,324.922000
721.400000,-80.840000,321.493000
752.915000,-125.900000,322.726000
764.410000,-125.900000,323.464000
767.050000,-83.600000,328.000000
737.075000,-107.000000,328.000000
769.250000,-9.180000,317.904000
769.250000,-22.980000,320.400000
675.725000,1.300000,354.144000
669.705000,1.300000,330.912000
661.750000,1.260000,342.432000
661.750000,-17.060000,341.424000
676.047500,-38.700000,330.672000
768.282500,-38.700000,351.936000
753.662500,-28.140000,360.000000
763.767500,-17.740000,360.000000
507.800000,-27.496000,305.254000
507.800000,-12.904000,314.753000
482.060000,6.200000,322.642000
499.700000,6.200000,319.790000
447.800000,-20.728000,317.007000
447.800000,-25.864000,324.827000
489.320000,-41.800000,311.395000
459.860000,-41.800000,306.864000
500.540000,-2.248000,326.000000
484.580000,-6.616000,326.000000
246.625801,-576.023442,322.074000
245.957585,-576.691658,322.848000
234.063342,-559.214099,322.829000
243.641103,-568.791861,322.067000
232.118091,-560.832667,322.585000
220.877214,-572.073543,322.286000
222.792767,-577.642009,322.340000
225.138947,-579.988189,322.505000
238.161733,-581.636455,323.000000
237.166833,-564.010405,323.000000
296.500000,-339.992000,312.049000
296.500000,-349.496000,312.184000
291.568000,-326.000000,312.805000
291.514000,-326.000000,312.403000
287.500000,-342.320000,312.560000
287.500000,-328.064000,312.622000
294.799000,-350.000000,312.316000
293.071000,-350.000000,312.841000
295.852000,-327.368000,313.000000
295.960000,-346.352000,313.000000
283.000000,-310.716000,312.025000
283.000000,-317.430000,312.520000
280.408000,-310.500000,312.780000
264.688000,-310.500000,312.739000
259.000000,-312.651000,312.536000
259.000000,-313.164000,312.958000
267.904000,-319.500000,312.291000
278.896000,-319.500000,312.177000
281.872000,-314.982000,313.000000
273.496000,-316.251000,313.000000
166.135864,-562.720881,322.000000
162.678759,-564.482364,328.848000
170.863290,-531.117065,328.048000
165.463073,-520.518542,322.600000
136.490747,-534.055099,326.088000
146.968984,-528.716171,324.352000
145.793290,-570.021989,324.136000
129.999869,-539.025654,326.104000
148.835151,-570.529308,330.000000
154.422752,-536.648840,330.000000
132.214913,-309.533825,314.952000
142.008341,-299.740396,313.386000
142.595240,-287.917571,314.462000
143.708933,-289.031264,313.822000
117.135860,-275.115402,313.974000
110.842610,-281.408653,314.260000
117.913678,-298.591347,313.484000
111.899735,-292.577404,314.698000
116.814127,-275.536131,315.000000
142.641202,-295.741707,315.000000
124.376593,-608.593970,405.737000
134.711666,-598.258897,369.023000
128.602263,-577.690575,384.509000
135.305635,-584.393947,388.076000
78.233633,-620.795804,363.194000
77.928163,-621.101274,407.129000
74.890432,-625.802120,341.966000
81.797451,-632.709139,339.182000
83.715125,-616.196782,410.000000
134.508019,-584.716388,410.000000
-0.242636,-450.726176,329.270000
-14.013289,-429.521230,328.650000
86.156125,-555.816143,326.820000
95.529108,-549.729257,320.840000
65.605345,-471.335722,324.380000
97.830547,-520.958182,323.030000
-5.861221,-410.486420,321.930000
-7.964607,-411.852375,325.220000
84.051475,-503.860432,330.000000
25.602533,-430.660744,330.000000
167.086434,-423.016308,339.844000
133.475016,-451.000415,324.422000
154.575786,-376.907200,334.476000
157.524176,-380.448480,329.240000
149.155850,-375.486133,329.086000
128.529125,-392.659478,334.058000
89.189182,-435.906099,323.718000
110.902842,-461.986150,338.876000
106.621512,-415.583669,342.000000
139.969509,-440.783921,342.000000
68.460271,-336.311676,343.852000
77.203275,-346.731183,332.258000
117.973939,-372.170598,335.522000
107.040953,-381.344462,339.704000
97.030905,-320.577669,327.226000
99.602376,-323.642229,347.150000
56.099030,-308.039103,318.896000
71.885674,-294.792536,320.596000
120.637144,-353.688805,348.000000
94.813159,-347.157379,348.000000
64.524139,-278.730695,340.149000
55.003653,-288.251181,340.842000
68.582932,-272.499670,332.097000
59.350945,-263.267684,315.069000
16.913225,-235.831941,324.012000
-12.177148,-264.922314,322.296000
-10.635655,-289.447606,315.960000
-10.409381,-289.673880,329.490000
2.089438,-261.878927,345.000000
27.406689,-248.056403,345.000000
364.000000,-184.656000,317.093000
364.000000,-140.812000,306.570000
297.424000,-131.500000,312.928000
314.182000,-131.500000,310.293000
250.000000,-200.952000,308.780000
250.000000,-225.590000,314.016000
346.558000,-228.500000,304.615000
307.342000,-228.500000,317.739000
266.986000,-133.537000,320.000000
354.196000,-225.008000,320.000000
290.584000,-217.539000,320.000000
277.402166,-75.479700,314.256000
281.312769,-72.080264,310.644000
312.343246,-39.171943,310.840000
302.100722,-27.389266,313.710000
284.334613,-28.245511,307.410000
288.015180,-25.046043,316.776000
264.842857,-61.961053,303.994000
271.065905,-69.119851,305.842000
280.694968,-38.538374,317.000000
277.724960,-57.809363,317.000000
209.000000,-40.660000,310.780000
209.000000,-64.315000,310.882000
182.286000,0.000000,310.535000
176.472000,0.000000,310.101000
171.000000,-79.325000,310.291000
171.000000,-36.955000,310.320000
207.708000,-95.000000,310.046000
205.998000,-95.000000,310.539000
178.524000,-85.690000,311.000000
180.196000,-51.870000,311.000000
170.000000,-186.835000,323.305000
170.000000,-100.620000,317.398000
125.290000,0.000000,320.621000
158.950000,0.000000,319.807000
0.000000,-84.710000,317.926000
0.000000,-128.570000,322.216000
89.420000,-215.000000,315.242000
22.270000,-215.000000,324.625000
37.740000,-73.745000,326.000000
154.020000,-72.455000,326.000000
102.680000,-130.290000,326.000000
68.510000,-17.845000,326.000000
124.610000,-178.020000,326.000000
