3670	1732	3661	
3685	1737	2048	3667	
3677	943	3676	
3685	1718	1291	3675	
3680	404	2557	3663	
3685	1724	3125	3656	
3670	1731	2054	3669	
3685	1725	2679	1380	3658	
3670	1709	1728	3108	3657	
3670	1690	1734	1688	3662	
3667	1942	2106	3668	
3661	2318	3665	
3656	2517	3664	
3669	3671	
3657	3045	3652	
3675	3674	
3662	831	3677	
3658	2759	3653	
3668	2230	3666	
3665	2290	3649	
3664	2349	3494	3648	
3671	1410	3672	
3647	3645	
3650	3348	3340	3646	
3652	3115	3581	3660	
3674	1204	3673	
3653	3400	3650	
3648	3556	3647	
3660	3526	3644	
3676	941	3679	
3679	895	3678	
3678	298	297	3682	
3682	3681	
3681	3680	
3663	2916	3659	
3659	2907	3182	3655	
3655	3043	3651	
3651	3271	3654	
3677	419	788	3683	
3682	3684	
