3668	1354	3657	
3656	3660	
3678	404	3662	
3673	1192	1131	3672	
3682	1701	1693	3665	
3668	1727	3661	
3682	2801	2789	3656	
3668	1700	1296	3669	
3669	1651	3667	
3660	3648	
3663	2373	3649	
3668	3671	
3674	510	3677	
3682	1327	1360	3673	
3682	1353	3658	
3665	1762	3666	
3661	2417	3663	
3657	3044	3652	
3649	3495	3647	
3646	3573	3645	
3679	3681	
3671	1037	1061	3675	
3652	3409	3646	
3658	3049	3022	3651	
3666	2121	3664	
3667	1407	3670	
3672	1148	3674	
3675	613	3676	
3651	3278	3653	
3648	3145	3644	
3676	299	3679	
3653	3300	3655	
3644	3601	3650	
3659	2915	2542	3680	
3662	2896	2901	3659	
3679	317	3678	
3655	3184	3654	
