3683	1731	3664	
3668	1728	3662	
3660	2854	3658	
3683	1723	2801	2791	3660	
3668	1719	1685	3669	
3668	1726	2674	1371	3655	
3683	1736	1648	1877	3674	
3668	1725	2769	3672	
3683	1732	2767	1109	3656	
3662	1988	3665	
3664	1943	1950	3666	
3667	1523	1740	3670	
3669	1600	3667	
3655	3052	3651	
3674	3673	
3676	3675	
3672	992	3676	
3656	2760	3652	
3666	3663	
3665	2289	3648	
3658	3494	3647	
3654	3653	
3651	3113	3126	3117	3659	
3673	1171	1436	3671	
3652	3649	
3648	3493	3646	
3647	3644	
3659	3429	3650	
3675	554	3678	
3649	3024	3654	
3644	3645	
3678	471	3677	
3677	298	3681	
3681	413	3679	
3679	3661	
3661	3657	
3657	2575	3680	
3681	3682	
