9.91028	9.90155	0.000880364
23.9866	23.9136	0.00304297
9.90885	9.90803	8.28092e-05
10.2009	10.195	0.000574008
12.0464	11.9615	0.00704403
9.46803	9.46336	0.000492818
9.70636	9.7059	4.75444e-05
10.8765	10.8724	0.000376515
9.42992	9.42007	0.00104408
9.14599	9.14326	0.000298886
10.3465	10.3464	8.97457e-06
10.0873	10.0873	1.94445e-06
11.761	11.7609	1.49057e-05
11.6337	11.6178	0.00136245
11.8764	11.8474	0.00244476
11.2146	11.2049	0.000863697
9.75731	9.74935	0.00081573
11.0755	11.0734	0.000192262
11.964	11.9483	0.00131485
11.5675	11.5675	7.32989e-09
