10.919	10.8892	0.00273627
14.6061	14.2065	0.0273566
11.6172	11.4472	0.0146392
15.942	15.8875	0.00341956
10.1114	10.083	0.00280487
10.146	10.1454	5.79294e-05
10.3695	10.3384	0.00300352
9.44559	9.43381	0.00124686
10.4407	10.3499	0.00869505
10.8765	10.8707	0.000534305
9.75886	9.72229	0.00374657
12.4033	12.4028	3.74831e-05
8.51497	8.5148	1.91041e-05
16.0962	16.0931	0.000191816
11.4273	11.3928	0.00302208
10.5494	10.4949	0.00516251
11.5718	11.5564	0.00132477
10.6887	10.6405	0.00450914
9.21208	9.21144	6.9659e-05
11.5845	11.5844	1.00775e-05
