17.2859	17.2102	0.00437727
10.1783	10.0835	0.00931953
14.922	12.9238	0.133914
10.872	9.61757	0.115381
9.93356	9.72828	0.0206658
9.30475	9.25351	0.00550729
10.1954	10.1878	0.000741844
11.2169	11.1109	0.00944763
11.6714	8.8177	0.244502
9.44608	9.25956	0.0197464
9.65766	9.57261	0.00880703
11.1646	10.0946	0.0958367
19.8154	19.8138	7.83734e-05
8.06186	8.05904	0.000349138
12.7349	12.1745	0.0440038
10.4077	10.3398	0.00652702
12.38	11.4342	0.0764
8.97317	8.9364	0.00409776
15.893	14.8983	0.0625856
10.7842	10.7796	0.000429344
