8.84527	8.83381	0.0012957
10.9749	10.9747	1.791e-05
12.3556	12.3151	0.00328291
11.5594	11.4637	0.00828344
9.94026	9.93766	0.000260566
10.6988	10.6866	0.00113288
11.9589	11.9522	0.000559136
11.8968	11.8876	0.000772731
11.8564	11.8456	0.000905247
9.90108	9.86788	0.00335292
16.1535	16.1524	6.76708e-05
9.55923	9.55676	0.000258094
10.3625	10.3621	3.0786e-05
11.7229	11.717	0.000504823
19.5234	19.5225	4.61874e-05
9.13038	9.12719	0.000349426
9.54836	9.53843	0.00104064
10.4497	10.4496	6.28998e-06
11.1097	11.1008	0.000799256
10.1314	10.1224	0.000884032
10.558	10.558	4.57167e-06
