8.87321	8.86201	0.0012626
18.349	18.3087	0.00219632
10.8112	10.811	2.44295e-05
8.47505	8.47005	0.000590236
8.97723	8.96677	0.00116499
12.2564	12.225	0.00255685
8.47284	8.46348	0.00110448
10.9396	10.935	0.000423423
12.958	12.9443	0.001052
9.90577	9.90367	0.000212444
12.4697	12.4692	4.26261e-05
11.2093	11.2093	3.74445e-08
11.5542	11.5524	0.000159958
10.9707	10.9483	0.00204141
11.9208	11.9049	0.00133645
10.5809	10.5809	1.12819e-07
12.3241	12.3048	0.0015643
11.3187	11.3019	0.00148042
10.2385	10.2306	0.000762917
10.8596	10.8413	0.00167943
20.4987	20.4987	1.97353e-08
