10.5832	10.5693	0.00131234
24.7854	24.7087	0.00309548
9.82401	9.8209	0.000316084
19.3221	19.2811	0.00212111
9.34006	9.33012	0.00106442
9.54757	9.54635	0.00012783
11.0473	11.0341	0.0011979
10.055	10.0529	0.000216819
9.6441	9.62247	0.00224271
9.02115	9.01272	0.000934388
10.3133	10.3133	2.98018e-06
18.1932	18.1931	6.27266e-06
8.29429	8.29416	1.49542e-05
16.0962	16.096	9.47914e-06
11.6502	11.5906	0.00511403
11.5941	11.5734	0.00179048
15.893	15.8499	0.00270942
9.19491	9.18352	0.00123861
10.1798	10.1644	0.00151453
10.5535	10.5535	2.36913e-08
