1176	1174	
1176	892	1168	
1176	778	1162	
1176	530	1175	
1176	892	893	889	1163	
1176	421	1180	
1176	431	1179	
1176	871	867	1164	
1174	677	1173	
1168	761	760	1171	
1162	1166	
1175	514	1177	
1163	1158	
1180	1181	
1179	326	1183	
1164	1011	978	1159	
1173	680	1172	
1171	1156	
1166	1155	
1177	382	1178	
1158	1058	989	1167	
1181	323	1182	
1183	1184	
1159	1025	1157	
1156	1154	
1155	1085	1152	
1167	911	1153	
1182	182	1185	
1184	98	1187	
1157	1161	
1187	1186	
1161	1160	
1186	326	1169	
1169	922	1165	
1165	831	1170	
1187	1188	
