2404	1837	2409	
2404	2403	
2404	1849	1851	2402	
2404	721	2411	
2404	1128	2016	2397	
2404	2415	
2404	906	2413	
2404	883	2398	
2409	1382	2408	
2403	1591	2406	
2402	1835	2401	
2411	1049	2410	
2397	2016	2394	
2415	789	2414	
2413	559	556	2417	
2398	2206	2393	
2408	1393	2407	
2406	2389	
2401	1872	2388	
2410	946	769	2412	
2394	2053	2342	2400	
2414	2416	
2417	2418	
2393	2391	
2407	2390	
2389	2387	
2388	2384	
2400	2346	2386	
2416	638	364	2419	
2418	429	2421	
2391	2392	
2384	2385	
2421	2420	
2392	2396	
2420	1683	2405	
2396	2395	
2405	1891	2399	
2399	98	2422	
2421	2423	
