1178	545	1175	
1178	545	1171	
1178	546	658	1165	
1178	546	658	1177	
1178	543	959	889	1166	
1178	547	421	1183	
1178	543	865	1182	
1178	543	364	361	1167	
1175	624	677	1176	
1171	765	1173	
1165	555	1170	
1177	524	407	1179	
1166	986	983	1161	
1183	391	1184	
1182	326	1186	
1167	971	969	1159	
1176	663	1174	
1173	1104	1156	
1170	914	1155	
1179	470	483	1180	
1161	1132	1128	1169	
1184	463	1181	
1186	263	1185	
1159	1049	1158	
1174	1157	
1155	1085	1154	
1169	1092	1152	
1185	1187	
1158	1058	1160	
1154	1150	1144	1153	
1187	1190	
1190	1189	
1189	289	1172	
1172	933	1168	
1168	922	1164	
1164	1041	1162	
1162	1014	1163	
1186	260	1188	
1190	113	1191	
