2401	1585	1134	2404	
2401	1120	2400	
2401	1133	1853	2399	
2401	854	2406	
2401	1977	1815	2395	
2401	697	2412	
2401	727	2410	
2401	725	2396	
2404	1154	2405	
2400	1450	2402	
2399	2042	2398	
2406	1221	2407	
2395	2030	2391	
2412	2411	
2410	548	2415	
2396	1999	1984	2389	
2405	1466	2403	
2402	1561	2387	
2407	1151	2408	
2391	2035	2390	
2411	762	2409	
2415	2413	
2389	2392	
2387	2386	
2390	2367	2384	
2413	2417	
2392	1952	2394	
2384	2385	
2417	2416	
2394	2084	2393	
2385	2388	
2416	196	2420	
2420	2419	
2419	2414	
2414	2397	
2397	1735	2418	
2420	2421	
