1178	438	594	1177	
1178	892	554	1170	
1178	960	1169	
1178	892	1179	
1178	960	889	1165	
1178	865	1184	
1178	1182	
1178	436	1166	
1177	574	1176	
1170	897	765	1174	
1169	1173	
1179	587	1180	
1165	1057	1160	
1184	1183	
1182	840	360	1186	
1166	889	987	1158	
1176	680	1175	
1174	1156	
1173	736	1104	1154	
1180	562	1181	
1160	1128	1164	
1183	301	1185	
1186	1187	
1158	1161	
1156	1155	
1154	1115	1152	
1164	1128	1159	
1187	1189	
1161	1007	1163	
1152	1153	
1159	1157	
1189	1188	
1163	1162	
1188	825	1171	
1162	932	1002	1168	
1171	933	1167	
1167	831	1172	
1189	1190	
