2401	888	2406	
2401	1577	2403	
2401	1976	1845	2400	
2401	875	2408	
2401	1130	2396	
2401	732	2411	
2401	2413	
2401	1976	2397	
2406	1272	1286	2407	
2403	1563	2404	
2400	2041	2399	
2408	1050	2409	
2396	2006	2392	
2411	2412	
2413	2415	
2397	1814	2390	
2407	1466	2405	
2404	2388	
2399	2386	
2409	779	2410	
2392	2336	2395	
2412	2414	
2415	2416	
2390	2209	2389	
2388	2387	
2386	2385	
2395	2384	
2414	2417	
2416	2419	
2389	2072	2394	
2384	2391	
2419	2418	
2394	2393	
2418	653	2402	
2402	1915	2398	
2398	1670	1677	2420	
2419	2421	
