2409	1138	2406	
2409	1132	2400	
2409	1135	2395	
2409	1139	2408	
2409	1135	2033	2396	
2409	1139	1100	2415	
2409	1130	872	2413	
2409	1130	887	2397	
2406	1284	2407	
2400	1562	2404	
2395	2043	2403	
2408	854	2410	
2396	2016	2391	
2415	788	2414	
2413	549	2417	
2397	1816	2392	
2407	1466	2405	
2404	2388	
2403	1660	2387	
2410	947	996	2411	
2391	2345	2399	
2414	753	2412	
2417	2416	
2392	2389	
2387	2386	
2399	2251	2384	
2416	2418	
2389	2146	2394	
2384	2390	
2418	2420	
2394	2393	
2390	2385	
2420	267	2419	
2419	84	2401	
2401	1914	2398	
2398	1906	2421	
2421	2402	
2420	226	2422	
