1176	438	556	1173	
1176	892	1167	
1176	959	1168	
1176	892	1177	
1176	960	889	1162	
1176	865	1181	
1176	1169	
1176	880	863	1163	
1173	655	1174	
1167	779	1171	
1168	916	1165	
1177	1175	
1162	1051	1052	1159	
1181	1180	
1169	274	1183	
1163	889	987	1158	
1174	680	1172	
1171	1104	1156	
1165	1155	
1175	454	1178	
1159	994	1061	1166	
1180	384	1179	
1183	1182	
1158	1157	
1155	1154	
1166	1087	1152	
1182	174	1185	
1157	1036	1161	
1152	1153	
1185	310	1184	
1161	1017	1160	
1184	211	1188	
1188	135	1186	
1186	1170	
1170	935	1164	
1164	360	1187	
1188	1189	
