1176	898	659	1174	
1176	1168	
1176	903	802	1163	
1176	422	1177	
1176	892	893	889	1164	
1176	865	1181	
1176	1169	
1176	880	863	1165	
1174	564	1175	
1168	765	1172	
1163	762	1171	
1177	514	1178	
1164	979	1159	
1181	391	1180	
1169	326	1184	
1165	872	949	1160	
1175	720	1173	
1172	750	1157	
1171	814	1086	1156	
1178	477	473	1179	
1159	1132	1128	1167	
1180	398	1182	
1184	1185	
1160	1158	
1157	1095	1155	
1156	1152	
1167	1128	1154	
1182	1186	
1185	1188	
1158	963	1162	
1152	1153	
1188	133	1187	
1162	1017	1161	
1187	132	1183	
1183	933	1166	
1166	933	1170	
1188	1189	
