1177	556	1174	
1177	554	1170	
1177	555	802	1164	
1177	553	1178	
1177	555	987	1165	
1177	556	603	1182	
1177	553	362	1181	
1177	553	437	1166	
1174	624	677	1176	
1170	694	1175	
1164	1168	
1178	1179	
1165	889	1161	
1182	1183	
1181	279	275	1185	
1166	889	1009	1159	
1176	680	1173	
1175	764	1155	
1168	1104	1154	
1179	557	501	1180	
1161	889	996	1169	
1183	1184	
1185	1186	
1159	1158	
1173	1156	
1154	1090	1152	
1169	1083	1160	
1186	1188	
1158	1036	1163	
1152	1153	
1160	1128	1157	
1188	1187	
1163	1162	
1187	132	825	1171	
1171	940	1167	
1167	294	1172	
1188	1189	
