1171	892	659	1176	
1171	1170	
1171	892	555	1164	
1171	344	1178	
1171	554	895	1165	
1171	362	1183	
1171	1181	
1171	362	867	1166	
1176	623	629	1177	
1170	709	1174	
1164	1168	
1178	514	1179	
1165	1045	1160	
1183	1182	
1181	841	360	1185	
1166	958	1159	
1177	680	1175	
1174	1104	1157	
1168	1091	1155	
1179	465	493	1180	
1160	988	992	989	1169	
1182	306	1184	
1185	204	1186	
1159	1161	
1157	1156	
1155	1115	1152	
1169	1083	995	1154	
1184	1187	
1186	1189	
1161	1001	1163	
1152	1153	
1154	1158	
1189	1188	
1163	1015	1162	
1188	1172	
1172	933	1167	
1167	933	1173	
1189	1190	
