1176	545	1172	
1176	544	555	1170	
1176	544	554	1164	
1176	546	658	1175	
1176	543	959	977	1165	
1176	547	421	1181	
1176	543	1179	
1176	543	880	863	1166	
1172	623	574	1174	
1170	639	1173	
1164	1169	
1175	1177	
1165	969	1160	
1181	1180	
1179	839	360	1184	
1166	938	971	1009	1161	
1174	717	1171	
1173	741	1157	
1169	919	1168	
1177	382	1178	
1160	1154	
1180	398	1182	
1184	1185	
1161	1159	
1157	1156	
1168	1087	1152	
1154	1153	
1185	1187	
1159	968	1163	
1156	1155	
1152	1134	1158	
1187	104	1186	
1163	937	1162	
1186	42	825	1183	
1183	940	1167	
1167	829	832	1188	
1187	1189	
