2409	1138	2406	
2409	1134	2400	
2409	1133	2396	
2409	1138	2407	
2409	1136	1828	2397	
2409	1138	2412	
2409	1128	873	2411	
2409	1131	1765	725	2398	
2406	1270	2405	
2400	1590	2403	
2396	2402	
2407	1049	2408	
2397	2186	2391	
2412	788	2413	
2411	654	2415	
2398	2000	1995	2389	
2405	1472	2404	
2403	2388	
2402	1872	2387	
2408	947	1006	2410	
2391	2336	2395	
2413	639	2414	
2415	2416	
2389	2392	
2388	2386	
2387	2384	
2395	2280	2390	
2414	364	2417	
2416	2420	
2392	2069	2076	2394	
2384	2385	
2420	249	2419	
2394	1950	2393	
2419	1682	2401	
2401	1681	2399	
2399	1685	2418	
2420	2421	
