1169	438	1176	
1169	773	776	1172	
1169	554	1164	
1169	432	1177	
1169	884	1165	
1169	445	435	1182	
1169	445	1180	
1169	361	1166	
1176	589	1175	
1172	709	1173	
1164	1168	
1177	1178	
1165	1160	
1182	536	1181	
1180	271	278	1184	
1166	1012	963	1159	
1175	730	1174	
1173	750	1157	
1168	1087	1156	
1178	381	384	1179	
1160	988	1154	
1181	306	1183	
1184	1185	
1159	1049	1158	
1156	1127	1155	
1154	1152	
1183	172	1186	
1185	1188	
1158	1064	1161	
1155	1130	1143	1153	
1188	135	1187	
1161	1000	1163	
1187	1170	
1163	1162	
1170	361	1167	
1167	360	1171	
1188	1189	
