1177	556	1174	
1177	555	1168	
1177	555	787	1164	
1177	556	1175	
1177	553	976	973	1165	
1177	553	421	1180	
1177	554	865	1179	
1177	553	362	364	1166	
1174	622	1173	
1168	779	1171	
1164	1170	
1175	515	1176	
1165	1056	1159	
1180	391	1181	
1179	326	1183	
1166	971	968	1157	
1173	720	1172	
1171	1156	
1170	914	1155	
1176	485	487	1178	
1159	1128	1163	
1181	319	1182	
1183	1184	
1157	1160	
1156	1154	
1155	1152	
1163	1102	1158	
1182	182	1185	
1184	1188	
1160	1000	1004	1162	
1152	1153	
1188	124	1187	
1162	948	1161	
1187	825	1169	
1169	933	1167	
1167	294	1186	
1188	1189	
