1179	545	1175	
1179	545	1170	
1179	545	658	1166	
1179	543	432	1180	
1179	545	658	895	1167	
1179	546	1184	
1179	543	445	1183	
1179	543	960	873	1168	
1175	564	1177	
1170	1176	
1166	916	1173	
1180	407	1181	
1167	986	979	1161	
1184	1185	
1183	839	1187	
1168	943	1162	
1177	1178	
1176	694	1174	
1173	800	1158	
1181	382	1182	
1161	1128	1165	
1185	306	1186	
1187	325	1188	
1162	1160	
1158	1156	
1165	1157	
1188	1190	
1160	1031	1164	
1156	1155	
1157	1152	
1190	92	1189	
1164	1163	
1155	1150	1144	1153	
1152	1154	
1189	825	1171	
1153	1159	
1171	939	1169	
1169	294	1172	
1190	79	1191	
