2401	1822	2407	
2401	2400	
2401	1810	1975	2395	
2401	1130	2408	
2401	1132	2007	2396	
2401	716	2412	
2401	720	2411	
2401	1700	2397	
2407	1285	2406	
2400	1567	2405	
2395	1877	2040	2399	
2408	2409	
2396	2391	
2412	2413	
2411	623	2415	
2397	2001	1995	2390	
2406	1393	2404	
2405	1561	2389	
2399	2388	
2409	959	1006	2410	
2391	2052	2386	
2413	2414	
2415	2416	
2390	2145	2392	
2389	2298	2387	
2388	2384	
2386	2194	2385	
2416	196	2418	
2392	2113	2119	2394	
2418	2417	
2394	2393	
2417	1682	2402	
2402	1690	2398	
2398	2403	
2418	2419	
