1180	556	1176	
1180	555	1169	
1180	555	895	1164	
1180	556	1178	
1180	554	879	1165	
1180	556	419	1182	
1180	554	1170	
1180	553	548	960	1166	
1176	688	691	1177	
1169	765	1174	
1164	891	1173	
1178	515	1179	
1165	1026	1160	
1182	1183	
1170	274	1185	
1166	889	1159	
1177	680	1175	
1174	1158	
1173	736	1104	1156	
1179	464	382	1181	
1160	1133	1131	1168	
1183	1184	
1185	1186	
1159	1035	1161	
1158	1157	
1156	1155	
1168	1087	1152	
1184	248	1187	
1186	1189	
1161	1063	968	1163	
1152	1154	
1189	1188	
1163	1162	
1154	1060	1153	
1188	42	1171	
1171	939	1167	
1167	828	923	1190	
1190	1172	
1189	79	1191	
