1169	892	777	1175	
1169	549	1168	
1169	959	889	1163	
1169	438	1177	
1169	959	889	1164	
1169	432	533	1181	
1169	1180	
1169	361	862	1165	
1175	564	1176	
1168	709	1173	
1163	1172	
1177	627	1178	
1164	1057	1159	
1181	1182	
1180	839	1184	
1165	938	971	1160	
1176	680	1174	
1173	1157	
1172	1167	
1178	382	1179	
1159	1154	
1182	1183	
1184	1185	
1160	1009	1158	
1157	1156	
1167	1087	1152	
1154	1153	
1185	98	1188	
1158	968	1162	
1156	1155	
1188	1187	
1162	1006	1161	
1187	1170	
1170	1166	
1166	294	1186	
1186	1171	
1188	1189	
