1178	438	1175	
1178	1169	
1178	879	975	1164	
1178	422	1177	
1178	879	1165	
1178	421	1184	
1178	1182	
1178	361	1166	
1175	624	677	1176	
1169	765	1173	
1164	916	802	1172	
1177	1179	
1165	1026	1160	
1184	322	1183	
1182	840	360	1186	
1166	1043	1026	1161	
1176	717	674	1174	
1173	1158	
1172	1104	1156	
1179	454	1180	
1160	1128	1168	
1183	392	1181	
1186	1185	
1161	1025	1159	
1158	1157	
1156	1155	
1168	1087	1152	
1185	1188	
1159	1163	
1155	1153	
1152	1154	
1188	98	1187	
1163	1162	
1187	1191	
1191	114	1190	
1190	44	1170	
1170	291	933	1167	
1167	933	294	1189	
1189	1171	
1191	17	1192	
