2404	1822	1345	2408	
2404	1120	2402	
2404	1974	2403	
2404	889	2410	
2404	1976	1816	2397	
2404	1087	2416	
2404	873	2414	
2404	724	1710	2398	
2408	1205	2409	
2402	1562	2406	
2403	2043	2401	
2410	1231	2411	
2397	2394	
2416	2415	
2414	534	2418	
2398	2000	1994	2393	
2409	1467	2407	
2406	2390	
2401	2250	2388	
2411	769	2412	
2394	2053	2336	2400	
2415	752	783	2413	
2418	657	2417	
2393	2217	2392	
2390	2389	
2388	2326	2387	
2400	2261	2384	
2417	2419	
2392	2136	2396	
2387	2385	
2384	2386	
2419	2421	
2396	2395	
2385	2391	
2421	173	2420	
2420	98	2405	
2405	1930	2399	
2399	723	2422	
2421	133	2423	
