2403	1822	1334	2409	
2403	1585	2405	
2403	1576	1834	2402	
2403	1081	2410	
2403	2397	
2403	1088	2414	
2403	2413	
2403	1813	2398	
2409	1331	1309	2408	
2405	1450	2406	
2402	1877	2401	
2410	1048	1062	2411	
2397	1996	2393	
2414	2415	
2413	1711	722	2418	
2398	1816	2394	
2408	1466	2407	
2406	2390	
2401	2240	2286	2388	
2411	948	986	2412	
2393	2054	2342	2400	
2415	612	2416	
2418	2419	
2394	2154	2392	
2407	2283	2238	2389	
2388	2333	2387	
2400	2251	2384	
2416	622	2420	
2419	2422	
2392	1994	2396	
2387	2381	2368	2385	
2384	2386	
2422	175	2421	
2396	2071	2395	
2385	2391	
2421	2417	
2417	1897	2399	
2399	1689	1694	2404	
2422	2423	
