1171	438	1177	
1171	1170	
1171	554	1164	
1171	776	1178	
1171	554	1165	
1171	543	1182	
1171	364	1181	
1171	960	883	1166	
1177	616	1176	
1170	746	1174	
1164	1169	
1178	1179	
1165	1057	1160	
1182	371	1183	
1181	262	1185	
1166	1066	1161	
1176	669	1175	
1174	1158	
1169	814	1091	1156	
1179	562	1180	
1160	1133	1128	1168	
1183	296	1184	
1185	1186	
1161	1159	
1158	1157	
1156	1155	
1168	1092	1152	
1186	1189	
1159	1163	
1155	1150	1144	1153	
1152	1154	
1189	92	1188	
1163	1162	
1188	825	1172	
1172	922	1167	
1167	826	1187	
1187	826	1173	
1189	1190	
