1179	776	1177	
1179	1170	
1179	553	974	1171	
1179	529	1180	
1179	554	976	973	1165	
1179	421	1184	
1179	534	1183	
1179	865	361	1166	
1177	676	1176	
1170	751	1174	
1171	996	1169	
1180	577	520	1178	
1165	969	1161	
1184	1185	
1183	327	340	1187	
1166	889	1026	1162	
1176	720	1175	
1174	1158	
1169	1157	
1178	485	487	1181	
1161	988	1154	
1185	393	1182	
1187	249	1186	
1162	1025	1160	
1158	1155	
1157	1156	
1154	1152	
1186	1189	
1160	1164	
1156	1102	1153	
1152	1132	1159	
1189	164	1188	
1164	1163	
1188	1191	
1163	1000	1004	1167	
1191	133	1190	
1167	1168	
1190	44	1172	
1168	932	360	1173	
1191	1192	
