1170	898	1176	
1170	549	1169	
1170	359	1177	
1170	554	974	1165	
1170	865	1180	
1170	1182	
1170	357	1166	
1176	677	1175	
1169	765	1173	
1177	1178	
1165	1065	1161	
1180	391	1181	
1182	1184	
1166	889	1160	
1175	680	1174	
1173	1094	1157	
1178	464	382	1179	
1161	1132	1164	
1181	319	1183	
1184	204	1185	
1160	1025	1159	
1174	679	729	1168	
1157	1110	1155	
1164	1156	
1185	1187	
1159	1001	1163	
1155	1123	1152	
1156	1132	1154	
1187	1186	
1163	1162	
1152	1153	
1154	1158	
1186	1171	
1171	935	1167	
1167	841	276	1188	
1188	822	1172	
1187	1189	
