1177	898	545	1173	
1177	898	1171	
1177	903	802	1163	
1177	553	1178	
1177	892	894	889	1164	
1177	445	1182	
1177	1168	
1177	364	862	1165	
1173	624	626	1175	
1171	757	1174	
1163	1167	
1178	1176	
1164	1066	1159	
1182	1181	
1168	274	1184	
1165	949	1160	
1175	720	1172	
1174	741	1157	
1167	1104	1156	
1176	490	557	1179	
1159	1154	
1181	493	1180	
1184	1183	
1160	1041	1158	
1157	1155	
1156	1090	1152	
1154	1153	
1183	182	1186	
1158	1162	
1186	194	1185	
1162	1161	
1185	93	1188	
1188	135	1187	
1187	44	1169	
1169	922	1166	
1166	1170	
1188	1189	
