2408	1117	1111	2405	
2408	2401	
2408	1131	2396	
2408	808	2409	
2408	888	2397	
2408	1765	2413	
2408	2411	
2408	887	2398	
2405	1155	2406	
2401	1590	2403	
2396	2400	
2409	1083	2407	
2397	1996	2392	
2413	1087	2412	
2411	700	699	2415	
2398	2207	2391	
2406	1393	2404	
2403	2389	
2400	2388	
2407	947	1005	2410	
2392	2386	
2412	746	2414	
2415	404	2416	
2391	2144	2393	
2389	2285	2387	
2388	2326	2384	
2386	2385	
2414	2417	
2416	196	2419	
2393	2159	2395	
2384	2343	2390	
2419	2418	
2395	2084	2394	
2418	265	2402	
2402	1914	2399	
2399	1914	2420	
2419	2421	
