1171	772	659	1175	
1171	549	1169	
1171	959	1170	
1171	772	1177	
1171	959	1165	
1171	364	1181	
1171	364	1180	
1171	436	1166	
1175	589	1176	
1169	746	1173	
1170	555	1168	
1177	514	520	1178	
1165	1161	
1181	371	1182	
1180	267	1184	
1166	1066	1159	
1176	717	674	1174	
1173	1156	
1168	914	1155	
1178	489	1179	
1161	1132	1164	
1182	302	1183	
1184	247	1185	
1159	1157	
1155	1150	1154	
1164	1152	
1183	310	1186	
1185	144	143	1189	
1157	1160	
1154	1150	1144	1153	
1186	1188	
1189	1191	
1188	87	1187	
1187	47	1172	
1172	930	1167	
1167	873	944	1163	
1163	1158	
1158	1162	
1184	278	261	1190	
