2407	1111	2404	
2407	1112	2400	
2407	1111	1589	2395	
2407	1108	874	2405	
2407	1107	1974	2013	2396	
2407	1113	2410	
2407	1110	1125	2409	
2407	1107	1796	1758	2397	
2404	1269	2403	
2400	2402	
2395	2399	
2405	1049	2406	
2396	2005	2391	
2410	746	2411	
2409	534	2414	
2397	1927	2001	2392	
2403	1353	2401	
2402	1514	2389	
2399	2388	
2406	990	1350	2408	
2391	2052	2386	
2411	745	2412	
2414	404	2415	
2392	2162	2390	
2389	2387	
2388	2384	
2386	2195	2385	
2412	2416	
2415	2418	
2390	2147	2394	
2418	218	2417	
2394	2393	
2417	269	264	2413	
2413	1914	2398	
2398	1914	2419	
2418	2420	
