1170	898	1176	
1170	892	1169	
1170	892	894	889	1163	
1170	898	1177	
1170	892	894	889	1164	
1170	362	1182	
1170	1180	
1170	362	867	1165	
1176	618	629	1175	
1169	751	1173	
1163	890	701	1168	
1177	514	1178	
1164	1159	
1182	400	1181	
1180	326	1184	
1165	958	1158	
1175	676	674	1174	
1173	750	1156	
1168	1167	
1178	384	1179	
1159	994	1154	
1181	296	1183	
1184	1185	
1158	1049	1157	
1156	1155	
1167	1092	1152	
1154	1060	1153	
1183	310	1186	
1185	1189	
1157	1064	1160	
1189	114	1187	
1160	1001	1162	
1187	326	1171	
1162	1001	1161	
1171	1166	
1166	826	1188	
1188	1172	
1189	1190	
