1169	898	1175	
1169	898	1170	
1169	898	782	1164	
1169	898	1176	
1169	888	1165	
1169	344	342	1180	
1169	1179	
1169	436	1166	
1175	616	1174	
1170	729	1172	
1164	1171	
1176	530	1177	
1165	971	1160	
1180	1181	
1179	356	363	1184	
1166	889	1158	
1174	564	1173	
1172	736	1157	
1171	1156	
1177	516	452	1178	
1160	1128	1132	1168	
1181	1182	
1184	1185	
1158	1035	1161	
1157	1155	
1156	1120	1154	
1168	1092	1152	
1185	98	1188	
1161	1163	
1154	1150	1144	1153	
1152	994	1159	
1188	98	1187	
1163	1162	
1187	190	1186	
1186	820	1183	
1183	1167	
1167	276	1189	
1188	17	1190	
