1175	898	659	1172	
1175	1169	
1175	554	1164	
1175	898	1174	
1175	554	974	1165	
1175	865	362	1180	
1175	892	1179	
1175	865	361	1166	
1172	564	1173	
1169	1170	
1164	1168	
1174	1176	
1165	1160	
1180	322	1181	
1179	269	1184	
1166	887	969	1158	
1173	680	717	1171	
1170	1156	
1168	1155	
1176	557	487	1177	
1160	988	1159	
1181	384	1178	
1184	1182	
1158	1161	
1156	1154	
1155	1085	1152	
1159	1075	1153	
1182	310	1186	
1161	1024	1163	
1152	1134	1157	
1186	184	1185	
1163	1162	
1185	144	143	1190	
1190	54	1189	
1189	1187	
1187	132	1183	
1183	1167	
1167	826	1188	
1190	56	12	1191	
