1171	432	530	1177	
1171	772	1170	
1171	959	1165	
1171	772	1178	
1171	960	889	1166	
1171	432	533	1182	
1171	442	1172	
1171	887	1167	
1177	629	1176	
1170	898	803	759	1174	
1165	916	1169	
1178	1179	
1166	1161	
1182	1183	
1172	839	1185	
1167	889	969	1160	
1176	717	1175	
1174	1157	
1169	996	1164	
1179	557	484	1180	
1161	1154	
1183	380	384	1181	
1185	310	309	1184	
1160	1159	
1157	1156	
1164	1152	
1154	1153	
1184	209	1186	
1159	968	1163	
1156	1155	
1152	1134	1158	
1186	98	1189	
1163	1004	1000	1162	
1189	109	96	1187	
1187	1173	
1173	939	932	1168	
1168	933	829	831	1188	
1189	1190	
