1171	892	654	1176	
1171	776	1170	
1171	959	889	1165	
1171	422	1178	
1171	959	889	1166	
1171	432	533	1182	
1171	445	1172	
1171	960	1167	
1176	673	1177	
1170	765	1174	
1165	1169	
1178	1179	
1166	979	1161	
1182	533	1181	
1172	271	278	1185	
1167	889	1160	
1177	680	1175	
1174	1158	
1169	1156	
1179	382	1180	
1161	994	1154	
1181	301	1183	
1185	234	1186	
1160	1159	
1158	1157	
1156	1155	
1154	1152	
1183	310	1187	
1186	1189	
1159	1064	1162	
1155	1153	
1189	133	1188	
1162	1001	1164	
1188	820	1184	
1164	1163	
1184	923	1168	
1168	923	1173	
1189	95	1190	
