2410	1836	1344	2407	
2410	2401	
2410	1849	1636	2395	
2410	1836	2409	
2410	1130	2009	2396	
2410	1765	2414	
2410	2402	
2410	1765	881	2397	
2407	1275	1384	2408	
2401	2405	
2395	2400	
2409	1068	821	2411	
2396	2392	
2414	2415	
2402	689	682	2417	
2397	1816	2033	2391	
2408	1352	2406	
2405	2389	
2400	2240	2286	2387	
2411	923	2412	
2392	2343	2336	2399	
2415	752	782	2413	
2417	2416	
2391	2211	2390	
2406	2268	2388	
2389	2386	
2387	2309	2384	
2399	2336	2385	
2416	364	2419	
2390	2071	2394	
2419	389	2418	
2394	2393	
2418	2422	
2422	2420	
2420	682	2403	
2403	1915	2398	
2398	1684	2421	
2421	1676	2404	
2422	191	2423	
