3682	2770	3667	
3668	3662	
3682	2813	2487	3657	
3668	2769	1718	3669	
3668	1724	3028	3658	
3665	2288	3649	
3682	1332	1659	3673	
3680	3679	
3668	2771	3672	
3682	1350	3659	
3667	1905	3666	
3662	2153	3665	
3657	2811	3661	
3669	1595	3670	
3658	3198	3652	
3673	3674	
3680	3681	
3672	1038	1061	3676	
3659	3052	3653	
3666	2120	3664	
3661	2522	3648	
3670	1592	1407	3671	
3652	3587	3656	
3674	3675	
3676	3677	
3653	3650	
3649	3647	
3648	3646	
3656	3644	
3677	3680	
3646	3632	3621	3645	
3650	3237	3655	
3644	3139	3651	
3655	3169	3654	
3679	3663	
3663	3660	
3660	2573	3678	
