1176	1175	
1192	776	1176	
1171	549	1170	
1192	959	1165	
1171	438	1177	
1171	960	889	1166	
1192	364	425	1183	
1171	1181	
1192	437	866	862	1167	
1170	691	1174	
1165	916	1169	
1177	514	1178	
1166	1161	
1183	1182	
1181	341	348	1185	
1167	949	1162	
1175	680	1173	
1154	1152	
1174	751	764	1159	
1169	914	912	1156	
1178	562	454	1179	
1161	988	1154	
1182	384	388	1180	
1185	1184	
1162	1067	1160	
1173	1158	
1159	1157	
1156	1115	1155	
1184	1187	
1160	1031	1164	
1155	1149	1060	1153	
1187	1186	
1164	1163	
1186	1190	
1190	1188	
1188	326	1172	
1172	857	933	1168	
1168	930	925	47	1189	
1190	1191	
