3683	3666	
3669	1693	3663	
3683	2393	2789	3661	
3669	1689	1331	3670	
3669	1701	3009	3657	
3683	1291	3674	
3669	1692	1712	3673	
3673	823	3677	
3683	1352	2598	3658	
3666	1760	3667	
3663	2375	3664	
3661	3125	3660	
3670	1877	3671	
3657	3348	3652	
3674	3675	
3658	3052	3041	3650	
3667	3668	
3664	3665	
3660	3649	
3671	1445	1532	3672	
3652	3570	3656	
3675	3676	
3677	3678	
3650	3653	
3649	3465	3648	
3656	3536	3647	
3678	639	3680	
3653	3188	3222	3182	3655	
3648	3565	3646	
3647	3529	3644	
3680	414	3679	
3655	3185	3654	
3646	3632	3621	3645	
3644	3138	3651	
3679	3662	
3662	3659	
3659	126	3681	
3680	3682	
