3683	1354	3668	
3679	877	3664	
3670	2767	3661	
3664	2915	3658	
3683	3010	3662	
3670	1719	3671	
3657	3653	
3670	2723	3656	
3677	770	3678	
3683	1291	3674	
3670	3663	
3683	2697	2939	3657	
3668	1941	1934	3669	
3661	3666	
3662	2856	3659	
3671	1249	3672	
3656	3046	3652	
3674	1282	3675	
3663	1093	1082	3677	
3669	2232	3667	
3666	3650	
3659	3648	
3672	1753	3673	
3652	3412	3120	3660	
3675	928	3676	
3653	3200	3651	
3650	3467	3649	
3648	3530	3647	
3660	3429	3441	3644	
3678	217	428	3681	
3651	3281	3655	
3644	3646	
3681	3680	
3655	3166	3654	
3646	3358	3645	
3680	3679	
3658	3665	
3681	3682	
