1191	438	1173	
1171	1157	
1176	892	554	1168	
1191	959	889	1164	
1176	553	542	1177	
1176	443	1165	
1191	421	1182	
1176	1180	
1191	437	839	1166	
1173	564	1174	
1164	890	1170	
1168	765	1171	
1177	525	567	1175	
1165	969	1159	
1182	1181	
1180	326	1184	
1166	971	1071	1160	
1174	611	565	1172	
1170	914	912	1156	
1175	387	1178	
1184	1183	
1185	98	1188	
1159	994	997	995	1163	
1181	473	382	1179	
1160	1067	1158	
1157	1155	
1156	1152	
1163	1091	1085	1098	1154	
1183	184	1186	
1158	1001	1162	
1152	1137	1153	
1186	295	1185	
1162	1006	1161	
1188	1187	
1187	820	1169	
1169	857	1167	
1167	848	928	1189	
1188	66	1190	
