3685	2032	3666	
3656	2854	3660	
3663	2398	3662	
3685	3009	3656	
3663	1720	3669	
3663	3012	2758	3657	
3685	1659	3674	
3663	3673	
3685	1110	3658	
3666	1762	3668	
3662	2047	3667	
3669	3670	
3657	3652	
3674	1285	3672	
3673	829	3677	
3658	3051	3041	3653	
3668	2118	3665	
3667	2290	3648	
3660	2827	3661	
3670	1440	1471	3671	
3652	3140	3646	
3672	3675	
3677	3678	
3653	3374	3650	
3665	3501	3649	
3648	3647	
3661	3443	3644	
3646	3356	3645	
3675	3679	
3678	281	3682	
3655	2928	3654	
3650	3401	3371	3651	
3679	3681	
3682	3684	
3651	3165	3178	3655	
3681	3680	
3680	405	3676	
3676	2896	2901	3659	
3659	2914	2542	3683	
3683	3664	
