1178	515	1179	
1175	736	1156	
1171	634	1175	
1192	422	1177	
1189	1185	
1180	898	1171	
1192	772	659	1164	
1180	529	1178	
1190	114	1189	
1192	865	362	1182	
1167	360	1173	
1180	445	1172	
1192	436	856	940	1166	
1180	552	548	884	1165	
1177	564	1176	
1164	916	1170	
1165	1052	1050	1160	
1182	337	1183	
1172	359	355	1186	
1166	970	963	1158	
1176	680	1174	
1170	803	1087	1155	
1179	490	663	1181	
1160	1128	1169	
1183	317	1184	
1186	1187	
1158	1054	1157	
1156	1118	1154	
1155	1123	1152	
1169	1120	1159	
1184	310	1188	
1187	1190	
1157	1069	1161	
1152	1133	1129	1153	
1161	1024	1163	
1163	1162	
1185	826	939	1167	
1162	931	934	930	1168	
1190	1191	
