1175	629	1174	
1189	432	1175	
1172	1082	1155	
1170	361	1181	
1170	554	1169	
1189	959	1162	
1170	542	1176	
1170	960	889	1163	
1189	364	363	1179	
1189	870	871	1164	
1174	680	1173	
1169	765	1172	
1162	917	1167	
1176	480	1177	
1163	1159	
1179	1180	
1181	340	1183	
1164	1012	978	1157	
1159	988	991	990	1168	
1167	814	1086	1153	
1177	465	493	1178	
1186	135	1185	
1180	301	1182	
1183	1184	
1153	1152	
1157	1010	1156	
1155	1097	1095	1154	
1168	909	1061	1158	
1184	1186	
1161	1001	1160	
1156	1014	1021	1022	1161	
1185	38	276	1171	
1160	1043	963	950	1165	
1171	928	1166	
1166	923	1187	
1186	1188	
