3668	1995	3666	
3684	1679	3668	
3664	3468	3650	
3662	1706	3661	
3662	1331	3669	
3662	3011	3072	3657	
3676	3679	
3684	1294	3675	
3662	1101	3673	
3658	2757	3108	3653	
3644	3582	3651	
3647	3633	3619	3645	
3684	1111	3658	
3661	3665	
3669	3670	
3657	3058	3654	
3682	3663	
3675	1030	3674	
3673	838	3678	
3666	2102	3667	
3665	2131	3664	
3670	1508	1514	3671	
3654	3140	3646	
3674	1441	3672	
3678	3676	
3653	3278	3652	
3646	3648	
3652	3168	3656	
3650	3512	3649	
3648	3520	3647	
3679	3681	
3656	3167	3655	
3649	3540	3552	3547	3644	
3681	414	3680	
3680	3677	
3677	2893	2901	3659	
3659	2909	2604	2571	3682	
3664	2329	3660	
3681	198	3683	
