2422	2407	
2409	1111	2401	
2422	1574	1461	2400	
2409	1107	875	2408	
2409	1115	1128	1986	2396	
2414	612	2415	
2422	851	2413	
2409	1110	904	2412	
2419	85	2402	
2422	1743	725	2397	
2407	1259	2406	
2401	1571	1562	2404	
2400	2060	2399	
2408	1231	2410	
2396	2004	2392	
2413	806	2414	
2412	697	681	2416	
2397	2098	1995	2393	
2406	1467	2405	
2404	2389	
2399	2250	2387	
2410	768	2411	
2392	2190	2391	
2416	2417	
2393	2156	2390	
2405	2388	
2389	2285	2386	
2387	2324	2319	2384	
2391	2275	2385	
2415	622	2418	
2417	428	2420	
2390	2001	2395	
2420	271	2419	
2395	2081	2394	
2402	1914	2398	
2398	1902	2403	
2420	2421	
