1169	1168	
1176	1177	
1188	534	546	1175	
1188	887	959	1163	
1169	553	1176	
1169	445	972	964	1164	
1188	357	1180	
1169	865	1179	
1185	825	1170	
1188	437	944	1165	
1168	659	1173	
1173	794	1157	
1175	668	610	1174	
1163	901	996	1167	
1164	1159	
1180	337	1181	
1183	1184	
1179	327	320	1183	
1154	1060	1153	
1165	1012	963	1158	
1174	680	1172	
1167	1082	1156	
1177	485	487	1178	
1159	1058	1075	1154	
1181	1182	
1158	1035	1160	
1157	1104	1155	
1156	1152	
1184	138	1186	
1160	1068	1001	1162	
1186	91	1185	
1162	1006	1161	
1170	829	1166	
1166	925	1171	
1186	1187	
