1192	1176	
1188	256	1184	
1178	898	1169	
1192	903	816	1164	
1178	422	1177	
1178	892	894	889	1165	
1192	865	1181	
1178	1170	
1192	436	944	1166	
1176	677	1175	
1169	782	1174	
1164	902	1172	
1177	1179	
1165	1160	
1181	395	371	1182	
1170	862	349	1185	
1166	958	1010	1158	
1175	1173	
1174	741	1157	
1168	1083	1159	
1172	749	912	1155	
1179	392	1180	
1160	988	991	990	1168	
1182	393	306	1183	
1185	1186	
1158	1035	1161	
1173	1096	1156	
1157	1154	
1155	1152	
1183	182	1187	
1186	204	1189	
1161	1163	
1152	1153	
1189	1188	
1163	1015	1162	
1184	1167	
1167	922	847	1190	
1190	46	1171	
1189	27	1191	
