1174	706	1175	
1155	1117	1154	
1189	530	578	1174	
1172	1104	1156	
1170	549	1169	
1189	364	1165	
1189	959	896	1163	
1170	432	401	1176	
1170	554	980	1164	
1189	438	533	1181	
1179	341	353	1183	
1170	436	1179	
1169	1172	
1163	996	1168	
1176	422	1177	
1159	1128	1132	911	1167	
1167	917	1083	995	1152	
1164	1065	1159	
1166	828	923	1187	
1185	134	131	1171	
1181	420	1180	
1165	967	971	1160	
1175	680	1173	
1168	813	1155	
1177	460	496	1178	
1183	1184	
1180	423	1182	
1160	1072	1069	1157	
1184	204	1186	
1157	1001	1162	
1152	1142	1158	
1186	135	1185	
1162	949	1161	
1158	1153	
1171	826	824	939	1166	
1186	113	1188	
