2421	1334	2404	
2407	1112	2400	
2421	1575	1833	2399	
2407	1113	874	2406	
2407	1110	1805	2395	
2407	1117	1108	2410	
2421	808	2412	
2421	884	2396	
2404	1154	2405	
2400	1590	2402	
2399	2042	2398	
2406	821	2408	
2395	2392	
2412	789	2411	
2414	1714	2397	
2410	684	698	2415	
2396	1816	2390	
2405	1391	2403	
2402	2388	
2408	780	2409	
2392	2391	
2415	2416	
2411	803	2413	
2390	2219	2389	
2388	2387	
2391	2367	2384	
2416	423	2418	
2389	2071	2394	
2387	2386	
2384	2385	
2418	2417	
2394	2080	2393	
2417	203	2414	
2397	724	1713	2419	
2419	1686	2401	
2418	48	2420	
