1191	438	1176	
1178	892	1169	
1172	292	1166	
1165	1161	
1178	959	1164	
1191	884	975	1170	
1178	553	1179	
1191	421	1182	
1178	1171	
1191	865	284	1165	
1176	623	629	1177	
1169	1174	
1170	916	1167	
1179	480	1180	
1164	889	1057	1160	
1182	418	1183	
1187	49	47	1172	
1171	344	340	1185	
1177	680	1175	
1174	1158	
1167	1156	
1180	562	1181	
1160	1128	995	1083	1168	
1183	306	1184	
1185	254	1186	
1161	969	1159	
1158	1110	1157	
1156	1120	1155	
1168	918	1092	1152	
1186	149	143	1189	
1159	1036	1163	
1152	1154	
1189	1188	
1163	1001	1162	
1154	1060	1153	
1188	1187	
1166	1173	
1189	1190	
