3668	2106	3667	
3683	1852	3668	
3661	3660	
3669	2793	3664	
3683	2815	2817	3661	
3669	1332	3670	
3669	1718	3063	3657	
3683	2680	3676	
3669	1108	3675	
3683	1347	3658	
3664	2830	2832	3665	
3670	1249	3671	
3657	3081	3652	
3676	1228	3674	
3675	3678	
3658	3207	3653	
3667	2060	3666	
3665	3649	
3660	2850	3648	
3671	1754	3672	
3652	3572	3656	
3674	1383	3673	
3678	943	3677	
3653	3095	3650	
3648	3529	3647	
3656	3644	
3677	567	3679	
3650	3646	
3647	3632	3621	3645	
3679	3681	
3681	3680	
3680	403	2555	3662	
3662	2942	3659	
3659	2956	2955	3655	
3655	3167	3651	
3651	3654	
3678	842	846	3663	
3681	254	3682	
