2423	1139	2404	
2408	1134	2402	
2423	1131	1839	1833	2400	
2423	1129	829	2414	
2423	1109	1128	732	2396	
2408	1130	1106	2409	
2408	1133	1830	1829	2395	
2408	1122	1132	1822	2412	
2404	1274	1397	2406	
2402	1305	2405	
2400	1876	2398	
2409	1050	2407	
2395	2001	2391	
2414	2413	
2412	654	2416	
2389	1984	2394	
2396	1781	2032	2392	
2406	2403	
2405	1499	2388	
2398	2286	2387	
2407	989	994	2410	
2391	2049	2039	2399	
2413	772	941	2411	
2416	2415	
2392	2389	
2388	2271	2386	
2387	2384	
2399	2242	2390	
2415	364	2418	
2384	2385	
2418	295	2417	
2394	2393	
2417	197	2421	
2421	271	2419	
2419	2401	
2401	2397	
2397	85	2420	
2421	2422	
