1169	1168	
1189	537	556	1174	
1189	880	554	1163	
1169	543	422	1175	
1156	1152	
1169	437	893	889	1164	
1189	362	1179	
1169	357	1178	
1189	864	866	862	1165	
1174	594	611	1173	
1168	709	1171	
1163	1167	
1175	407	1176	
1164	1159	
1179	1180	
1186	104	1185	
1178	327	320	1182	
1165	938	971	1010	1160	
1173	680	1172	
1171	1157	
1167	1156	
1176	470	493	1177	
1159	994	1154	
1180	319	1181	
1170	1166	
1181	207	185	1184	
1183	1186	
1182	244	1183	
1160	1049	1158	
1157	1123	1155	
1154	1075	1153	
1158	1067	1162	
1162	1022	1161	
1166	1187	
1185	127	39	276	1170	
1186	1188	
