1168	1167	
1187	547	545	1173	
1187	887	975	1162	
1168	359	358	1174	
1168	445	959	889	1163	
1187	362	1178	
1168	364	1177	
1187	334	862	1164	
1173	564	1172	
1167	782	1171	
1172	666	720	1170	
1162	916	1166	
1174	514	1175	
1163	986	1158	
1178	533	1179	
1177	274	1181	
1164	1011	968	1159	
1171	736	1156	
1166	996	1155	
1175	562	1176	
1158	1153	
1179	304	1180	
1181	1182	
1159	1157	
1155	1123	1127	1154	
1153	1152	
1182	1185	
1157	1161	
1185	1184	
1161	1160	
1184	1169	
1169	940	1165	
1165	349	348	1183	
1185	113	1186	
