3684	1702	1693	3667	
3679	2556	3664	
3663	2401	3661	
3684	3011	3662	
3663	1358	3669	
3673	1143	3674	
3663	3009	3657	
3684	1107	3673	
3663	1328	3672	
3684	2696	3658	
3667	2145	2154	3668	
3661	2319	3665	
3662	3125	3660	
3669	1950	1947	3670	
3651	3649	
3657	3061	3653	
3672	808	3676	
3658	3375	3651	
3668	2120	3666	
3665	3493	3648	
3660	2848	3647	
3670	1519	3671	
3653	3586	3656	
3674	1227	3675	
3676	960	3677	
3647	3629	3646	
3656	3644	
3675	941	3678	
3677	225	219	3681	
3649	3652	
3646	3627	3638	3620	3645	
3678	3680	
3681	3683	
3680	331	3679	
3664	2900	3659	
3650	3654	
3659	2703	2958	3655	
3655	3650	
3676	795	803	3682	
