2421	2406	
2408	1822	1132	2400	
2421	1974	2395	
2408	889	2407	
2408	1823	1826	1815	2396	
2421	726	2411	
2408	2401	
2419	191	2418	
2398	1912	701	698	2417	
2415	507	2416	
2421	883	1930	2397	
2405	1493	2404	
2406	1269	2405	
2400	1563	2403	
2395	1818	2402	
2407	1049	2409	
2396	2017	2391	
2411	2412	
2401	555	2415	
2397	2001	2014	2392	
2403	2388	
2402	1661	2387	
2409	1150	2410	
2399	2335	2336	2390	
2391	2190	1846	2399	
2412	813	2413	
2392	2162	2389	
2388	2386	
2387	2384	
2416	2419	
2389	2072	2394	
2384	2385	
2394	1951	2393	
2418	78	2414	
2414	1747	1915	2398	
2419	48	2420	
