2421	1117	1112	2405	
2401	1090	876	2408	
2401	1822	2400	
2401	899	1805	2012	2395	
2421	2412	
2411	549	2415	
2401	731	2411	
2421	727	896	2396	
2405	1204	2406	
2400	1535	2403	
2408	1049	2407	
2395	1997	2391	
2418	2414	
2412	624	2410	
2396	1816	2389	
2406	1393	2404	
2388	2386	
2403	2241	2388	
2407	999	1358	2409	
2391	1814	2043	2398	
2410	803	2413	
2415	2416	
2394	2393	
2389	2124	2392	
2404	1421	1423	2399	
2398	2260	2387	
2413	2417	
2416	158	2419	
2392	2211	1984	2394	
2386	2384	
2387	2272	2390	
2419	270	2418	
2384	2385	
2414	563	1913	2397	
2397	1915	1695	2402	
2419	2420	
