1178	677	1177	
1181	1170	
1193	542	540	1178	
1193	892	783	1165	
1181	432	401	1179	
1167	938	1162	
1181	443	972	1166	
1187	328	1186	
1190	326	340	1172	
1181	548	1171	
1193	347	439	1185	
1193	553	437	1167	
1170	765	1175	
1165	915	1174	
1179	642	520	1180	
1152	1144	1160	
1164	1163	
1166	1009	1066	1161	
1185	1184	
1189	213	1188	
1171	415	311	1187	
1177	680	1176	
1175	1157	
1161	1133	1128	1169	
1174	814	1087	1155	
1180	489	501	1182	
1186	310	1189	
1191	66	1192	
1184	381	388	1183	
1153	1158	
1162	983	1053	1159	
1157	1156	
1155	1154	
1169	1113	995	1152	
1159	1007	1164	
1154	1102	1153	
1191	109	1190	
1188	186	1191	
1172	935	1168	
1168	857	846	1173	
