3682	1735	3666	
3669	1728	3661	
3682	1730	3125	3655	
3669	1722	1686	3670	
3669	1732	2801	2781	3656	
3674	1175	3675	
3658	851	859	3679	
3682	1719	2679	3673	
3669	1710	1737	3672	
3682	1720	2729	2671	3657	
3666	1761	3667	
3661	2417	3664	
3655	3659	
3668	1407	1394	3671	
3670	1600	3668	
3656	3651	
3676	3677	
3673	3674	
3672	1058	1064	3676	
3657	3375	3652	
3667	2231	3665	
3660	3441	3644	
3644	3584	3648	
3664	2288	3647	
3659	2837	3660	
3651	3140	3583	3650	
3652	3308	3649	
3647	3646	
3650	3645	
3677	3680	
3649	3654	
3680	3678	
3654	3218	3653	
3678	405	3662	
3662	2923	3658	
3679	3663	
3680	3681	
