1190	898	659	1173	
1169	549	1168	
1169	543	432	1176	
1169	553	964	1163	
1190	357	1180	
1169	359	1179	
1190	880	863	1164	
1173	624	677	1174	
1168	765	1171	
1176	1175	
1162	1161	
1163	1026	1159	
1180	1181	
1179	311	1183	
1164	873	949	1160	
1174	663	1172	
1171	1155	
1175	500	562	1177	
1159	993	989	1166	
1181	384	1178	
1183	249	1182	
1160	1157	
1172	1156	
1155	1112	1154	
1166	1087	1152	
1182	1185	
1157	1008	1162	
1154	1153	
1152	1133	1158	
1185	1184	
1184	98	1188	
1188	1187	
1187	49	1170	
1170	841	1165	
1165	857	826	1186	
1172	763	1167	
1188	1189	
