3681	2034	3664	
3661	1688	1299	3667	
3660	3662	
3661	3670	
3655	3123	3659	
3648	3647	
3662	3494	3648	
3661	2397	2409	3660	
3681	3011	3655	
3661	3014	2757	3656	
3681	1659	3672	
3681	1352	3657	
3676	3678	
3673	1014	3676	
3664	1760	1919	3665	
3667	1875	1615	3666	
3656	3651	
3672	1195	3671	
3678	3677	
3674	2559	2894	3658	
3670	1083	1104	3675	
3657	2934	3049	3022	3649	
3665	2119	3663	
3659	3646	
3666	1509	1513	3668	
3651	3112	3650	
3671	1437	3669	
3675	947	3673	
3649	3652	
3646	3644	
3650	3645	
3652	3654	
3654	3165	3653	
3677	405	3674	
3658	2539	2563	3679	
3678	3680	
