1175	629	1174	
1189	654	1175	
1172	750	1155	
1170	1181	
1170	772	1169	
1189	959	1162	
1170	529	1176	
1170	960	889	1163	
1189	421	1179	
1189	870	871	1164	
1174	680	1173	
1169	765	1172	
1162	917	1167	
1176	480	1177	
1163	1159	
1179	1180	
1181	340	1183	
1164	1012	978	1157	
1167	1104	1153	
1177	465	493	1178	
1159	988	991	989	1168	
1180	306	1182	
1183	1184	
1157	1025	1156	
1155	1116	1154	
1153	1152	
1168	909	1061	1158	
1184	1186	
1156	1015	1161	
1186	135	1185	
1161	1001	1160	
1185	42	825	1171	
1160	1020	1005	1165	
1171	928	1166	
1166	923	1187	
1186	1188	
