1191	534	432	656	1176	
1171	903	1169	
1191	554	1170	
1171	437	976	973	1165	
1171	436	556	1177	
1191	362	1181	
1167	933	294	1188	
1171	442	1180	
1191	865	361	1166	
1176	655	564	1175	
1169	765	1173	
1170	996	1168	
1177	1178	
1165	1057	1161	
1181	1182	
1180	839	345	1184	
1166	971	969	1159	
1175	663	1174	
1173	1157	
1168	1087	1155	
1178	490	492	452	1179	
1154	1150	1144	1153	
1161	1132	1164	
1182	309	1183	
1184	1185	
1159	1158	
1157	1156	
1155	1154	
1164	1152	
1183	184	1186	
1185	1189	
1158	1036	948	1163	
1152	1160	
1189	1187	
1163	936	1162	
1187	132	1172	
1172	928	930	1167	
1189	113	1190	
