2424	2408	
2420	265	2416	
2410	1121	2401	
2424	1849	1664	2396	
2410	1836	2409	
2410	1130	2006	2397	
2424	727	2413	
2410	2402	
2424	1797	1759	2398	
2408	1155	2407	
2401	1596	2406	
2396	1846	2404	
2409	1309	2411	
2397	2392	
2413	807	2414	
2402	684	700	2417	
2398	2207	2390	
2407	2405	
2406	1515	2389	
2404	2286	2387	
2411	1151	2412	
2392	2335	2343	2400	
2414	612	2415	
2417	2418	
2390	2145	2393	
2405	2268	2388	
2389	2386	
2387	2384	
2400	1867	2243	2391	
2415	364	2419	
2418	408	2421	
2393	2395	
2384	2385	
2421	2420	
2395	2105	2394	
2416	2399	
2399	1889	1726	2422	
2422	93	2403	
2421	227	2423	
