3682	3667	
3669	2393	3662	
3682	2416	3656	
3669	1231	3670	
3669	1722	3067	3657	
3682	1285	3673	
3669	3672	
3655	3654	
3682	1381	2752	3658	
3667	1933	3666	
3662	3664	
3656	2854	3661	
3670	1862	1600	3668	
3657	3652	
3673	1026	3674	
3672	839	1050	3676	
3658	3375	3651	
3666	2120	3665	
3664	3649	
3661	2522	3439	3647	
3668	2107	3671	
3652	3111	3131	3125	3660	
3674	3675	
3676	3677	
3651	3279	3653	
3665	3469	3648	
3647	3644	
3646	3650	
3660	2369	2844	3646	
3677	3679	
3653	3383	3655	
3644	3645	
3679	3678	
3678	404	3663	
3659	2917	2566	2877	3680	
3663	2903	2919	2890	3659	
3679	3681	
