2408	1384	2407	
2423	1214	2408	
2401	2400	
2420	264	1682	2402	
2409	732	2415	
2409	875	2404	
2423	1822	1131	2401	
2409	890	2410	
2409	1795	1976	1814	2397	
2423	873	895	2416	
2423	1796	1758	2398	
2404	1273	1419	2405	
2410	820	2411	
2397	2017	2392	
2416	806	2414	
2415	2418	
2398	2098	2393	
2407	1352	2406	
2405	2389	
2400	2286	2388	
2396	2384	
2390	2228	2386	
2411	1151	2412	
2387	2383	2368	2385	
2392	2052	2062	2056	2396	
2414	907	2413	
2418	621	2417	
2399	1939	2395	
2393	2127	2219	2390	
2388	2309	2387	
2417	2419	
2419	408	2421	
2421	2420	
2402	1918	2399	
2395	2072	2391	
2391	2394	
2418	527	528	2403	
2421	169	2422	
