1171	1170	
1180	1179	
1192	547	556	1178	
1192	554	990	1165	
1171	357	1180	
1171	864	1012	1166	
1192	1184	
1171	865	1182	
1192	361	867	1167	
1178	1177	
1170	634	1176	
1165	779	1174	
1166	969	1161	
1184	390	1183	
1182	262	1186	
1167	958	1162	
1177	680	1175	
1176	741	1157	
1174	815	1155	
1179	464	382	1181	
1161	1133	1131	1169	
1190	1191	
1183	306	1185	
1186	202	1187	
1162	986	1158	
1169	1114	1152	
1175	1103	1081	1156	
1155	1085	1154	
1185	310	1188	
1187	210	1190	
1158	1160	
1152	1153	
1190	1189	
1189	44	1172	
1172	930	1168	
1168	931	1164	
1164	1032	1159	
1159	1007	1163	
1186	137	260	1173	
