2420	1334	2406	
2403	2286	2387	
2417	1682	2401	
2394	1876	2398	
2400	1578	2399	
2420	1975	2394	
2400	888	2407	
2400	1133	2007	2395	
2420	1088	2412	
2400	2410	
2420	1797	1758	2396	
2406	1336	1415	2405	
2399	2403	
2407	820	2408	
2395	2006	2390	
2401	1714	2397	
2412	787	2411	
2410	683	698	2414	
2396	1815	1814	2391	
2405	1391	2404	
2414	2415	
2408	958	768	2409	
2390	2336	2389	
2411	620	2413	
2391	2124	2388	
2387	2386	
2389	2384	
2413	621	2416	
2415	388	2418	
2388	1984	2001	2393	
2384	2385	
2418	2417	
2393	2083	2392	
2397	1929	2402	
2418	2419	
