3667	1598	3668	
3682	1699	1694	3665	
3666	2061	3664	
3663	3649	
3661	2417	3663	
3669	2770	2409	3661	
3655	3646	
3644	3645	
3652	3310	2787	3655	
3682	3013	2758	3656	
3669	1355	3667	
3669	3011	2757	3657	
3682	1291	3672	
3669	3671	
3682	1352	3658	
3665	1760	3666	
3656	3123	3662	
3658	3048	3024	3651	
3657	3392	3652	
3672	3673	
3671	991	3675	
3662	3493	3648	
3668	1442	1167	3670	
3673	937	3674	
3675	3676	
3651	3650	
3649	3647	
3648	3530	3644	
3674	555	3677	
3676	280	3679	
3650	3042	3654	
3679	3678	
3654	3653	
3678	2556	3660	
3660	2621	3659	
3659	134	3680	
3679	3681	
