1189	654	1172	
1175	545	1168	
1189	778	897	1167	
1175	546	432	1174	
1175	547	543	959	1163	
1189	401	1180	
1175	544	553	1178	
1189	436	437	1164	
1172	564	1173	
1168	779	1170	
1167	990	1166	
1174	399	398	1176	
1163	1160	
1180	322	1179	
1183	1184	
1178	840	345	1183	
1164	971	968	1158	
1173	680	1171	
1170	1156	
1176	465	493	1177	
1160	1159	
1179	400	311	1181	
1158	1071	1157	
1156	1155	
1159	1132	1152	
1184	1186	
1157	1001	1162	
1155	1154	
1152	1153	
1186	1185	
1162	1005	1161	
1185	101	1182	
1182	841	1165	
1165	361	835	1187	
1187	827	1169	
1186	24	1188	
