3682	3664	
3668	1695	3662	
3682	2356	3656	
3668	1694	2045	3667	
3668	1687	3011	3072	3657	
3682	1285	3673	
3668	1699	1689	3671	
3659	2567	2578	3680	
3682	2726	2670	3658	
3664	1939	1935	3666	
3662	2032	3665	
3656	2851	3661	
3669	1166	3670	
3667	1982	3669	
3657	3044	3652	
3678	989	3675	
3673	1198	3672	
3671	2602	1097	3676	
3675	2917	3659	
3658	2705	3107	3653	
3666	2232	3663	
3665	2290	3649	
3661	2849	3660	
3652	3646	
3672	1219	3674	
3676	3677	
3653	3651	
3649	3648	
3660	3443	3644	
3646	3645	
3677	3679	
3648	3647	
3651	3111	3211	3655	
3644	3588	3650	
3679	407	3678	
3655	2932	3654	
3679	3681	
