3685	1733	3667	
3670	1732	3661	
3685	1731	2488	3656	
3670	1737	3669	
3670	1729	3108	3657	
3685	1718	1269	3675	
3685	1721	1380	3658	
3670	1725	1724	3662	
3667	1958	3668	
3661	2318	3665	
3656	2809	3664	
3669	3671	
3657	3045	3652	
3675	3674	
3662	831	3677	
3658	2759	3653	
3668	2230	3666	
3665	2290	3649	
3664	2523	3454	3648	
3671	1410	3672	
3647	3645	
3650	3111	3646	
3652	3570	3586	3660	
3674	1204	3673	
3677	943	3676	
3653	3400	3650	
3648	3556	3647	
3660	3526	3644	
3676	941	3679	
3679	895	3678	
3678	298	297	3682	
3682	3681	
3681	3680	
3680	404	2557	3663	
3663	2916	3659	
3659	2907	3182	3655	
3655	3043	3651	
3651	3271	3654	
3677	841	792	3683	
3682	3684	
