3682	1728	3665	
3668	1731	3661	
3682	1732	2431	3655	
3668	1720	3667	
3668	1725	1723	3027	3656	
3682	1719	2728	2672	3657	
3675	3676	
3682	1733	1294	3672	
3668	1710	1736	3671	
3665	1943	2104	3666	
3661	2047	3663	
3655	2865	3660	
3667	1597	3669	
3656	3059	3651	
3680	278	3679	
3658	1099	2541	3678	
3672	3673	
3671	993	3675	
3657	3375	3652	
3666	2060	3664	
3663	3647	
3660	2849	3659	
3669	1459	1166	3670	
3651	3141	3650	
3673	946	3674	
3652	3306	3649	
3647	3646	
3659	3456	3644	
3650	3645	
3674	942	3677	
3676	640	3680	
3649	3654	
3644	3585	3648	
3654	3653	
3679	149	3662	
3662	2940	3658	
3680	199	3681	
