3683	2412	3665	
3668	2768	3660	
3683	3009	2759	3656	
3668	1721	1686	3669	
3668	1375	3657	
3683	1657	3674	
3668	3672	
3683	1107	1109	3658	
3665	1760	3666	
3660	2376	3663	
3656	2766	3662	
3669	1600	3667	
3657	2756	3651	
3674	3673	
3672	2601	1050	3676	
3658	3206	3078	3652	
3666	2118	3664	
3663	3649	
3662	2850	3648	
3667	1181	3670	
3655	3646	
3651	3138	3581	3655	
3673	1172	3671	
3676	3675	
3652	3650	
3649	3647	
3648	3644	
3675	559	3678	
3650	3169	3654	
3644	3645	
3678	912	3677	
3654	3186	3653	
3677	640	3680	
3680	3679	
3679	988	3661	
3661	2917	3659	
3659	2575	2561	3681	
3680	198	3682	
