2421	2405	
2407	1111	2400	
2400	1525	2402	
2421	1554	2395	
2407	1113	1091	2408	
2407	1107	1977	1814	2396	
2413	743	2416	
2407	1116	1764	2412	
2414	469	2415	
2421	1096	877	2410	
2421	906	2397	
2386	2384	
2405	1271	1258	1383	2404	
2395	1878	2399	
2408	945	2406	
2412	534	2414	
2411	786	2413	
2396	2017	2391	
2401	1914	2398	
2410	796	625	2411	
2392	2089	2077	2394	
2397	1780	1990	1982	2390	
2404	1473	2403	
2402	1561	2389	
2406	990	993	2409	
2391	2052	2386	
2390	2211	2392	
2403	1388	2388	
2389	2285	2387	
2419	2420	
2415	352	191	2419	
2384	2368	2385	
2419	266	2417	
2394	1950	2393	
2417	653	2401	
2398	1918	1685	2418	
