3665	1761	3666	
3682	1700	1695	3665	
3655	2856	3659	
3663	3509	3649	
3662	2398	3661	
3682	3011	3655	
3662	1331	3667	
3662	2740	3656	
3676	3674	
3682	1689	1292	3673	
3662	1380	3671	
3674	3677	
3682	2666	2664	3657	
3666	2062	3664	
3661	2795	2375	3663	
3667	1847	3668	
3656	3652	
3673	1195	3672	
3671	1105	3676	
3657	3205	3041	3651	
3644	3646	
3660	3443	3644	
3659	3494	3521	3648	
3668	1462	1502	3669	
3652	3350	3352	3660	
3672	1436	3670	
3651	3650	
3648	3553	3549	3647	
3650	3164	3179	3654	
3647	3632	3621	3645	
3677	606	3679	
3654	2971	3653	
3679	3678	
3678	993	3675	
3675	2605	3658	
3658	1099	2556	3680	
3679	3681	
