2425	2409	
2403	1133	2402	
2425	2008	1815	2396	
2403	1117	2410	
2403	1974	2013	2397	
2417	347	2420	
2403	2415	
2395	2108	2394	
2425	872	894	2416	
2420	622	2419	
2425	1954	1980	2398	
2409	1382	2408	
2402	1562	2406	
2396	2401	
2410	821	2411	
2397	2092	2392	
2416	2414	
2415	564	692	2418	
2398	1993	2104	2393	
2401	1873	2388	
2408	1473	2407	
2406	1505	2389	
2411	948	995	2412	
2392	2052	2341	2400	
2414	956	2413	
2418	2417	
2393	2162	2391	
2388	2313	2387	
2400	1878	2261	2254	2384	
2391	2087	2395	
2387	2385	
2384	2195	2386	
2385	2390	
2419	457	2423	
2423	2422	
2404	1747	2399	
2422	98	2404	
2399	589	587	253	2421	
2421	66	68	2405	
2423	33	2424	
