2422	889	2407	
2409	2402	
2422	1133	2050	2397	
2409	1821	2410	
2409	1823	1824	1816	2398	
2422	849	2413	
2409	2403	
2422	1763	886	2399	
2407	1245	1384	2408	
2402	1535	2405	
2397	2401	
2410	946	2411	
2398	2016	2393	
2413	2414	
2403	690	681	2416	
2399	2096	2015	2394	
2408	1472	2406	
2405	2285	2390	
2401	2388	
2411	1150	2412	
2393	2386	
2414	612	2415	
2416	2417	
2394	2125	2392	
2390	2389	
2388	2387	
2386	2384	
2417	2420	
2392	2211	2396	
2387	2381	2367	2385	
2384	2053	2391	
2420	2419	
2396	2395	
2419	1682	2404	
2404	1889	2400	
2400	1695	2418	
2420	133	2421	
