2426	1212	2410	
2412	1823	2403	
2426	1588	2398	
2412	1128	2411	
2412	1975	2012	2399	
2426	850	2416	
2412	2404	
2426	731	2400	
2410	1204	2409	
2403	1625	1550	2407	
2398	2402	
2411	1047	2413	
2399	1997	2394	
2416	746	2415	
2404	554	2418	
2400	1812	1985	2392	
2409	1393	2408	
2407	2389	
2402	2387	
2413	947	1006	2414	
2394	2052	2342	2397	
2418	507	2419	
2415	793	619	2417	
2392	2173	2390	
2389	2388	
2387	2334	2386	
2397	2251	2384	
2417	621	2420	
2419	423	196	2423	
2390	2191	2393	
2386	2377	2368	2385	
2420	2422	
2423	2425	
2422	2421	
2421	1673	1693	2405	
2405	1746	1913	2401	
2401	1910	2396	
2391	2395	
2396	1983	2391	
2406	2424	
2405	552	579	2406	
