3683	3666	
3669	1693	3663	
3683	2393	2789	3661	
3669	1689	1331	3670	
3669	1700	2741	3066	3657	
3683	1291	3674	
3669	1688	3673	
3679	3662	
3683	2648	2603	3658	
3666	1760	3667	
3648	3565	3646	
3649	3471	3648	
3664	3665	
3661	2854	3660	
3663	2388	2376	3664	
3670	1877	3671	
3657	3348	3652	
3674	3675	
3673	830	3677	
3658	3052	3041	3650	
3667	3668	
3660	2848	3649	
3671	1740	1555	3672	
3646	3632	3621	3645	
3644	3138	3651	
3652	3410	3572	3656	
3677	3678	
3675	965	3676	
3650	3653	
3656	3443	3647	
3678	595	3680	
3653	3383	3226	3182	3655	
3647	3552	3547	3644	
3680	414	3679	
3655	3185	3654	
3659	126	3681	
3662	2875	3659	
3680	72	3682	
