3682	2767	3667	
3669	2770	3663	
3682	2813	2491	3656	
3669	2771	1718	3670	
3669	2768	2775	2759	3657	
3682	1295	3673	
3664	2289	3649	
3669	1724	1727	3661	
3682	1380	1367	3658	
3667	1762	3666	
3663	2365	2362	3664	
3656	2837	3660	
3670	1599	3668	
3657	3651	
3673	3672	
3675	3676	
3680	3679	
3662	2558	3659	
3661	992	3675	
3658	3208	3079	3652	
3666	3665	
3648	3647	
3660	2829	3648	
3668	1181	3671	
3644	3645	
3651	3112	3586	3655	
3672	929	3674	
3652	3263	3650	
3649	3512	3646	
3655	3478	3644	
3674	3677	
3676	297	3680	
3650	3041	3654	
3654	3166	3653	
3659	2877	127	3678	
3679	387	3662	
3680	3681	
