1168	438	656	1174	
1171	736	1155	
1162	916	1166	
1168	534	1167	
1168	879	975	1162	
1168	554	898	1175	
1168	887	894	889	1163	
1168	1178	
1168	880	533	1180	
1168	549	870	863	1164	
1174	655	629	1173	
1167	1171	
1175	407	1176	
1163	974	1158	
1169	841	1165	
1180	414	1179	
1178	341	348	1182	
1164	873	972	1010	1159	
1173	680	1172	
1182	232	1183	
1176	477	387	1177	
1158	1076	1157	
1179	301	1181	
1159	1025	1156	
1155	1154	
1161	948	1160	
1157	1133	1152	
1181	310	1184	
1183	194	1186	
1156	1007	1004	1161	
1152	1137	1153	
1186	1185	
1185	294	292	1169	
1165	932	872	846	1170	
1186	1187	
