1170	422	1177	
1170	1169	
1170	959	889	1164	
1170	438	1179	
1182	1183	
1167	829	831	1172	
1185	204	1186	
1170	888	964	980	1165	
1170	437	362	1182	
1170	543	431	1181	
1170	880	863	940	1166	
1177	677	1176	
1169	765	1174	
1164	1173	
1179	514	526	1178	
1165	1071	1161	
1181	326	1185	
1159	1158	
1166	1043	1010	1159	
1176	676	680	1175	
1174	1157	
1173	815	1156	
1178	516	453	1180	
1161	1132	1131	1168	
1183	306	1184	
1156	1085	1154	
1157	1112	1155	
1168	1114	1152	
1186	164	1188	
1158	1031	1163	
1154	1153	
1152	1160	
1188	1187	
1163	1162	
1187	826	825	1171	
1171	857	1167	
1188	98	1189	
