1170	432	1176	
1170	549	1169	
1170	959	889	1164	
1170	438	1178	
1170	554	974	1165	
1170	364	1181	
1170	888	1180	
1170	870	871	1166	
1176	616	1175	
1169	765	1173	
1164	806	1172	
1178	515	1177	
1165	1161	
1181	1182	
1180	327	340	1184	
1166	1005	1001	1159	
1175	680	1174	
1173	1157	
1172	1079	1091	1155	
1177	489	1179	
1161	1128	1133	911	1168	
1182	1183	
1184	1185	
1159	1158	
1157	1156	
1155	1101	1154	
1168	1087	1152	
1185	1187	
1158	1015	1163	
1154	1153	
1152	994	1160	
1187	1186	
1163	949	1037	1162	
1186	132	360	1171	
1171	292	1167	
1167	819	822	1188	
1187	1189	
