1178	438	1175	
1178	1169	
1178	884	975	896	1164	
1178	432	529	1179	
1178	864	893	889	1165	
1178	445	441	362	1182	
1178	552	1170	
1178	885	871	867	1166	
1175	624	677	1177	
1169	782	1176	
1164	788	1173	
1179	1180	
1165	1057	1160	
1182	1183	
1170	326	1185	
1166	949	963	1159	
1177	663	1174	
1176	741	1157	
1173	749	1168	
1180	382	1181	
1160	988	1154	
1183	1184	
1185	1186	
1159	1158	
1156	1127	1155	
1157	1112	1156	
1168	1092	1152	
1154	1061	1153	
1186	1188	
1158	1069	1161	
1188	1187	
1161	1038	1163	
1187	325	1171	
1163	1020	1162	
1171	830	831	1167	
1167	922	847	1189	
1189	49	822	1172	
1188	1190	
