2403	2401	
2403	888	2407	
2389	2388	
2403	1975	2402	
2403	874	2408	
2403	1131	1830	2396	
2403	2411	
2403	1796	689	2413	
2403	1811	1777	2397	
2407	1383	2406	
2401	1562	2404	
2402	2041	2399	
2408	2409	
2396	2392	
2413	745	2412	
2411	654	2416	
2415	2398	
2397	2075	2014	2393	
2406	1359	1354	2405	
2404	2389	
2399	2387	
2409	944	769	2410	
2392	2228	2040	2400	
2412	813	2414	
2416	2417	
2393	2390	
2387	2386	
2400	2251	2384	
2417	423	2420	
2390	1982	2097	2395	
2384	2195	2391	
2420	270	2418	
2395	1910	2394	
2391	2054	2385	
2398	730	723	2419	
2418	273	2415	
2420	2421	
