2406	1353	2404	
2403	2389	
2401	1590	2403	
2409	889	1138	2405	
2409	1822	1585	2401	
2409	1977	2398	
2409	890	2009	1816	2396	
2409	904	854	2407	
2409	1797	1131	1829	2397	
2409	872	891	2412	
2409	1765	2411	
2405	1275	1384	2406	
2396	1878	2402	
2407	1071	2408	
2384	2385	
2398	1999	1984	2391	
2397	2218	2392	
2412	2413	
2418	653	2400	
2411	1713	692	2415	
2402	2285	2388	
2408	945	772	2410	
2395	2336	2386	
2389	2387	
2388	2310	2384	
2392	2052	2062	2059	2395	
2413	618	2414	
2415	2416	
2391	2390	
2414	368	2417	
2419	2418	
2416	373	399	2419	
2390	1995	2394	
2394	2393	
2400	1726	2399	
2399	88	2420	
2419	2421	
