1176	892	659	1173	
1176	549	1170	
1176	884	975	889	1164	
1176	432	1175	
1176	442	972	969	1165	
1176	436	1181	
1184	1185	
1176	437	865	1179	
1176	864	888	1166	
1173	623	626	1174	
1170	765	1171	
1168	1156	
1164	987	890	758	1168	
1175	1177	
1165	1026	1160	
1179	1180	
1186	98	1189	
1181	341	348	1184	
1166	1005	1016	1161	
1174	717	1172	
1171	1157	
1177	562	452	1178	
1160	974	554	1169	
1180	1182	
1161	1054	1158	
1157	1110	1155	
1156	1152	
1169	1088	1154	
1182	310	1186	
1185	92	95	1190	
1158	1059	1153	
1190	12	1191	
1189	135	1187	
1187	1183	
1183	1167	
1167	1004	1163	
1163	1015	1159	
1159	1067	1162	
1184	264	1188	
