1170	1179	
1170	549	1169	
1170	445	556	1175	
1170	554	1168	
1165	847	1188	
1170	543	432	1176	
1170	436	976	973	1163	
1170	356	862	1164	
1170	864	533	1181	
1175	564	676	1174	
1174	666	680	1173	
1169	694	1172	
1168	1166	
1176	520	1177	
1163	1160	
1181	1180	
1183	1184	
1179	435	331	267	1183	
1164	889	982	1159	
1172	1157	
1166	1087	1156	
1177	490	565	1178	
1167	909	1061	994	1152	
1160	1076	989	915	1167	
1180	317	1182	
1159	1158	
1156	1122	1120	1155	
1182	186	208	1185	
1184	1187	
1158	963	1162	
1155	1149	1060	1153	
1152	1143	1130	1133	1154	
1187	1186	
1162	1022	1161	
1171	291	832	922	1165	
1186	246	340	1171	
1187	1189	
