3670	1358	3668	
3679	877	3664	
3670	2767	3661	
3664	2915	3658	
3657	3653	
3670	3010	3656	
3670	2676	3067	3662	
3670	1719	3671	
3670	3663	
3670	1329	1362	3674	
3670	1351	2683	2944	3657	
3668	1941	1934	3669	
3661	3666	
3662	2856	3659	
3671	1249	3672	
3656	3046	3652	
3674	1280	3675	
3666	3650	
3650	3514	3649	
3663	1093	1082	3677	
3669	2231	3667	
3648	3546	3647	
3660	3429	3441	3644	
3659	3495	3537	3648	
3672	1753	3673	
3652	3412	3120	3660	
3675	928	3676	
3677	770	3678	
3653	3200	3651	
3678	217	428	3681	
3651	3281	3655	
3644	3646	
3681	3680	
3655	3166	3654	
3646	3358	3645	
3680	3679	
3658	3665	
3681	3682	
