1170	553	540	1176	
1170	1182	
1173	1156	
1170	543	547	545	1169	
1170	888	894	890	1163	
1170	357	1178	
1170	436	976	973	1164	
1170	865	1180	
1170	880	863	1165	
1187	827	1172	
1176	621	677	1175	
1169	779	1173	
1163	990	1167	
1178	525	567	1177	
1160	979	896	996	1168	
1168	1086	1114	1152	
1164	1057	1160	
1180	1181	
1158	1157	
1182	326	267	1184	
1165	872	1001	1158	
1155	1123	1154	
1175	717	1174	
1167	1082	1110	1155	
1177	387	1179	
1184	229	1185	
1183	295	1186	
1181	423	1183	
1185	201	1189	
1162	1161	
1157	1007	1162	
1154	1153	
1152	1132	1159	
1189	1188	
1188	32	1171	
1171	933	1166	
1166	932	360	39	1187	
1189	66	1190	
