2409	1836	2408	
2409	1825	2404	
2409	1822	1827	1814	2396	
2409	1128	2410	
2409	872	1974	2397	
2409	2401	
2409	884	1763	2414	
2409	1121	1775	1758	2398	
2408	1382	2407	
2404	1590	2405	
2396	1829	1135	2400	
2410	2411	
2397	2391	
2414	789	2413	
2401	654	2416	
2398	1815	2389	
2407	1473	2406	
2405	2388	
2400	1659	2387	
2411	947	1005	2412	
2391	2052	2341	2395	
2413	636	2415	
2416	2417	
2389	2145	2392	
2388	2386	
2387	2384	
2395	2272	2390	
2415	622	2418	
2417	197	2420	
2392	2211	2104	2394	
2384	2385	
2420	2419	
2394	2083	2393	
2419	682	2402	
2402	1893	2399	
2399	1694	1693	2421	
2421	1666	63	2403	
2420	2422	
