1179	438	556	1176	
1174	1156	
1164	1168	
1179	892	773	1170	
1179	959	889	1164	
1179	553	980	1165	
1179	431	439	1180	
1179	1171	
1179	437	362	1184	
1179	443	972	958	1166	
1176	707	1177	
1170	746	1174	
1180	1178	
1165	1160	
1172	940	1167	
1184	312	371	1183	
1171	272	1186	
1161	1163	
1166	1012	968	1158	
1177	564	1175	
1168	914	1155	
1178	485	487	1181	
1160	994	1131	1083	1169	
1183	380	384	1182	
1185	1187	
1190	1173	
1186	138	1185	
1158	1161	
1155	1117	1115	1154	
1169	810	1094	1090	1152	
1154	1150	1144	1153	
1152	1060	1159	
1187	98	1189	
1163	1015	1162	
1153	1157	
1188	825	46	1172	
1189	108	109	1188	
1167	360	276	1190	
1189	1191	
