1171	996	1169	
1179	432	1177	
1179	1170	
1179	553	974	1171	
1179	438	1180	
1179	437	887	969	1165	
1190	44	1172	
1179	445	533	1184	
1179	892	362	1183	
1179	552	880	863	1166	
1177	676	1176	
1170	751	1174	
1180	577	520	1178	
1165	1026	1161	
1184	1185	
1183	327	340	1187	
1166	873	981	978	1162	
1176	675	666	664	1175	
1174	756	1158	
1169	1157	
1178	485	487	1181	
1161	1057	1054	1154	
1191	1192	
1186	1189	
1185	473	382	1182	
1187	243	1186	
1162	1044	1160	
1158	1155	
1157	1156	
1154	1152	
1160	1164	
1156	1133	1060	1153	
1152	995	997	994	1159	
1189	164	1188	
1164	1163	
1188	209	1191	
1163	977	1012	1167	
1191	133	1190	
1167	1168	
1168	933	829	831	1173	
