2402	1822	2409	
2406	2389	
2419	1684	1683	2403	
2388	2247	2386	
2402	1116	1111	2401	
2402	1974	1815	2396	
2402	854	2411	
2402	1823	1827	1814	2397	
2402	727	2414	
2402	890	872	2413	
2402	1810	1956	2398	
2409	1382	2408	
2408	1473	2407	
2401	1594	1593	2406	
2396	2405	
2411	820	960	2410	
2397	2031	2393	
2414	2415	
2413	653	2417	
2398	1955	1984	2391	
2393	2345	2341	2400	
2405	1658	1660	2388	
2410	999	1358	2412	
2415	636	2416	
2399	1695	2404	
2417	408	2418	
2391	2390	
2389	2302	2387	
2400	2307	2280	2384	
2418	328	2420	
2390	2137	2395	
2386	2385	
2384	2195	2392	
2420	2419	
2395	2394	
2403	1903	2399	
2420	133	2421	
