3672	2771	3669	
3672	3664	
3672	2767	2768	3663	
3672	1333	2415	3658	
3672	1720	3670	
3672	2725	3073	3659	
3672	1373	1658	3675	
3672	2723	2752	3660	
3669	2140	3668	
3663	2376	3666	
3658	3662	
3671	1411	3673	
3670	1649	3671	
3682	348	3681	
3661	892	3680	
3665	2942	3661	
3659	3044	3654	
3675	1197	3676	
3678	914	3677	
3664	1062	3678	
3660	3049	3023	3653	
3668	2231	3667	
3666	3650	
3648	3568	3647	
3644	3619	3646	
3662	3443	3648	
3647	3645	
3654	3139	3584	3657	
3676	1531	1533	3674	
3653	3652	
3650	3649	
3657	3487	3644	
3682	3683	
3677	928	930	3679	
3652	3169	3656	
3679	3682	
3656	3181	3655	
3645	3651	
3681	3665	
