1180	898	1177	
1180	554	1171	
1180	534	658	1164	
1180	892	768	1178	
1180	445	887	884	1165	
1189	1185	
1167	291	1173	
1180	865	362	1182	
1180	552	437	839	1166	
1180	549	864	548	1172	
1177	682	1176	
1175	736	1156	
1171	634	1175	
1164	916	1170	
1178	515	1179	
1165	1052	1050	1160	
1182	1183	
1172	359	355	1186	
1166	970	963	1158	
1176	680	1174	
1170	814	1091	1155	
1179	464	382	1181	
1160	1128	1169	
1183	371	1184	
1186	1187	
1158	1054	1157	
1156	1154	
1155	1123	1152	
1169	1114	1159	
1184	310	1188	
1187	1190	
1157	1069	1161	
1152	1153	
1190	114	1189	
1161	1024	1163	
1163	1162	
1185	935	1167	
1162	931	999	1168	
1190	1191	
