1169	438	1175	
1169	1171	
1169	960	889	1163	
1169	542	1176	
1169	884	1164	
1169	445	1181	
1169	861	1179	
1169	442	972	1012	1165	
1175	677	1174	
1171	779	1172	
1163	1167	
1176	407	1177	
1164	986	1159	
1181	1180	
1179	358	1183	
1165	1160	
1174	676	674	1173	
1172	1156	
1167	914	1154	
1177	382	1178	
1159	1045	992	897	1168	
1183	1184	
1180	399	398	1182	
1160	1157	
1156	1155	
1154	1153	
1168	1092	1152	
1184	1186	
1157	1000	1004	1162	
1152	1132	1158	
1186	89	1185	
1162	1011	1001	1161	
1185	1170	
1170	933	1166	
1166	932	360	276	1187	
1186	1188	
