1170	898	545	1172	
1170	442	1169	
1170	553	974	1168	
1170	534	658	1175	
1170	437	894	889	1163	
1170	357	1179	
1170	362	1178	
1170	880	863	1164	
1172	564	1174	
1169	634	1173	
1168	1167	
1175	626	1176	
1163	1159	
1179	337	1180	
1178	269	1183	
1164	873	987	1158	
1174	663	1171	
1173	736	1156	
1167	918	1166	
1176	382	1177	
1159	988	1153	
1183	1184	
1180	311	1181	
1158	1157	
1156	1154	
1166	1092	1152	
1181	310	1185	
1184	1187	
1157	1076	1064	1160	
1154	1155	
1187	109	1186	
1160	948	1162	
1186	132	1182	
1162	1005	1161	
1182	935	1165	
1165	346	840	1188	
1187	1189	
