2403	888	2409	
2406	2390	
2403	1132	2402	
2403	1131	2396	
2414	745	2415	
2403	886	2398	
2415	812	2416	
2403	874	1087	2414	
2403	1822	1458	2410	
2403	1976	1816	2397	
2403	731	2413	
2409	1258	2408	
2402	1535	2406	
2396	2401	
2410	2411	
2397	2188	2392	
2413	623	2417	
2398	1954	2393	
2408	1365	2407	
2384	2386	
2400	2251	2384	
2387	2376	2193	2385	
2401	1556	2062	2055	2388	
2411	1150	2412	
2392	2344	2308	2400	
2417	2418	
2393	2179	2391	
2390	2311	2389	
2388	2299	2387	
2418	2421	
2391	2395	
2421	185	2420	
2395	2104	2394	
2420	99	2404	
2404	1890	2399	
2399	1897	89	2419	
2419	263	1686	2405	
2421	216	2422	
