2401	2413	
2401	1821	2400	
2401	1107	875	2408	
2401	883	1138	2409	
2401	1762	2008	1815	2397	
2401	1763	2415	
2401	885	1931	2398	
2408	1258	2407	
2407	1491	2406	
2400	1563	2405	
2409	2410	
2397	2016	2392	
2399	1685	2403	
2415	690	2414	
2413	683	698	2417	
2398	1998	1983	2393	
2405	2390	
2410	767	779	2411	
2384	2386	
2392	2054	2346	2396	
2414	822	1005	2412	
2417	2416	
2393	2178	2391	
2406	2404	
2390	2389	
2388	2246	2384	
2396	2313	2388	
2416	631	2418	
2391	2085	2395	
2389	2387	
2418	187	34	2421	
2395	2394	
2387	2377	2368	2385	
2421	197	2420	
2420	255	2419	
2419	265	2402	
2402	1929	2399	
2421	104	127	129	2422	
