1177	422	1175	
1177	1170	
1177	437	874	1164	
1177	553	1176	
1177	879	1165	
1177	865	1182	
1177	1180	
1177	548	364	862	1166	
1175	629	1174	
1170	801	1172	
1164	890	653	715	1168	
1176	399	398	1178	
1165	1026	1161	
1182	1181	
1180	272	1184	
1166	958	964	1159	
1174	680	1173	
1172	1157	
1168	1155	
1178	465	493	1179	
1161	994	997	996	1169	
1181	1183	
1184	1185	
1159	1068	1158	
1173	1096	1156	
1155	1154	
1169	906	1087	1152	
1183	1186	
1185	98	1188	
1158	1031	1163	
1154	1153	
1152	1099	1160	
1188	1187	
1163	1162	
1187	822	47	1171	
1171	1167	
1167	820	830	1189	
1188	1190	
