3663	3661	
3663	1333	3667	
3649	3648	
3663	1348	3657	
3663	3010	3662	
3663	1721	3668	
3663	2751	2778	2759	3656	
3662	3121	3659	
3663	1101	1311	3673	
3663	2754	3671	
3667	1762	3666	
3661	2375	3664	
3668	3669	
3656	3652	
3673	1130	3672	
3671	993	3676	
3657	3172	3076	3653	
3666	2232	3665	
3664	3649	
3659	3647	
3669	1440	1166	3670	
3652	3115	3361	3660	
3672	1236	3674	
3676	3677	
3653	3650	
3647	3646	
3660	3442	3644	
3677	642	3680	
3650	3022	3211	3655	
3644	3359	3651	
3680	414	3678	
3655	2906	3654	
3651	3140	3645	
3658	1097	1096	3679	
3678	425	416	3675	
3675	2916	3658	
3680	3681	
